0.140694
0.329948
-0.197147
0.104465
-0.261886
-0.432991
0.119689
0.117967
-0.217990
0.239946
-0.319509
0.409758
-0.229724
-0.181891
0.589106
-0.444111
-0.168427
0.335682
0.046904
-0.446939
0.093081
0.058049
0.138199
-0.009154
0.440455
-0.133759
0.333507
-0.349467
-0.179175
0.352230
0.499688
0.243713
-0.609227
-0.045681
0.279115
0.238144
-0.328355
-0.056940
-0.094144
-0.280665
-0.531595
0.209243
0.198421
0.349321
-0.447624
-0.133495
0.497128
0.126966
-0.454383
0.012051
-0.409813
-0.156938
0.386059
-0.640221
-0.112731
-0.014894
-0.668346
-0.093066
-0.447523
0.263465
-0.223830
-0.390602
0.021827
0.718890
-0.198243
-0.347732
0.139823
-0.272795
0.100496
0.179629
0.142182
-0.442590
-0.174661
-0.181090
0.410357
0.091061
-0.394041
0.673930
-0.376808
-0.538870
-0.490605
-0.391159
-0.410337
-0.251068
-0.287978
0.480317
-0.113034
-0.128218
-0.088068
-0.504566
-0.313176
0.277829
-0.076821
-0.025615
-0.303804
-0.204131
-0.504222
-0.515227
0.020185
0.299970
-0.088999
-0.301472
0.385244
-0.036087
0.410716
-0.570474
-0.342038
-0.371779
0.400019
-0.192392
-0.010368
0.200158
0.285382
0.225067
-0.367103
-0.323203
-0.431442
-0.215041
0.030055
-0.293404
-0.109957
0.737276
0.205750
-0.285874
-0.736400
-0.050104
0.131613
-0.113801
0.470406
0.523281
-0.198269
0.460051
-0.271148
0.201726
-0.547687
0.122438
0.385761
-0.756813
-0.328173
0.447807
-0.104265
-0.526790
0.415257
0.097271
-0.264420
-0.204631
0.598467
0.163925
-0.171355
0.081090
0.143594
-0.465622
-0.109130
0.655542
0.413273
0.266540
-0.048708
0.285175
-0.028064
-0.186469
-0.509206
0.265404
-0.187357
0.341278
-0.111440
0.629800
0.156502
0.213826
-0.380403
-0.677713
-0.155800
0.335367
0.027281
-0.598160
0.067334
-0.079142
-0.138856
-0.182178
0.184297
-0.068710
0.492824
0.205004
-0.223722
0.507688
0.251282
0.107380
0.173415
0.096504
0.417394
0.267806
-0.347001
0.494185
-0.100195
0.050441
-0.225845
-0.066057
0.192098
0.041511
-0.523745
-0.532884
0.006678
0.222260
0.119738
-0.009182
0.025513
-0.097936
0.075548
0.145251
0.040245
0.387028
0.599200
0.398618
0.103186
-0.612492
-0.027642
0.010288
0.402961
0.216562
-0.059663
0.229437
0.202140
0.311867
0.648125
-0.032151
-0.309243
-0.598726
0.630744
-0.480194
-0.022363
0.121618
-0.304835
0.131382
0.307918
-0.224042
0.189698
0.110468
0.559340
0.021570
-0.082353
0.352905
0.144860
-0.454507
0.193790
0.125833
0.617392
-0.068159
-0.718807
-0.142645
-0.433467
-0.570927
0.531591
-0.497898
0.215048
0.406093
-0.151001
-0.282936
0.273294
0.086648
0.053280
0.291556
0.099412
-0.603974
0.009993
-0.429621
0.064050
-0.194291
-0.223701
0.126445
0.548023
-0.290746
-0.469897
0.112340
-0.405906
0.208720
-0.436334
0.288049
0.056614
0.117986
-0.048625
0.308889
0.335727
0.301930
0.031543
-0.370995
-0.348084
-0.239163
-0.443147
-0.278116
0.340896
0.577241
-0.424655
-0.338950
0.280899
-0.425895
0.318050
-0.260563
0.443325
0.007626
-0.336655
-0.143035
-0.029837
-0.540327
0.238954
-0.410301
0.071411
-0.083927
-0.545354
0.245068
-0.244935
0.384851
-0.070611
0.088966
0.103221
-0.109264
-0.548034
-0.171379
-0.554684
0.154191
-0.372544
0.276378
0.081962
0.364599
-0.122663
0.026829
-0.110852
0.156403
-0.133193
0.244474
0.097377
-0.782443
0.188960
-0.650774
0.226777
-0.573879
-0.061250
0.098470
-0.433427
0.288708
0.089379
0.139083
-0.231600
0.792291
0.074817
0.047541
0.037533
0.017667
-0.386664
-0.044650
-0.379818
0.294233
-0.169284
-0.333940
0.115504
0.054884
-0.153230
-0.216766
0.148996
0.451685
-0.344433
-0.071943
-0.130137
-0.341985
-0.413565
0.465353
0.416241
0.237386
0.213285
-0.254630
-0.108062
-0.405736
0.095138
-0.128409
0.080611
0.293923
0.049482
-0.378350
-0.122855
-0.298225
-0.115287
0.297277
-0.069939
-0.286824
0.181814
-0.198903
-0.299986
-0.587741
0.628494
0.389266
-0.201110
-0.100814
0.046035
-0.256530
-0.104576
-0.544454
0.037119
-0.419484
-0.099160
0.298907
-0.302476
0.160216
-0.282211
-0.176933
-0.319452
0.036463
-0.153150
-0.031565
0.275639
-0.202919
-0.004705
0.366390
0.458202
0.481031
-0.016765
0.322113
-0.471598
-0.073165
-0.000735
-0.138508
-0.342190
0.091075
0.414428
0.107383
-0.416331
-0.441261
-0.190071
0.227572
-0.486059
-0.140027
-0.163985
0.257026
0.316820
0.331735
-0.422806
0.169403
0.384844
-0.221185
-0.192368
-0.344406
-0.032638
0.148301
0.597843
0.461937
0.096505
0.349763
0.194525
-0.007645
-0.158033
-0.421642
0.414456
0.141572
-0.044470
-0.009293
0.078143
0.121098
0.032128
0.349675
-0.017227
0.228507
0.003741
0.241556
0.196747
-0.291390
-0.359333
-0.300971
0.364566
0.415614
-0.073041
0.186721
0.094473
-0.539557
0.342718
-0.135487
-0.745808
-0.386450
-0.194977
-0.321241
-0.801715
0.676457
-0.204228
-0.331225
0.034766
0.147167
0.466824
0.124760
-0.106218
0.552471
0.583396
0.119168
0.080469
-0.411151
-0.364839
0.135103
-0.434956
0.014778
0.097422
0.245804
0.284760
-0.353118
0.223961
0.630583
-0.545329
0.491347
0.613001
0.367291
-0.359511
0.353807
-0.336484
0.024330
-0.127877
0.487097
0.221282
0.470371
-0.666540
-0.408963
0.069462
-0.423557
0.167499
-0.457116
0.436197
-0.361157
-0.349722
0.545512
0.142000
0.117264
0.461801
0.235549
0.267869
0.160340
0.342992
-0.274642
-0.454606
0.203636
0.194012
0.204513
0.456555
0.088042
-0.341218
0.401295
0.259338
0.431277
0.215991
0.382316
0.476549
-0.560967
-0.183059
0.103175
-0.141374
0.445901
0.429913
-0.284366
0.522268
-0.386833
0.325041
0.095446
0.115228
0.225154
0.346737
-0.570590
-0.315848
-0.076935
0.604028
-0.567345
-0.000177
0.311717
-0.039569
-0.324697
0.304938
-0.205015
-0.721597
-0.523588
-0.653154
0.386489
0.031728
0.036315
0.153664
0.197783
-0.301606
-0.562919
-0.190666
0.267241
0.173795
-0.209894
-0.288937
-0.058629
-0.142279
0.160798
-0.399199
0.378993
-0.280634
0.543092
-0.010585
0.290084
0.196392
0.076075
-0.511623
0.213354
-0.157698
-0.005359
-0.099005
-0.211079
-0.154070
0.326406
0.216515
-0.812609
-0.304898
0.521016
-0.275890
-0.280575
-0.024121
0.310637
-0.238586
-0.166363
0.132110
-0.211772
-0.256664
-0.311918
-0.199503
0.209830
0.104573
-0.585535
0.693845
0.017137
0.451400
-0.188359
-0.377443
-0.017263
-0.316180
0.245395
0.238672
0.104432
0.406285
-0.049263
0.344458
-0.128187
-0.449545
0.296708
0.336307
0.466592
0.524319
-0.296383
0.136334
0.157695
0.647008
0.391219
0.172462
-0.070670
-0.042587
-0.148713
0.441761
0.126558
0.163747
-0.542707
-0.287407
-0.478004
-0.030596
0.002561
0.304778
0.023214
-0.294563
-0.378450
-0.148644
-0.104401
0.064937
0.344759
-0.697528
0.019991
0.172358
0.213197
0.311679
0.441103
0.148584
-0.195915
0.199468
-0.195239
0.388164
-0.526444
-0.132499
0.028023
-0.126551
0.372220
0.047519
-0.137276
-0.807859
0.209614
0.092295
0.038577
-0.165897
-0.055075
0.402527
-0.249852
-0.508978
-0.130992
-0.150537
-0.276758
0.464406
-0.419498
0.472079
-0.216238
0.111810
-0.395192
0.009302
-0.061654
0.366615
0.017377
-0.054672
-0.532226
-0.238894
-0.442126
0.071303
0.518198
0.625554
0.361402
-0.043003
0.257395
-0.149945
0.262289
0.043191
-0.292346
0.192872
0.008532
-0.444684
-0.256898
0.410365
-0.190347
0.192511
-0.337769
0.043832
0.098661
-0.303483
-0.698629
0.166011
0.271875
-0.350901
0.247538
-0.231162
0.072853
0.208653
0.275401
-0.367741
0.489317
-0.021698
-0.562593
0.111066
-0.479971
0.535115
0.576235
-0.340727
0.138035
-0.156636
-0.187175
-0.430848
0.453614
-0.135503
0.302291
0.084261
0.168268
0.185575
-0.719771
-0.451864
0.290549
-0.063684
-0.697953
-0.348091
-0.260920
-0.044779
-0.873361
-0.001888
0.426377
0.187874
-0.106264
0.427435
-0.427118
-0.132552
-0.565687
-0.395052
-0.580184
0.459134
0.334320
-0.025656
-0.259507
-0.060234
0.514647
0.124768
-0.619727
-0.248919
-0.084002
-0.141546
-0.046650
-0.359987
-0.047278
0.650456
-0.388183
-0.212695
0.189280
-0.050096
-0.467209
-0.284604
0.518227
0.185171
-0.460431
0.273561
0.175906
-0.141030
-0.302900
-0.525020
-0.197842
-0.788237
-0.780083
0.061193
-0.039313
-0.060111
0.068337
0.515582
0.222922
0.017626
0.044613
