0.108562
0.004789
-0.259960
-0.625545
-0.152559
-0.149408
-0.053501
0.286211
-0.302904
0.419762
-0.075898
0.099207
-0.320361
0.170592
-0.477702
0.335476
0.049987
-0.015835
0.517695
-0.133194
0.379839
-0.395124
-0.063433
0.850144
0.294155
0.117213
0.683658
-0.313002
-0.047819
0.264893
-0.155192
0.268916
-0.425686
0.204747
0.560761
0.021786
-0.169952
0.397654
-0.269188
0.224219
-0.101401
-0.427136
0.262592
0.403907
0.223561
0.197561
0.252213
-0.072754
0.173650
0.245005
0.120602
0.539312
0.723914
0.022498
-0.052603
0.516925
-0.559348
-0.127115
0.207348
0.270389
-0.356102
0.486806
0.683783
0.606680
-0.457862
-0.109680
0.258162
-0.324194
-0.336518
-0.216593
0.181137
0.057148
0.288452
-0.284231
0.053802
0.025754
-0.460564
-0.067551
0.674035
-0.416641
0.272414
-0.294313
-0.302654
0.498489
0.066017
0.592832
0.182872
0.354113
-0.148501
0.092056
-0.484093
0.262123
0.132520
-0.537508
0.066137
0.078141
-0.074282
-0.215636
-0.587837
-0.185812
-0.316125
-0.527276
-0.121217
-0.206286
-0.118406
-0.225891
0.211270
0.351958
0.406062
0.404512
0.017998
-0.889859
0.169681
0.123431
-0.204918
0.012760
0.104179
-0.275041
0.197117
-0.435343
-0.172121
-0.007960
0.051007
-0.309123
-0.556697
0.426186
-0.497685
-0.478263
0.376584
0.388606
-0.049967
-0.088586
0.214152
-0.241330
-0.200981
-0.370247
-0.067650
-0.434365
-0.348878
0.151138
-0.606205
-0.263968
0.074897
0.123398
0.065541
-0.038823
-0.382356
-0.515674
0.151910
0.530196
0.346970
0.411547
0.201990
0.481944
-0.251750
0.048678
0.161112
0.059995
-0.488468
-0.472514
0.025243
0.242460
0.442266
-0.104454
0.217446
0.070677
-0.446968
-0.205871
-0.299769
0.408542
-0.340501
-0.008120
0.036436
-0.314090
-0.213909
-0.189060
-0.522766
0.575334
-0.333478
0.417842
0.151540
-0.136698
-0.593478
-0.491689
-0.203977
-0.167897
0.085040
-0.403538
0.410929
-0.196771
-0.448490
0.494647
-0.138635
0.516591
-0.111172
-0.366696
0.085132
-0.552720
-0.329591
-0.645277
0.568873
0.221414
-0.125110
0.064753
0.127209
0.015886
-0.304388
-0.248121
0.431553
-0.326182
0.183153
0.189823
-0.250419
-0.040687
0.416741
0.225879
-0.251568
-0.079754
0.265613
0.531870
-0.355304
0.059670
0.034935
0.092116
0.265730
0.536239
0.480667
-0.537383
-0.236130
0.179869
-0.402848
0.345849
0.494538
-0.364573
-0.391263
0.339766
0.258636
0.264082
-0.467838
-0.041147
0.062034
0.428549
0.391433
0.223326
0.703776
0.346968
-0.306176
0.129951
0.077594
-0.170798
0.514609
0.486306
-0.586051
-0.166735
-0.521431
-0.358049
0.076775
0.357280
0.487292
0.346132
0.319898
-0.518617
-0.474119
-0.337034
0.195323
0.516817
-0.342377
0.557876
-0.428072
-0.329925
-0.238494
-0.335713
0.314337
-0.163380
-0.091373
-0.097893
0.314986
0.078006
-0.081460
-0.090591
0.032411
0.049216
0.575955
0.207458
0.237530
-0.018907
0.171388
0.546279
0.256108
0.600971
-0.051307
-0.375530
0.169015
0.381606
0.437869
-0.019927
-0.215851
-0.034398
0.246725
0.019377
0.416725
0.144035
0.195148
-0.280702
0.361470
-0.486827
-0.394679
-0.667924
-0.207371
0.582762
-0.371544
-0.056375
-0.627568
-0.179251
0.349921
-0.308425
0.074322
-0.115319
-0.364391
0.350584
-0.230277
0.380701
0.025735
0.238952
-0.424028
0.276968
0.240467
-0.195825
-0.279335
0.199844
-0.260534
-0.534700
0.157840
0.410210
0.476655
-0.334866
-0.295886
0.464458
0.578909
0.073602
-0.077044
-0.516849
0.234717
0.388310
0.399264
0.356884
0.245848
0.324723
-0.229145
0.232917
-0.262453
0.703078
-0.317081
-0.396739
0.260363
0.632981
-0.349884
0.353983
0.066231
0.203640
0.035985
0.272699
-0.197730
0.459951
0.190641
-0.207594
0.190410
-0.198956
-0.491700
-0.170638
-0.559452
0.218240
-0.140791
-0.603524
0.506455
0.031889
0.114009
0.224649
0.056471
0.557982
-0.226561
-0.602801
-0.217177
-0.347328
-0.183740
-0.164820
-0.137411
-0.240045
-0.494387
-0.666896
0.095663
-0.149383
0.255049
-0.188968
0.517251
-0.389182
0.260302
0.429062
0.086571
0.074473
-0.367067
0.411872
0.151298
0.227583
-0.070761
-0.561325
0.467387
0.117508
-0.371015
0.513290
-0.159695
-0.134524
-0.242317
0.349368
-0.026736
-0.011768
0.467530
0.433750
-0.176137
0.369662
0.069030
-0.045808
-0.376328
-0.113122
0.429557
-0.362808
-0.252579
-0.513106
-0.210646
-0.141829
0.272263
0.234033
-0.337455
-0.552188
-0.256410
-0.692283
-0.179608
0.629439
-0.667371
-0.191959
0.230610
0.424472
-0.467071
0.393856
-0.098691
-0.038422
-0.434143
-0.545580
-0.504408
-0.653852
0.196375
0.083822
-0.626581
-0.638320
0.411581
-0.233405
-0.031279
0.214520
-0.302191
-0.189393
0.096134
-0.331453
-0.112905
0.337411
0.417001
0.086080
-0.041927
-0.229592
-0.015509
0.271646
-0.408122
-0.517628
0.683905
-0.110557
0.103935
-0.165988
0.292234
0.083004
-0.323344
0.154552
0.321539
-0.254791
-0.109521
0.178306
-0.546669
-0.258869
0.442507
-0.480532
0.061198
0.088481
0.129367
0.151711
-0.225085
-0.568929
-0.597226
0.534758
-0.666943
-0.240621
0.027703
-0.405695
0.017421
0.461177
-0.475606
-0.061848
0.889683
0.446815
0.446913
-0.274272
0.160911
0.034896
0.079247
0.448074
0.436289
-0.228032
-0.361887
-0.238512
-0.001400
-0.082779
0.251206
-0.320431
-0.073361
-0.108185
0.335028
0.062667
-0.486240
0.022057
-0.174924
0.588444
-0.140964
0.097096
0.494818
0.473339
0.190830
-0.453936
0.413880
-0.036976
-0.292983
-0.185164
0.106589
-0.331366
-0.103850
-0.601475
0.117732
0.019609
-0.032967
-0.044069
0.255498
0.248375
0.479907
-0.303803
0.038377
-0.456071
0.017311
0.304606
0.123933
-0.199482
0.050631
0.724386
0.536971
0.087707
-0.284540
0.338231
0.210033
-0.145292
0.232274
0.225374
0.183945
-0.006167
-0.688978
0.222344
-0.326608
0.351944
0.278620
0.023254
0.445638
-0.160356
-0.004173
0.375185
-0.134510
0.325484
-0.181107
-0.453614
0.366309
-0.000091
-0.142302
0.431787
-0.530007
-0.312299
0.144432
-0.334347
0.186996
0.498409
-0.325633
-0.491347
-0.534732
-0.224910
-0.094180
-0.161155
-0.146146
-0.282764
0.483657
0.358212
-0.348413
0.422971
-0.212163
-0.500340
0.096423
-0.101475
0.283085
-0.391147
0.190624
0.243967
-0.591720
-0.033979
-0.211924
-0.109935
0.091681
0.229611
-0.000990
0.334881
0.718688
-0.510735
-0.476164
0.507056
0.517079
0.422317
-0.180235
0.527577
-0.036197
-0.178755
-0.278257
0.024882
-0.208596
-0.482106
0.098347
0.632018
0.451845
-0.196358
0.254898
-0.201745
0.420300
-0.211460
-0.199971
0.491177
0.311714
0.146750
0.042327
-0.188082
0.183673
0.431142
-0.301092
-0.046281
-0.402549
-0.383549
-0.331006
-0.224903
0.027771
0.206603
-0.396448
0.759625
0.232451
0.379736
0.073539
-0.096598
-0.220354
0.384255
0.722545
-0.168367
-0.253869
0.339864
-0.556138
-0.171049
0.039764
-0.380169
0.405551
-0.052722
-0.036497
-0.002686
-0.356077
0.283972
0.384111
0.067546
-0.835099
0.226438
-0.155067
-0.344656
0.056723
0.361765
0.175022
-0.516480
-0.185560
-0.143981
0.640585
0.188321
-0.103737
-0.599098
0.227421
0.077142
0.345383
-0.222993
-0.082459
-0.365091
-0.108008
0.191478
0.370647
-0.221010
0.212763
0.206990
0.128820
0.358238
0.372848
0.323090
-0.163842
-0.579424
-0.018749
0.537650
0.043402
0.222379
0.376009
-0.147369
0.281028
0.240135
-0.301566
0.061045
-0.447093
-0.089155
0.040925
-0.266165
0.083883
0.019163
0.284756
-0.170914
0.177986
0.398367
0.187540
0.039141
-0.179729
-0.353537
0.281228
-0.366205
0.127730
0.466479
-0.037727
0.447550
-0.492770
0.253549
0.588073
0.147516
-0.259292
-0.175128
-0.383647
0.315105
-0.217629
-0.446097
-0.223285
-0.437857
-0.381027
0.194241
-0.514449
-0.489633
-0.096738
-0.308386
-0.171384
-0.576662
-0.188628
-0.277650
-0.060340
0.411709
-0.081202
0.091324
0.243249
-0.674793
-0.193649
-0.300342
0.392542
-0.148307
0.245263
-0.200841
0.408498
-0.054306
0.839979
0.309899
0.269970
0.201385
-0.150635
-0.209060
0.031616
0.246916
0.596989
-0.752723
0.250843
-0.236223
-0.161493
-0.087146
-0.613757
0.377582
0.324438
-0.146464
0.043466
-0.779345
-0.336878
-0.134467
-0.374120
0.334729
0.286533
0.156874
0.536511
-0.571115
-0.213860
0.497329
-0.588617
0.089099
-0.278209
0.259885
0.083387
-0.214657
