0.168114
-0.313359
-0.361170
-0.106580
-0.165365
-0.559649
0.057602
0.277226
-0.023157
0.448997
-0.210680
0.068885
-0.274932
-0.213371
-0.004781
0.397252
0.383043
0.117601
0.227579
-0.088005
-0.578854
0.135886
0.024208
-0.136301
0.031828
0.117213
0.123230
-0.201397
-0.134948
-0.025070
-0.417158
-0.455362
-0.747418
0.155160
0.498070
0.395789
-0.177649
-0.393732
-0.028638
-0.632079
0.261569
0.250564
-0.301131
0.230544
0.091116
-0.401312
0.395622
0.077042
-0.162552
-0.509753
-0.102318
-0.026219
0.003408
0.026455
-0.145088
0.388386
-0.140286
0.150886
0.019828
-0.266043
0.205129
-0.515175
0.683783
-0.437396
-0.460711
-0.434819
0.286153
0.085707
0.449915
-0.579443
-0.141302
0.316298
0.176848
0.491344
0.682040
0.202962
-0.348025
0.156011
0.377340
0.074246
-0.494768
0.312392
0.495385
0.070185
-0.216994
0.277765
-0.046959
-0.118267
-0.319186
-0.058922
-0.030870
0.103442
0.369342
-0.154235
0.221151
0.598030
-0.024649
-0.399624
-0.644513
-0.257054
0.605765
0.183986
0.418961
-0.346896
0.066648
0.112268
-0.262782
0.503270
0.088989
0.161160
0.194414
0.459773
0.139574
0.761543
-0.107659
0.538769
0.249899
-0.316040
-0.060029
0.177053
0.097654
-0.544942
-0.050398
-0.137655
-0.498399
0.603724
0.360923
0.162574
0.119055
0.607123
-0.140843
-0.138273
-0.360138
0.040620
-0.214291
-0.225866
0.217462
0.209083
-0.293967
0.268292
-0.427340
-0.218836
-0.404879
0.363522
0.217537
-0.154981
-0.142302
0.467467
-0.229274
-0.380979
-0.208363
-0.372611
0.105173
-0.194667
0.139549
0.047607
-0.294673
0.894502
0.089773
-0.442208
0.356196
-0.311822
0.788845
0.014717
0.227196
-0.014389
-0.382964
-0.158317
-0.152893
0.206990
0.005212
0.057999
-0.452129
-0.191025
-0.194298
-0.017628
-0.166366
0.005877
-0.106640
-0.518834
0.326734
-0.387041
-0.215647
-0.381093
0.349831
-0.093113
0.044008
0.486477
-0.068706
0.083981
0.001764
0.132581
-0.359629
0.650092
-0.024912
-0.402541
-0.022333
0.031714
0.463044
-0.671674
0.204728
0.239845
-0.425784
-0.166895
-0.257055
-0.266341
0.396856
-0.292681
0.132131
0.201777
0.044429
0.269226
0.065332
-0.437823
0.418433
0.309512
-0.214288
-0.282170
0.368664
-0.524483
-0.322445
-0.107301
-0.226905
-0.885765
0.680637
0.162694
-0.010033
-0.125836
-0.224502
0.179869
0.096535
-0.381014
0.198376
-0.172889
-0.760202
0.303709
-0.338250
-0.300931
-0.483541
0.050027
0.393876
0.428549
-0.540557
0.258341
-0.546160
0.212567
-0.245733
0.341127
0.079367
0.253702
0.067387
0.520548
0.094002
-0.118481
0.351477
-0.225004
-0.374180
0.112102
0.080453
-0.006634
0.358892
-0.171879
0.335214
0.537142
0.088177
-0.144513
0.057534
0.400207
0.145547
0.002816
0.349099
-0.328772
0.593735
0.541882
0.358659
-0.589342
-0.045308
0.482695
0.501178
0.056304
0.429687
0.365821
-0.687745
-0.220074
0.532206
0.102640
-0.508513
0.689850
-0.446531
0.353421
-0.129494
-0.427930
0.236479
-0.404296
0.181102
-0.147603
-0.376607
-0.129790
-0.532912
0.454858
0.365515
-0.574527
0.251642
0.316484
0.201703
-0.413811
0.531697
0.602594
-0.521648
-0.600752
-0.068429
0.044372
0.244317
-0.011871
0.138132
-0.533990
0.152672
-0.087957
-0.130141
0.001788
-0.100426
0.400421
0.424086
0.093632
-0.032296
-0.276918
-0.351527
0.020531
-0.304081
-0.113511
0.145988
-0.318052
-0.255039
0.186268
-0.380871
0.022485
-0.254279
0.611838
0.217204
-0.090907
-0.557538
0.423805
0.225927
0.463479
-0.058518
-0.503690
0.167117
0.368468
-0.518117
0.026806
0.116669
-0.238738
0.259472
0.315306
-0.395828
0.288957
-0.112947
0.378859
-0.550565
-0.468705
0.204110
-0.446342
0.300939
0.259467
0.125416
-0.598866
0.250448
0.253066
-0.017325
0.034334
0.591929
0.479578
0.322717
0.200020
-0.371793
0.091128
-0.515308
-0.096636
0.008001
0.175978
0.130725
0.542356
0.413357
-0.270687
-0.183740
-0.840279
-0.449597
0.234965
0.450013
0.087833
0.294550
-0.300023
0.622870
-0.101585
0.286317
-0.149456
0.618199
0.529339
0.132499
-0.284084
-0.151315
0.582793
0.170390
0.239261
0.395882
-0.555510
-0.350689
0.108017
-0.058318
0.138757
0.331989
-0.322939
-0.233331
-0.482200
0.354652
0.152793
0.113866
-0.091460
-0.263597
-0.248816
0.082119
-0.202737
0.080172
0.280157
0.090106
-0.021571
-0.339377
-0.085516
0.537819
-0.470199
0.391331
0.227052
0.123959
0.230143
-0.443681
-0.100463
0.052049
-0.162117
0.084772
-0.125142
-0.207862
0.599280
0.431264
0.338976
-0.243898
0.452921
-0.016613
0.092109
0.178653
-0.638886
0.177654
0.385339
-0.112220
0.201028
-0.441578
-0.059535
-0.116522
0.257178
0.030197
0.287316
0.236381
0.352339
0.276655
0.157409
-0.708199
-0.099803
-0.054624
-0.187312
0.264819
-0.222923
0.364348
-0.180174
0.173866
-0.200120
0.723860
0.192133
-0.371192
0.651823
0.420511
-0.023907
0.393924
0.212483
-0.348925
0.313895
0.243147
-0.638623
-0.279314
-0.405298
-0.519010
-0.421869
-0.216972
0.223393
0.637676
-0.059861
0.239167
-0.052302
-0.572293
0.156570
0.038696
0.492802
-0.344352
0.175746
-0.261373
-0.189947
0.345025
-0.219327
-0.265989
0.143387
-0.564319
0.219908
-0.067788
0.202864
-0.029245
-0.467125
-0.458477
-0.123356
-0.371461
-0.541697
-0.039073
-0.030046
-0.201374
-0.269598
-0.606072
0.545134
0.325516
0.251895
0.255153
0.361893
-0.507768
-0.288559
0.142233
-0.131306
0.151255
-0.513659
0.124306
-0.003889
0.245176
0.244879
0.042900
0.377156
-0.055392
-0.480047
0.257861
-0.130315
0.259878
0.604251
-0.281313
-0.199860
0.143309
-0.037407
0.324721
0.395505
-0.285578
-0.181760
0.322639
-0.340130
0.493762
0.572381
-0.137719
-0.422520
-0.428660
0.293582
-0.366483
0.012234
0.148445
-0.347937
0.309985
-0.303134
0.034628
-0.418297
-0.039519
0.404460
0.043677
-0.032732
0.098067
0.238923
0.392319
-0.375659
-0.484968
-0.419863
0.331177
-0.207859
0.152664
0.526079
-0.443093
0.267388
0.086219
-0.266947
0.230575
0.466931
0.313306
-0.319195
-0.234375
0.057563
0.290012
-0.722761
-0.034318
-0.469706
-0.168586
-0.063636
-0.244841
-0.857419
0.351668
0.449992
-0.590464
-0.165997
-0.735693
-0.038703
-0.259448
0.259535
-0.254540
-0.296081
0.256111
0.200552
-0.256664
-0.493280
-0.247940
0.183094
-0.080391
0.026756
-0.157475
-0.378805
0.082235
-0.106697
0.101467
-0.262267
-0.029963
-0.398527
-0.149775
-0.156292
-0.480586
0.099646
0.046441
-0.130330
-0.458314
0.064606
-0.360140
0.189622
0.100768
-0.201745
-0.445887
0.345044
-0.204539
0.244859
-0.318696
0.147929
0.416913
-0.525115
0.045622
0.093341
0.110177
0.343131
0.474528
-0.222745
-0.412479
-0.358195
-0.645308
0.178058
-0.194845
0.022207
-0.218667
0.444137
-0.319845
-0.451603
0.288319
0.241635
0.501823
-0.573394
-0.157128
0.353322
-0.125946
-0.043699
-0.237808
-0.621376
-0.152110
0.590830
0.265578
0.319796
0.001147
-0.089890
0.391447
-0.327381
-0.501719
0.308820
-0.075407
-0.072844
0.705749
0.472674
0.279372
-0.357832
-0.158118
-0.303391
0.155639
0.237340
0.231544
0.266894
0.184752
-0.014598
0.054979
0.398226
0.403234
0.349982
-0.128266
0.452467
0.235893
0.508374
-0.134812
-0.188504
-0.596559
-0.368025
0.336822
-0.245074
-0.286847
0.147953
0.150737
-0.024257
0.369452
-0.256063
0.646375
-0.264005
0.385569
0.264978
0.228172
0.049889
-0.103677
-0.268825
0.457573
-0.138779
0.461212
0.019163
-0.120106
0.027870
0.269905
-0.546152
-0.442460
-0.316755
0.045564
0.431900
0.347693
0.253851
0.088274
-0.807819
-0.388912
0.351017
-0.341456
-0.034000
0.067064
0.271497
-0.148722
0.001587
-0.290045
-0.229384
-0.091324
0.461384
0.358941
-0.337891
0.196852
0.139272
0.460324
-0.172886
0.638677
-0.919333
0.498834
-0.057200
-0.209940
-0.092753
-0.339656
-0.094798
-0.188538
0.038444
-0.343690
-0.573729
-0.506557
0.408790
-0.261312
-0.644923
-0.356019
-0.324738
0.346574
0.274885
0.471088
-0.328047
0.411072
0.083947
0.316115
0.514730
0.314063
0.235341
-0.014165
0.475894
0.351447
-0.312496
0.013770
0.554817
-0.380847
0.209515
-0.062008
-0.409861
0.234578
0.371788
0.243787
0.277024
-0.040051
0.067641
-0.279030
0.570192
0.375414
0.201865
-0.260778
0.053498
-0.110337
0.161488
-0.152482
0.119918
-0.080774
0.494983
