-0.044993
0.563892
-0.241798
-0.155121
-0.165608
-0.307431
0.054300
0.292867
-0.155712
0.352138
-0.131402
-0.226723
-0.292488
0.233383
-0.434762
-0.324332
0.511138
-0.241485
-0.162445
-0.172687
0.254184
0.083706
-0.436002
-0.341760
0.058101
-0.005283
0.716037
-0.196575
-0.023961
0.510572
0.020917
0.027005
0.202906
0.296790
0.087168
0.026317
-0.438803
0.433270
-0.018681
0.052416
0.179806
0.443335
0.049318
-0.380141
0.005402
-0.475910
0.238244
-0.459129
-0.125754
0.107342
-0.106706
-0.177477
0.624649
0.382182
0.100379
0.503039
0.050955
-0.091189
-0.368493
0.202394
-0.223830
0.441599
0.696409
-0.310193
0.044730
0.456577
0.453044
0.084876
-0.267966
-0.603889
-0.236550
0.255530
0.329116
-0.309379
0.325352
-0.138998
-0.236013
0.324584
-0.242121
-0.277674
0.290368
0.332218
-0.390956
0.293754
-0.294050
0.455112
-0.086961
-0.073698
-0.503735
-0.184628
-0.036280
0.016303
0.352855
-0.401142
0.393754
-0.117062
0.222286
-0.509226
0.350061
0.341546
-0.115220
-0.019921
0.473519
0.128491
-0.211726
-0.375321
0.546578
-0.647742
0.427203
0.082141
-0.107321
0.143131
0.063226
-0.091276
0.128458
-0.575387
0.447468
-0.325964
0.437919
-0.395640
-0.698117
0.172894
0.493687
-0.406831
0.539142
-0.190195
0.149011
-0.143356
-0.540781
0.238914
-0.239715
-0.303280
0.221630
0.277424
0.199462
0.265914
-0.141571
0.088346
0.208003
0.081054
-0.113837
0.164824
0.098080
0.056173
-0.717704
0.165315
-0.303733
-0.440436
0.389158
-0.541701
-0.313699
-0.275409
0.151401
-0.097952
-0.238141
0.054225
-0.282794
0.121486
-0.219467
0.222523
-0.291048
0.449748
0.175805
0.293043
0.128841
-0.305364
-0.544846
0.262400
-0.467805
-0.196292
-0.409952
-0.405549
0.174354
-0.295149
0.333806
-0.327096
0.556574
0.525671
-0.469136
-0.180031
0.162657
-0.081450
-0.144874
-0.481351
-0.105115
0.029075
-0.250418
0.245590
-0.033837
-0.045760
-0.192243
-0.555145
-0.548969
-0.167267
0.012606
-0.285585
0.561967
-0.506243
0.164884
0.195003
0.320972
0.159820
-0.361131
0.255017
0.455523
0.588150
0.076468
-0.150465
-0.106055
0.035581
-0.153626
-0.131430
0.572347
-0.536205
0.432547
0.273781
0.278905
-0.017922
-0.462258
-0.065870
0.147355
-0.210142
0.084234
0.119250
0.691908
0.513237
0.592380
-0.175993
-0.083539
0.054588
-0.478207
-0.026551
-0.394333
-0.377182
-0.411373
-0.389493
-0.066323
0.179129
-0.301461
0.042427
-0.439911
-0.163630
-0.464418
0.141605
0.347305
0.490248
-0.716430
-0.333995
-0.359296
-0.596500
0.245338
-0.020298
-0.306753
0.363062
0.231688
0.460964
0.024092
-0.262680
0.037541
-0.099411
0.365533
-0.148282
-0.023566
-0.325905
0.517250
0.100118
-0.527612
0.531994
0.079036
0.073246
-0.335852
0.033214
-0.294049
-0.163380
0.349985
0.225179
0.104712
0.434040
-0.064492
0.352884
0.339959
-0.286175
0.054009
0.186400
-0.364408
-0.251294
-0.455518
0.502040
0.587293
0.454822
0.104102
0.126688
0.107845
-0.707996
-0.071978
0.116126
0.052697
-0.473110
-0.233856
-0.025847
0.155287
-0.417094
0.510276
-0.498884
0.037419
0.894628
-0.162010
0.342249
-0.272043
0.225397
-0.200291
-0.048880
0.244317
-0.172511
-0.372367
-0.716872
0.139567
0.404126
-0.342853
-0.014168
0.029362
0.407903
-0.368386
0.010026
0.464549
-0.243114
0.237542
-0.485675
-0.398185
-0.475693
0.395484
-0.073214
0.154390
-0.156841
-0.020373
0.057769
-0.233758
0.278149
-0.253019
0.171323
-0.350358
-0.404942
0.086085
-0.114856
-0.375834
-0.243899
-0.460785
-0.212131
-0.490631
0.096484
-0.389138
-0.058474
-0.238219
-0.023974
-0.200268
0.120908
-0.636372
0.145093
-0.301492
0.234216
0.298439
0.426408
-0.126018
0.026997
0.133737
-0.650806
0.564450
-0.653578
0.411038
-0.074245
-0.330125
-0.551605
-0.101811
0.147127
0.474537
-0.348116
-0.016768
-0.028152
0.522938
-0.241544
-0.106224
0.452370
-0.129211
-0.108575
0.203920
-0.006166
0.294535
-0.425028
0.111402
-0.304315
0.524292
-0.216328
-0.287362
-0.486401
0.020780
-0.268359
0.185147
0.183304
0.171756
-0.149997
-0.351821
-0.283533
-0.393812
0.153939
0.708478
0.067737
0.053220
-0.187603
-0.468777
0.351808
-0.258355
-0.263335
-0.217581
0.383804
-0.398688
-0.128925
-0.252359
0.375113
-0.418166
-0.059255
0.096719
0.308298
-0.225447
0.089023
0.323348
-0.086274
0.451983
0.255725
-0.283118
0.368650
0.329255
0.216033
-0.484757
-0.272376
-0.012002
-0.120354
0.082070
0.324918
0.004250
-0.259416
-0.351162
0.444458
0.452151
0.570787
0.250356
-0.393318
0.053052
-0.545580
-0.065920
0.349224
0.606228
0.238487
-0.246761
0.174484
0.091992
-0.196064
-0.202594
-0.179980
0.262376
0.075096
0.468301
-0.501307
-0.544772
0.517558
0.333483
-0.322959
0.422944
-0.346053
-0.257741
0.101396
-0.491758
0.200030
-0.124206
-0.234273
0.249633
0.107459
-0.689205
0.324215
-0.215689
-0.050140
0.272167
0.428078
0.177728
0.531141
-0.420157
-0.688961
-0.248946
0.507510
-0.501270
-0.539181
-0.715536
-0.403366
-0.313151
0.500793
-0.346139
0.611183
-0.364206
-0.002419
-0.439826
-0.332255
-0.533603
-0.594188
-0.155732
-0.061848
-0.658444
-0.321942
-0.529778
0.129784
-0.137432
-0.260157
-0.110409
-0.636962
-0.532565
0.189004
0.461559
-0.227673
0.281021
0.475200
-0.109226
0.275199
0.362988
0.280997
-0.311715
-0.373897
0.236477
0.220863
-0.448531
0.130338
0.056303
0.154727
-0.479931
-0.095257
0.003784
0.173760
0.198001
-0.155932
-0.266628
-0.356762
-0.266382
-0.249942
0.181764
0.106879
0.085232
-0.747613
-0.495328
-0.342640
0.173643
-0.119279
0.214941
-0.158746
0.328142
-0.470685
0.195860
0.317867
-0.435388
0.220437
-0.281824
0.510614
0.566983
-0.405650
0.507878
-0.150315
-0.049962
0.316967
-0.391407
-0.602506
-0.153454
0.438936
-0.730461
-0.065962
0.516451
0.416723
0.198505
-0.416050
-0.423536
0.550557
0.377939
-0.160877
0.250685
-0.533575
-0.316352
0.489692
-0.325287
0.068676
-0.324209
0.236051
-0.014474
0.344506
0.131283
-0.084420
0.064489
-0.059406
-0.339970
0.331488
0.088638
0.291450
0.387420
0.177254
0.321295
0.124374
-0.162920
0.010114
0.425089
-0.196640
-0.502848
-0.348399
-0.726531
0.085152
0.170259
0.329715
0.174630
0.242690
0.323602
0.904057
0.183956
0.083769
0.634564
-0.368553
-0.149064
-0.290951
0.522537
-0.267142
-0.074319
0.042635
0.267439
0.425710
0.136381
0.579649
-0.380560
-0.540580
-0.163624
0.498088
0.085918
0.462267
0.514722
0.061755
0.512912
-0.011749
0.039344
0.077628
0.254649
-0.102200
-0.117577
0.420831
0.267399
-0.272015
0.585267
-0.108180
0.211083
-0.115212
0.184753
-0.170223
-0.046225
0.165129
0.038431
-0.250422
0.399971
-0.616657
0.158633
0.123749
0.225989
-0.792700
-0.203868
0.409140
0.130818
0.012919
0.605203
0.205553
0.308406
0.189276
-0.553100
0.031831
-0.386096
-0.087887
-0.135535
-0.359957
0.044589
0.068101
0.444031
-0.138364
-0.375595
0.156521
-0.275996
0.625717
-0.598185
-0.167502
0.442963
0.652844
0.227508
-0.117664
0.245481
0.238157
0.023765
0.181919
0.362731
0.179440
0.254045
-0.157401
-0.353785
0.008009
-0.233499
0.617868
-0.188230
-0.503962
0.779481
0.066831
-0.339054
-0.465171
0.274529
0.533019
-0.132044
-0.245074
-0.286847
-0.239568
-0.093163
-0.084869
0.083431
0.070423
-0.138430
0.258849
0.371084
0.082655
-0.085372
0.028586
0.011008
-0.030615
-0.244942
-0.270186
0.218107
0.311996
-0.351026
-0.232819
0.234501
-0.679151
-0.119569
-0.690091
0.214990
-0.099004
-0.225346
-0.021766
0.429701
-0.418735
-0.125257
-0.171264
0.192302
-0.044091
0.298240
0.072120
0.509707
-0.335052
-0.661227
0.240438
0.432787
-0.259748
-0.458534
-0.379046
-0.375493
0.456515
-0.248056
0.055461
-0.251892
0.094683
-0.136339
-0.549112
0.130068
-0.145160
0.125565
-0.162437
-0.453949
0.328591
0.139271
-0.526094
-0.400950
0.639768
0.393493
-0.308016
-0.109834
0.537351
-0.091187
-0.329090
0.276137
0.373421
0.148385
0.484985
-0.006229
-0.046166
-0.102248
0.042811
-0.037787
0.380835
-0.078787
-0.270995
-0.166315
0.344191
-0.526619
0.335166
0.488147
0.430303
0.600454
0.486547
0.343215
0.494065
-0.487588
0.123424
-0.162519
0.296827
0.031195
0.142868
0.404505
0.118823
-0.341218
0.566999
0.363013
0.318962
-0.210994
0.544886
