0.140164
0.404931
0.047429
0.266318
-0.170693
0.005641
0.054937
0.499629
0.488286
0.330555
0.004604
0.265629
0.037884
-0.200011
-0.121517
0.068524
0.019309
0.216811
-0.148463
-0.063823
0.073885
0.194873
-0.416715
0.219983
-0.023800
-0.189097
0.096298
0.168527
-0.639443
-0.270433
-0.023979
-0.219910
-0.581295
-0.023860
-0.751255
0.256962
-0.294799
-0.231558
0.285408
0.304949
-0.571898
0.179700
0.328478
-0.309722
0.150029
-0.053559
-0.035590
-0.157861
0.218029
0.360426
-0.120599
0.007764
-0.111053
0.098418
0.393687
0.714265
0.087118
0.143858
-0.278649
-0.483352
0.205129
-0.316205
0.372290
0.391553
0.475428
-0.204698
-0.477126
0.021252
0.129162
-0.455473
0.342144
0.245310
-0.298114
-0.297807
-0.149969
0.222121
-0.016338
-0.102582
-0.126441
-0.516879
0.388550
-0.657799
-0.165403
0.197797
0.379600
0.194754
0.249857
-0.193173
0.136108
-0.495465
-0.033329
0.307700
0.302952
-0.371280
-0.354739
-0.036645
-0.437136
-0.111821
-0.391254
0.393867
-0.320963
0.095743
-0.081664
-0.013268
-0.092220
-0.146176
0.458711
-0.031361
0.390372
-0.369305
0.439041
0.296254
0.061901
-0.159450
-0.202888
-0.031759
-0.200261
-0.200030
0.119555
-0.022277
0.398376
-0.343890
0.116999
0.157815
-0.535854
0.329745
0.508563
0.372165
0.034845
0.192115
0.238459
-0.360585
0.304798
-0.360705
-0.340607
-0.607926
-0.121104
-0.284910
0.473751
0.196321
0.015532
-0.561905
0.519702
0.050834
-0.112536
0.204910
0.119086
-0.349466
0.113352
0.072543
-0.205982
-0.355044
0.312986
0.087827
-0.694040
0.745206
-0.530750
0.403798
-0.537298
-0.305196
-0.161305
0.237152
0.339722
-0.085389
0.168618
0.345415
-0.547587
-0.526570
-0.210014
0.277820
0.398744
0.414797
-0.407400
-0.087807
-0.504471
0.008022
0.483910
0.163994
-0.519977
0.048473
0.503541
0.784034
0.254547
-0.549030
-0.590964
-0.483112
0.523736
-0.425755
0.088534
0.158772
0.469825
-0.610277
-0.536995
-0.186757
-0.056342
-0.006108
0.359289
-0.460215
0.061893
-0.477537
0.229491
0.414239
-0.645253
0.274212
-0.494212
-0.081190
0.138486
-0.438534
0.008008
0.176563
-0.182670
0.329072
-0.179513
0.109018
0.409279
0.227915
0.284681
-0.076497
-0.077207
-0.312067
-0.297672
-0.108420
0.383650
-0.160368
0.392135
0.142595
-0.319829
0.169298
0.015763
0.037029
-0.191978
0.039944
-0.273973
-0.181091
-0.076635
0.365700
-0.220062
0.047263
-0.370139
-0.155191
0.629354
-0.085037
-0.610987
-0.177479
0.392293
-0.408603
0.159803
-0.022579
0.146847
0.072805
0.231912
-0.493474
-0.238836
0.186484
0.252478
-0.541325
0.148887
0.322515
0.417998
-0.486846
0.560711
0.185174
0.333080
0.208789
-0.283665
0.430923
0.155184
0.257650
0.366710
-0.225468
-0.239208
0.467599
0.335597
-0.444561
-0.425291
-0.013896
0.091199
0.624855
0.362481
0.122938
0.168428
0.395522
-0.386776
0.200504
-0.204952
0.466561
0.271851
0.327105
-0.432051
-0.329809
0.503453
-0.080803
0.172332
-0.855484
0.085324
-0.224089
-0.084825
-0.009930
-0.446273
0.174104
0.272417
-0.479397
-0.248980
-0.088101
-0.511878
0.085663
0.576063
0.623662
-0.419731
0.355183
-0.032745
0.028666
-0.675282
0.031839
-0.129078
0.200259
0.083621
0.020059
0.037831
0.166972
-0.315632
0.118105
0.483288
0.086147
0.425244
0.195472
-0.313943
-0.313110
0.076914
0.337124
0.408961
-0.206143
0.131819
-0.086229
0.112340
0.045137
-0.646602
0.142028
0.309808
0.145163
0.044461
-0.068501
0.319719
0.620121
-0.260989
-0.308399
0.206349
0.024035
-0.540399
0.282500
-0.653796
-0.627189
0.107154
-0.151190
-0.213197
0.357722
0.099608
-0.103294
0.389203
0.142289
-0.196191
-0.177049
0.516554
0.740475
0.300146
0.500395
0.139338
0.068540
-0.020789
-0.209978
0.371902
0.057125
0.000958
-0.563571
0.288641
-0.384031
0.503297
0.062160
-0.234638
-0.407423
-0.080060
-0.194606
-0.324093
0.028738
0.318809
0.011655
-0.058346
-0.425829
-0.244588
-0.240259
-0.263265
-0.436781
0.150868
0.748781
0.312642
-0.007107
-0.086171
0.526978
0.316350
0.196893
0.016881
0.393978
0.411508
-0.408757
0.310812
0.252361
0.473438
-0.286471
0.306165
0.410516
0.018827
-0.392114
-0.223505
0.486535
0.131923
-0.051682
0.111210
-0.331650
0.221185
-0.442755
0.280805
0.530736
0.042963
0.366514
0.034945
0.208973
-0.608048
0.067116
-0.591322
-0.379989
0.352894
-0.084615
-0.713251
0.493738
-0.046747
0.091604
0.366874
-0.043297
-0.549069
0.413560
-0.380275
0.597586
0.248938
-0.825695
-0.086719
0.139855
-0.089827
-0.000667
-0.331860
0.134549
0.337852
0.279030
0.446061
0.105982
0.426653
0.275857
-0.074295
0.322303
-0.468545
-0.151112
-0.089780
0.067826
0.256659
0.712732
-0.188737
-0.215153
-0.138587
-0.069982
0.309934
-0.635044
-0.171710
0.093182
-0.276170
-0.347173
0.199593
0.050330
0.498879
0.626052
0.154722
-0.149256
0.011786
-0.196202
-0.245043
0.192723
0.422154
-0.336863
-0.173736
0.211056
-0.176231
-0.141953
0.227913
0.054306
0.151236
-0.127454
0.301384
-0.152401
-0.615997
0.000181
0.070652
-0.131983
-0.469377
0.212309
-0.472366
0.319384
0.179591
0.141464
0.217571
0.194123
0.444716
0.498576
0.397899
-0.417600
0.124796
-0.353956
-0.136080
0.464290
0.145435
-0.107110
0.576775
0.065510
-0.083676
0.059214
0.176490
0.066883
0.530221
-0.430181
-0.534319
0.464233
0.014995
-0.780084
0.202780
-0.075447
0.397410
0.330761
0.171186
-0.448646
0.297362
0.317360
-0.089683
-0.284064
-0.315922
0.397538
0.552199
-0.748380
0.283533
0.496515
-0.290766
0.113423
-0.199977
-0.204482
0.277558
0.439677
-0.046984
0.499267
-0.157683
-0.300287
-0.566008
-0.570383
-0.326888
0.179247
0.006614
0.148077
0.344604
-0.167148
0.282463
0.010609
-0.186928
-0.264397
-0.067936
-0.580826
0.166848
0.515121
0.146474
0.197266
-0.130480
0.117980
0.092590
-0.614430
-0.591202
-0.608421
0.411146
-0.045961
0.060069
0.443841
-0.031182
-0.337735
0.089368
-0.394505
-0.133183
0.324301
0.459071
0.417496
-0.197102
0.200161
0.333684
-0.762402
0.273922
-0.352915
-0.211629
0.189129
0.253523
0.352469
-0.540018
0.639358
0.188551
-0.428286
-0.549764
-0.387241
0.170259
0.271431
-0.408467
-0.154004
0.069952
-0.450313
0.046782
-0.180355
-0.311165
0.156997
0.382116
0.283531
0.766796
-0.080432
-0.510708
-0.699137
0.078643
0.093563
-0.012084
0.115241
0.369793
-0.097220
0.071055
0.083135
0.044878
0.459789
0.176118
0.139596
-0.272667
0.266479
0.079951
-0.152958
0.234082
-0.163985
0.284271
0.437916
-0.096667
0.192320
-0.042406
0.309791
-0.235412
0.299629
0.147253
-0.163281
0.448537
0.108908
-0.397312
0.511966
-0.703086
0.331097
-0.300911
0.506871
0.386261
-0.580867
-0.358743
0.430686
0.273398
-0.288990
0.421870
0.162268
-0.298742
-0.771163
0.563028
0.037808
-0.420861
0.701185
0.356251
0.314943
0.274009
0.128347
0.001340
0.078544
-0.386446
-0.277627
0.242433
-0.071919
0.018007
-0.298736
0.055243
-0.313251
0.316046
0.139528
0.061676
0.435100
0.506598
0.373032
-0.034172
-0.543018
0.172080
-0.376638
-0.114343
0.518690
0.606615
0.193246
-0.131011
0.319128
0.276383
-0.033196
-0.456765
-0.206793
0.646766
-0.384254
-0.015649
0.155283
0.184317
0.074858
0.097922
-0.180617
0.410867
-0.363917
0.521447
0.554693
-0.087633
0.232994
-0.304803
-0.210736
-0.491086
-0.213712
0.452750
-0.718735
-0.202605
-0.543783
0.009653
0.293072
0.032936
-0.062866
0.287284
-0.388817
-0.220620
-0.299384
-0.387140
0.402734
-0.448117
-0.232299
0.075795
-0.576109
0.066650
-0.300748
-0.179802
-0.212841
0.502476
-0.176112
-0.225482
0.128058
-0.472244
0.643624
0.341522
0.371960
0.164801
-0.016304
-0.469843
0.016288
-0.217005
-0.053650
-0.087858
0.487766
0.057256
0.105374
0.252833
-0.246431
-0.131230
0.299262
0.483727
0.494671
-0.136582
-0.033206
-0.238878
-0.594689
-0.259152
-0.335446
-0.065736
0.076366
-0.119968
-0.381147
-0.424140
-0.537094
-0.429221
-0.355666
0.327543
0.024939
-0.293981
-0.187803
-0.104986
-0.295531
-0.269596
0.002419
-0.667616
-0.172220
0.018901
0.151414
-0.058506
-0.139851
0.310717
0.456629
0.360859
-0.589517
-0.411798
-0.170926
0.385665
0.336007
0.369082
0.115348
-0.404610
0.000421
0.619281
-0.446598
0.416830
0.472984
