-0.249597
0.530105
-0.212821
-0.227000
0.250710
0.190166
-0.008544
-0.078205
-0.157478
0.515198
-0.030366
0.086959
0.137775
-0.162697
-0.263870
0.014728
-0.189594
0.516795
0.277251
0.184559
0.461611
-0.287838
0.019903
0.466417
0.014418
0.208266
-0.042663
0.189478
-0.053682
0.019357
-0.036709
-0.029752
-0.349598
-0.313498
-0.122869
0.237440
-0.356500
-0.476011
-0.110587
-0.511147
-0.218459
0.075549
0.001871
0.194114
-0.586248
0.376442
0.191485
-0.259130
-0.073349
-0.446758
-0.262944
-0.419755
0.605681
0.384325
0.181686
-0.319031
0.063701
0.330557
-0.033652
0.481140
0.144702
-0.514242
0.109384
-0.228262
-0.697059
-0.246310
0.255359
-0.209564
0.139678
-0.244925
0.693288
0.223536
-0.144717
0.044588
0.428300
-0.203689
0.386053
-0.063765
0.371452
-0.426615
-0.254464
0.244153
-0.175119
-0.238184
-0.021247
-0.620036
-0.047512
0.567755
-0.102023
-0.486567
-0.194564
0.165325
-0.215892
-0.239101
0.092431
-0.299765
0.321912
-0.451943
0.647080
0.381238
-0.347887
-0.232256
0.372135
0.023331
-0.178741
-0.496093
0.449666
0.360289
0.387664
-0.019004
-0.231955
-0.348703
0.041095
0.180266
-0.010410
-0.106772
0.155032
0.397825
-0.131211
-0.525177
0.100645
0.144276
0.026942
-0.330258
0.193110
-0.120717
-0.146662
0.199655
-0.375330
0.192117
0.464471
-0.533847
0.187839
-0.015455
-0.336964
0.252898
0.145629
0.089014
0.477938
0.696287
-0.678012
-0.113206
-0.028860
0.033846
-0.037766
0.311826
-0.372646
-0.349466
0.297382
0.210959
-0.163087
-0.062406
0.022626
0.067144
-0.440286
0.716653
-0.254235
0.210597
0.324347
-0.348591
-0.689498
0.435764
0.223001
0.265705
0.148230
-0.608365
-0.271547
-0.443484
-0.353373
0.015494
-0.261853
-0.349649
0.645776
-0.278670
0.009413
-0.223789
-0.129925
-0.081333
0.242291
-0.069172
-0.173613
-0.156084
0.188087
0.350797
0.195204
0.231345
-0.622305
0.119554
0.126909
0.237849
0.104918
0.199731
-0.492804
0.643255
0.474496
-0.193515
0.293918
-0.497200
0.107574
-0.146379
0.355823
0.468945
-0.331776
-0.099681
0.360310
-0.208259
0.106132
0.152860
0.128460
-0.360737
0.325829
0.337477
-0.350508
0.187690
0.550437
-0.216280
-0.143972
-0.266979
-0.029708
0.386925
0.356643
-0.463460
-0.473490
-0.603769
-0.092547
-0.200701
0.417070
-0.458350
0.383336
0.508281
-0.273067
-0.043746
0.286365
0.086964
0.153740
0.415783
0.018884
-0.061883
-0.527004
-0.020164
-0.193317
-0.253549
-0.364914
-0.424164
0.361226
-0.474186
-0.104677
-0.124425
0.016297
0.435166
-0.242537
0.418870
-0.227297
0.194965
-0.236651
-0.427589
0.033279
-0.186041
0.051212
0.177115
0.803747
-0.438980
0.093375
0.178339
0.575497
0.235434
-0.124671
0.400288
0.601913
0.035028
-0.154244
0.236691
-0.621025
-0.093725
0.447605
-0.511614
0.027406
0.457384
0.421924
0.326176
0.122292
-0.230969
0.244875
0.040652
0.647167
0.265177
-0.193871
-0.444365
0.446245
-0.356028
0.527340
-0.016084
-0.365579
0.334511
0.423098
0.009689
-0.229823
-0.510364
0.498414
-0.328264
-0.374449
-0.377914
-0.162735
-0.253352
-0.265355
0.361055
-0.368302
0.709919
0.037245
0.427645
-0.223600
-0.089197
-0.289447
0.211451
0.097197
0.024393
0.306673
-0.139619
0.114493
0.053378
-0.057524
-0.373404
-0.377245
0.334797
-0.631148
0.280288
0.375065
-0.329483
-0.125721
0.307215
0.314459
-0.462326
-0.096142
-0.034064
-0.236674
0.010629
0.630568
-0.126191
-0.252503
0.051995
0.181022
0.542791
0.324212
-0.063444
0.093099
-0.398935
-0.135610
-0.288118
-0.049136
0.237089
-0.086164
0.350418
0.457088
-0.259209
-0.631305
0.246689
-0.368108
0.222321
0.415869
-0.600840
0.164444
0.363950
0.036385
-0.212819
-0.533320
-0.603252
0.100969
-0.421765
0.020310
-0.094708
0.178888
0.371307
0.163004
0.394292
-0.186513
-0.434548
-0.172380
-0.286556
-0.254208
-0.574266
-0.270961
0.245818
-0.044472
-0.167216
-0.429819
-0.598671
0.322112
-0.442531
-0.115238
-0.018538
0.541219
-0.255758
-0.392750
0.045796
0.531201
-0.264933
0.061999
0.544934
0.215753
0.269561
0.155196
-0.758364
0.036112
0.200362
0.056672
0.421694
-0.153393
-0.215413
0.042746
0.358998
0.195449
0.544780
-0.081804
0.286092
-0.666215
0.538262
0.017606
0.223762
0.238911
-0.392997
-0.126018
-0.218801
0.123148
0.105296
0.646755
-0.008256
0.264256
0.048729
-0.211616
-0.254254
0.139204
0.288259
-0.337908
-0.394175
-0.052188
0.273498
-0.229387
0.743448
-0.523183
0.336666
-0.296568
0.195763
0.181929
-0.362253
0.605562
-0.240426
-0.115385
-0.004890
0.212221
0.311985
-0.342733
-0.202584
0.468850
0.128561
-0.157296
-0.192981
0.460072
0.078838
0.200089
0.223214
0.422945
-0.185717
0.280600
-0.306672
0.425447
-0.340524
0.019819
0.004708
0.325436
-0.367665
0.214400
-0.068790
-0.047701
-0.138547
-0.092303
0.068486
0.303886
0.094620
0.193045
-0.217870
0.384262
0.193729
0.406621
0.122172
0.503482
-0.093195
0.003334
0.049705
0.632652
0.058082
-0.643932
-0.351522
0.826013
-0.252755
0.078962
0.529756
-0.218088
-0.022090
0.038638
-0.274271
0.326197
0.326643
0.204987
0.262840
-0.105322
0.015086
0.401209
0.191207
0.101329
-0.419433
0.043557
0.420196
-0.292559
-0.352733
0.047579
-0.055248
-0.567416
-0.490845
0.264629
0.124408
-0.182087
-0.012140
0.124258
0.231622
0.217984
-0.171041
-0.282317
-0.149239
-0.298143
-0.361194
0.007367
-0.120973
-0.476333
0.632259
0.260755
-0.133910
-0.115156
0.135130
-0.035458
-0.197277
-0.047040
0.305703
0.253495
-0.739885
-0.204444
-0.162899
-0.038463
0.000471
0.307675
0.224387
0.073891
0.215508
-0.574079
0.499267
-0.408107
-0.077844
-0.355446
0.023323
-0.399229
-0.120606
-0.501249
-0.235051
0.445599
-0.141919
0.679110
0.262530
0.515596
0.285976
-0.119784
-0.411406
0.116692
-0.488926
0.361067
-0.142506
0.141782
0.517462
0.345267
-0.444922
-0.336735
-0.182852
0.414808
-0.164439
-0.421281
0.404659
-0.378206
-0.363479
0.295771
-0.398994
-0.331720
-0.141508
-0.143721
0.235770
-0.257692
-0.532137
0.164295
0.532348
-0.295228
-0.116392
-0.171152
-0.329865
0.293270
0.031808
0.148921
0.314653
-0.068173
-0.195475
-0.631434
0.104387
0.054827
-0.552723
0.505622
0.006720
0.144419
0.359547
-0.141682
-0.534171
-0.340205
0.366607
-0.033823
-0.553714
-0.456071
-0.142796
0.088734
-0.009065
0.342287
0.009296
0.040295
-0.453015
-0.715519
0.360011
0.352915
0.463936
0.154832
0.346882
-0.237628
-0.527050
-0.574197
-0.017169
0.421639
0.224502
-0.148262
-0.238976
0.322890
-0.359073
0.001492
0.504409
0.360616
0.081894
0.526287
-0.154619
-0.073588
-0.019083
-0.390558
0.023070
0.046042
0.228700
0.139139
0.219393
-0.507242
-0.187509
0.224767
-0.445496
-0.393350
-0.091934
-0.260174
-0.348031
0.130000
-0.265407
-0.462233
0.125962
-0.556138
0.047910
0.039764
-0.410157
0.273879
-0.415416
-0.122309
0.062546
0.219472
0.328820
-0.024143
-0.179982
-0.670072
0.293621
0.581357
-0.140370
-0.279248
0.420232
0.350538
0.258411
-0.140794
0.231368
-0.315824
-0.374306
0.070384
0.618326
-0.745844
-0.000635
0.244064
-0.523867
-0.006277
0.082644
-0.177334
-0.538475
0.328248
0.510186
-0.564436
-0.457307
-0.140088
-0.378256
-0.092353
-0.650391
0.423906
0.504444
-0.410002
-0.714278
0.404697
-0.158829
0.447274
0.335811
-0.338598
0.058449
-0.325899
0.333339
0.188191
-0.223394
0.167338
-0.663293
0.047148
0.374342
0.497272
-0.269633
0.299210
-0.071928
-0.129388
-0.273381
-0.376464
0.276357
-0.610929
-0.158418
0.574830
0.069826
0.072036
-0.558600
0.385357
0.080684
-0.183460
-0.095096
0.076798
-0.549720
-0.266532
-0.381582
-0.294135
0.272392
-0.015625
0.308844
0.303282
0.214551
-0.130930
-0.398194
-0.109219
0.006956
-0.432968
-0.523283
-0.238400
-0.035499
0.550267
0.102981
-0.038492
-0.123858
0.555245
-0.390245
-0.228502
-0.184266
-0.032026
0.449024
0.477990
-0.512681
0.420503
-0.352488
0.061766
-0.075271
-0.474653
0.285392
0.413146
-0.421853
0.069210
-0.600145
0.084413
-0.454913
-0.064800
-0.242535
-0.344537
-0.018677
-0.403926
0.021232
0.318697
0.344508
-0.231377
-0.318461
0.169005
0.158333
0.653901
-0.718670
-0.032967
-0.175529
-0.455196
0.157227
-0.057015
0.417004
0.217858
0.268192
0.112017
0.446586
-0.073186
0.146813
