0.152330
0.146886
0.082733
-0.121168
-0.582999
-0.278735
-0.103963
0.079303
-0.093401
0.351529
0.272757
-0.066545
-0.052176
-0.024602
0.111497
-0.009501
-0.579194
-0.194424
0.144125
0.132660
0.213605
0.159905
-0.557589
0.440815
0.304939
-0.062998
-0.170725
-0.068848
-0.335170
-0.056930
-0.030339
0.478695
0.402125
0.516243
0.109945
0.342310
0.602340
-0.134221
-0.206345
0.339940
-0.623454
0.082420
-0.295806
0.219369
-0.101236
-0.069271
0.263630
0.044659
-0.330797
0.450769
-0.281917
-0.075863
-0.255493
-0.251464
-0.044871
0.557828
0.174751
0.161903
0.237504
-0.563397
-0.101591
0.357540
0.397447
0.391553
0.419025
0.191829
-0.124749
-0.314857
0.377833
-0.111990
0.083612
0.205122
-0.207333
0.443476
-0.048718
0.074478
-0.395821
-0.247367
0.231216
-0.376591
0.308521
-0.638174
-0.434979
0.172774
0.281349
0.188094
0.019794
-0.344899
0.246428
-0.680461
-0.049448
-0.004667
-0.117142
0.133969
0.168171
-0.507435
-0.352880
0.896165
-0.048047
0.337400
0.376975
0.404419
-0.171435
-0.165902
-0.032486
0.657004
-0.182311
0.297166
-0.084248
-0.245441
-0.248398
0.041910
-0.397050
0.063918
0.130191
-0.224779
0.141417
-0.209123
0.550783
-0.227476
-0.553505
0.314576
-0.510967
-0.072666
0.575968
0.206102
0.041840
0.068781
-0.376194
-0.288634
-0.353298
-0.201583
-0.303771
0.308621
-0.520837
-0.643600
-0.142391
-0.313622
0.103305
0.108568
0.673246
-0.244164
-0.038210
-0.069652
-0.698109
0.228120
-0.260980
-0.242663
-0.327055
0.387288
-0.468152
0.152284
0.227436
0.495488
0.058579
0.337789
-0.321709
0.373914
-0.145231
-0.309547
0.020174
0.103746
0.352587
0.036612
-0.112721
0.180366
0.113968
-0.383864
0.172516
0.150430
0.238470
0.533599
-0.407850
0.440152
0.055589
0.078937
0.111382
-0.293299
-0.267506
0.208339
-0.169688
-0.250790
0.119206
-0.462570
0.252467
-0.344025
0.132227
0.586918
0.278320
0.070882
0.245331
0.138611
-0.113345
-0.140432
0.189437
-0.150719
0.290604
0.186437
-0.114621
0.452360
0.541309
0.090055
-0.404243
-0.386233
0.121066
0.243927
-0.142865
-0.474218
-0.000544
0.029141
-0.128722
-0.377880
-0.087270
-0.346844
0.423427
-0.415421
-0.106990
0.377706
0.077852
0.006943
-0.198299
-0.241497
-0.473490
0.440144
0.068138
-0.153270
0.298007
-0.359219
0.224014
-0.459021
-0.193086
-0.009688
0.163636
-0.024326
-0.293182
-0.183991
-0.320969
0.330882
0.518830
-0.233085
-0.341084
0.064763
0.618902
-0.004414
0.001941
0.086985
-0.217181
-0.333995
0.175026
-0.618903
0.514609
0.372084
0.206033
-0.418438
0.709795
-0.276767
0.241452
0.539326
-0.351503
0.301476
0.418823
-0.566197
-0.233971
-0.213537
0.257535
-0.025819
0.105895
-0.252339
0.223251
0.344108
0.412416
0.337392
0.438933
-0.216947
0.380347
-0.030762
0.117683
0.065549
-0.172488
-0.255557
0.065294
-0.263186
0.192962
-0.108616
0.213646
0.522389
-0.164701
0.073439
0.200501
-0.559052
0.758419
-0.090520
-0.067751
-0.399559
-0.346647
0.014299
-0.551135
0.041799
-0.021769
-0.087645
0.293011
-0.663010
-0.026649
0.419837
0.223285
0.050452
-0.491535
-0.063851
0.437672
0.480854
-0.091462
-0.106329
-0.347682
-0.179251
-0.214545
-0.433293
0.454358
-0.130520
0.618115
0.431619
-0.478802
0.429116
-0.301889
0.285611
-0.214086
-0.224569
0.339252
-0.049827
-0.173537
0.417828
0.249952
-0.189538
0.212206
0.363620
0.180425
-0.118684
-0.340131
-0.227860
0.164188
0.145163
0.170266
-0.255108
0.526258
0.157938
0.228955
-0.420021
-0.449496
-0.327609
-0.282405
-0.426794
-0.394518
0.207231
0.144963
-0.049488
-0.376788
0.472477
-0.235505
0.410748
0.492025
-0.600840
0.004651
-0.004120
-0.056954
-0.034427
-0.268688
-0.234484
0.097935
-0.424115
0.414725
-0.209978
0.428701
-0.602851
-0.451607
0.575345
-0.251151
-0.580338
-0.068526
0.223167
0.207914
0.024502
-0.225984
-0.094060
-0.098844
-0.224854
-0.457635
-0.034117
-0.226884
-0.151847
0.204704
0.307201
-0.196248
-0.353477
-0.354332
0.424064
0.115429
-0.521812
-0.378162
-0.436869
-0.262206
0.543585
-0.316465
0.362378
-0.075208
-0.454190
0.342691
0.621102
0.109621
-0.312349
0.268029
0.321745
0.217211
-0.520921
-0.077770
-0.038687
-0.133427
-0.165854
-0.220316
0.255694
-0.209609
-0.542631
0.303225
0.338622
0.178688
0.044400
0.364377
-0.171750
-0.289328
0.081136
0.075244
-0.025173
0.342362
-0.249047
-0.468863
-0.147463
0.022037
-0.028517
0.398374
0.321475
-0.024611
-0.094348
0.190524
0.254885
0.310394
0.454873
0.389028
-0.066645
-0.145536
-0.420144
0.342241
-0.367382
0.652885
0.067637
-0.077147
0.156038
-0.374816
0.221400
0.243033
0.191544
-0.042108
-0.230510
0.227210
0.514860
0.270383
-0.120391
-0.765695
-0.357834
0.374725
0.240859
0.199334
0.004391
0.036028
-0.074031
0.120695
-0.024075
0.098673
0.358145
-0.151161
0.086214
-0.148873
-0.122072
-0.655939
-0.188678
-0.166784
0.000817
-0.010363
-0.524788
0.423066
0.214378
-0.093849
-0.152861
-0.058642
0.211345
-0.224425
-0.018682
-0.341729
0.046366
0.442929
0.000181
0.092539
-0.045821
0.022823
0.187315
0.573817
0.357558
-0.552532
0.095013
-0.001404
-0.369101
0.157099
0.072228
-0.253970
0.432223
-0.116682
-0.508498
0.011533
-0.026655
0.291057
-0.152686
-0.368336
0.145690
0.219941
0.370567
0.256611
0.334986
0.434828
0.146382
0.147252
0.118862
0.108853
0.036396
-0.300898
0.559793
-0.577489
0.140547
-0.009045
-0.313146
0.366109
0.038323
-0.124194
-0.300485
-0.623782
-0.502218
-0.099814
-0.037791
-0.153992
-0.012067
-0.502743
-0.153767
0.138408
0.546315
-0.560075
-0.645786
0.299340
0.396769
-0.547418
-0.161873
0.029875
0.461291
-0.144954
-0.375042
-0.119205
0.384085
0.400924
-0.364342
-0.535170
0.157659
0.272741
-0.334384
0.220107
0.276508
-0.328240
0.244007
0.400823
-0.391985
0.222166
-0.094799
-0.287320
-0.165047
0.214206
-0.397746
0.055309
-0.429391
0.178854
-0.231250
0.087881
0.257233
-0.128060
0.509907
0.668103
0.281902
-0.170252
0.419620
-0.286918
-0.655724
-0.383203
-0.101805
0.308502
-0.567796
0.253979
0.248034
-0.169273
0.075437
-0.293362
-0.495237
0.152178
0.274270
0.381576
-0.401318
-0.351932
0.159113
0.461682
0.038097
-0.065924
0.058324
0.533013
-0.292857
-0.323955
0.491564
0.447117
0.533834
-0.482805
-0.132010
0.267480
-0.679444
-0.490561
0.302203
0.379226
0.470165
-0.630007
-0.753651
-0.044227
0.060959
0.449278
-0.079874
-0.428530
0.263060
0.339953
-0.346276
-0.365647
0.372062
-0.098042
0.313525
-0.333485
0.555329
-0.520002
0.088535
0.456058
-0.397115
-0.283250
-0.067948
0.135160
0.010984
-0.241910
-0.090263
0.032430
0.584807
-0.342001
0.238715
0.660339
-0.004250
-0.175713
0.509371
0.286866
-0.140459
-0.326741
-0.276313
-0.148275
0.063511
0.063155
0.103385
0.014458
0.005120
0.228580
0.701185
0.311382
-0.316062
0.025666
-0.046454
-0.500340
0.263101
0.067567
-0.078533
0.015345
0.116838
0.123601
-0.016119
-0.358739
0.411715
0.391192
0.205588
-0.252085
-0.149901
-0.315824
0.074403
0.255307
0.393203
-0.408300
-0.046976
-0.342470
0.683843
0.428383
0.202549
-0.572218
0.253371
0.624638
-0.029574
-0.296184
0.528339
-0.191159
0.476820
-0.112727
-0.472437
-0.215973
0.488645
-0.325159
0.154275
0.711343
0.301927
0.451305
0.492524
-0.099638
-0.015513
-0.094902
0.283760
0.227705
-0.256646
0.356639
-0.545949
-0.411286
-0.826958
0.127230
-0.265933
-0.513858
0.108469
0.094428
-0.050334
-0.468923
0.022840
0.273917
-0.324430
0.293624
-0.206825
-0.367685
-0.540665
0.029225
0.729883
-0.204276
0.179629
-0.059018
0.237691
0.280840
0.059547
-0.127891
-0.275620
-0.386498
0.221301
0.113308
-0.462064
-0.224180
-0.319468
0.647646
-0.098575
-0.243943
0.496051
0.031066
0.000191
0.163902
0.360420
-0.188619
-0.255434
0.547158
-0.529808
-0.265682
-0.025489
-0.150399
-0.138356
-0.301845
0.265759
-0.306211
-0.297027
-0.231355
0.100788
0.269970
-0.622112
-0.611656
0.083377
0.417347
0.250951
0.240176
-0.473144
-0.237906
0.547529
-0.201591
0.280219
0.511625
-0.357260
0.321615
0.736974
-0.110917
-0.659558
0.263227
0.521699
0.270239
-0.647875
0.106589
0.218359
-0.146086
0.105696
0.369925
-0.419873
0.032979
0.356588
0.189387
0.272942
0.068190
0.338556
