0.078729
-0.111894
-0.117434
0.207463
0.235838
0.069291
0.001108
-0.331581
-0.167270
-0.001605
-0.110853
-0.040925
0.413204
-0.224053
0.440659
0.209500
0.242483
0.383775
-0.419004
0.184559
0.093081
-0.387029
-0.373498
-0.197785
0.043374
-0.221974
0.768620
-0.351716
-0.109365
0.016585
0.307684
0.228271
-0.158067
-0.227397
-0.482316
-0.619762
0.181137
0.317883
0.013862
0.155253
0.061426
-0.524275
-0.127901
-0.157147
0.027072
-0.266947
0.244284
0.262419
-0.112618
0.373879
0.446545
-0.212250
0.369530
0.265967
0.235380
-0.261895
0.056020
0.356973
0.292597
-0.325499
0.156942
-0.360781
0.521451
-0.183764
-0.557597
0.015519
0.546879
0.379157
0.321103
-0.479143
-0.259647
0.488248
-0.250397
-0.254208
0.212399
-0.196240
0.211768
-0.539256
0.217397
-0.429252
-0.525849
-0.405971
-0.383419
-0.386164
0.239261
-0.419467
0.116507
-0.085719
0.401647
0.214543
0.058974
0.195944
-0.241671
-0.242319
0.233497
0.521056
0.260824
-0.103050
-0.637972
-0.648584
-0.429015
-0.162750
0.158914
-0.361368
-0.137994
-0.219960
0.593394
0.428341
0.686412
0.526455
-0.047002
-0.271942
0.221560
0.178689
-0.008718
-0.191497
0.486915
-0.372711
-0.177748
-0.233282
-0.494943
0.411960
0.021591
-0.242562
-0.067293
0.189288
-0.129499
0.313120
0.113508
-0.501985
0.203678
0.423392
0.046373
0.376172
-0.245452
0.268536
0.173495
-0.586176
-0.443297
0.074237
0.730584
0.230204
-0.041760
-0.103374
0.344359
-0.003457
-0.253873
-0.193260
0.508127
-0.043449
0.282420
-0.414560
-0.077548
-0.240714
-0.158455
0.481493
0.065134
-0.190384
-0.152345
-0.454015
0.211460
0.019153
0.688466
-0.170464
0.180777
-0.330050
-0.488860
0.164142
0.168892
0.079435
-0.146702
0.030670
0.645776
0.469977
0.095288
-0.369066
-0.304143
0.317312
-0.184991
0.311648
0.579197
-0.194483
0.030655
0.561529
0.533050
-0.395872
-0.478918
0.298437
-0.265424
0.385991
0.598307
-0.085427
-0.554714
-0.215159
0.099429
0.198671
-0.397293
-0.345723
-0.270790
-0.425433
0.569928
0.598504
-0.051264
-0.573599
-0.560141
0.044649
-0.358400
-0.241996
-0.366407
0.330085
0.340123
-0.256665
-0.331335
-0.615455
0.056374
-0.253087
0.415706
-0.266951
0.053088
-0.422800
-0.162456
-0.005424
0.509240
0.183875
0.232263
0.675180
0.004776
0.056718
0.718215
0.339500
-0.423919
-0.393637
0.248221
0.105042
0.044508
0.089293
-0.185488
-0.202011
-0.461587
-0.312946
-0.457205
0.108160
0.073627
0.324906
-0.219699
0.466807
-0.258993
-0.420266
-0.754700
0.409256
-0.219325
0.184517
0.134785
0.153263
-0.048128
0.441916
0.054241
0.375090
-0.131449
0.322564
0.000021
0.219361
0.015312
0.158348
-0.223093
0.140143
-0.388989
0.351364
-0.221445
-0.333428
-0.178681
0.326969
0.567314
-0.031634
0.437588
0.403658
0.008833
0.225658
-0.262636
0.220339
0.318810
-0.215928
0.338922
0.435649
0.385996
-0.019414
0.214030
0.502040
-0.320370
-0.234444
-0.021729
-0.453262
-0.039713
-0.385274
0.107545
-0.011823
-0.159564
0.109866
-0.527980
-0.243167
-0.609599
-0.157835
-0.133635
-0.166016
0.231396
-0.327227
-0.332961
0.367546
0.019631
0.711058
0.073255
-0.122417
0.425471
-0.030791
0.511003
-0.479787
-0.005507
-0.603158
0.706891
0.369120
-0.309406
0.479970
-0.574829
0.502531
-0.173854
-0.098791
0.243079
-0.098903
0.014020
-0.112274
0.227968
0.593311
-0.122961
0.521193
-0.136457
-0.001313
-0.430570
-0.419765
0.204793
0.396258
-0.440940
-0.326626
0.657551
0.348875
0.355025
-0.142783
-0.160840
-0.314991
0.002951
0.382850
0.514835
0.451276
0.481050
-0.170182
-0.252708
-0.344770
-0.429208
0.266755
0.366415
-0.398185
0.094817
0.028500
-0.270856
0.201095
0.720692
-0.215732
0.225072
0.244652
0.057789
0.083406
0.078898
0.238265
0.073570
-0.427155
-0.086598
0.317006
0.576298
-0.278205
-0.036129
-0.037312
-0.173560
-0.058540
-0.079107
-0.093969
-0.347257
-0.167321
0.506135
-0.520467
0.390185
0.572482
0.091585
-0.168434
0.151882
0.511725
0.340600
-0.328849
-0.185373
0.439102
-0.629344
0.283622
0.197896
-0.469741
0.393711
0.512729
0.400570
0.081496
0.139296
0.289862
0.009779
0.505170
-0.275210
-0.270757
0.546975
0.293522
-0.654974
0.021209
-0.164179
0.203136
0.630246
-0.372945
0.178259
-0.249114
-0.389904
-0.163119
0.741592
-0.090798
-0.138860
-0.207370
0.399962
-0.153126
0.469177
-0.185368
-0.471384
-0.451576
-0.053188
-0.325418
-0.300879
-0.146577
0.868981
0.252833
0.472432
0.246133
-0.428326
-0.332359
-0.281993
0.528611
0.130762
-0.463797
0.256884
-0.589474
-0.232059
-0.478867
0.055319
0.328371
-0.262304
-0.448306
0.190571
0.533003
0.914050
0.439498
0.212384
0.074141
0.379030
-0.139051
0.307914
-0.073764
-0.232318
-0.244571
0.325436
0.294297
-0.264507
-0.289231
-0.389606
0.271504
0.330688
0.139963
-0.212703
-0.544699
0.148683
0.027186
-0.411351
-0.586886
0.482584
0.354183
-0.347059
0.113250
0.121117
0.120688
0.561877
-0.299689
-0.440222
-0.472547
0.640219
0.036483
-0.045845
-0.116459
-0.657942
-0.061360
0.232682
-0.298340
-0.004443
-0.311866
0.117468
-0.191899
0.801643
-0.088653
0.268235
0.085688
0.029944
0.236523
-0.139484
0.048182
0.135163
-0.018727
-0.844112
0.018866
0.464850
-0.205997
-0.178651
-0.372642
0.150632
0.160520
-0.045961
-0.511152
-0.074161
0.018713
0.505473
0.546827
0.296461
0.267554
0.276401
0.192805
0.454115
0.258511
-0.093700
-0.053277
-0.380188
-0.327290
0.001080
-0.219839
-0.029877
0.504180
0.280322
-0.317724
-0.099256
-0.344262
-0.338582
-0.287644
0.027312
0.254770
0.368713
-0.271214
0.144669
-0.212013
-0.149201
-0.117431
-0.023390
0.705225
-0.364434
-0.264826
0.410464
0.371289
0.045754
0.285759
-0.457246
0.537842
-0.266736
-0.261185
0.607932
0.188369
-0.037033
-0.573925
-0.015628
-0.004304
0.202688
-0.083053
0.207405
-0.551691
-0.144636
-0.468125
0.087114
0.158124
-0.411994
0.016502
-0.553628
-0.299065
0.235797
-0.411154
0.443722
0.436942
-0.151602
-0.173355
-0.181274
-0.023327
-0.485549
-0.245236
-0.096828
-0.158704
-0.108404
0.182235
-0.139231
0.610954
-0.470936
-0.116886
-0.431719
-0.386404
-0.295436
-0.016196
-0.218757
0.404597
0.532932
0.131155
0.205416
-0.270703
0.146700
-0.502265
0.383613
-0.009509
-0.041444
-0.264997
-0.307667
-0.406153
-0.520447
-0.022021
0.240169
0.226273
-0.169449
0.265987
-0.296549
0.259453
0.391720
0.006111
0.258994
-0.132674
0.476338
0.003357
-0.443298
0.287525
0.178911
0.082044
0.135633
0.317110
-0.008208
0.068526
-0.139555
-0.355985
0.529487
0.014409
0.331978
0.026035
0.334635
-0.675868
0.696174
-0.003946
-0.347572
-0.321634
-0.458061
-0.387119
0.573617
0.443294
0.255406
-0.058870
0.180734
-0.301319
0.282178
-0.124710
-0.658529
0.093660
0.034572
0.018394
-0.516294
-0.196983
0.240751
0.044298
0.329180
0.424023
-0.220832
0.169716
-0.317294
0.225762
-0.398401
-0.174933
-0.342476
0.123812
0.134508
-0.189715
-0.418051
0.526870
0.233953
0.397739
-0.563934
0.190952
0.055380
0.242504
-0.274835
-0.011707
-0.310005
0.110958
0.259841
-0.295083
-0.148458
0.036513
0.111437
0.129555
0.338415
0.169900
-0.430452
0.052208
0.017817
-0.377589
-0.022188
0.018656
0.259912
-0.159154
-0.625800
0.060915
0.137490
0.034889
0.339680
0.170870
0.195408
-0.148972
-0.027045
0.290009
-0.020086
-0.256760
0.411506
-0.499969
0.023962
-0.233278
0.195111
0.003498
-0.052355
-0.080686
0.088371
-0.002033
0.338494
0.438857
0.077516
0.066715
-0.202337
0.429816
0.013214
-0.217404
0.172204
-0.489980
-0.065229
-0.120683
-0.276124
0.004822
0.013576
-0.099578
0.030545
-0.410621
-0.308417
0.004975
-0.551608
-0.064554
-0.514449
-0.370727
-0.316568
0.460814
-0.090212
-0.248175
0.067783
-0.411796
0.124793
0.316945
-0.124257
0.095907
-0.157009
0.262014
0.261018
0.412910
-0.162261
0.772118
-0.506415
-0.322756
0.197069
-0.054306
0.024448
0.226962
0.285196
-0.529162
-0.070039
0.235193
-0.019697
-0.021824
-0.343639
-0.326218
-0.041317
-0.387410
-0.146398
0.055952
-0.556648
-0.059409
0.232561
0.437653
-0.289576
0.769667
0.192943
0.082121
-0.123404
-0.603108
-0.337458
-0.127739
-0.289282
0.520573
0.442601
-0.342367
-0.117188
0.001584
-0.634195
-0.262660
0.275928
0.510045
