0.159897
-0.276678
-0.212821
0.266318
0.211185
-0.406455
-0.633966
-0.113174
-0.172205
0.199145
0.093250
-0.552586
0.646733
-0.619572
-0.269628
0.208492
0.125674
-0.483194
-0.622927
-0.484795
-0.196558
-0.288130
-0.501405
0.355169
0.444172
0.160182
-0.148953
0.415379
0.211847
-0.309135
-0.112850
0.068583
-0.195881
-0.099863
0.289994
-0.536719
0.238831
-0.508663
-0.532080
-0.610238
0.225235
0.113717
-0.415093
-0.205622
-0.601157
-0.206456
-0.003017
0.305598
0.126367
-0.270362
0.115358
-0.096276
0.335740
0.400663
-0.597745
-0.590898
0.060709
-0.290884
0.268514
0.354878
0.379296
0.036692
-0.205538
-0.203371
-0.093110
0.267836
0.247716
0.088671
0.366478
-0.390605
0.194328
-0.525763
0.108171
-0.297951
0.419463
0.371128
0.360921
0.231262
0.152727
-0.477217
-0.434462
-0.402549
-0.449866
0.432961
-0.160015
0.216265
0.032555
-0.623135
-0.256139
0.480744
0.227837
-0.150143
0.012125
-0.230681
-0.157897
-0.527743
0.067804
0.265411
-0.125876
0.216642
-0.239754
0.058281
0.019058
-0.165405
0.207294
-0.230025
-0.225620
-0.394877
0.259301
-0.168786
0.069561
0.343294
-0.359199
0.008301
-0.224759
-0.173705
0.527004
-0.098772
0.207144
0.552133
-0.472561
-0.625162
-0.343486
-0.309078
0.280797
-0.208091
-0.214525
0.122483
0.063548
0.390955
0.076823
-0.240889
0.296845
-0.415482
-0.299248
-0.221239
0.080907
0.444792
0.331378
-0.460105
-0.521993
-0.537712
0.067099
-0.552016
-0.696460
0.011091
-0.242217
0.111682
-0.123361
0.007948
-0.204441
-0.276061
0.480651
-0.066379
-0.277028
0.157520
-0.418574
0.884265
-0.114320
-0.278050
-0.162944
0.005875
0.102188
-0.202367
-0.544459
-0.391918
0.304422
0.070348
0.195323
0.149253
0.155677
-0.042745
-0.161805
0.548759
0.030563
-0.132753
0.307869
-0.097282
-0.387113
0.085581
0.081281
-0.282540
0.027445
0.268727
0.273461
-0.189272
0.032217
0.006043
-0.145960
-0.451586
-0.289980
0.557242
-0.363912
-0.461515
0.396942
0.575264
0.570151
-0.008445
-0.227775
0.327744
0.099195
0.145875
0.274282
-0.268155
-0.651057
0.046666
0.311276
0.003930
-0.154721
0.463086
0.360662
0.404118
-0.280050
0.207127
0.344702
-0.172197
0.208436
0.052481
-0.025152
0.051738
-0.100056
0.099334
-0.448884
-0.607487
0.130802
0.250646
0.074059
-0.355200
-0.045667
0.296283
-0.332056
-0.414717
-0.177003
-0.064093
0.681656
0.266771
-0.390576
-0.228166
-0.638117
0.239538
-0.400381
-0.311482
0.284016
0.066692
-0.508439
0.031554
0.048545
0.082791
-0.452985
-0.033563
0.124134
0.806896
0.288297
0.171526
-0.406406
-0.442695
0.196765
0.094292
0.483619
0.170763
0.375200
-0.530112
-0.354812
-0.082315
-0.192704
0.084611
-0.410292
0.418868
0.196167
0.005162
-0.334945
0.412087
0.145624
-0.024322
0.263452
-0.685406
0.140098
0.224076
0.419028
0.253509
0.070461
0.311683
-0.108363
0.146485
-0.038778
0.437773
-0.292828
-0.138795
-0.042540
-0.197446
-0.398133
0.424812
0.400772
0.307992
0.349177
-0.017758
-0.340014
0.101908
-0.209523
0.102843
0.553248
-0.185612
0.147335
0.062027
-0.298584
0.029624
0.483599
0.273978
-0.071653
-0.406789
-0.223600
-0.089197
0.521107
-0.068481
-0.379308
-0.172868
-0.345071
0.090278
-0.277529
0.502135
-0.037007
0.035707
-0.228768
0.216469
-0.445272
0.248662
-0.348478
0.144405
-0.197577
-0.073377
0.314459
-0.460465
-0.063952
-0.157945
0.218682
-0.671643
-0.058706
0.341128
0.436422
0.185218
0.207500
-0.324050
0.190838
0.329379
0.082867
-0.106125
-0.125921
-0.288118
-0.537737
0.358173
0.116669
-0.591372
0.009878
-0.150054
-0.197650
-0.476237
0.493046
-0.226179
0.336913
0.148905
-0.125960
0.345424
0.355825
0.315817
-0.652567
-0.037642
-0.504052
-0.351191
-0.073914
-0.062721
0.404502
0.371307
-0.323198
0.405828
0.331782
-0.180345
-0.415619
-0.187999
-0.047663
-0.479785
0.010966
-0.028725
-0.006666
0.041355
-0.490476
0.117121
0.102258
-0.018202
0.204704
0.031819
0.368649
-0.573746
0.362895
-0.316849
0.258472
-0.520506
0.089696
0.177355
0.228574
0.283622
0.110345
0.193747
0.590882
-0.164040
-0.124990
0.065006
0.456947
0.081500
0.210080
0.326628
0.132167
0.354940
0.453458
0.349451
0.130891
0.167846
0.007529
-0.203206
-0.396393
-0.215494
0.024777
0.183492
0.148154
0.205308
-0.185367
-0.323849
-0.107507
-0.064674
0.297535
0.272454
0.316788
0.475988
-0.422806
-0.043108
0.307282
0.171214
-0.155275
-0.110903
-0.161394
0.207040
-0.238869
0.284756
-0.642080
-0.268045
0.193207
-0.126447
0.035373
-0.550590
0.039838
-0.023996
0.563437
-0.239086
0.256103
-0.184396
-0.419551
-0.192981
-0.271268
0.163245
-0.431884
-0.033585
0.312526
0.022480
0.077120
0.310749
-0.797940
0.489706
-0.227229
-0.418562
0.294753
-0.348518
-0.146046
0.382576
0.289081
-0.233268
0.399712
-0.137104
-0.489606
0.401754
-0.655081
-0.313179
-0.282790
0.455094
-0.172638
0.052153
0.263518
-0.519699
-0.145642
0.320084
-0.569497
0.078443
-0.747307
0.081148
0.571281
-0.092105
-0.259530
0.054314
0.109559
-0.222314
0.038638
0.491353
-0.058365
-0.489112
0.093069
0.296726
-0.584137
0.547619
-0.411473
-0.467095
-0.558694
-0.066332
-0.444517
-0.169375
0.142905
0.339019
-0.632951
0.468110
-0.115534
-0.095511
-0.187593
0.379534
-0.123644
-0.137911
0.605758
0.455080
-0.105605
0.130205
-0.209792
0.052526
-0.255685
0.245002
-0.219624
-0.085266
0.055948
0.272984
0.358365
0.489578
0.333174
-0.289864
-0.056250
0.344464
-0.394616
0.393604
0.442341
0.434890
-0.223293
0.313079
-0.322894
0.055474
-0.532775
0.110226
0.252728
-0.488062
0.060336
-0.598000
0.476199
-0.014293
0.293232
-0.071603
-0.412835
-0.077901
0.188285
0.085167
0.474443
0.036929
-0.411145
-0.347937
-0.159442
0.428069
-0.305465
0.138392
-0.328240
-0.139528
-0.489584
-0.106964
0.488149
0.162951
0.024879
0.420847
-0.198941
0.570169
0.214690
-0.165141
-0.421281
0.219803
-0.542892
0.591501
0.104680
0.826178
-0.059411
-0.257305
0.521754
0.175505
0.263179
0.124359
0.722328
-0.154847
0.313729
0.364488
-0.013960
0.342376
0.127702
-0.919190
-0.309374
0.529303
-0.659723
-0.480122
-0.227411
-0.227273
0.360797
0.303978
0.233099
0.577113
0.120139
0.485083
0.166548
-0.468365
0.284134
0.096036
0.027437
0.319927
0.170764
0.521813
0.464497
-0.194440
-0.073335
0.366700
0.189720
-0.049371
-0.497960
-0.118832
0.098380
0.487257
-0.266144
0.000294
0.190587
-0.303260
0.691777
0.372862
-0.309124
-0.041874
-0.087372
-0.329891
0.080807
-0.510311
-0.204705
0.007515
-0.045750
0.008888
0.429231
0.054879
-0.039284
-0.055535
0.665659
-0.082132
0.371248
-0.240709
-0.645308
0.184675
0.437184
0.593188
0.195074
-0.362054
-0.256525
0.279836
0.369322
0.104812
0.080540
0.159594
0.177014
0.032750
0.624359
0.106012
-0.285951
0.461651
0.170134
-0.040444
0.652511
-0.210604
-0.362121
0.005711
-0.155651
-0.044105
0.051446
0.266604
0.613631
-0.266532
-0.130565
0.341731
-0.218529
0.430386
-0.098299
-0.279775
0.317727
0.142526
-0.154341
-0.316674
-0.177264
-0.183613
-0.414493
-0.302414
0.039558
-0.556855
-0.605528
-0.283989
0.366687
0.104612
0.268293
0.091198
-0.344417
-0.522544
0.133444
0.100482
0.196212
-0.280443
-0.733651
-0.141868
0.245728
-0.207082
-0.267125
0.518169
0.275232
0.367790
-0.353931
-0.127925
-0.351337
0.056594
-0.151146
-0.111866
0.108170
0.029300
-0.117522
-0.024229
0.416072
0.221271
0.209130
-0.465352
0.103439
0.010154
0.083152
0.522904
-0.400100
0.293043
0.105285
-0.056432
-0.315798
-0.131916
-0.262413
0.421807
0.358033
-0.148757
0.063443
-0.326336
-0.051242
-0.336774
-0.039482
-0.239469
-0.455247
-0.290362
-0.360898
0.165166
-0.022536
0.088940
-0.263999
-0.601214
0.096966
-0.000367
0.156534
0.634895
-0.272430
-0.184261
-0.142263
0.376419
-0.151460
-0.268333
0.199429
-0.441252
0.509148
-0.300695
-0.116244
-0.236503
0.422384
0.329201
0.120636
-0.658193
-0.703757
0.323492
-0.395866
0.480989
-0.134915
-0.040098
0.279097
-0.009360
-0.209696
0.578354
0.562516
-0.425308
0.147640
0.219369
-0.026556
-0.091788
0.179463
-0.086086
0.492808
-0.269292
0.175532
0.037765
-0.269094
-0.569803
0.057202
-0.331586
-0.440641
-0.035900
0.575598
0.177736
-0.102192
-0.231472
