0.479767
0.020802
0.120246
0.194908
0.140710
-0.072798
0.280864
-0.313531
-0.154256
-0.017108
-0.611378
-0.278775
0.016791
0.168367
0.353523
0.244326
0.036857
-0.177742
-0.515015
0.458487
0.267055
0.113974
0.225277
0.410511
0.085800
0.113062
0.315658
0.381653
0.028247
0.003479
0.004173
-0.363412
-0.179265
-0.705890
-0.073918
-0.205565
0.189154
0.330022
-0.342135
0.090144
-0.336042
0.202789
0.456089
0.295278
-0.387450
-0.055030
0.303791
-0.102766
-0.137132
0.371055
0.396534
0.001139
0.736374
-0.167321
0.227680
0.509079
0.339088
-0.450839
-0.039050
0.513447
0.172536
-0.642127
-0.473118
0.387141
-0.522417
0.602881
0.328334
0.347588
0.253696
-0.607168
0.124914
0.331490
0.182046
-0.225314
0.183188
-0.277397
-0.036689
-0.444554
0.233492
-0.165681
0.134083
0.303972
0.518325
0.163568
-0.355766
0.188947
0.014720
0.471997
0.245078
0.437827
-0.133347
-0.467695
-0.651783
0.108628
-0.372984
0.446622
0.028800
0.353866
-0.312905
0.165849
0.396911
-0.014570
-0.079232
-0.303072
0.073614
0.060544
-0.334328
-0.146148
0.006506
-0.082048
-0.191763
0.031377
0.018511
0.150698
0.034500
-0.289861
0.212358
0.333704
-0.378537
-0.088381
0.489969
0.429153
0.614086
-0.521170
-0.453748
0.143674
0.117920
0.527221
0.654153
-0.500144
0.337883
-0.241839
-0.028326
0.076222
-0.450992
0.174727
0.328646
-0.336261
-0.197874
0.223178
0.034254
-0.108745
-0.059793
0.314317
-0.141082
-0.139999
0.162108
0.234875
0.470504
-0.183122
-0.057855
-0.439529
0.471529
0.274390
-0.129930
0.162997
-0.566571
0.191062
0.049207
-0.581761
0.179332
0.195512
0.474876
0.325173
0.335036
-0.068616
-0.512048
-0.024147
-0.592924
-0.417325
0.134312
0.380657
-0.220123
0.469609
0.265185
-0.088988
0.332604
-0.057357
-0.317385
-0.279556
-0.067099
0.325194
-0.344670
-0.337285
0.370827
-0.357594
-0.017493
0.524444
-0.132149
0.014236
0.378339
0.132581
0.512617
0.091544
0.003467
-0.321788
0.265261
-0.009499
-0.304012
-0.131541
-0.170085
0.034799
-0.572361
-0.397191
0.086987
-0.453677
0.333790
-0.300683
0.426271
0.388751
0.353118
0.329072
-0.144848
-0.174470
0.052003
-0.104989
0.220102
0.243912
0.360746
0.033455
-0.092992
0.024770
0.151022
0.179250
0.462933
0.285586
-0.533601
-0.252860
-0.060765
0.433640
0.164953
0.544110
-0.166134
0.290323
-0.284514
0.116600
0.288033
-0.368629
-0.186956
-0.128050
-0.416210
-0.336004
0.267218
0.167372
0.736536
0.413642
-0.452719
0.047066
0.526911
-0.347043
0.214867
0.551778
0.164049
0.272944
-0.007365
-0.205657
0.286881
0.391859
-0.516032
-0.217007
0.516422
-0.033421
-0.286457
-0.351637
-0.504824
0.323337
-0.223719
0.239182
-0.172707
-0.197751
0.296506
-0.063621
0.589673
-0.342095
0.338509
-0.344320
0.159249
-0.631526
0.597829
-0.110160
0.041015
-0.077130
-0.230323
0.094473
-0.133058
0.209221
-0.473180
-0.307453
-0.570358
-0.172315
-0.228013
-0.427256
0.142686
0.396093
-0.570569
0.041104
-0.567501
-0.625255
0.332510
0.211688
0.412440
-0.221833
0.273025
0.144622
0.203645
-0.211310
-0.030650
-0.034623
0.277179
-0.468738
-0.113550
0.066663
0.102239
-0.253792
-0.543954
-0.229869
-0.346230
-0.026575
0.480585
0.035515
0.602902
0.142783
-0.088822
0.423841
-0.433065
-0.137907
0.225543
0.787932
0.352194
0.284058
0.201475
0.311402
0.019689
-0.192271
-0.166473
0.035074
-0.505464
0.439406
0.452322
0.281975
0.121479
-0.357161
-0.078666
0.768698
0.356127
-0.131247
-0.350332
-0.036304
-0.552103
-0.266121
-0.295800
0.665667
0.440083
0.402563
-0.053840
0.251621
-0.190392
0.469406
-0.525483
0.259097
0.228230
1.026202
-0.233122
0.197264
0.280270
0.002048
0.314777
0.620962
0.109359
-0.138680
0.591882
-0.448699
-0.172959
0.348533
0.245679
0.100645
-0.261805
0.246228
0.197920
-0.171295
0.033266
-0.308310
-0.624983
-0.271224
-0.567101
-0.521671
0.155019
-0.267420
-0.335292
0.591931
0.234768
0.091661
-0.018874
-0.342971
-0.149124
0.463415
-0.368092
0.443820
0.351852
-0.393931
-0.066612
0.040597
0.009886
-0.151923
-0.358743
-0.452174
0.140177
-0.168304
-0.052441
0.042570
-0.383170
0.507001
-0.500780
0.413557
-0.042274
-0.015871
-0.686893
-0.395463
-0.516150
0.166683
0.112848
0.531307
-0.310747
-0.342273
0.425247
-0.243570
-0.056699
-0.223405
0.253442
0.309954
0.015244
0.298786
-0.233998
-0.630127
-0.375697
-0.115480
-0.270371
-0.344406
0.004250
0.363095
-0.193861
0.638547
-0.458097
-0.410098
-0.083622
-0.070398
-0.161375
-0.204547
0.301121
0.134667
-0.074356
0.538630
0.232923
0.253396
0.203488
-0.234552
0.099032
0.114366
-0.023852
0.253755
0.275824
-0.267262
-0.015161
-0.245828
-0.707150
0.446763
-0.325168
-0.087715
0.353633
-0.290830
0.397515
0.153693
0.488247
0.228206
-0.029639
-0.231810
-0.082628
0.934079
-0.159050
-0.057680
0.525598
-0.263933
0.413914
0.214187
0.388144
-0.455231
-0.310273
-0.252174
0.290254
0.213675
0.096620
-0.068933
0.047914
-0.543686
0.039213
-0.041632
-0.003667
-0.325034
-0.517502
-0.095304
0.303983
-0.768758
-0.083369
0.430073
-0.338539
-0.373560
-0.291021
-0.169048
0.591960
0.104364
-0.157529
-0.290725
-0.167616
-0.081472
0.529938
0.069707
0.475924
-0.388555
-0.043730
-0.494439
-0.230380
0.171842
-0.400945
0.585217
-0.039336
-0.204563
-0.346612
0.251175
0.259879
-0.518612
-0.012170
0.059012
0.325776
-0.261056
-0.005663
-0.346837
0.239918
-0.230228
-0.165232
-0.362453
0.219116
0.453258
0.232024
-0.611218
-0.427060
-0.317951
-0.166230
-0.322784
0.255433
0.223738
-0.269880
0.353088
-0.463304
0.291495
-0.017566
0.206131
0.390112
0.249026
-0.313069
0.372280
0.460938
-0.031218
-0.464315
-0.095515
0.180189
0.227406
-0.551015
0.405463
0.145707
-0.401468
-0.472494
0.306452
0.173811
0.244744
0.278959
-0.360415
-0.322629
0.134179
0.202539
0.478480
-0.175870
-0.451057
-0.504550
0.566910
-0.501048
-0.141758
0.224569
-0.153294
0.081879
0.481531
0.361135
-0.156554
0.204936
0.274898
0.003161
0.209114
0.458146
-0.072438
0.404352
0.055733
-0.101224
-0.548145
0.459863
0.367968
0.457078
0.294762
-0.069339
-0.478087
0.054529
-0.532553
0.367920
0.148030
-0.557850
-0.241315
0.230136
-0.579749
0.587421
-0.136968
0.149908
-0.103664
0.691878
-0.125268
0.376708
0.046992
0.248418
-0.549703
-0.227019
0.411442
-0.502371
-0.107122
0.305744
0.117005
-0.039540
-0.114498
0.420686
0.040554
-0.622698
0.087583
0.034078
0.416503
0.198971
0.353504
-0.244402
0.608924
-0.049194
-0.268492
0.347960
0.321982
0.176754
-0.558928
0.293226
0.116451
0.649521
0.608669
-0.440073
0.282684
-0.008326
-0.294098
0.330675
0.076916
0.305265
0.388033
-0.066565
0.407208
0.426258
0.273316
-0.578551
-0.007916
0.645073
0.577818
0.519342
0.688899
-0.122763
0.005308
0.427888
0.050858
-0.216476
-0.046454
-0.181772
0.349846
0.281591
-0.035250
-0.688355
0.218976
0.496936
0.180899
-0.349176
0.689595
-0.202556
-0.066639
-0.030634
-0.098284
-0.085772
-0.538976
0.373696
-0.528613
0.039795
-0.286588
0.624227
-0.095186
-0.153406
-0.214646
0.288174
-0.503962
-0.059087
0.124450
-0.062778
0.391363
0.095386
0.651768
-0.022188
0.498774
0.263239
0.366691
-0.416352
0.412530
0.315121
-0.136036
0.538134
0.554693
-0.242198
0.409124
0.172486
0.499526
0.318865
-0.183761
0.168439
-0.512132
-0.325801
-0.002736
0.340226
-0.039117
0.600287
0.412535
0.048853
-0.028250
0.373741
0.044939
-0.624507
-0.512942
-0.139109
-0.078726
-0.407112
-0.079905
-0.089200
-0.303069
-0.154956
-0.108601
0.514399
-0.379768
0.116496
0.077256
0.086084
0.331260
-0.126858
0.538988
0.116111
-0.680415
-0.061200
0.331442
-0.316568
-0.686186
0.014921
-0.525318
0.130068
-0.057192
0.159604
-0.376796
0.261187
-0.252638
-0.148993
-0.157966
0.343761
-0.014346
-0.331791
0.188137
0.414103
-0.124261
-0.022190
0.412468
0.155572
0.249756
0.282012
-0.681566
0.396633
0.425876
0.118757
0.506578
0.156663
-0.269261
0.037532
-0.262422
0.141920
0.191802
-0.135720
-0.552707
0.133405
0.118613
0.042499
-0.638800
0.262656
0.283521
-0.118640
0.348605
-0.142095
-0.009777
-0.702339
0.212983
0.447218
0.318909
-0.141808
0.127359
0.240344
-0.582168
-0.009672
0.247076
