0.012846
0.398763
-0.074118
-0.201439
-0.182299
0.077291
0.166759
-0.016692
-0.065244
0.332738
0.008777
0.318692
-0.424949
-0.205258
-0.466811
-0.015093
0.187929
-0.299191
0.224565
0.582353
0.040163
0.162917
0.180184
-0.317413
0.109049
-0.169784
-0.326569
-0.052309
-0.047819
0.535126
0.545685
-0.105570
-0.496294
0.118205
-0.196438
0.164437
0.235545
0.080901
0.178585
-0.451099
0.304988
-0.146181
-0.059136
-0.208637
-0.615155
-0.450438
0.174605
0.004105
-0.186577
-0.456885
-0.292415
-0.030705
-0.270345
-0.528289
0.446172
-0.574833
0.357682
-0.005330
-0.033652
-0.529675
-0.166486
-0.541050
0.172835
0.336095
0.188688
0.443345
-0.288402
-0.207769
-0.207697
-0.533387
0.125293
0.387351
0.370149
0.405485
0.234548
0.222121
-0.248567
0.273402
0.185236
-0.344133
-0.123644
0.383649
-0.525476
0.269899
-0.066477
0.026472
-0.311424
0.236895
-0.189118
-0.131614
-0.132114
-0.432761
0.349545
0.422112
0.126145
0.539176
-0.598883
-0.061051
-0.318009
0.202468
-0.376125
0.198665
0.153196
0.257191
0.033218
-0.211504
0.552633
-0.451018
-0.432054
0.471351
-0.102221
0.521810
-0.362049
-0.485233
0.398311
-0.142350
0.314280
-0.422589
0.209288
0.717625
-0.445168
0.233502
-0.130898
-0.271551
-0.207116
0.599448
0.023584
0.319594
0.032041
-0.297283
-0.519647
0.512337
0.374411
-0.135266
-0.475141
0.284339
-0.421320
0.301377
0.014869
0.017718
0.187827
-0.285338
-0.399086
-0.565739
0.049435
-0.338500
-0.293287
-0.445516
0.310633
-0.557994
0.266995
-0.133313
-0.029749
-0.064554
0.552965
0.747478
-0.210378
-0.275326
-0.549168
0.418022
0.331598
-0.091287
0.487088
-0.367405
0.346873
0.103224
-0.353509
0.347566
-0.495824
-0.283465
0.306762
-0.422687
0.127659
0.192848
-0.489774
-0.047594
-0.190909
-0.182866
-0.063072
-0.016366
-0.130356
0.476459
0.289859
0.090151
0.243700
-0.419183
-0.016741
0.305268
0.036243
0.049333
0.568399
0.150839
0.257920
0.404906
0.323842
0.065730
0.559589
-0.512424
-0.480726
-0.472341
0.323193
0.074593
-0.373930
0.421481
-0.330417
0.323314
-0.163703
-0.491737
-0.266695
0.123413
0.123859
0.467723
0.098297
-0.048325
0.374062
-0.160326
0.059211
-0.202520
0.309102
-0.197683
-0.177079
-0.046474
-0.451674
-0.671515
-0.111309
0.294034
-0.306783
-0.400730
-0.386393
0.074358
0.133917
0.498983
-0.387712
0.228605
-0.233044
-0.022811
-0.392929
-0.174191
-0.611789
-0.105913
0.276107
0.040597
0.116851
0.050310
-0.573368
-0.269652
-0.120146
-0.289024
0.048553
0.581307
0.539814
0.727233
0.481465
0.162999
-0.245999
-0.592761
0.112853
-0.167973
0.199945
0.092082
-0.015257
-0.648199
-0.255127
-0.464636
0.047039
-0.137753
-0.407523
0.461950
-0.273009
0.331928
-0.342171
-0.531248
0.043004
-0.029689
0.505858
-0.012685
-0.658432
-0.088971
0.461512
-0.101784
0.253216
0.363503
0.104715
0.081842
0.012481
-0.280678
0.500528
0.546279
-0.429066
-0.168332
0.103177
-0.502520
0.133240
-0.514175
0.163955
0.166185
0.152337
-0.054343
0.612997
0.365836
0.041601
-0.190161
-0.230696
-0.026543
-0.072140
-0.528354
-0.377717
-0.040106
-0.348940
-0.131111
-0.075841
-0.124698
0.094554
-0.337295
0.236577
0.176802
-0.341200
0.462036
0.269459
-0.275701
-0.131057
0.014609
0.473720
-0.196219
-0.028244
-0.495429
0.404910
0.483181
-0.522073
0.422078
0.270788
-0.424931
0.382916
0.457712
-0.138165
0.378910
0.484190
0.191185
-0.416272
-0.002825
0.135629
-0.449447
0.401645
0.027989
0.340932
0.372960
-0.443699
-0.159773
-0.645003
-0.153068
-0.388483
0.732016
0.073225
-0.061120
-0.216416
-0.215435
-0.134296
0.324861
-0.183834
0.470610
-0.375783
0.682424
-0.076590
0.028538
-0.018068
-0.421922
-0.440031
-0.573162
0.289723
-0.674609
0.000643
0.096970
-0.127007
0.445192
-0.097404
-0.261824
0.234666
0.241741
-0.020859
-0.693678
-0.241540
0.387531
0.031201
-0.290587
-0.358070
-0.013422
-0.047734
-0.226338
0.166423
-0.255392
-0.322322
-0.091474
0.135907
0.342610
0.182745
-0.365558
-0.381787
-0.039070
-0.256626
-0.067053
-0.285059
-0.438989
-0.385810
0.201394
0.424461
0.155709
-0.258689
-0.088360
-0.291448
-0.236502
0.191505
-0.392114
-0.323913
0.527450
-0.224603
0.465145
-0.055268
-0.177044
-0.540567
-0.264423
0.452187
0.209600
-0.171735
0.205819
-0.265440
0.089463
0.117354
-0.419674
-0.223482
-0.111151
0.086070
0.203616
-0.047697
0.124435
-0.045766
0.014968
0.330699
0.347268
0.391512
-0.174324
-0.290911
0.269231
0.148049
-0.244659
0.249357
-0.142994
-0.429547
-0.141547
-0.063105
0.668484
0.185608
0.006363
0.480934
-0.458143
-0.262778
-0.292160
0.253763
-0.467566
0.358859
-0.559194
0.075943
0.349095
-0.451227
0.012482
-0.106184
-0.282898
-0.228295
0.443299
-0.124361
-0.458397
-0.135346
-0.381695
-0.543919
0.227996
-0.025689
-0.023466
-0.321657
0.363336
0.518327
-0.373670
-0.073216
0.257367
-0.333041
0.197652
-0.264350
-0.575303
0.126681
-0.239097
-0.425115
0.368835
-0.452429
-0.304335
-0.195406
-0.119695
-0.201052
0.126511
0.567887
-0.160435
0.055155
0.019526
0.031131
0.500888
-0.012588
-0.656420
-0.255321
0.251709
0.378647
-0.200528
-0.328114
0.422444
0.331735
0.201762
0.003965
0.404096
0.013659
0.145939
-0.013318
0.383715
0.380253
0.138590
-0.348975
0.103488
-0.121764
0.165639
-0.576525
-0.390892
0.419935
0.366833
-0.087130
-0.310010
0.291283
0.400634
0.299264
-0.153943
0.062256
-0.052281
-0.109364
0.045754
-0.058405
-0.401863
-0.062067
0.373652
0.453884
0.110176
0.263993
-0.312975
-0.358513
0.500224
-0.514075
0.582887
0.250316
0.120062
-0.577890
-0.399657
0.516345
0.089045
-0.484831
0.560098
-0.232387
-0.353668
-0.351860
0.200561
-0.335888
-0.470621
-0.454722
-0.276809
-0.239184
-0.251114
-0.295011
-0.179930
-0.089275
-0.133974
-0.559189
-0.104292
-0.644881
0.457282
-0.520746
0.277875
0.408649
0.251602
-0.148028
-0.054599
0.129210
0.241469
-0.449332
0.332958
-0.600799
-0.401786
-0.164935
-0.221842
0.425060
0.001594
-0.289556
-0.126739
0.780685
-0.074462
0.457518
0.039587
0.127874
0.165858
-0.379508
-0.236853
0.320326
0.294397
0.437053
-0.239450
-0.115179
0.061026
0.202676
0.306765
-0.342738
0.104456
0.106543
-0.119739
-0.387208
-0.033947
-0.129880
0.263021
0.341557
0.338283
-0.325707
-0.429347
0.277993
0.012883
0.551311
0.467300
0.086353
-0.181066
-0.261430
0.074827
0.136387
-0.112484
-0.299198
-0.345125
0.233745
0.209834
0.849402
-0.504298
0.080437
-0.243202
0.564810
-0.090564
0.043096
0.663251
0.042631
0.101401
0.352224
0.026048
0.519508
-0.001506
0.202437
0.035021
-0.032200
-0.235235
0.027729
0.422207
-0.312901
-0.411109
-0.413549
-0.293180
-0.409917
0.309162
-0.372395
0.330135
0.238177
0.212475
0.408170
0.046312
-0.286830
-0.670585
0.309393
0.010907
0.140009
0.525931
0.391850
-0.513307
-0.090868
-0.369828
0.151780
0.401061
-0.273876
-0.067751
-0.099605
0.226438
0.044442
-0.324965
0.042292
0.231121
0.202367
0.267736
-0.069966
0.084036
-0.238948
0.398652
0.175070
0.289306
-0.372024
-0.044976
-0.209105
0.300431
-0.197020
0.093220
-0.567762
0.035146
-0.322996
-0.081475
0.002947
-0.354480
-0.219972
0.518203
0.131790
0.344862
0.032093
-0.547729
-0.045031
-0.708993
0.220912
-0.127959
0.226159
0.285826
-0.674359
-0.361569
0.084236
0.353379
-0.343866
-0.435057
-0.264035
-0.001074
0.212399
0.295477
-0.267159
-0.254885
0.319856
0.501551
0.349506
-0.349105
0.045723
-0.294484
-0.608423
0.524772
-0.122030
-0.492447
0.053487
0.262339
-0.564916
-0.259774
0.190863
-0.281232
-0.242521
0.261870
-0.552013
-0.103048
-0.135367
0.573221
-0.442934
-0.437857
-0.461550
0.516899
-0.128857
-0.432980
0.028262
0.387698
-0.436430
-0.113500
0.226052
-0.379717
0.229520
0.537196
0.298593
-0.108880
0.216217
0.081436
0.544304
0.210629
0.055559
-0.095982
0.325430
0.143255
0.093336
0.156551
0.399212
-0.392491
0.770857
0.291323
0.289800
0.365671
-0.042756
0.445703
-0.593259
-0.348340
0.466993
-0.310597
-0.256078
-0.376753
-0.781788
0.244877
-0.449142
-0.070832
0.063519
-0.431552
0.062658
0.309496
-0.433062
0.095264
-0.254372
0.167039
-0.099619
-0.747868
-0.320022
-0.583550
-0.084421
0.331100
0.051274
0.152337
0.121160
0.485236
