0.185115
3.404452
-4.377819
-2.668680
-3.053977
1.447539
-3.951895
0.647099
-1.633210
0.718730
-1.167083
-0.972551
-1.829337
-2.395640
-3.199336
-0.441301
5.501317
-1.117249
-0.827879
-1.038445
2.313658
1.169210
-0.129866
-0.883372
-3.183067
4.780174
-2.200393
2.825596
-0.432131
2.253703
-4.803804
-5.661487
-0.136282
0.340472
0.158399
0.579269
-1.173390
0.015737
-3.463592
-0.304764
-4.064047
-0.676829
2.678954
-0.894882
-1.522745
-0.673979
-11.665595
0.225415
12.547073
-0.379915
0.404935
-0.110636
-0.507336
0.058855
0.076156
-0.050814
-5.931014
0.264263
2.848969
-2.539901
0.528380
0.170286
-2.558924
4.358934
2.459743
1.052890
-3.942541
-0.861697
-1.402255
3.775667
0.749095
-0.722486
-1.531539
-1.622944
-1.012323
-0.192468
-2.437612
-0.881243
-0.107100
0.380634
-0.819100
-2.515546
-3.914493
-0.648210
-5.477244
-1.900650
-9.218386
-1.080848
3.015169
-2.700230
-0.077201
-2.061403
1.685539
0.157231
-1.488090
6.318894
-6.834925
-2.816613
-2.565512
-1.611496
-2.983502
-1.351549
3.784059
0.306548
-0.322541
-0.823455
-0.259083
2.710348
-0.075710
-3.316730
-2.075060
2.067819
1.462906
-3.360172
0.479723
-6.233049
0.466354
1.030794
2.047007
0.789603
7.377975
2.490317
-2.168032
0.816649
7.625465
1.748642
0.498887
1.817458
-2.528098
-1.495448
-2.570220
-2.618354
-0.256284
0.887643
2.920919
1.063249
-2.775672
-0.999721
-3.037656
-0.541934
4.055477
1.415988
-2.833557
-3.105281
2.356402
3.309470
-3.332252
-0.785677
2.837057
6.095704
3.418691
-0.530462
2.027434
-0.484158
3.235590
1.851723
1.041915
1.632677
8.048326
3.060552
-0.127951
-3.331402
5.309729
-3.132002
-1.014996
-0.897213
0.917104
4.311170
-2.144990
1.195532
0.733195
-0.610570
3.178149
6.469522
-2.131896
-1.915268
2.599464
-1.889035
2.118352
4.455569
-1.792147
3.129741
0.332785
1.581352
-2.515312
1.444326
1.210769
-1.153680
-0.240925
1.143147
1.529210
1.631931
3.335208
-0.959915
-5.947080
-0.692877
3.641787
0.707401
-4.590472
1.203630
4.713771
-2.816918
-3.098233
-2.713776
-4.270512
1.756097
-2.403380
-2.914024
-0.384064
2.553538
0.853430
4.219630
2.571371
4.982091
-3.249587
-5.248937
-3.096397
1.945138
-2.978446
-0.054030
4.974146
-1.348895
-4.431142
-3.754430
-0.933586
-7.285447
3.993609
-5.482907
-2.804036
0.363709
-3.510052
4.969829
-7.181159
-0.872875
-5.675203
-2.690876
1.289964
2.684156
-2.116185
4.417396
-1.917256
-0.640024
-0.840705
-0.405745
-4.508510
3.966182
1.972921
-10.153558
-2.083600
-2.210257
2.592729
3.079268
-0.447557
0.051637
4.361298
3.175534
2.107342
0.616248
-2.249553
-0.807438
2.950931
-1.017035
7.057229
2.539439
-8.133239
0.317010
-5.517207
5.735843
0.145599
-2.876055
-4.566083
0.492786
1.782278
4.563759
3.490044
4.728317
-4.685106
-1.222932
-3.616645
-4.907601
-2.934785
-3.869765
7.003799
-0.080808
-0.232885
-3.576411
4.086367
0.335343
1.161459
-0.310963
-2.770289
3.799317
1.717906
5.418746
2.454625
2.775987
-0.908781
1.719866
0.051861
3.286101
14.485860
2.129104
3.245162
-0.163337
1.076698
-0.882207
-2.480660
2.733785
-3.210208
-0.015734
0.542228
2.760269
-5.357892
-0.772289
-0.029771
-1.809013
2.214873
-1.972819
0.433091
1.948652
0.318640
0.600145
-1.288711
-2.751658
-6.638960
1.365757
-6.362757
3.554030
-2.864749
0.774254
0.682508
-1.244771
-8.757785
5.402898
4.453334
-0.890305
-2.362435
-3.179690
-1.746619
-2.923143
2.239539
-1.726803
0.901708
1.635864
-1.156112
4.223801
0.767157
1.658123
0.377637
3.994790
-4.310549
-0.109173
-1.665793
-5.842810
-2.389490
-0.809434
5.193080
2.934124
4.020279
-4.882387
-1.299382
-2.639602
1.454161
-1.943457
2.816043
1.409170
1.729378
6.223511
-4.810967
1.736135
1.698814
-2.318643
0.871589
3.309741
5.155409
-2.433094
-0.208144
-3.253770
-1.880825
-2.450871
3.327307
1.379566
2.079072
-4.016755
-2.091991
2.654644
-1.307549
1.621161
-0.989879
-2.135402
-4.800971
-0.650632
0.440884
0.662420
-7.411839
1.293126
-0.806036
1.082958
-5.833250
-2.996078
0.715757
3.402907
-3.407154
-3.460156
1.926440
0.313549
-6.816385
-1.750396
1.575015
-1.507239
-1.235316
-0.125607
-0.401531
-3.117005
-8.104073
4.676547
5.673171
4.851930
-0.877480
1.936706
0.671770
5.620758
1.969580
-1.144300
-4.634554
-5.932757
-8.181072
-3.142303
-6.845983
-1.458174
2.313583
0.920049
-4.319430
9.182376
2.969264
-9.198921
-0.342115
-2.712436
-2.194507
2.670008
3.205614
-1.604246
1.155988
4.079771
1.787784
0.278833
5.506710
-2.509689
1.225701
-2.374248
2.602732
0.679068
4.668924
0.446960
-2.678714
-1.344065
3.882154
-3.233075
-0.042036
1.298032
2.959068
-3.108881
4.542561
-4.630572
-2.959422
-2.918923
5.876043
-4.112363
0.119077
-2.211553
-1.711185
-3.855159
-4.093915
-1.146190
-1.084704
1.132295
-1.762034
-1.830645
5.153803
-2.271775
-0.328426
-1.825574
5.564609
-0.013985
-6.960947
3.134489
-1.621730
5.619890
-0.840814
1.426012
-0.184897
3.695281
2.222711
-1.086868
-5.689378
1.545806
1.556975
0.210234
2.944156
-0.424294
-3.433855
1.666319
0.205199
2.712602
0.521720
-2.923803
-1.176007
4.582596
3.652836
2.157755
1.285707
-0.232803
-0.516967
2.316004
6.406817
-1.291378
1.424555
1.378689
1.940916
5.079389
1.549390
3.268516
2.978535
-0.379850
-3.939929
-0.826321
-3.789409
-2.591256
3.353082
5.249560
-1.293418
1.590148
4.797654
-1.757257
7.346609
2.171804
-5.743681
-2.400892
-4.912013
1.278486
-4.093364
-1.728867
-8.489330
-4.464241
-1.479839
0.955301
-4.940065
3.405621
5.114224
-1.809424
-6.218093
2.060323
-5.037719
-9.657236
2.159144
4.721191
-6.080405
-0.917456
2.229378
-0.859456
5.246881
0.100254
-2.781636
4.519871
-1.138337
2.557050
-3.393391
2.106337
2.248365
0.464688
-0.718042
3.308468
1.834562
-5.849144
4.093509
-1.002078
1.270682
-3.596052
0.032604
-0.947457
-0.780984
2.417408
-0.727822
-0.548964
2.257672
-1.945599
-9.793917
-0.820324
-3.925220
-3.661345
-6.118203
-0.905431
-2.837915
4.699914
0.759397
3.983143
-4.550775
1.146671
-0.342600
1.554261
-5.856273
1.219301
0.393636
0.474760
-1.564108
3.227896
3.452134
2.333282
-1.297207
1.876174
2.433827
1.367557
0.982685
0.932362
-0.194396
-0.001507
-0.334392
-0.188852
-3.008163
-5.840691
-4.374642
-2.438975
2.479801
4.522879
-1.544235
1.325575
-0.774694
-1.747958
-2.922647
-0.443917
2.928978
-0.443513
4.677523
-3.162317
-4.771679
2.009707
0.152731
-1.994859
-1.107696
-1.730249
0.408269
-0.541796
-0.416655
8.108385
-2.845740
-1.558885
3.440675
-1.504963
1.249594
-2.667429
-2.206432
5.033989
0.410327
3.282145
-0.002898
0.419767
-1.580364
-3.059333
-1.088060
1.827560
9.660823
-0.314911
2.142168
-1.428419
-1.917092
-0.303736
-2.241900
-0.788054
-0.672411
-1.482438
2.206972
4.553807
-2.889821
3.327309
3.402372
2.583608
4.332450
5.326196
-2.849136
-6.412011
2.541580
2.062917
-1.133195
-3.606060
-2.198815
4.090110
-4.076378
-3.443830
3.216740
2.338510
-8.025379
0.841520
1.751710
-0.747877
1.995306
3.424797
5.203015
2.123139
5.964211
2.935280
-3.405471
5.009111
-0.145188
-6.596466
3.407316
-1.276805
-1.243554
-2.215769
-4.818025
-2.269750
2.039071
-0.585472
-4.428132
3.899643
1.794733
2.660620
-3.334856
-7.635427
7.614077
-0.638376
-3.311758
3.024699
4.497079
3.170429
-0.614106
-3.496137
4.213227
-4.102456
-4.827035
2.874600
-1.205673
-7.948402
0.345521
-0.395050
0.289168
-0.896746
11.156694
-0.575350
2.172562
4.163460
-1.643344
-0.859883
1.964652
-3.254092
-1.894666
2.842329
-4.364956
-3.273710
-2.855198
-1.190508
5.395709
6.507860
2.498254
-2.729547
-1.176324
-0.190320
0.804791
2.143768
-3.281464
0.390728
4.550109
-0.725195
2.195665
2.661393
-2.385519
-5.023105
2.121544
2.016136
-1.347384
-1.171045
-5.246288
