-0.176457
-0.376897
0.244182
-0.042908
-0.077694
0.157483
-0.140404
-0.197624
0.167883
-0.054888
-0.133259
-0.156367
0.112291
-0.096645
-0.381780
-0.185533
-0.143189
-0.138693
-0.039463
0.219484
-0.517019
0.227418
-0.376066
0.440815
0.067384
-0.191603
0.382387
-0.196948
0.106352
0.535126
-0.036709
-0.125672
-0.493723
-0.069880
0.336579
0.288408
-0.436167
0.121677
0.018409
-0.029751
-0.177831
-0.568617
-0.197879
-0.113450
-0.348460
0.053504
-0.362160
0.065275
0.440195
0.568498
0.485960
0.080073
0.194920
-0.363319
0.594209
-0.384879
-0.407935
0.092521
0.008207
0.274520
-0.047280
-0.441400
0.546882
-0.259246
0.504739
-0.646272
-0.133540
-0.013495
0.129162
0.379064
0.237588
0.127515
0.131677
0.299190
0.427595
0.476602
0.026388
-0.527665
0.407128
-0.205200
-0.042325
0.099736
-0.333959
-0.217854
0.480692
0.026929
0.065240
0.357067
-0.171537
0.275722
0.324680
-0.285840
-0.127972
-0.271772
0.206230
-0.210137
0.254312
-0.342384
-0.263664
0.265766
-0.056238
0.044632
0.055136
-0.349848
-0.212967
-0.496093
-0.411800
-0.335170
0.374658
-0.183015
0.443813
0.199508
-0.129779
-0.439798
-0.301212
-0.484690
-0.122958
-0.323177
0.294758
-0.319249
-0.411581
0.408134
-0.203456
-0.475695
0.193413
0.475457
0.228564
-0.040091
0.282070
0.221329
0.464519
0.272528
0.399214
-0.119872
-0.323374
0.468801
-0.140174
-0.080906
-0.154715
-0.210946
0.003845
-0.074100
-0.183812
0.441110
-0.310684
-0.438946
-0.309079
-0.252563
-0.358112
-0.354803
0.004756
0.007669
0.080758
-0.377513
0.034018
0.288355
-0.347149
0.268710
-0.012418
-0.414799
0.454274
0.067384
0.353503
-0.521167
0.366299
0.204090
-0.535439
-0.404938
0.358854
-0.358318
0.094661
0.528112
0.073879
-0.386949
-0.481393
-0.551548
-0.179040
-0.444120
-0.262198
0.092316
-0.352360
-0.250122
0.200319
0.402081
-0.033008
-0.262290
0.167981
0.162014
0.178891
0.349276
0.083440
0.252807
-0.141051
-0.164624
-0.244186
-0.469938
0.604740
0.195862
-0.302045
0.539652
-0.346111
0.352851
0.732955
-0.478119
-0.401542
-0.179528
0.449090
-0.028014
-0.528329
-0.070328
0.171809
0.273545
0.460800
-0.402342
0.367729
-0.142732
0.126105
0.259563
-0.031492
-0.094082
-0.254080
0.292311
0.614746
-0.379967
-0.186520
0.641136
0.684068
-0.399117
-0.315060
-0.317278
0.076563
0.435892
0.100496
-0.346274
-0.090821
0.296589
-0.307902
-0.214701
-0.511697
-0.351243
0.541857
-0.065684
-0.839845
-0.416235
0.177717
0.548823
-0.245420
-0.207468
0.293845
-0.579250
0.066874
-0.011770
0.032276
0.197743
0.558648
-0.178340
0.070376
0.525535
-0.202330
-0.432905
0.015471
-0.119135
0.476152
0.097097
-0.157650
-0.072344
-0.223701
0.245745
0.537890
0.741883
-0.319027
-0.018943
0.047907
0.438074
0.041515
0.193215
0.052831
0.021639
-0.258570
0.016895
0.364106
0.498951
0.063724
0.397264
0.286728
0.325269
-0.478628
-0.228662
0.403119
-0.082219
0.455616
-0.506872
0.340661
0.029733
-0.252155
-0.060052
0.512692
0.204584
0.310102
0.004751
0.338753
-0.103608
0.406997
-0.012364
-0.464697
-0.395945
0.000031
0.254373
-0.442628
-0.606935
-0.308528
-0.033147
-0.392702
-0.109109
-0.454121
0.359025
0.569376
0.082445
0.005772
0.266687
-0.462353
0.531380
-0.441900
-0.137375
0.339611
-0.073854
0.317595
-0.336629
-0.465380
-0.382006
0.333838
-0.407905
-0.602652
-0.453612
-0.006849
-0.373454
-0.573775
0.025110
-0.477645
0.521268
-0.430848
-0.044094
-0.156379
0.061368
0.303386
-0.235690
0.012765
0.406166
-0.529760
0.168537
0.204579
-0.170421
-0.484227
-0.476618
-0.004155
-0.235337
-0.708537
0.469406
0.211896
0.202466
-0.113334
-0.022592
-0.291181
0.288651
-0.494455
0.015911
0.237532
-0.338071
0.156595
-0.259520
-0.028097
0.240169
0.367242
0.200020
-0.194562
-0.107223
0.312137
-0.131491
-0.475625
0.136716
-0.349342
-0.092261
-0.197306
0.587835
-0.042483
0.430419
0.372843
0.158306
0.496514
-0.003480
0.070959
0.020797
0.328707
0.153223
-0.075032
-0.656253
0.111631
-0.192663
0.034559
-0.299355
0.054463
-0.241174
0.036112
-0.308697
-0.244025
0.038863
-0.094599
-0.281826
-0.355396
0.361244
0.100582
0.164400
0.460964
0.769879
-0.065512
-0.315607
0.251118
-0.107848
0.389366
-0.491140
0.516074
-0.334905
0.145942
-0.392877
-0.014331
-0.291355
-0.185027
-0.226907
0.418493
-0.298672
0.238565
0.265547
-0.380207
-0.547253
0.304221
-0.367451
-0.203256
0.498651
0.068286
0.246141
-0.431187
0.390263
0.059110
-0.453345
0.318269
-0.120967
-0.084136
-0.071229
0.440684
0.354131
0.739850
0.357043
0.040930
0.213378
0.081220
0.348396
-0.383001
0.103479
-0.434622
0.267413
0.301545
-0.019098
0.343685
0.225242
0.491773
-0.343450
-0.028536
-0.115697
0.294360
-0.722889
-0.321694
-0.316451
0.565348
0.046202
0.441155
0.311302
-0.067321
0.239534
0.243420
-0.551240
0.374185
0.351493
0.015235
-0.047848
0.551784
-0.135099
-0.469629
-0.249843
-0.015505
0.283160
-0.222878
0.201137
-0.296070
-0.124239
-0.016746
0.212239
-0.357064
-0.413529
-0.462049
-0.272478
-0.350521
0.212405
0.005918
-0.500212
0.548457
-0.718288
-0.365097
0.301255
0.076452
0.104364
-0.015709
-0.283311
-0.106653
0.135008
-0.545417
-0.390127
-0.027579
0.042198
-0.507870
0.228605
0.375258
-0.026667
-0.145303
0.113690
-0.504186
0.585383
0.116241
-0.220431
0.275520
0.276190
-0.235069
-0.526576
0.454738
-0.574467
0.452858
-0.221350
0.363207
0.336360
0.119601
-0.303704
-0.240838
-0.143986
0.524596
0.013848
0.184151
-0.069941
0.261346
0.096455
0.202375
-0.562209
0.179541
0.436418
0.486330
-0.212539
-0.168917
-0.000727
-0.100221
-0.191775
-0.243133
-0.466947
-0.204616
-0.567345
-0.153730
0.205171
-0.300702
-0.324207
0.375456
-0.129846
-0.476977
-0.439598
-0.032354
0.449224
-0.525833
0.229333
-0.328184
0.264361
-0.059468
0.268294
0.384214
-0.478098
0.302128
-0.471247
0.186239
0.332065
-0.230352
0.146466
0.112987
0.803947
-0.327341
0.301287
0.441404
-0.096008
0.032191
-0.164218
0.521516
0.490004
0.404946
0.266918
0.385200
-0.154080
-0.172764
0.282762
0.535705
0.577278
-0.418608
-0.320913
-0.532777
-0.352472
0.037951
0.175005
0.384130
0.117307
0.326003
-0.109702
-0.074567
-0.429653
0.726178
0.101564
0.083328
0.316143
-0.233761
-0.191394
0.297928
-0.022023
-0.267704
-0.051693
-0.151566
-0.295270
0.379392
-0.475307
0.219012
-0.036157
0.091517
-0.554270
-0.275373
-0.370589
0.363507
0.259033
0.541820
-0.538840
-0.515238
-0.244778
-0.057850
-0.451785
0.215209
-0.298178
-0.436940
0.551640
0.247783
0.025871
0.627708
-0.166239
0.529584
-0.384166
-0.013362
0.423111
0.340833
0.359708
-0.479223
0.026196
-0.415525
-0.265756
-0.424151
-0.591054
0.306063
-0.078983
-0.626665
-0.110545
-0.449988
-0.017624
-0.174394
-0.080757
0.020659
0.504575
0.297010
-0.435059
-0.148507
-0.589958
-0.107244
0.342185
-0.061771
0.047368
-0.490528
-0.079460
0.368008
0.031047
-0.061929
-0.396000
-0.101158
-0.508157
-0.548671
-0.062403
0.725391
-0.662046
0.315584
0.032446
-0.682778
-0.135296
0.508368
-0.077201
0.185694
0.248202
0.292217
-0.226524
0.278629
0.116620
-0.391034
-0.360766
0.084226
-0.231843
-0.139246
0.150740
0.128913
0.439099
0.451033
0.503855
0.155980
-0.616034
0.138738
0.301777
0.136435
0.393749
-0.072168
0.259501
-0.377253
0.096180
0.168996
0.078924
-0.161725
-0.370414
0.082773
0.485331
-0.021052
0.205652
-0.030077
0.291359
-0.438751
0.038610
0.248894
-0.375127
0.441935
0.519368
-0.505092
-0.598706
-0.046024
-0.252313
-0.017853
0.631537
-0.575352
-0.120825
0.543878
-0.342391
0.528258
0.534368
0.266429
-0.102544
-0.543026
-0.552240
-0.302777
-0.376762
-0.294904
-0.274401
-0.107309
0.304144
0.170113
0.029853
0.205775
-0.180855
-0.071555
-0.180607
-0.238813
-0.435983
0.823199
-0.075799
-0.023110
-0.617076
-0.310441
0.549673
-0.079912
-0.669670
0.403147
-0.206829
0.121641
-0.355770
-0.032129
0.092999
-0.069160
-0.448791
0.057431
0.748243
0.217763
0.233090
0.100734
0.104081
0.020376
-0.316715
0.318697
-0.295865
-0.003187
0.367228
0.094408
0.114192
-0.078530
-0.432270
-0.104517
0.108780
-0.586598
-0.119285
-0.083154
0.417004
0.381968
0.254721
-0.011147
0.110429
-0.090402
-0.170089
