-1.662445
1.756737
-1.737627
-1.209565
1.196127
-0.164297
-0.303756
-2.477187
2.291785
1.320287
0.786002
-1.870444
-4.581242
-2.271892
2.591055
-3.011024
0.488116
-2.189871
1.451570
1.728701
-0.600153
2.485529
1.192665
-1.516160
-2.169549
1.327865
2.837263
4.118074
0.780874
2.050534
1.091142
3.265417
-2.202902
-1.805230
1.495673
-1.266634
-4.450208
-1.862927
1.101854
0.735600
-0.734435
0.903295
2.173476
-1.565823
-4.235934
-2.029899
0.417612
-0.496039
-1.515655
-0.598705
0.940227
-1.078964
3.775534
2.220348
-2.349422
-0.486101
-0.407679
-0.655136
-2.586891
-1.818042
-1.889559
1.312741
1.617574
2.640849
1.604855
0.973808
4.031354
-0.280151
-4.086899
1.501869
2.159261
0.029731
2.812333
-0.229294
-0.786872
-2.029416
0.138657
0.591888
1.347217
-1.685025
0.852794
0.552824
-0.727993
-1.275701
1.089334
4.085744
-1.792953
1.058670
-0.662440
-2.827527
-0.541117
2.130167
-0.978863
-2.183649
-0.595764
0.677099
0.961208
2.391514
-0.540668
1.028783
-1.825690
-2.264872
2.457151
0.144226
-1.529732
-1.143716
1.653964
-0.478029
1.913945
3.483777
-3.018971
-3.124652
-0.375642
0.741920
-3.017988
-1.259426
1.425800
-3.576879
2.333706
-2.052085
-1.919492
-3.768328
-0.785618
1.530417
0.339148
0.460241
-2.179403
-2.600918
-2.024294
-1.799083
1.930205
-0.379835
2.018259
4.914800
-0.793740
-2.318470
-0.238218
-0.802303
-1.464231
2.289284
1.743586
-2.422816
0.073245
1.948019
-0.604382
0.973700
5.430300
-0.946688
0.160035
-1.920970
-0.795293
-0.224743
-0.934100
2.877024
-3.846432
-1.066187
1.077297
2.357004
1.548252
-0.664674
-1.821422
-0.976071
-0.848207
1.653991
-0.660631
3.981438
3.954884
-3.899430
0.752507
4.086933
-0.401563
-0.329974
-1.141326
0.155869
-0.377829
0.554110
0.835257
0.232097
-0.884487
0.459278
-1.471919
0.708052
-0.286617
2.238631
-1.728332
2.488554
-3.885778
3.866182
-2.744563
-0.263650
-0.651216
0.845078
1.967496
1.073932
-1.104822
1.361119
-3.781599
1.223299
-2.455053
-2.787858
0.783427
2.169430
-0.153609
-0.858766
-4.569767
-1.181541
2.754959
3.419346
0.713870
-1.182839
1.637448
-0.982345
-2.670049
0.001017
-1.087250
-0.190688
1.859141
0.418633
2.597386
-1.891513
-0.899866
-4.069702
3.816910
-1.393482
-0.909242
-0.089822
-4.719484
0.561262
-2.950499
-2.378886
-3.594561
0.344035
1.992069
0.002400
-0.028773
0.103103
-0.641954
0.262952
-3.028888
0.961242
-0.554192
0.802061
0.387083
0.736324
-0.223398
2.317810
4.128876
-5.150806
3.967307
0.400218
-1.691789
-0.351770
-1.840373
1.371436
-2.533517
-1.216793
0.289491
1.450549
-2.158704
-2.363668
-2.217692
-1.248096
0.426121
-0.748444
5.211168
-1.334625
-0.231578
1.204521
0.397338
3.322355
-3.059813
0.620252
-2.111620
-1.366713
2.815738
-1.145794
-0.116134
3.928614
-1.358762
-0.063544
0.484591
-0.949921
0.183165
1.195814
1.347701
0.264141
2.142280
-1.353679
1.566788
0.323913
-0.373376
-2.731363
1.322959
3.599451
3.389485
0.779676
0.561616
-5.240813
-4.295187
2.083562
-0.571266
-0.901657
1.294376
0.498098
3.040928
-1.481158
-3.054699
-1.436761
-0.329854
-1.010460
5.636619
-3.827885
-2.655254
-0.752500
3.495665
3.029998
0.499972
-5.785298
4.417807
-4.120705
-1.820479
-0.294253
0.109645
-1.613126
1.748181
-0.117927
-0.187466
2.218635
-3.038163
1.664397
-3.049718
-3.633016
-1.396515
-2.098381
0.934052
1.225963
0.101832
-5.334771
-0.626965
-2.614059
-0.553988
-1.338478
0.323629
0.688066
4.683103
1.607623
0.151913
0.897164
-0.849975
-2.142858
1.239921
1.911793
-3.295641
-1.497154
-0.781722
2.686932
-0.828026
-3.872884
-2.063546
-0.443834
-0.154206
-1.369255
-2.545033
3.021105
0.109976
3.039657
0.594933
0.576445
6.070546
-0.355024
-0.911863
-0.314197
-1.305216
0.881794
-0.241044
2.500044
0.104019
-2.651096
1.302126
-0.326720
2.363190
-0.594992
-0.545893
-1.388604
-1.545380
-0.282518
5.915683
2.069939
2.435930
0.247140
-1.005523
3.110019
0.469281
2.860062
2.512775
-0.507516
-3.832537
0.061485
1.696815
3.863365
-1.617580
-0.590952
2.651681
-1.785752
1.771215
-2.809666
-0.081452
1.319082
4.195150
1.139472
-2.697621
0.142216
-0.571019
-2.802306
-1.483917
0.729394
2.045574
-3.081142
0.521809
1.384091
-0.237498
-4.292165
0.919988
2.041681
0.145933
-0.225197
2.081600
-1.720875
-1.382874
-0.785725
-2.330579
2.145907
2.085273
-0.773510
-2.825381
2.746655
4.631319
2.036861
0.074959
-3.413364
3.648269
0.708580
-0.455508
0.578584
0.831138
-2.084626
-1.829117
-1.499158
-0.078442
3.478682
-1.881240
0.949394
-1.378359
2.826450
1.478583
-0.867553
0.551052
-0.232024
-2.459948
1.179867
0.474721
-3.934173
-2.065247
0.062151
0.350728
1.656719
-0.730341
1.061885
3.350643
0.348675
1.350391
-2.260460
-0.375673
-0.076878
1.486340
1.216517
-1.707878
0.967272
0.918972
0.258007
1.140736
0.098574
2.332288
-2.032032
1.302516
-2.325394
-1.524154
-2.302590
-2.346091
-2.716865
-1.401742
-1.961400
-0.780911
-1.206367
1.132300
-0.936381
2.885300
2.435991
0.410542
-0.344819
1.263503
-1.343721
-0.245900
0.648892
1.208616
1.374315
-2.667501
0.776941
1.442507
0.727922
0.765662
-1.268119
-3.250128
-0.945578
-1.032303
0.658818
1.669160
0.437316
1.362894
1.569541
-1.640775
0.504123
3.011754
-1.021597
1.043013
1.994901
-0.038380
-0.468124
-1.485582
3.289491
-3.953015
1.460895
0.862867
-0.885631
-0.244963
-1.446776
-2.768838
-4.350440
1.576766
1.209301
1.278163
2.487837
-0.177305
2.187406
-2.193883
1.972197
-1.125417
-3.238024
1.113310
-0.781088
-1.293318
-0.816908
-2.330501
1.194624
0.034246
-2.567028
0.047042
-1.420515
-0.299159
1.219199
2.241822
-4.046736
-1.373641
1.532126
1.357366
-1.835977
-1.959091
-0.429646
-0.278445
-0.935400
-1.071206
-0.584712
2.070288
-1.762477
0.980050
1.418164
0.817340
-0.923427
1.967088
2.357526
-1.536319
1.050699
1.395229
-1.382491
2.347337
1.356117
-1.675506
-1.019314
2.037214
1.208474
-1.764966
-2.126972
-0.413584
2.753871
-1.165423
0.565428
1.152104
-3.843993
0.013416
1.500970
3.050548
-0.531027
-0.270904
3.087273
-1.849048
-0.079862
3.016939
1.289830
2.579714
2.019811
0.465553
3.914385
-1.198761
-2.596058
0.864304
-0.885298
0.473255
3.271985
2.340352
0.076131
2.765162
4.716211
2.841859
-0.649178
1.251934
1.768625
-0.979118
-3.585012
-0.625761
-1.038617
-1.740888
-1.715527
-2.295024
3.507679
3.141510
1.900259
1.738866
-3.078464
0.312397
-0.257472
-0.207897
-1.598880
-0.552101
-0.099578
-0.854309
0.276790
1.074321
-1.735930
0.864636
-2.386539
0.546442
-1.280281
-1.277407
-0.259167
0.178415
-0.994036
-4.281499
4.240103
-0.083991
0.425099
-0.664748
1.172590
0.603868
0.499608
0.144779
-3.284397
0.846765
0.126475
-2.166001
3.484460
0.990510
1.679659
1.146945
-2.795017
1.602966
-0.970898
-1.761567
0.833721
-0.666162
-0.166285
3.860959
1.469432
0.133552
1.304988
0.351862
-1.967994
1.258123
-0.286984
-1.042555
0.323877
-0.775107
-0.322906
0.748255
0.615625
1.261890
2.237944
0.207227
-2.054496
-1.825003
-2.980923
-0.048860
-3.165644
2.042468
0.146874
1.280741
-1.803610
0.123518
-2.485910
0.515159
0.982175
-0.927958
-3.477964
-1.411845
0.681583
0.019568
-0.627651
0.174635
-1.330514
-0.131582
-2.428805
-1.302736
3.902112
1.593600
-0.376544
-0.406174
-0.928121
0.288903
0.965860
-1.657154
-1.780091
0.562895
2.311992
-0.896379
1.646320
2.527668
-0.063891
0.293480
-0.671501
-2.715574
0.039187
-2.504363
-1.437019
-0.434602
-0.519958
0.080182
-1.229435
-1.211578
0.304995
0.105330
-0.176843
2.117438
-1.410052
-2.356873
2.888078
2.690790
0.309908
1.291037
0.623292
0.509422
-1.138591
-1.511346
-1.684416
-1.411638
-0.453536
-1.760307
0.971526
-3.326032
-0.086049
3.350380
0.552392
-0.931895
