-0.166933
-0.295226
-0.031041
-0.069855
-0.237382
0.070684
-0.272896
0.130035
-0.291943
-0.140823
-0.113096
0.410099
-0.502504
-0.572091
-0.217415
0.464614
0.017441
-0.254937
-0.437478
-0.544957
0.416191
0.124343
-0.465322
0.480959
-0.345001
0.308568
-0.304594
-0.289610
-0.437595
-0.103939
0.047508
0.015587
-0.415440
-0.321841
0.109945
0.169524
0.015601
0.327291
0.004022
-0.304318
-0.282819
0.346216
-0.081402
-0.035981
0.111293
-0.427008
-0.138707
0.012145
0.266178
0.027365
-0.057961
-0.317552
0.496320
0.239378
0.240594
-0.271619
0.116935
0.198089
-0.240738
0.341527
0.483550
-0.163070
0.265254
-0.198598
0.089441
-0.339066
-0.133540
-0.022559
0.048001
0.295200
-0.052770
0.556090
0.000538
0.388038
0.063197
0.170265
-0.036069
0.056686
-0.328667
-0.521949
0.443076
-0.172503
-0.557212
-0.396106
-0.298914
-0.338907
0.002446
0.476702
-0.304090
0.137381
-0.404114
0.342680
0.365065
0.122327
0.320419
-0.252231
0.156363
0.338711
0.328105
0.198692
-0.383356
0.179978
0.148327
-0.132077
-0.141220
-0.350051
0.210907
0.131161
0.378620
-0.239500
0.286403
0.242401
0.330708
-0.311824
0.169484
-0.272780
0.291804
0.442128
0.323861
-0.249604
0.467864
0.113146
-0.250741
0.317796
-0.160567
0.336436
-0.045937
0.150471
0.116146
-0.423019
0.148984
0.706362
-0.252576
-0.054996
-0.437336
-0.175843
-0.164687
0.358505
-0.287026
0.366672
-0.628641
-0.472697
-0.487749
0.069012
-0.063238
0.313539
0.795794
0.730148
-0.045829
0.495455
0.083150
-0.342828
0.044731
-0.070046
-0.510141
-0.408586
-0.414605
0.461933
-0.152345
-0.249636
0.074999
0.503680
0.218298
-0.125248
-0.128853
0.412421
0.369226
-0.276992
-0.663804
-0.594032
-0.094321
0.389455
0.060547
-0.686096
0.383128
-0.309709
-0.111804
-0.390250
0.063697
0.124213
-0.148358
0.318797
-0.044718
0.082694
-0.166641
-0.249750
0.199915
-0.725953
-0.246896
0.273106
-0.565136
-0.098387
-0.082550
-0.270940
0.497349
0.116608
0.184186
-0.187895
0.406867
0.520259
0.386504
0.644767
-0.598669
-0.156397
-0.299261
0.405901
-0.264768
-0.326982
0.136887
-0.209897
0.050452
0.386712
-0.176705
-0.301680
0.309608
-0.634834
0.128498
-0.006860
0.139325
-0.453539
-0.190397
-0.184053
0.387468
-0.637138
0.414797
0.226794
-0.377854
0.207382
-0.011000
0.158349
-0.487722
-0.492387
0.639983
-0.384162
-0.163787
-0.472706
0.664134
-0.462422
-0.026890
-0.656677
-0.540674
-0.003463
0.206125
0.188319
-0.528788
0.235758
0.187913
-0.047731
0.311165
-0.190943
0.180175
0.451666
0.279387
0.162999
0.367886
0.286447
0.047263
0.309802
-0.252545
0.067068
0.164490
0.248528
0.237869
0.616956
-0.469906
-0.067666
-0.084708
0.430861
-0.211105
0.112518
0.508800
-0.271545
0.789121
-0.374355
-0.187797
0.280572
0.158376
-0.178396
-0.189031
-0.078176
0.609893
-0.317147
0.020765
0.283186
0.437758
-0.427113
-0.234674
0.080893
-0.487620
-0.241282
-0.109954
-0.509620
0.231606
0.163466
0.489738
-0.122208
-0.441356
-0.111215
0.360444
0.369837
0.115357
-0.308778
0.503499
0.562645
0.387232
0.021365
-0.074162
-0.406299
-0.093350
0.206307
-0.074984
-0.769611
-0.467480
0.068289
0.404726
-0.007784
0.281578
-0.003997
0.302912
0.014877
-0.132466
-0.102005
-0.498809
-0.569721
-0.485229
-0.194505
-0.280839
-0.129456
-0.459871
0.354247
0.253140
0.032729
-0.172096
0.171252
0.178706
-0.054080
-0.408734
0.373109
0.311596
0.172581
-0.494114
0.100185
0.061208
0.054228
-0.074553
-0.245115
0.133495
-0.119109
-0.449566
0.280089
-0.171077
-0.620091
0.557150
-0.306402
0.204643
-0.110817
-0.064444
0.056491
0.386280
0.176383
0.033135
-0.162896
-0.044987
-0.104933
0.140312
0.215417
-0.579444
-0.362815
-0.036797
-0.476003
-0.250813
-0.004341
0.442359
0.277925
0.585955
-0.319837
-0.485160
0.020525
0.053486
0.322560
0.130725
0.574543
-0.075939
-0.400852
-0.432974
0.064642
0.233925
-0.429158
0.128159
-0.131110
-0.162724
0.299340
0.297915
0.449356
0.512259
0.471183
-0.148606
-0.194191
-0.308086
0.305929
-0.220917
-0.230146
-0.432596
0.110019
-0.112151
-0.042810
0.403361
-0.361935
0.360041
-0.374493
0.014343
0.308889
-0.068974
0.085733
-0.158980
0.180823
-0.246840
0.251595
0.372309
0.426124
0.444983
-0.105509
0.146931
0.107743
0.668385
-0.052265
-0.433430
-0.460938
0.394824
0.126024
0.344818
0.373019
-0.512788
0.094113
0.307336
0.082140
-0.491896
-0.244069
0.180930
0.329065
-0.040271
0.362610
0.338575
-0.337980
0.340608
0.422269
-0.100477
-0.219248
0.152271
-0.269070
-0.065294
-0.456091
0.380205
-0.206979
-0.617900
-0.038640
0.005123
-0.426208
0.438372
-0.309943
0.451613
0.009435
0.318590
0.552709
-0.286238
-0.328987
-0.178464
0.121730
0.304845
-0.418888
-0.556772
-0.280747
-0.095623
0.225300
0.397381
-0.365974
-0.152645
-0.089943
-0.682687
0.083488
-0.459362
0.326429
-0.019777
0.243305
-0.259211
-0.339197
0.503740
-0.166671
0.351476
-0.331161
0.415492
-0.652304
0.023655
0.402042
-0.140439
-0.150107
-0.316597
-0.006674
-0.373221
-0.158875
0.045243
-0.239395
0.384800
-0.357214
-0.595947
-0.156381
-0.595847
0.273865
-0.121972
0.305353
-0.368408
-0.275165
-0.024501
-0.641468
-0.037946
0.153791
-0.359892
-0.541697
0.197807
-0.460790
-0.164162
-0.461485
0.045414
0.530512
-0.398422
0.064802
0.419194
0.294601
0.365941
-0.281212
-0.069305
0.162953
-0.393573
0.375504
0.142091
-0.362457
0.031686
-0.439595
0.227341
-0.336195
0.072118
0.452417
-0.160006
0.236747
0.306414
0.251203
0.168962
0.222310
0.237417
-0.095577
0.133023
-0.255846
0.099268
-0.033630
0.305576
0.316061
0.457418
0.114668
-0.406382
-0.273898
0.085194
0.347977
-0.080467
0.159312
-0.375136
-0.052919
-0.286317
-0.342743
-0.385254
-0.491373
-0.565176
0.102059
-0.242511
-0.228654
-0.070982
0.200421
0.052748
-0.054492
0.408649
-0.167854
0.087227
-0.271134
0.240352
0.304046
-0.370260
-0.483816
-0.482525
-0.422086
-0.297278
0.415683
-0.208222
-0.168093
0.521195
0.308173
0.282153
-0.758233
-0.079119
-0.197131
0.008507
0.263205
0.116156
0.488273
-0.380565
0.149628
-0.177901
-0.406589
0.436002
0.070677
0.615873
-0.276634
0.016787
0.515701
-0.311215
-0.124986
0.379861
0.465492
-0.324337
-0.313268
0.184831
0.064631
-0.024056
-0.518165
0.089093
0.220462
0.575088
0.057715
-0.044241
0.094571
-0.150846
-0.259001
-0.191095
0.372840
0.313132
0.415028
-0.636161
-0.054434
-0.502813
0.377288
0.629962
0.023390
-0.395855
0.368940
0.523469
-0.494626
-0.516584
0.001413
0.317047
-0.032106
0.517192
-0.609385
-0.246794
-0.431398
0.695571
0.240983
-0.423918
0.648770
0.380102
0.385626
-0.459756
-0.018078
-0.614971
0.250425
-0.379228
0.167252
0.220763
0.241215
-0.191941
-0.022614
0.136132
0.127222
-0.438111
-0.703871
0.435590
0.148157
-0.047653
0.036163
-0.462945
-0.064957
0.184036
-0.283055
-0.142876
-0.050882
-0.675813
0.268094
-0.321934
0.157630
0.622899
0.055565
0.441764
0.383962
-0.115666
-0.254734
0.010586
0.297610
0.221100
-0.019925
0.393799
-0.187146
-0.052665
-0.454612
-0.195330
-0.569224
0.126494
-0.015883
-0.442623
0.613173
-0.136160
0.085382
0.095588
-0.150973
0.344207
-0.213679
0.059358
-0.654998
0.099356
0.549541
0.120375
-0.559206
-0.084702
0.308406
-0.387752
0.083555
-0.488317
0.101905
-0.606769
-0.315659
0.327158
-0.545064
-0.470338
0.366660
-0.015623
0.304601
0.450537
-0.161278
-0.659936
-0.380031
-0.390504
-0.403104
0.427836
-0.158418
-0.413257
-0.392776
0.206171
0.051033
-0.647458
-0.303069
-0.434073
0.420852
0.341381
0.289787
-0.248833
-0.226708
0.229786
0.274632
0.453410
0.130417
-0.503369
0.315102
0.526817
-0.444029
0.508910
-0.408728
0.255608
0.364576
0.459624
0.138021
0.041454
-0.255025
-0.082322
-0.050745
0.696232
0.320013
-0.231279
-0.154601
-0.324439
-0.713161
-0.316075
0.436929
-0.526398
-0.539522
0.471088
0.199002
0.411072
0.250665
-0.121328
-0.250437
0.110547
-0.006615
0.350440
0.336056
-0.077379
0.382411
0.064800
0.151838
-0.164497
0.112193
-0.365787
0.513327
-0.159155
0.563877
0.354126
0.162695
-0.233607
0.285510
0.333702
0.035874
-0.498566
-0.130637
0.477289
-0.288515
-0.658647
0.001584
0.326583
-0.343169
0.349597
0.172779
