0.021121
-0.249523
-0.188977
-0.080688
-0.464186
0.010253
-0.042721
0.546012
-0.262392
0.322881
0.152026
0.038167
0.112291
-0.135015
0.008568
0.319072
0.022413
-0.179652
0.262387
0.116181
0.017119
0.122263
-0.500665
0.044720
-0.466327
0.295616
0.531128
-0.287411
-0.213097
0.055810
0.715443
-0.455362
0.265290
0.127193
-0.575872
-0.377790
0.433031
0.080901
-0.647371
-0.587636
-0.309893
-0.145760
-0.072541
0.326086
0.161582
-0.152685
-0.223228
0.326767
0.025377
-0.076622
0.041074
-0.129665
0.358473
-0.518538
-0.107510
-0.496962
-0.178148
-0.515855
0.263740
0.252226
-0.020556
0.203820
0.523070
0.429509
-0.159148
0.277446
-0.780926
0.247935
0.164601
-0.210982
0.342144
-0.555259
0.356960
-0.364667
0.218348
0.128525
-0.249910
0.160102
0.502763
-0.609275
-0.513683
0.479296
-0.495279
-0.451641
-0.678976
0.507793
-0.103220
0.449757
0.153503
-0.437538
-0.289466
-0.309929
0.054317
0.448248
0.266342
0.059447
-0.079995
-0.291507
0.493650
-0.288375
-0.116018
-0.514832
-0.257224
0.155513
0.456762
0.517099
-0.253876
0.326730
0.217022
0.455412
-0.070490
0.160268
-0.520294
-0.231230
-0.045477
-0.086184
0.350675
-0.231789
0.040031
-0.223141
-0.272008
0.513921
-0.291724
-0.343958
0.255120
-0.061752
-0.328724
-0.474906
0.644626
0.414980
-0.252152
0.240752
-0.271577
0.128237
0.053277
-0.077352
-0.003193
0.262429
0.318193
-0.465999
-0.330273
0.032190
-0.193830
-0.060547
0.298864
0.062645
-0.378324
0.197520
0.156484
-0.099478
0.056606
-0.193285
-0.109130
-0.165067
0.334661
0.747478
0.005673
-0.131033
0.154146
-0.292298
0.368984
0.024315
-0.060368
0.420379
0.306186
0.378522
-0.559481
-0.443484
0.385350
-0.078378
0.009315
0.292431
0.237805
0.371020
0.315090
-0.248410
-0.285313
-0.098658
0.188100
-0.252193
0.470638
0.251011
0.102406
-0.412577
0.080962
-0.390103
0.086089
-0.168001
-0.221455
0.094651
0.520874
0.054723
-0.151520
-0.153824
-0.311112
-0.012951
0.301422
-0.526745
-0.520407
0.617757
0.645898
0.332246
-0.373930
-0.122582
-0.679000
0.815140
-0.110613
-0.391661
-0.242588
-0.195476
0.427867
-0.312540
-0.270057
-0.275289
0.234993
-0.105672
0.274466
-0.295333
0.322136
0.295485
-0.395338
0.178469
0.378824
-0.078980
0.462933
0.112116
-0.216295
0.219618
-0.200105
0.563217
-0.231337
0.162393
-0.047039
-0.254631
-0.192996
-0.441179
-0.105485
-0.581166
-0.534901
-0.597096
-0.481758
0.035334
-0.346082
0.040990
-0.611970
0.064657
0.061039
-0.012105
-0.407479
-0.679539
0.138661
-0.032413
-0.152628
0.226379
0.217208
0.524281
0.188326
0.416631
-0.131019
0.083791
0.613415
-0.030167
0.243706
-0.338946
0.226635
0.175670
-0.228157
-0.418404
0.089645
-0.403051
-0.147016
0.063594
0.244787
0.126160
0.332407
0.340811
0.266404
-0.070546
0.007445
-0.329207
-0.382801
-0.065911
-0.086033
-0.464909
-0.223542
0.122171
-0.139145
0.433115
0.220003
0.387709
0.485076
-0.351849
0.162548
0.246062
0.380338
-0.093511
0.288425
0.289586
0.298913
0.135150
0.207976
-0.076790
-0.287290
0.452391
0.367982
-0.290399
0.244093
0.270002
0.158593
-0.348061
0.079973
0.457370
0.103221
-0.094820
0.165889
-0.204507
0.166354
0.003539
-0.346675
0.227467
0.426416
0.166334
-0.108836
-0.197899
-0.429165
-0.368065
-0.112536
-0.645117
-0.423727
0.177002
0.194512
-0.366502
-0.033337
0.319980
-0.040188
0.037460
0.271707
-0.131876
0.086066
0.483491
-0.323784
-0.162359
0.706151
0.038587
-0.272762
0.012781
-0.074008
-0.184293
0.046117
-0.076213
-0.438365
0.176596
0.426965
-0.307887
-0.118538
0.544473
0.136859
0.445278
-0.396708
-0.171673
-0.297455
0.315839
-0.233122
0.550823
0.438807
-0.422375
0.161978
-0.619694
-0.312714
-0.568823
-0.543260
0.245181
0.185611
-0.236730
-0.077093
-0.046789
0.520525
-0.308785
-0.461109
-0.237268
-0.302763
-0.278630
-0.270759
0.196667
-0.247093
-0.088498
-0.267319
-0.273367
0.079877
0.377344
0.366059
-0.039418
0.352172
0.155424
-0.008160
0.615069
0.242676
0.188652
0.538696
-0.252606
-0.509434
-0.630701
-0.703374
0.076101
0.553117
0.077149
0.404821
-0.400193
0.296674
0.506157
0.101526
0.390787
0.321322
0.491151
0.334349
0.120303
-0.214442
-0.140796
0.451918
-0.526075
0.403361
0.504443
0.507974
-0.106785
0.270829
0.020973
0.396614
-0.117177
-0.052025
0.571992
-0.082092
-0.141749
0.086080
0.347965
-0.157153
-0.072982
-0.042006
-0.597978
0.380839
-0.535420
-0.153121
0.320934
0.180925
0.507260
0.496889
-0.405108
-0.107093
-0.632771
-0.511017
-0.213908
-0.285861
0.070751
0.181198
0.123926
0.256636
0.161955
-0.262931
0.339608
-0.264366
-0.093521
-0.243849
-0.219235
0.274076
0.238902
-0.206676
-0.468482
0.297544
0.132013
-0.007483
-0.348518
-0.105795
-0.171544
-0.769994
-0.304675
-0.182948
0.139963
-0.051295
0.451759
0.063098
-0.357531
-0.348097
0.035426
0.466824
0.117136
-0.129439
-0.018375
0.171664
-0.442405
-0.019282
0.085134
-0.601443
0.116022
-0.230457
0.475953
0.359302
0.240754
0.568075
0.456478
0.099199
-0.284074
-0.435469
0.311196
0.080802
0.043987
-0.114957
-0.432726
0.494978
-0.431972
0.053369
0.513178
0.563081
0.089611
0.098311
-0.007483
-0.228829
-0.018835
-0.489728
0.095067
-0.127034
-0.200108
-0.326681
0.570310
0.647459
-0.031642
0.054942
0.124885
0.790441
0.342058
-0.050496
0.282334
-0.214148
-0.170916
-0.472755
-0.201094
0.300837
-0.407510
0.460135
-0.374732
-0.047259
-0.308176
-0.165890
-0.474825
-0.216025
-0.114470
-0.035779
0.198010
-0.419904
0.015496
-0.071797
0.122866
0.316593
0.644526
0.897050
0.244789
0.042993
0.500782
0.345420
-0.064496
0.457655
-0.500866
-0.029564
0.313408
-0.701513
-0.480769
-0.283526
-0.324207
0.267981
-0.046640
0.348981
-0.438220
0.306360
0.380179
0.508162
-0.544670
-0.131162
0.678609
-0.130981
-0.199181
-0.406007
0.014731
-0.186152
-0.293714
-0.363829
0.512343
-0.489813
-0.402875
0.253720
0.354446
0.502451
0.196771
0.425060
0.444132
-0.100251
0.328311
0.916981
-0.181959
0.204320
0.411477
0.352563
0.150470
-0.418919
-0.017228
0.172969
0.302103
-0.479059
0.521016
-0.209638
-0.482309
0.856663
-0.504548
0.306543
0.293175
0.106543
-0.030392
0.135476
-0.083342
0.699232
0.179070
-0.630378
0.323571
-0.327322
-0.421989
-0.218121
-0.049888
-0.403850
0.158607
-0.003744
-0.092915
-0.507820
-0.429721
-0.446695
0.377422
-0.401487
0.321756
0.330108
0.175065
0.307146
0.158282
-0.053666
0.322219
0.334327
-0.219966
0.076048
-0.158329
-0.570701
-0.252016
-0.425838
0.355669
0.094602
0.073596
0.233060
-0.566242
-0.129806
-0.232222
-0.276119
0.502227
-0.470276
0.335216
-0.376966
0.057359
-0.152302
0.252823
-0.016515
0.475368
-0.697528
-0.481771
0.703732
-0.040435
-0.200703
0.489579
-0.328987
0.588156
0.111362
0.156086
-0.062952
-0.125976
-0.201496
-0.028306
-0.073912
-0.005777
0.133599
0.055146
-0.688355
0.046319
0.139388
-0.264546
0.009650
-0.112941
-0.074817
0.014317
-0.174667
0.140752
-0.393421
-0.094190
-0.214452
0.341797
-0.127883
-0.102698
-0.418441
0.528132
0.386846
0.493149
-0.451947
0.301614
-0.284672
-0.029193
0.132322
-0.442126
0.191157
-0.376017
0.033800
0.502119
-0.154108
0.050241
0.575195
-0.178882
-0.334303
0.177201
0.126465
0.630788
0.262294
0.482163
0.087224
0.252480
-0.079517
0.249718
0.586731
-0.234204
-0.303483
-0.132119
-0.247107
-0.210250
0.237344
0.246860
0.645132
-0.362039
0.081941
-0.575878
-0.608423
0.277526
-0.429554
-0.456555
-0.577148
-0.023056
-0.317038
-0.319976
0.102539
0.008136
0.275456
-0.062525
0.268661
-0.225199
-0.654624
0.325643
-0.367166
-0.138868
-0.279049
-0.689421
-0.393178
0.385477
-0.229825
0.083474
0.049468
0.001505
-0.179233
0.112670
0.096061
0.311682
-0.009030
-0.025216
0.563412
-0.276576
-0.038595
0.659543
0.394948
-0.418746
0.459134
0.507830
-0.706027
-0.148817
0.106927
-0.063153
0.690466
-0.619727
-0.124995
-0.074569
-0.475155
0.405358
-0.090200
0.472238
-0.198285
-0.354941
-0.205310
0.211911
-0.007330
-0.014566
0.412826
0.125224
0.168479
-0.142994
0.399413
-0.271112
0.538416
-0.231207
0.191973
-0.180785
-0.483581
-0.285514
-0.089257
0.363032
-0.198517
0.560070
0.155017
-0.726367
0.036997
0.244311
