-1.569100
1.760517
-1.493059
-1.209565
1.191312
-0.295038
-0.457901
-2.025036
2.001834
1.325003
0.704496
-1.805978
-4.623554
-2.154299
2.535843
-3.166196
0.622224
-2.148954
1.399276
2.199399
-0.759249
2.341859
0.941903
-1.661593
-2.021325
1.340531
3.065527
3.999939
0.829159
2.045667
0.979752
3.263364
-1.831449
-1.825170
1.413562
-1.312720
-4.481543
-1.824357
1.189096
0.599518
-0.591828
0.847739
1.895063
-1.487054
-3.952723
-2.132614
0.621600
-0.216081
-1.503745
-0.295671
0.806037
-0.666360
3.809321
2.480613
-2.502241
-0.743913
-0.591163
-0.574789
-2.821693
-1.814474
-2.265954
1.107964
2.074907
2.553400
1.670850
0.988227
3.858517
-0.504041
-4.000887
1.505064
2.260473
0.455588
2.750778
-0.159255
-1.157459
-2.061527
0.100188
0.555819
1.412320
-1.006916
0.772868
0.539362
-0.982090
-1.404595
1.072730
4.085744
-1.739688
0.657351
-0.753786
-2.931447
-0.569083
1.291796
-0.996376
-2.089273
-0.580841
0.521974
0.998596
2.265871
-0.503689
0.827120
-2.178299
-2.341940
2.486359
-0.155642
-1.803234
-1.856037
1.634996
-0.601504
1.981113
3.401566
-3.181163
-3.133118
-0.332389
0.884172
-2.828760
-1.134161
1.517823
-3.165750
2.468742
-2.035024
-1.842343
-3.688468
-0.688464
1.530417
0.210749
0.236494
-2.124967
-2.508727
-1.994813
-1.860910
1.688613
-0.444643
2.162453
4.877711
-0.725716
-2.421457
-0.116890
-0.678171
-1.329207
2.104853
1.809144
-2.572081
-0.028171
2.053351
-0.486664
0.774908
5.090305
-0.786277
0.088967
-2.089632
-0.795293
-0.063141
-0.887581
2.860876
-4.186664
-0.955822
0.914479
2.181492
1.308876
0.309919
-1.705809
-0.929586
-0.788073
1.551461
-0.734562
4.049772
4.014945
-3.637371
0.719916
4.159415
-0.226479
-0.394899
-1.153448
0.078593
-0.468412
0.060993
0.725916
0.150430
-0.843901
0.512955
-1.407186
0.146699
-0.501695
2.394909
-1.651447
2.533528
-4.060231
3.753369
-2.508432
-0.767425
-1.136407
0.756291
1.723582
1.251417
-1.139830
1.453570
-3.806860
1.171499
-2.016817
-2.809490
0.473303
2.560772
-0.178254
-0.683951
-4.432173
-1.047551
2.650559
3.299195
0.722998
-1.131646
1.760603
-0.796618
-2.705234
-0.160512
-1.082798
-0.542376
1.881109
0.363591
2.521616
-1.878908
-0.644805
-4.154922
3.372987
-1.493427
-0.513643
0.020143
-4.774346
0.623177
-2.905545
-2.180503
-3.708325
0.626228
1.667598
-0.009132
-0.106956
0.193445
-0.943666
-0.229317
-3.013214
0.853041
-0.484452
0.700636
0.484378
0.605681
-0.223398
2.533714
3.836799
-5.219510
3.985643
0.178159
-1.812070
-0.259943
-1.960528
1.562890
-1.885499
-1.584430
0.632586
1.512947
-1.951923
-2.311302
-2.351051
-1.342624
0.600206
-0.534541
4.914904
-0.807901
-0.446432
1.104045
0.454986
2.956579
-3.341966
0.163086
-2.092228
-1.180045
2.686596
-1.231587
-0.089320
4.106115
-1.449555
-0.012768
0.361290
-0.928859
0.313057
1.416919
1.173660
0.494527
2.102343
-1.454709
1.543528
0.355399
-0.521514
-2.336702
1.239216
3.556301
3.507893
1.133736
0.465015
-5.240813
-4.462219
2.100487
-0.234564
-1.071367
1.098539
0.452965
3.300892
-1.599011
-3.497820
-1.428674
-0.187541
-0.739946
5.598598
-3.754219
-2.891677
-0.785146
3.576988
3.029998
0.058275
-5.869416
4.201051
-3.974533
-1.748855
-0.231107
0.126054
-1.381870
1.206491
-0.281185
-0.103556
2.332546
-3.155972
1.779448
-3.080946
-3.456887
-1.729044
-2.342518
0.669234
0.484667
0.010921
-5.286515
-0.452912
-3.247400
-0.617361
-1.255925
0.169308
0.733016
4.845070
1.804809
0.142323
0.948134
-0.724870
-1.917056
1.333366
1.978441
-3.291778
-1.816355
-0.386387
2.814082
-1.012219
-3.985507
-2.457959
-0.619031
-0.078267
-1.249197
-2.719908
3.005267
0.112897
3.139349
0.624637
0.676619
6.102960
-0.463190
-0.797807
-0.628149
-1.027125
1.151545
-0.330836
2.896087
0.050628
-2.269656
1.224532
-0.314112
2.292077
-0.508152
-0.922823
-1.416212
-1.967021
-0.293662
5.659205
2.103539
2.475672
-0.049422
-0.863017
3.125953
0.412244
2.750091
2.594151
-0.028902
-3.954843
-0.003297
2.251155
3.868527
-1.748910
-0.606368
2.754067
-1.825877
1.831733
-2.644190
-0.354205
1.457882
4.129660
1.036804
-1.928845
0.163979
-0.601740
-2.761947
-1.287716
0.530683
1.814804
-3.015258
0.604671
1.556527
-0.215751
-4.437207
0.645599
2.187892
0.291481
-0.237932
1.926050
-1.732404
-1.106395
-0.846719
-2.204024
1.891684
2.040169
-0.482435
-3.178534
2.812214
4.569200
2.036861
0.295936
-3.553380
3.164371
1.050512
-0.635132
0.194653
0.987963
-2.202353
-1.958075
-1.572929
-0.144447
3.405405
-2.362107
1.360737
-0.665446
3.029558
1.469574
-0.414370
0.671884
-0.736024
-2.553430
1.371473
0.515965
-3.735891
-1.977673
-0.089340
-0.029126
1.561754
-0.730341
1.157017
3.203556
0.209012
1.455778
-2.159893
-0.250159
-0.134379
1.479855
1.303879
-1.707878
1.040000
1.002976
-0.120070
0.961520
-0.075263
2.194792
-2.047225
1.290451
-2.400735
-1.817776
-2.388025
-2.620458
-2.428311
-1.219671
-1.720491
-0.769312
-1.351469
0.887075
-1.115051
2.890578
2.385770
0.404768
-0.196690
1.432725
-1.389436
-0.259279
0.441973
1.326974
1.745769
-2.371019
0.653044
1.650775
0.588819
1.142976
-1.214542
-3.294082
-1.409473
-1.150716
1.298678
1.846099
0.409854
1.331297
1.128198
-1.815863
0.290460
3.025851
-0.843556
1.103344
2.219495
-0.020311
-0.379160
-1.393610
3.192265
-4.039956
1.462753
0.769269
-0.973864
-0.087759
-1.486125
-2.486410
-3.779111
1.480280
1.187357
1.040599
2.536616
-0.062478
2.178882
-1.226504
2.123075
-0.865463
-2.809314
1.104412
-0.808006
-1.615692
-0.821205
-2.029778
1.078452
0.017993
-2.545531
0.427718
-1.110298
-0.454978
1.347665
2.146454
-3.686349
-1.137101
1.416872
1.421794
-2.124258
-2.194086
-0.092817
-0.692138
-1.170543
-0.718255
-0.321156
1.932622
-1.920767
0.948231
1.773570
1.036227
-0.709729
2.190604
2.195408
-1.477561
0.959598
1.343903
-1.238045
2.347337
1.345458
-1.756023
-1.286450
2.130542
1.057091
-1.982462
-2.356366
-0.552833
2.822091
-1.047157
0.589737
0.999521
-3.902186
-0.341289
1.683006
3.225240
-0.416632
-0.270904
3.489113
-1.421381
0.287666
2.978793
1.211473
2.540050
1.995483
0.542336
4.010894
-1.432422
-2.726839
0.935770
-0.756571
0.273545
3.332876
2.857875
0.107313
2.812069
4.389941
2.544331
-0.616861
1.251180
1.736108
-0.981161
-4.002710
-0.601270
-0.828100
-1.444751
-1.696881
-2.339042
3.391935
3.037302
1.971960
1.838425
-3.390003
0.359769
-0.222885
0.004093
-2.415453
-0.582613
-0.579447
-1.215605
0.316220
1.221014
-1.659818
0.907355
-2.438937
0.436223
-1.497759
-1.290384
-0.449642
0.084247
-0.824448
-4.062005
4.614501
-0.307850
0.705360
-0.695752
1.332748
0.468674
0.832637
0.004484
-3.197930
0.822889
0.345916
-1.818700
3.586718
1.083774
1.594310
1.185139
-3.778539
1.761769
-1.175260
-1.787684
0.974365
-0.461457
-0.321560
3.838542
1.342329
0.166398
1.642891
0.539987
-1.942986
1.146154
-0.073103
-0.717709
0.165769
-0.751327
-0.235069
0.701316
0.566146
1.076796
2.068711
0.306902
-1.979070
-1.781498
-3.026594
-0.130280
-3.079980
1.554491
0.191547
1.378405
-1.709237
0.403369
-2.457233
0.515159
0.876680
-0.778850
-3.525691
-1.328282
0.416312
-0.007917
-0.570227
0.133701
-1.521897
-0.138838
-2.311174
-1.582272
3.902112
1.578824
-0.142108
-0.418866
-0.598667
0.116511
0.866090
-1.783224
-1.850537
0.367817
2.614667
-0.644175
1.724561
2.320391
0.019561
0.375316
-0.755396
-2.717325
0.407771
-2.455482
-1.421034
-0.045533
-0.637962
-0.466619
-1.585875
-1.400777
0.028221
0.034932
-0.246096
1.863740
-1.575827
-2.263079
2.818841
2.844243
0.589215
1.193876
0.549025
0.544068
-0.994385
-1.814559
-2.003413
-1.506732
0.154082
-1.430156
0.684900
-3.303431
-0.053388
3.360336
0.425027
-0.873854
