-0.239846
-0.360237
-0.094505
-0.026678
0.463857
-0.129288
0.496537
-0.122650
0.313384
0.608903
-0.092531
0.061346
-0.462188
-0.417939
-0.279997
0.014209
-0.523148
-0.123625
-0.316464
-0.494872
0.354123
-0.605854
-0.416695
-0.274436
0.092974
-0.147741
-0.018603
0.051015
0.470095
-0.208133
0.683564
0.208191
-0.243604
0.053450
0.361789
0.214664
-0.201224
-0.357099
0.269935
-0.396753
0.157936
-0.362924
-0.175850
0.390885
-0.474709
-0.404449
-0.519512
-0.058889
0.355382
0.424632
0.351185
-0.173206
0.035999
0.031783
0.253141
0.599857
-0.513531
0.080437
-0.445840
-0.250354
-0.192737
-0.394152
0.148430
0.156547
0.477862
0.477906
-0.609511
-0.244077
0.632902
-0.145810
-0.229729
0.289330
0.400870
-0.314032
-0.072776
-0.374918
-0.280295
0.107570
-0.407616
-0.417732
0.230617
-0.372881
-0.381868
-0.032140
-0.021956
0.120904
-0.322763
-0.431364
-0.054677
0.260362
-0.148842
0.234944
-0.105431
-0.408089
0.009405
0.502825
-0.182825
0.672961
-0.518445
0.376467
0.499245
-0.110940
-0.098589
0.128491
-0.477951
-0.243177
0.281027
0.152084
0.598354
-0.217447
0.022734
0.061651
0.245690
-0.260676
-0.157097
-0.399697
-0.070316
-0.278706
-0.069732
0.252511
-0.284814
-0.275468
-0.063752
-0.191438
0.021184
-0.073734
0.045909
0.483113
0.036792
0.320697
0.621052
-0.433224
-0.344789
0.269373
-0.434831
-0.148182
-0.357801
-0.223397
-0.260371
0.003270
0.031550
-0.122021
0.324140
0.062798
-0.095214
0.413062
-0.521523
0.222508
0.433769
0.109369
-0.013109
0.176166
-0.028053
-0.007853
0.304407
0.097518
-0.301425
0.406419
0.269565
-0.401860
-0.470828
0.112252
0.105535
-0.407401
-0.592854
0.313116
0.452737
-0.444936
-0.356950
-0.194471
0.427682
0.369160
-0.486997
0.738597
0.135916
-0.500561
0.063862
-0.057357
0.095284
-0.071341
0.348436
-0.176260
0.065743
0.587996
-0.138979
-0.091217
-0.324056
-0.011765
0.171867
0.141293
0.120845
0.092944
-0.147970
-0.301812
0.287211
0.640184
-0.113979
-0.297048
-0.518996
0.361287
-0.089049
0.468299
0.326371
0.099384
0.041060
-0.390868
-0.185257
-0.650257
-0.658886
0.121067
-0.153436
0.292599
-0.172935
0.319731
-0.438538
-0.043640
-0.019279
0.176435
0.105685
-0.257047
-0.207530
-0.050186
-0.336811
-0.472011
-0.394564
0.310782
0.642174
-0.492151
-0.098374
-0.459021
0.125321
-0.707865
-0.395811
-0.123828
-0.471594
-0.670285
-0.043363
-0.397987
0.075746
-0.205701
0.295658
0.449695
-0.575066
0.051348
0.845638
0.324849
-0.152132
-0.431998
-0.223696
0.072805
0.541290
-0.216971
0.086581
0.004471
-0.460185
-0.847070
-0.278894
-0.365388
0.274055
0.289228
0.362246
-0.381062
-0.266101
0.350538
0.631824
-0.185648
-0.564530
-0.052895
-0.252856
-0.138259
-0.469897
-0.766313
0.060785
-0.231265
0.507739
-0.030762
-0.158272
0.395144
-0.142094
-0.217599
0.348522
0.480847
-0.228148
0.247920
-0.336175
-0.306045
-0.084090
-0.294892
0.541792
-0.082219
-0.619050
0.587879
0.356806
0.120463
0.279035
-0.133317
0.137976
-0.307983
0.393421
0.045334
0.216843
-0.125603
0.520200
0.045238
-0.483258
-0.282599
0.173663
-0.249259
-0.102185
-0.384412
-0.528017
-0.589153
-0.342501
-0.464338
0.403275
-0.201465
-0.337217
0.082445
-0.167474
0.286121
0.483751
0.130539
-0.029035
-0.542875
-0.067024
0.394000
0.472919
0.081380
-0.336074
0.400623
0.131241
-0.349032
0.482865
-0.577432
-0.030151
0.074033
-0.579655
-0.510891
-0.645277
0.231667
0.277151
-0.649126
0.591606
0.365736
-0.001707
-0.297473
-0.014348
-0.119109
-0.047667
-0.005534
-0.310375
0.444990
0.184799
0.094146
0.030360
-0.288932
-0.173569
0.045062
0.163211
0.058589
-0.072123
0.012772
0.184144
0.183930
-0.347987
0.477707
0.156671
-0.107657
0.295444
-0.094708
0.294281
-0.042784
-0.399701
-0.150440
0.552875
0.066385
-0.522383
-0.302950
-0.215959
0.339671
-0.239436
0.574543
0.215354
-0.293480
-0.204546
0.577664
0.635615
-0.098091
-0.022313
-0.218759
0.361994
-0.565568
-0.345086
-0.556309
0.411407
-0.520506
0.327858
0.069220
-0.214255
0.243104
-0.382603
0.245358
0.036112
0.325966
0.041704
0.371398
0.258992
-0.450769
0.596209
-0.367917
-0.207616
-0.043718
-0.844003
-0.065944
-0.533865
0.041795
0.146275
0.650284
-0.346446
-0.146566
-0.178353
0.281635
0.193021
0.062403
0.708069
0.041330
-0.320832
-0.051455
-0.181391
0.283601
0.310070
-0.257749
0.098894
0.103568
-0.158965
-0.103024
-0.435173
0.263591
-0.014734
0.229480
0.223506
0.064195
-0.008542
0.415142
-0.073066
0.593879
0.021891
-0.140933
0.014819
0.284055
0.129336
0.287640
0.305682
0.163337
0.328762
0.232336
-0.326310
0.217498
0.421769
0.246533
-0.174874
0.360843
0.189685
-0.008114
-0.103482
-0.600509
-0.128438
-0.290908
0.334832
-0.782585
0.391341
-0.151440
-0.208762
-0.054957
-0.229300
0.095654
-0.027726
-0.337593
0.464372
-0.152076
-0.338545
-0.291612
0.457659
0.413331
0.307059
-0.355416
0.471996
-0.386287
0.456407
-0.470974
0.173057
-0.441370
-0.297775
0.372561
0.282390
0.313427
0.196050
0.230380
-0.206788
-0.240787
-0.083031
-0.196159
-0.029869
-0.611989
-0.511244
0.010942
0.012207
-0.379207
-0.045132
0.355643
0.126918
0.312260
-0.025441
0.108870
-0.257642
0.445281
0.055504
0.209146
0.417490
0.140065
-0.081608
0.016448
0.049577
-0.141802
0.316036
-0.121210
-0.364373
0.420762
0.467389
-0.261577
-0.016560
0.028798
-0.104969
-0.208344
0.120629
-0.278898
0.183911
-0.439836
-0.047259
0.154244
0.138777
-0.218973
-0.125741
-0.260073
-0.013016
-0.288124
-0.523125
0.231499
-0.590071
0.236648
-0.069700
0.384735
0.232245
-0.487682
-0.489150
-0.450968
0.011379
-0.133446
-0.290193
-0.369293
0.417412
0.278642
-0.145755
-0.045171
-0.518988
0.144763
-0.089875
-0.100856
-0.329367
0.557184
-0.559341
-0.078224
0.201184
-0.441800
0.050082
0.123261
0.169535
-0.454618
-0.519898
0.235327
-0.049304
-0.040517
-0.061309
0.474167
0.174333
-0.259750
0.841749
0.973912
0.006337
0.469937
0.469157
-0.165089
-0.321007
0.503616
-0.491335
0.129290
0.013183
-0.407446
0.418728
0.383407
0.256182
-0.479800
-0.567809
-0.373681
-0.025834
0.345921
-0.710547
-0.290875
0.777073
0.308407
0.147019
-0.121132
-0.350023
0.455158
-0.093128
-0.374073
0.495170
0.165126
-0.594861
0.044036
-0.055486
-0.083553
0.245347
-0.518883
0.567556
0.151880
0.252131
-0.007400
-0.347861
-0.225553
0.179124
0.109257
0.105180
-0.499254
0.600534
0.240771
-0.527407
0.158768
-0.534876
-0.072701
0.181385
-0.193131
-0.011398
0.555329
0.347477
0.350344
0.496028
0.204259
0.330765
0.125662
0.174228
0.176823
-0.337166
-0.523057
-0.341624
0.372107
-0.166572
-0.214577
0.056081
-0.069120
0.364243
0.539279
0.152053
-0.240084
0.433557
-0.365090
0.192301
-0.523145
0.291862
-0.151581
-0.197983
-0.280339
-0.122124
-0.451781
0.183549
0.532846
-0.001934
0.411915
-0.100051
0.021715
-0.079770
0.480335
0.097394
0.225499
0.311172
-0.030283
0.329383
-0.417013
0.086144
0.354958
-0.140794
-0.205898
-0.429363
-0.481801
-0.077889
-0.100305
-0.414177
-0.332224
0.293237
-0.467725
-0.024285
0.536871
-0.166356
-0.098799
0.556678
0.573664
-0.050876
-0.372253
0.263531
-0.188521
-0.107014
0.315860
-0.253945
0.488645
0.304284
-0.664529
0.111411
0.411928
0.062315
0.109017
0.231719
0.105133
-0.190527
0.406117
0.043206
0.211252
0.383204
-0.466910
0.241940
0.350187
-0.107027
-0.130134
0.391169
0.412535
-0.549333
0.077478
0.203122
0.342978
-0.306167
0.477049
-0.187558
-0.031243
0.029196
-0.503480
-0.263526
-0.313794
-0.185518
0.073543
0.295108
-0.404580
0.715688
-0.355800
-0.116546
0.397633
-0.667268
0.324855
-0.516535
-0.497387
-0.050847
0.311954
-0.199674
0.447225
0.720058
-0.576662
0.096966
0.251405
0.256713
0.141343
0.481903
-0.366727
0.491222
0.165974
-0.061104
0.503547
0.204500
-0.730645
0.489080
-0.019485
0.493830
-0.174692
-0.254395
-0.417002
0.051856
-0.000599
0.075349
0.114208
-0.034957
-0.499448
0.431344
-0.222571
-0.360524
0.041035
-0.093785
0.582165
-0.375664
0.267577
0.476759
0.105358
-0.038268
-0.064503
-0.381652
-0.147459
0.451953
-0.243351
-0.482304
0.334019
0.431751
-0.572116
-0.325012
-0.524483
0.317304
0.143998
-0.081174
0.190377
0.132585
-0.286590
