0.268754
-0.098079
-0.510250
0.028550
-0.309746
-0.377940
0.110145
0.395904
-0.143355
0.426129
0.100233
-0.297996
0.126286
-0.633026
0.008568
-0.198659
-0.346568
-0.352486
0.296398
0.622682
0.082667
0.128371
-0.487553
0.102546
-0.222774
0.471626
-0.340589
0.352938
0.126399
0.133234
-0.377918
0.291282
-0.272568
-0.277291
0.087168
0.026317
0.092957
-0.207210
-0.073976
0.455135
0.289153
-0.641768
-0.292696
0.295650
-0.451590
0.333368
0.530914
-0.089883
-0.088796
-0.469918
0.409066
-0.033690
0.443321
-0.291815
-0.166978
0.452229
-0.066950
-0.123911
0.681317
0.459798
0.119699
-0.192591
-0.416237
-0.389645
-0.494414
-0.396586
0.610437
-0.426479
-0.046837
-0.366862
-0.510771
-0.496458
0.088504
-0.211096
0.320619
0.232583
-0.196542
0.231262
0.486355
-0.546440
0.069759
-0.208631
-0.603444
-0.082841
-0.678976
0.624746
0.444398
-0.165822
0.130032
0.147235
-0.016971
0.158227
0.034017
-0.287953
-0.487224
-0.066007
-0.152830
-0.434580
0.245766
0.382472
-0.027152
-0.025813
-0.074683
-0.058777
-0.131942
0.517099
-0.216126
-0.572431
-0.017755
0.181628
-0.025142
0.461040
0.129696
-0.099664
-0.029339
-0.428161
-0.134761
-0.240832
0.219775
0.155584
0.108777
0.693787
-0.481230
-0.480784
-0.358108
0.276285
-0.271003
0.259618
0.670019
0.459046
-0.105830
0.002244
-0.066024
0.311989
-0.390072
0.433059
-0.445898
-0.637680
-0.047856
0.129197
-0.142721
0.327640
-0.141864
0.233107
-0.253137
-0.348083
-0.000191
-0.368952
-0.131954
-0.482995
-0.348980
-0.180083
0.200003
0.182811
0.000774
0.793363
-0.257535
-0.317044
-0.103867
-0.288879
0.194314
0.404350
0.395950
0.247592
0.302852
0.518438
0.078522
-0.394303
-0.242322
0.612753
0.514143
-0.129204
-0.098534
0.071978
0.128691
-0.302925
-0.261445
0.047074
0.202036
-0.477084
-0.164400
-0.337117
-0.450264
-0.001064
-0.289289
0.397138
-0.547925
0.259736
0.151624
0.324362
-0.201847
-0.495134
0.269937
-0.087295
0.424180
-0.083844
0.351653
-0.668899
0.196195
0.312427
0.647551
0.554862
0.195020
-0.098151
-0.140423
-0.232892
0.217717
-0.319514
-0.169771
0.003306
-0.014144
-0.056572
-0.201802
-0.178816
0.370323
0.180480
0.618993
-0.546505
0.203708
-0.319380
-0.471650
0.285826
0.126882
-0.019735
0.263348
0.155015
0.348161
0.111963
-0.201418
-0.102093
-0.053733
-0.034943
0.277106
-0.261429
-0.410874
-0.375888
-0.167696
-0.257606
-0.265149
-0.445305
0.085526
-0.536548
-0.416913
0.018595
-0.388201
0.341479
0.287473
-0.327265
-0.395316
0.093151
0.275073
0.337468
0.481465
0.288594
0.333705
0.454667
-0.169470
0.621151
0.069490
-0.460722
0.015471
0.079250
-0.340253
0.007155
0.430940
-0.002771
-0.165994
0.051764
0.154416
-0.176894
-0.173718
0.125671
0.488305
-0.118655
0.380855
0.373940
0.172894
-0.180756
-0.275390
0.033865
0.457566
0.119344
-0.073961
0.349128
-0.281789
-0.101356
-0.059538
-0.192102
0.567122
-0.418477
-0.263462
-0.492567
0.388438
-0.383414
0.004927
-0.051403
0.341177
-0.022225
0.621113
0.004751
0.071781
-0.186119
0.258394
-0.250470
-0.072140
-0.061995
0.163285
0.080156
0.095055
0.418702
-0.107620
0.403909
0.494300
0.125562
0.436640
-0.489412
-0.448851
-0.555394
-0.311023
0.325856
0.193354
-0.273043
-0.095320
0.735618
-0.498993
0.532685
0.405645
0.477884
-0.137311
-0.408346
-0.244132
-0.382769
0.266830
0.299684
-0.085990
-0.329929
-0.436262
-0.717828
0.284011
0.040303
0.197668
-0.321497
-0.109281
0.440024
-0.276002
0.352718
0.104379
0.054074
0.307927
-0.554205
-0.070087
0.207745
-0.282710
-0.408609
-0.178771
0.456901
0.188113
0.226830
0.243905
0.220343
-0.120248
0.419533
-0.476827
-0.336875
0.372357
-0.139100
0.351082
0.305431
0.127989
-0.405374
0.527790
0.385502
-0.089977
0.399372
0.525713
0.002020
-0.361545
0.041143
0.020895
0.408443
0.034334
-0.572521
-0.421107
0.331004
-0.194241
0.197467
-0.598215
-0.560544
-0.107913
0.325338
-0.012140
0.035830
-0.428897
-0.338196
-0.021142
0.028048
-0.376372
0.245624
0.403491
-0.428676
0.049254
-0.322225
-0.286691
-0.058060
0.287398
-0.502461
0.439818
-0.338213
-0.071236
0.093810
0.015335
-0.777273
0.300349
-0.186975
-0.108552
-0.151960
-0.088759
0.116094
0.251356
-0.595290
0.049802
-0.360359
0.300499
0.154823
0.755139
-0.204806
-0.057432
0.299783
-0.224436
-0.110153
0.478678
0.176683
-0.850108
-0.117215
-0.390882
-0.369060
-0.002231
-0.624158
-0.047300
0.075062
0.058323
0.203992
0.369227
0.722893
0.384858
0.021661
-0.278960
-0.580445
0.342811
-0.240724
-0.095437
-0.146680
0.464671
-0.113106
0.107490
-0.038640
-0.177033
0.002374
-0.217124
0.273489
-0.077693
-0.170524
-0.722335
0.078167
0.424348
0.023834
0.379788
0.072319
0.143901
-0.288605
-0.123729
0.517122
-0.643487
0.543048
0.173110
-0.321241
-0.097560
0.553828
-0.265851
-0.446299
-0.160717
0.130420
-0.442778
0.126925
-0.276962
-0.378654
0.588072
-0.152604
-0.440330
-0.138067
0.227626
-0.117129
-0.326512
-0.140156
0.025062
-0.573372
0.174091
0.316815
0.264193
-0.278692
-0.358145
-0.005649
0.422376
-0.218102
-0.496462
-0.530461
-0.161854
0.250388
-0.390065
0.086834
-0.094787
0.215869
0.013027
0.034787
-0.559767
-0.294213
0.419915
-0.331751
0.493772
0.487539
-0.099660
0.458063
-0.299753
0.410863
0.013628
0.258280
-0.304720
0.315848
-0.590087
-0.559681
-0.496272
0.207612
0.003784
0.522409
0.429109
-0.521121
0.199438
-0.252116
0.166805
-0.358415
-0.144661
0.305703
-0.208617
-0.690274
0.322651
-0.139959
-0.656320
0.320692
-0.292251
-0.172309
0.013573
0.320880
0.140013
-0.124899
-0.166559
0.051358
0.188840
0.003418
0.412589
0.007888
0.437405
0.560589
-0.049962
0.033510
-0.557659
0.310641
-0.001895
-0.258393
0.203221
-0.089761
-0.300983
-0.037089
0.409064
0.400455
-0.344224
0.077541
-0.122423
-0.689406
-0.438681
0.397960
-0.023687
-0.552677
-0.204337
0.027076
-0.292112
-0.151739
0.391341
-0.385737
-0.524760
0.410554
-0.134062
0.361669
0.516615
0.152360
-0.286696
-0.444872
0.201024
-0.375975
0.445822
-0.290498
0.182565
-0.381071
0.441151
-0.544538
-0.529249
-0.279604
-0.706305
-0.387241
-0.264398
0.063953
-0.522319
-0.012946
0.305461
0.169933
0.405265
-0.649578
-0.142121
0.215614
-0.590741
0.439616
0.461829
-0.071174
-0.213706
0.102513
0.183713
-0.195902
-0.463087
-0.573261
0.443520
-0.717653
0.211536
0.461127
-0.056162
0.321756
0.107604
-0.454774
-0.306216
0.396064
0.141321
0.573745
0.624183
-0.319806
-0.453542
-0.138112
0.641540
-0.099517
0.268702
0.026171
0.088258
-0.329000
0.141188
-0.277696
0.064600
0.113296
0.410949
0.189371
-0.562657
0.373453
0.291492
0.296418
-0.316972
0.388033
0.067113
0.479874
-0.214658
-0.146229
0.637082
-0.336530
0.266081
0.533008
0.190629
-0.223834
0.084982
-0.382994
0.310033
0.407860
0.012807
-0.028247
-0.094732
-0.171229
0.479500
0.280881
0.062937
-0.603335
-0.122383
-0.347705
-0.241602
-0.154573
-0.118456
0.155937
0.173353
-0.054248
-0.380398
0.073601
-0.030740
-0.492299
0.338476
-0.229688
0.175755
-0.438743
-0.438764
-0.037990
0.091446
0.652452
-0.413031
0.517923
-0.255871
-0.376990
0.049752
0.651768
0.003437
0.208889
0.126607
0.088125
0.146506
-0.204529
-0.429539
0.102824
0.359233
-0.130556
-0.326735
-0.003829
0.260365
0.880348
-0.376444
0.093679
-0.228558
-0.541384
-0.216257
-0.002736
-0.042840
0.427450
-0.042611
0.457575
-0.444082
0.140811
-0.420032
0.332932
-0.599611
-0.331774
0.545915
0.317278
0.043554
0.148871
0.498634
-0.327623
0.030125
0.090457
-0.737797
0.588790
-0.599230
-0.115869
-0.009553
0.274632
-0.186385
-0.109895
-0.389609
0.029319
-0.096804
0.382917
0.591960
0.075110
0.483798
0.132824
0.338426
0.077035
-0.210516
0.108928
0.426756
-0.329520
0.171252
0.373918
-0.196309
-0.139607
-0.276505
-0.337860
0.502463
-0.463332
-0.574310
-0.262439
0.847413
-0.188796
0.137336
0.562598
-0.322340
0.130635
0.151266
-0.003586
0.181906
-0.112416
-0.153902
-0.337420
-0.077131
0.373808
0.075914
0.345521
0.318697
0.520953
-0.103262
-0.052280
0.383572
-0.067290
0.389076
-0.166549
-0.226400
-0.013405
-0.267904
0.273681
-0.113487
-0.234306
-0.013968
-0.181401
-0.150420
-0.242710
0.427941
0.240798
