-0.121508
-0.098079
-0.530069
-0.037610
-0.025431
-0.019907
0.036787
0.567346
-0.280694
0.027165
-0.182961
-0.237925
-0.041114
-0.499407
0.274457
-0.367331
0.140592
0.169209
0.397158
-0.137591
0.179126
-0.216455
-0.257841
-0.407731
0.181326
0.369189
0.151026
0.168527
0.289352
-0.006906
0.272281
0.124587
-0.286941
-0.302220
0.339819
0.344508
0.122957
-0.217937
-0.713621
0.244803
0.244771
0.199193
-0.236129
-0.124252
-0.270274
-0.083086
0.357981
-0.219953
-0.185734
-0.172788
-0.097337
-0.075863
0.269841
0.095405
-0.071595
0.169395
0.122622
-0.183505
0.408507
0.514467
-0.164946
0.273269
-0.255176
-0.159990
0.457912
0.411297
-0.317221
-0.090358
0.432313
0.201861
-0.159339
-0.130609
0.260409
0.006428
0.480933
0.279001
0.372629
-0.002230
-0.191122
-0.435850
-0.387541
-0.173359
-0.226789
-0.063832
0.394549
-0.070153
0.444398
0.284824
0.204625
0.049852
-0.079050
0.153457
0.411563
-0.079193
-0.322934
0.007744
0.263852
0.553394
-0.424672
0.475791
0.726483
0.027251
0.112182
0.156693
0.335089
-0.340450
-0.419363
-0.458406
0.390372
0.221774
0.378833
-0.374033
-0.199945
-0.092771
0.355242
-0.186336
0.016050
-0.440638
0.303019
-0.625644
-0.529998
0.133855
0.011495
0.154432
-0.342016
0.219320
0.315991
-0.341023
0.428156
0.178985
-0.644953
-0.024356
0.199501
0.228088
-0.466295
0.567075
0.007571
0.131436
-0.379846
0.085972
0.728895
-0.342955
0.519702
-0.657971
-0.054182
0.277699
0.402834
0.423953
0.146817
0.346570
0.213445
-0.172700
0.338628
0.196765
0.630710
0.541266
-0.319745
-0.077031
-0.264721
-0.090456
-0.186497
-0.353904
0.353004
-0.315742
-0.050968
-0.407000
-0.332730
-0.151257
-0.520233
0.221269
-0.150169
-0.155412
-0.547872
-0.286287
0.238077
-0.113335
0.274101
-0.041035
0.420658
-0.046756
0.163442
0.598182
-0.195439
-0.102886
0.177506
0.169079
0.509165
0.182939
-0.140729
-0.461159
0.515717
0.063202
0.025891
-0.399011
0.465963
0.360816
-0.483941
-0.349103
0.211953
-0.364073
0.356110
0.300947
-0.095709
-0.037088
-0.330417
0.559048
0.020994
-0.180461
-0.070469
-0.094249
0.040337
-0.079507
-0.225902
-0.214496
0.416705
-0.162529
0.028791
-0.410405
-0.313167
-0.030718
-0.219416
-0.645231
0.261337
0.202295
-0.183576
0.280253
0.064622
-0.235263
-0.154884
0.163820
0.636705
0.455959
-0.074548
-0.104525
-0.347521
0.182528
-0.228936
0.086908
-0.649974
-0.344793
0.113282
-0.051279
-0.407280
-0.072108
-0.525203
0.185226
0.327343
-0.375720
0.461412
0.193532
-0.221049
0.251740
-0.238836
-0.466794
-0.318231
-0.487434
0.058764
0.251216
0.430123
0.058979
0.705412
-0.344752
-0.410189
-0.470793
0.807289
0.089801
0.020452
0.498078
-0.347166
0.014698
-0.138487
-0.186378
0.483025
0.263339
-0.441397
-0.274528
-0.025035
0.005288
-0.380499
-0.013806
0.099780
0.407666
0.563353
-0.041119
-0.069710
-0.013740
0.373461
-0.044378
0.156594
-0.171480
-0.131740
0.066498
0.015531
-0.447143
-0.545704
0.322209
-0.620784
-0.009930
0.378962
-0.538126
0.290187
-0.177241
-0.507091
0.413935
0.164935
0.013496
-0.198352
0.623662
-0.330158
-0.162525
0.078347
0.216128
-0.471445
-0.006862
0.481267
0.506743
0.034813
0.152002
-0.305304
0.494066
0.317258
0.140175
-0.494560
0.205541
0.425244
0.193776
-0.313943
-0.044258
-0.493815
0.039843
0.142677
-0.419817
0.150743
-0.000374
-0.064339
-0.456909
-0.584277
0.369823
-0.292429
-0.049193
0.326783
0.705546
-0.314644
0.008388
-0.097990
0.231235
0.218964
0.037144
-0.456454
0.086032
-0.346373
-0.179125
-0.038698
0.302616
-0.217071
0.064048
0.178573
0.131668
0.374271
-0.178986
-0.149564
-0.356060
-0.281950
-0.193626
0.366056
-0.067012
-0.277252
0.236276
-0.057802
-0.079841
0.371902
0.033595
0.380975
0.145738
-0.033524
0.535199
-0.173197
-0.301204
0.255129
0.304786
-0.035942
-0.144249
-0.160737
0.147893
-0.156724
-0.632029
0.331778
-0.383197
0.515138
-0.173488
0.038386
0.376463
0.281327
0.504486
0.583665
0.598804
0.063403
0.116744
0.251303
-0.183897
-0.038305
-0.675188
0.368814
0.290558
-0.304355
0.254739
0.385905
-0.448727
0.076567
0.300819
-0.284685
-0.196441
0.510502
0.593317
0.131923
-0.132253
-0.095054
0.364242
-0.237091
0.018633
-0.065973
-0.062219
0.089890
-0.111305
0.564039
0.307657
0.415629
-0.749619
-0.082323
-0.467328
0.505711
-0.084615
-0.359189
-0.153794
-0.147216
0.194971
-0.166201
-0.344406
0.452857
0.122885
-0.054536
0.597586
-0.449066
-0.353399
0.380425
-0.166796
-0.035718
0.530218
-0.459882
-0.520450
-0.443053
-0.081914
0.304843
-0.551558
0.164478
-0.233422
-0.258654
0.014777
0.565361
-0.171961
-0.076446
0.543950
0.132598
0.605338
0.363855
-0.441786
-0.688348
0.236308
-0.539050
-0.166813
-0.130976
-0.198773
-0.574265
0.384975
0.416528
-0.058533
-0.095308
0.149847
-0.088095
0.199369
0.147274
0.123644
-0.215644
-0.183824
0.332565
-0.490802
0.103153
-0.758091
-0.471796
-0.038166
0.156340
0.391260
-0.047577
-0.398671
0.282390
0.110121
-0.201455
-0.064122
0.222944
-0.126742
0.636845
0.171182
-0.445224
-0.363093
-0.530570
-0.054626
0.266478
-0.424170
-0.208771
0.590142
0.584842
-0.427655
-0.548964
-0.463357
-0.204746
0.387427
0.501446
-0.425325
-0.109226
0.375103
0.171577
-0.269598
0.659544
-0.135912
0.477603
0.452016
-0.534319
0.011638
-0.522790
0.137437
0.267825
0.270330
-0.042183
-0.044000
0.345797
0.364989
-0.474219
-0.232066
-0.081756
-0.092366
-0.072381
0.196189
-0.263764
-0.739885
0.459168
-0.044069
-0.656320
-0.057559
-0.234760
0.365438
0.336281
0.146771
0.237877
-0.190817
0.558003
-0.016102
-0.566008
0.461516
0.173274
-0.079597
0.130605
0.152922
0.076121
0.205253
0.564963
0.280687
-0.674696
0.090862
-0.675121
0.455493
-0.019900
-0.182570
-0.189274
-0.104657
0.009763
-0.343636
0.026739
0.318402
0.651934
-0.456348
0.722925
-0.439760
-0.235117
0.036992
-0.482916
0.325421
0.089368
-0.464099
-0.653087
0.502497
0.172740
-0.026156
0.229630
-0.039231
-0.196119
0.364213
-0.034386
-0.573121
0.096649
0.225977
0.277886
-0.152613
-0.472801
-0.415983
0.134678
0.402522
-0.870877
-0.298483
0.343554
-0.294151
-0.090693
-0.340998
0.594815
0.897074
0.129534
0.488618
-0.080997
0.182864
0.271499
0.437735
0.443381
0.173847
0.117901
-0.628529
-0.824579
-0.341254
0.136564
-0.635526
-0.197965
-0.387941
0.113955
0.108487
0.134186
0.375877
0.100039
0.139266
-0.562654
-0.204929
0.292034
0.322565
-0.059271
0.421224
0.473387
-0.083402
0.088577
-0.398380
-0.109127
-0.259366
0.570085
0.165535
0.193865
-0.149281
-0.365787
0.680286
-0.325048
0.600619
-0.312901
0.358544
0.285496
-0.172047
-0.312633
0.036369
-0.024314
0.123029
0.503278
0.448869
-0.314073
-0.271567
0.075867
-0.758308
-0.396157
0.200442
-0.300359
-0.462598
-0.053924
0.121326
-0.176264
0.002853
0.259718
0.314048
-0.434519
0.164697
0.042544
0.118260
-0.073959
0.561852
0.192618
-0.313251
0.305864
0.340850
-0.017592
0.311164
-0.540032
0.373032
0.143750
0.230029
0.241465
-0.058679
0.484462
-0.187772
-0.270249
-0.558227
-0.404906
-0.563195
0.250893
0.318307
0.401322
-0.088479
0.519143
-0.334699
-0.018702
0.002908
-0.365718
0.195576
-0.211650
-0.377283
0.059113
-0.146107
-0.081253
0.477172
0.586626
0.243117
-0.050630
-0.249799
0.118714
-0.392179
0.651918
-0.699506
-0.170737
-0.002744
-0.439471
-0.304620
-0.281106
-0.328782
-0.353259
0.053076
0.141034
0.007658
0.133623
-0.161723
-0.163612
0.737084
-0.052837
-0.630266
-0.460406
0.656920
0.230022
0.668539
0.492147
-0.856083
-0.504378
0.233567
-0.049110
0.192486
-0.325776
-0.318837
-0.514015
0.057969
0.159098
-0.236229
-0.200231
0.275976
-0.422089
-0.633048
-0.421715
0.006625
0.109006
0.193017
0.117515
-0.310799
-0.178920
0.152250
-0.311903
-0.128991
-0.184999
-0.342376
0.591666
-0.150734
0.228539
0.140528
-0.209968
0.474496
0.113883
-0.679822
-0.395361
0.484950
-0.173160
0.178986
-0.256391
-0.351540
-0.077379
0.131189
-0.131418
0.503981
-0.237508
0.455397
-0.026647
0.423130
-0.103060
-0.365993
0.071870
0.096125
0.316127
-0.069460
0.114054
0.190113
-0.268606
0.097458
0.020645
-0.064676
0.339377
0.281780
-0.199338
0.190453
-0.423798
-0.239742
