-0.117287
3.404452
-4.448675
-2.655926
-2.892942
1.462290
-3.881876
0.622677
-1.695972
0.718730
-1.158128
-1.251459
-1.208832
-2.509552
-3.208626
-0.482338
5.535960
-1.246040
-0.975374
-0.943370
2.427586
0.867389
-0.319005
-0.799663
-3.001493
4.891617
-2.126772
2.846367
-0.417145
2.194627
-5.069145
-5.678931
0.078478
0.443892
0.277891
0.569568
-1.135243
-0.158713
-3.996107
-0.073741
-4.082205
-1.003243
2.586254
-0.782120
-1.384991
-0.540623
-11.536147
0.454833
12.550092
-0.372350
0.416848
0.042171
-0.335326
0.009297
0.051761
-0.207303
-6.004475
0.248736
2.847363
-2.598668
0.629009
0.425889
-2.636815
4.302023
2.744096
0.985585
-3.775253
-0.951475
-1.399992
3.661844
0.853953
-0.679201
-1.431389
-1.747082
-0.892897
-0.181475
-2.350829
-0.851100
0.926830
0.380038
-1.133076
-2.347350
-4.111182
-0.655481
-5.458351
-1.820548
-9.216267
-1.278708
2.960930
-2.614934
0.022689
-1.957428
1.524075
0.153963
-1.454890
6.255215
-6.579806
-2.781647
-2.571692
-1.892244
-3.006547
-1.351549
3.674808
0.318855
-0.217251
-0.790596
-0.316364
2.714710
0.002130
-3.066831
-2.240064
2.231655
1.900658
-3.197304
0.531165
-6.219752
0.326236
1.115219
1.972666
0.872446
7.439699
2.318471
-2.067460
0.984674
7.189122
1.749040
0.329808
1.729071
-2.600063
-1.296473
-2.462318
-2.691175
-0.346578
0.842501
3.238775
0.667419
-2.792129
-0.743420
-2.895051
-0.402602
3.870039
1.366519
-2.773831
-3.000454
2.534380
3.314963
-3.330961
-0.394008
2.844098
5.929756
3.244933
-0.648839
2.270309
-0.610769
3.466644
1.866658
1.032027
1.581362
7.989279
2.991832
-0.021676
-3.347191
5.525090
-2.971953
-0.989936
-1.055877
0.784340
4.369767
-1.895816
1.051474
1.174361
-0.664877
3.115727
6.601863
-1.932323
-1.845660
2.422427
-1.811248
2.117073
4.509937
-1.298758
3.155744
0.354214
1.853659
-2.252987
1.369623
1.018093
-1.092281
-0.459180
0.924281
1.479304
1.671168
3.214110
-0.844102
-6.008979
-0.600439
3.679533
0.792533
-4.504036
1.203630
4.796914
-2.893039
-3.071465
-2.753523
-4.270512
1.958192
-2.560706
-2.826391
-0.132589
2.443361
0.607029
4.113531
2.445157
5.136215
-3.350718
-5.197632
-2.715505
2.047994
-3.081374
0.049310
4.890770
-1.342816
-4.667257
-3.858194
-0.554461
-7.308581
3.898610
-5.369461
-2.838815
0.363709
-3.620820
4.925817
-7.514023
-0.816618
-5.503562
-2.761678
1.188573
2.783548
-2.540849
4.665408
-1.917256
-0.663596
-0.615890
-0.354685
-4.728991
4.112636
1.856466
-10.104288
-2.260577
-2.142522
2.645743
3.079268
-0.392849
0.051637
4.414709
3.537385
2.289485
0.448681
-2.195157
-0.759281
2.734987
-1.083111
6.973687
2.537191
-8.587438
0.278786
-5.455288
5.577193
0.131788
-2.927787
-4.613924
0.500069
1.668698
4.799051
3.447327
4.663422
-4.780108
-0.938308
-3.760149
-4.699058
-3.043014
-4.126788
6.772401
0.031363
0.104840
-3.608365
4.247747
0.062531
1.159642
-0.216181
-3.307929
3.865836
1.612111
5.493046
2.282119
2.850388
-0.872964
1.640410
-0.215294
3.091822
14.598102
2.297928
3.485244
-0.249537
1.036558
-0.886145
-2.061994
2.733785
-3.210208
0.117219
0.403970
2.788321
-5.361132
-0.839286
0.377876
-1.764923
1.978165
-2.138308
0.518152
1.966439
0.224699
0.599266
-1.292475
-2.895990
-6.726782
1.443311
-6.187171
3.551498
-2.816728
0.420486
0.677912
-1.203477
-8.750842
5.327192
4.606108
-0.796048
-2.569653
-3.225485
-1.867222
-2.741295
2.199270
-1.687388
1.009604
1.761274
-1.306926
4.192755
0.900228
1.571910
0.460101
4.119789
-4.482852
-0.063173
-1.502897
-5.434114
-2.488787
-0.621261
4.957081
3.238757
4.122354
-4.792646
-1.387198
-2.525058
1.528330
-1.958751
2.816043
1.136994
1.892505
6.113261
-4.769153
1.560261
1.698814
-2.566118
0.711700
3.405114
5.131570
-2.364170
0.550147
-3.318707
-1.863969
-2.212554
3.296304
1.488598
1.677338
-3.982910
-2.166951
2.543530
-1.239937
1.588951
-0.949671
-2.231797
-4.931663
-0.733429
0.230785
0.626074
-7.443532
1.390470
-0.829634
1.220680
-5.856454
-2.915736
0.823404
3.322191
-3.408328
-3.600009
1.924425
0.493566
-6.692407
-1.674880
1.436265
-1.391774
-1.309979
-0.287579
-0.324852
-3.083537
-8.104073
4.692071
5.239739
4.606208
-0.566094
1.876194
0.617314
5.624808
2.310989
-0.978488
-4.614948
-5.900835
-7.941563
-2.997244
-6.870850
-1.570793
2.448080
0.902040
-4.601790
9.317867
2.763174
-9.131644
-0.175150
-2.651860
-2.183660
2.717086
3.029022
-1.658891
0.908050
3.998108
1.884762
0.064663
5.470848
-2.527859
1.519575
-2.382134
2.821716
0.548502
4.510968
0.313435
-2.972082
-1.580147
3.914766
-3.350218
-0.026823
1.298032
3.021164
-3.391193
4.542561
-4.546710
-2.230972
-2.992768
5.860253
-4.387486
0.100329
-2.241614
-1.928058
-3.832342
-4.522338
-1.237593
-1.065602
1.143625
-1.533090
-1.789538
4.905553
-2.237157
-0.466216
-1.719243
5.604231
0.094058
-7.008099
3.030508
-1.511436
5.584869
-0.955910
1.292699
-0.442147
3.820331
1.886363
-0.989928
-5.852850
1.415586
1.526932
0.057658
2.957577
-0.400245
-3.275892
1.666319
0.362983
2.700754
0.719365
-2.776114
-1.118767
4.575977
3.548126
2.069850
1.052182
-0.260604
-0.390061
2.211762
6.572050
-1.081808
1.327025
1.483352
1.940916
4.823973
1.483830
3.048466
2.939404
-0.325966
-3.996782
-0.794146
-3.841873
-2.587742
3.780103
5.187425
-1.428745
1.517018
5.098634
-2.032697
7.340518
2.096599
-5.868361
-2.400892
-4.648172
1.700893
-4.282516
-1.541506
-8.575828
-4.552625
-1.658538
0.576020
-4.856583
3.169288
5.096018
-1.881429
-5.930451
2.407196
-4.925171
-9.556016
2.439045
4.818618
-6.102032
-0.791630
2.148666
-1.007223
5.377344
-0.144234
-2.814558
4.361226
-1.001488
2.468940
-3.521441
2.116707
2.171531
0.370988
-0.816305
3.348168
2.201910
-5.916292
4.294477
-0.890479
1.406919
-3.439771
-0.566856
-0.938108
-0.701804
2.292543
-0.925337
-0.523897
2.129754
-1.501700
-9.625836
-0.902616
-3.471782
-3.517619
-6.004422
-0.904568
-2.657297
4.672678
0.476813
4.073517
-4.348663
1.148190
-0.293676
1.428493
-5.573053
1.265139
0.423442
0.364734
-1.604838
3.074572
3.458643
2.312489
-1.355620
1.850321
2.247756
1.049428
0.944302
1.028776
-0.155044
0.019437
-0.320289
-0.148586
-2.956327
-5.661610
-4.667266
-2.256549
2.353057
4.434524
-1.841467
1.280762
-0.691938
-1.901543
-2.702425
-0.358195
2.851674
-0.390062
4.433055
-3.438977
-4.797328
1.850418
0.067235
-1.805313
-1.192632
-1.730249
0.366375
-0.520072
-0.514389
7.755863
-2.808408
-1.187145
3.598750
-1.504963
1.019116
-2.841677
-2.240030
5.043670
0.476411
3.317429
-0.038260
0.330729
-1.452380
-2.567437
-1.098371
1.741201
9.615713
-0.208516
2.374374
-1.244220
-1.969561
-0.320720
-2.317290
-0.602178
-0.767745
-1.518174
2.156044
4.410046
-3.012084
3.272544
3.196533
2.767293
4.219531
5.267029
-2.663540
-6.438752
2.347143
2.137939
-1.300926
-3.520795
-2.223675
3.732216
-3.807490
-3.443830
2.939396
2.053749
-8.317005
0.876661
1.780444
-0.904342
2.068818
3.484079
5.312751
2.031548
6.136897
2.978975
-3.511423
5.121094
-0.041480
-6.600324
2.884425
-1.505433
-1.250594
-2.083099
-4.923499
-2.143430
2.008947
-0.707879
-4.406528
3.917095
1.819208
2.617059
-3.330617
-7.392749
7.516143
-0.798052
-3.446894
3.214467
4.430737
2.866036
-0.430236
-3.397124
4.171967
-4.112839
-4.832455
2.932078
-1.133699
-7.723511
0.136362
-0.103583
0.274473
-0.908718
11.244669
-0.808754
2.309196
4.304836
-1.529767
-0.884380
1.819174
-3.583932
-1.866843
2.940841
-4.226231
-3.221251
-2.863906
-1.245270
5.741635
6.247584
2.468474
-2.664849
-1.118748
-0.108572
1.027833
2.171909
-3.204987
0.195403
4.404703
-0.395570
2.564342
2.663051
-2.209028
-5.048693
1.956964
2.003276
-1.412206
-1.002817
-5.289911
