0.540620
0.295917
-0.320151
0.109921
-0.429088
0.499695
-0.082377
0.478031
0.214811
0.103342
-0.041573
0.032124
0.077946
-0.475898
-0.489410
0.287755
-0.741059
-0.229292
-0.186602
-0.139174
-0.229512
-0.096544
-0.175463
0.289592
0.270045
-0.297549
0.134261
0.223750
-0.365552
0.062484
-0.303497
0.503098
0.562590
0.499468
0.265232
0.365367
0.299667
-0.342713
0.113522
-0.603234
0.272732
-0.113269
-0.173684
0.322146
-0.615155
-0.267915
-0.460615
-0.576334
0.571164
0.592664
0.545346
0.001139
-0.453319
0.189727
0.387064
0.053495
-0.176801
-0.119322
-0.114603
-0.220019
0.204311
0.175243
0.079485
-0.599425
-0.201657
0.307646
-0.595120
0.041043
-0.397682
-0.218883
-0.511487
-0.410727
0.108523
-0.169442
0.000052
-0.146114
-0.326736
-0.528161
0.421521
-0.274605
0.217893
0.366339
-0.447922
-0.338136
-0.403292
-0.344938
-0.103695
0.022839
-0.193710
-0.012057
0.056975
-0.102270
0.036424
-0.322291
-0.409789
0.162837
-0.401999
-0.204593
0.315565
-0.504286
0.745090
0.365861
-0.141145
0.128180
0.078749
-0.391437
-0.404229
-0.556777
-0.139180
-0.191747
0.236810
-0.039076
0.394245
-0.384702
-0.109879
-0.388778
0.405777
-0.254547
0.177815
-0.465918
-0.224577
0.559679
-0.063752
0.067844
0.169825
-0.190893
-0.156357
-0.251209
-0.121842
0.201191
-0.235607
-0.090519
-0.062654
-0.189592
-0.203032
-0.536203
-0.094592
0.174125
0.657906
0.007534
-0.276244
0.246181
0.589490
0.269142
0.042046
-0.161428
-0.248966
0.260595
-0.387688
-0.518032
0.082185
-0.371058
0.113390
-0.287603
-0.507556
0.206194
-0.235849
-0.458548
0.578386
-0.130672
0.411358
0.118598
-0.453866
0.516533
0.341046
-0.562019
-0.096413
-0.157392
-0.430532
-0.633534
-0.455505
0.420644
0.349180
0.071999
0.227358
0.074570
0.559501
-0.602755
0.327523
0.136693
-0.021476
0.708361
0.200319
0.079147
0.431098
-0.012803
0.139602
0.037267
-0.175423
-0.486064
0.462142
-0.270005
-0.233478
-0.236982
0.313744
-0.387272
0.436476
-0.153803
0.252554
-0.611936
0.184614
0.198627
0.178178
0.151611
-0.419695
0.010379
-0.166365
-0.176074
-0.557805
0.036180
-0.043443
-0.110911
0.533213
-0.175833
-0.010386
0.549532
0.235536
-0.185469
0.342775
-0.374617
0.139975
0.429538
0.168420
0.067452
-0.074363
0.246165
0.245364
0.189512
0.527372
-0.368148
0.042751
0.396232
-0.155172
0.470031
-0.455283
0.364802
-0.170738
-0.182109
-0.313819
0.571771
0.125869
0.278801
0.399684
0.040990
0.334092
0.489995
-0.379710
-0.242746
0.389279
-0.364561
-0.256739
0.662902
0.038324
0.316538
-0.472439
0.546728
0.347899
0.458510
-0.078375
0.281378
-0.128011
-0.171995
0.546989
0.086858
-0.178936
0.285087
-0.337459
0.032668
0.002294
-0.300926
0.489813
-0.418732
0.325034
-0.380869
-0.086526
-0.180794
0.073931
0.196139
0.403510
-0.330928
0.577354
-0.101149
-0.207108
-0.308800
0.010074
0.398485
-0.150697
-0.311225
0.299363
-0.329764
-0.051631
-0.166662
0.164084
-0.896899
0.494288
0.003627
0.522439
0.207687
-0.502705
0.217807
0.285327
-0.329726
0.176421
-0.303538
-0.175844
-0.135455
-0.299732
0.213534
-0.376619
0.501415
-0.355320
-0.165432
-0.368485
0.446086
-0.532087
-0.288927
-0.562529
-0.657553
-0.275958
0.260864
0.063422
0.132110
0.509582
0.322702
-0.098486
0.278726
0.406934
0.082337
-0.044045
-0.166475
0.029594
-0.349032
0.041475
0.311640
-0.264945
0.223359
0.466056
0.575451
0.378494
0.264334
0.085773
-0.377865
0.517921
0.417102
0.119202
-0.425233
0.060855
-0.279060
0.298723
0.221973
-0.565551
-0.384465
0.585427
0.094180
-0.014976
0.455056
-0.173386
0.211910
-0.032341
-0.088415
0.192384
0.697169
-0.037309
-0.055930
0.575759
-0.706879
0.134487
0.528326
0.133406
-0.298363
-0.104300
-0.015343
-0.028536
0.174001
-0.109149
-0.190798
0.294295
-0.187198
-0.093957
0.708466
0.280270
-0.207672
0.043386
0.420502
-0.485651
-0.424731
-0.006029
0.088798
0.338541
0.088807
-0.272061
0.015811
0.525836
-0.117004
-0.426362
-0.124998
-0.132144
0.365830
-0.120546
-0.561497
0.106715
-0.218464
-0.251550
0.413229
-0.058563
-0.526532
0.489430
-0.329912
0.120488
0.386795
-0.597002
-0.196619
-0.242317
0.447378
-0.377301
-0.051682
-0.236190
-0.351857
-0.172064
-0.503506
0.408564
-0.088714
0.274978
0.212151
0.162563
-0.033980
-0.356627
-0.090268
-0.240065
-0.358141
0.243621
0.099183
-0.639659
-0.407469
-0.329446
-0.109479
0.173497
0.417333
-0.005232
-0.420327
0.514788
0.728253
0.529257
-0.262453
-0.007529
-0.251570
0.170625
-0.586191
0.411990
0.279662
0.279916
-0.372999
-0.275214
0.007929
-0.063038
-0.219710
-0.184198
-0.330942
0.191355
0.249822
-0.174945
-0.037162
-0.258899
-0.320602
-0.510919
0.480042
-0.129233
-0.381632
-0.495645
-0.377665
0.070152
-0.373303
-0.264445
-0.163965
0.728577
0.090238
-0.255294
0.342752
-0.034341
0.107447
0.043815
0.109710
-0.402587
-0.257789
-0.580937
-0.548828
0.554343
0.036739
-0.455974
0.200162
-0.152053
0.170988
-0.162913
-0.013569
0.083777
0.123335
0.062647
0.054388
0.294599
-0.370965
-0.174621
-0.208720
0.055989
0.295010
0.044346
-0.251691
0.093051
-0.420933
0.393557
0.335423
-0.075272
-0.227782
0.127469
0.030795
-0.464075
-0.487843
0.055504
-0.155719
-0.410832
-0.274205
0.476416
0.006233
-0.251501
0.424927
0.077816
0.174225
0.983355
0.194967
0.716197
-0.712462
0.147688
0.119127
-0.588164
0.324311
-0.319689
0.344219
0.425151
-0.284155
0.263223
-0.372688
-0.593530
-0.531092
0.367189
0.361295
0.192091
-0.154501
0.170049
0.386411
-0.168000
0.117953
-0.021048
-0.688346
0.133894
-0.255008
-0.235737
0.064383
0.480000
-0.042501
-0.268246
-0.119082
-0.496212
0.049147
0.082233
-0.166099
-0.349998
0.130861
-0.313367
-0.193552
-0.212825
-0.499756
-0.283550
0.092941
0.146474
0.247924
0.199472
0.497623
-0.073070
-0.504761
-0.498693
0.417633
0.205020
-0.277936
-0.354548
0.078112
-0.443093
0.041890
0.838867
-0.387046
0.446989
-0.027342
-0.501407
-0.246879
-0.454200
-0.051374
0.253357
-0.077667
0.123952
-0.394974
-0.058471
-0.203684
0.115572
-0.152263
-0.381173
0.055424
-0.372501
-0.457240
-0.725576
-0.275223
-0.375700
0.376389
-0.103941
0.285159
-0.226109
-0.271142
-0.310930
-0.374648
-0.656604
-0.469797
0.148574
0.417611
0.472188
-0.420462
-0.066882
-0.408762
-0.169039
0.380468
0.487800
-0.285020
0.297352
-0.039675
-0.740715
0.125775
0.304960
0.079188
0.587856
0.117593
0.204872
0.255859
-0.517132
0.565327
-0.081568
0.333859
-0.171147
0.521755
0.077947
0.116780
0.268702
0.128452
-0.195873
0.104779
0.278935
-0.068775
-0.300317
-0.232222
0.430655
0.531722
0.409973
0.528492
-0.594288
0.057359
-0.261402
-0.105125
-0.347913
-0.298440
-0.160218
0.537488
0.172358
0.083112
0.196311
-0.041309
-0.312220
-0.661374
-0.266718
0.288884
0.247679
0.045953
0.043334
0.418646
-0.066668
0.113304
-0.017732
-0.135078
0.195267
0.306099
0.060937
-0.434224
-0.056439
0.702260
0.122938
0.027013
-0.177169
0.085141
-0.557256
0.148784
0.031146
-0.022399
0.711724
-0.053383
0.302908
0.437117
-0.182153
0.190037
0.051771
0.110093
-0.682193
-0.505514
-0.990806
-0.050596
0.265207
0.287671
-0.340495
-0.563070
0.023250
-0.532573
0.028071
0.596848
-0.800131
-0.278950
-0.317330
-0.505898
-0.398196
0.170771
-0.038568
-0.385482
-0.339557
0.323946
-0.533360
0.199421
-0.299470
-0.085119
0.122672
-0.235292
0.455224
0.044842
0.002956
0.201226
0.192853
-0.316511
-0.263334
-0.158418
0.457666
-0.131428
-0.278015
0.490356
0.126347
-0.046772
0.480801
0.474222
0.144010
0.149319
-0.558750
-0.369900
-0.049110
0.189042
-0.309724
0.011218
0.181780
0.356721
0.245255
0.400337
-0.230925
-0.147486
-0.146229
0.099953
0.096966
0.227207
0.066741
-0.160235
0.681770
0.034609
0.450390
-0.709719
-0.151175
-0.444867
-0.225406
-0.391741
-0.164749
-0.366533
-0.346008
-0.474215
0.052365
-0.701316
-0.105174
-0.039432
0.332580
-0.128523
-0.338015
0.348574
-0.454616
0.406625
0.245713
-0.337420
-0.099304
0.571179
0.147434
0.636985
-0.001813
0.474823
0.502923
-0.202190
0.169005
-0.142386
-0.256088
-0.509441
0.287323
0.135822
0.425027
0.418635
0.122190
-0.566546
-0.430350
-0.121321
0.089881
-0.014792
0.340699
0.368828
