-0.156025
0.001784
-0.208060
0.498766
-0.144896
-0.293846
0.320604
0.286211
-0.120205
0.033928
0.021522
-0.523408
0.344030
0.362911
-0.011068
-0.004205
0.116837
-0.200217
0.381517
-0.402676
-0.447932
-0.388544
0.260946
-0.264703
-0.029088
0.580649
-0.444881
0.175960
-0.047819
0.208665
0.079316
-0.439417
0.289422
0.274615
-0.239674
-0.109535
0.119665
0.206464
-0.076019
-0.274780
0.123172
0.252869
-0.330391
-0.024798
0.265454
-0.433789
0.165831
0.447129
0.151413
-0.281437
-0.178611
-0.103173
0.268564
-0.155114
0.366382
-0.086559
-0.410341
-0.072702
-0.189385
-0.429691
-0.227748
0.076768
0.011901
-0.189562
-0.116689
0.392894
0.329914
-0.441606
-0.327264
-0.281471
0.236349
0.016576
0.268829
0.422343
0.478186
0.195496
-0.057827
0.109942
-0.393075
-0.125642
0.362456
0.273960
-0.175119
0.338792
-0.369415
-0.165659
-0.235777
0.032593
-0.148501
0.177377
-0.272264
-0.022710
0.102484
-0.149187
0.587693
-0.241399
-0.235613
-0.614990
0.642722
0.384497
-0.316125
0.041894
0.061468
0.263875
-0.161534
-0.579156
-0.134415
-0.500910
0.406062
0.096000
-0.190182
-0.290971
-0.218128
0.073576
0.059451
-0.021622
0.211346
-0.139728
-0.542631
-0.183518
0.361456
0.333945
-0.107567
-0.116807
-0.556697
0.613881
0.067796
-0.081715
0.116964
0.190036
0.312478
-0.405037
0.218409
0.152576
-0.569264
-0.555907
-0.102995
0.379428
0.000125
-0.389329
-0.357569
-0.263968
-0.265488
-0.052976
-0.731598
-0.059356
-0.014135
0.249421
0.337872
0.067717
0.266518
-0.345856
0.252574
-0.122676
-0.309377
0.513573
0.044646
0.185540
-0.081462
0.308058
0.221064
0.326018
0.442266
0.123189
0.275479
-0.460645
-0.300013
-0.256007
-0.234627
-0.171444
-0.355054
-0.073765
-0.399659
0.288347
0.360829
-0.387004
0.310020
0.760331
-0.478675
0.369539
-0.095803
-0.301297
0.211298
-0.433602
0.600696
-0.255592
-0.372881
-0.313405
0.411795
-0.410347
-0.016121
-0.094358
-0.378335
-0.222536
0.292020
0.407280
0.013715
-0.470710
-0.328052
-0.595426
0.241689
0.120181
-0.308291
0.133236
-0.389935
-0.512779
0.049224
-0.112679
0.214987
-0.455386
-0.304273
0.264102
0.364124
-0.275799
-0.571673
0.333290
-0.428648
-0.344321
-0.371587
0.793837
-0.556481
-0.402824
0.049212
-0.711095
-0.458822
0.311104
0.169462
-0.479028
-0.285488
-0.207432
0.138452
-0.477155
0.494538
0.054637
0.601869
0.052923
-0.008056
0.264082
-0.415243
0.218019
-0.341084
0.082095
-0.537792
0.102374
-0.481359
0.591896
0.573952
-0.172588
0.532956
0.131604
0.205133
-0.236109
0.342635
-0.014671
0.339325
-0.432258
0.697364
0.427286
-0.560703
-0.014273
0.190684
-0.326210
0.028101
-0.345386
-0.188669
-0.265720
-0.160262
-0.107890
0.168089
-0.329925
-0.279184
0.321589
-0.140776
-0.112000
-0.277476
0.412820
0.233121
0.181385
0.222223
-0.077470
0.016448
0.181292
0.575955
-0.103614
0.656634
-0.018907
0.044171
0.057039
0.587293
-0.390081
-0.168637
-0.031952
0.420554
-0.855484
-0.267006
0.558921
0.124495
-0.606331
0.416785
0.138215
0.188890
-0.533840
-0.500641
0.180617
0.089850
-0.365191
-0.093348
0.288346
0.609290
-0.688020
0.228670
0.384294
-0.305582
0.575676
0.349215
-0.187149
0.055056
0.290364
0.157011
0.281575
0.340791
0.458582
-0.101229
0.684534
0.046423
0.371134
0.112425
-0.249888
0.234797
0.302836
0.169412
0.154981
-0.544926
-0.075225
0.272473
0.137921
-0.014876
0.495784
0.578909
0.398826
-0.818176
-0.703700
0.244491
-0.388264
0.228857
-0.462715
-0.228990
0.324723
-0.229145
-0.133171
-0.246603
-0.133915
-0.108327
0.176135
0.098398
-0.297386
0.136262
0.353983
0.160819
0.038376
-0.320324
-0.226948
0.688867
-0.255833
-0.589516
0.130245
0.248619
-0.562069
0.073067
-0.121968
0.016536
0.366389
0.183196
0.299373
-0.101033
0.151360
0.495887
-0.026735
0.056471
0.192498
0.254140
-0.255660
0.053203
-0.275360
0.246782
-0.079471
0.210022
-0.250250
0.012380
-0.666896
-0.296875
-0.223478
0.335016
-0.406752
0.082987
0.761568
-0.143290
0.155374
0.423770
0.425499
-0.352431
-0.137379
0.070867
0.436075
0.684009
0.270827
0.170222
-0.259066
-0.484231
0.472418
0.049172
0.086391
-0.242317
-0.032629
-0.090299
-0.011768
0.010125
0.223891
-0.224627
-0.179827
0.381360
-0.275482
-0.063988
-0.000590
0.340492
0.534893
-0.252579
-0.144825
-0.194712
0.025748
-0.037160
0.122586
-0.337455
-0.000743
0.237345
-0.376496
0.416823
-0.175588
0.149003
0.369239
0.366361
0.324586
0.184134
-0.348076
0.384858
0.499544
0.005555
-0.095577
0.410903
-0.040934
-0.221966
-0.026213
-0.338861
0.328371
0.439782
-0.487745
-0.469046
0.214520
-0.262436
0.322257
0.516271
0.259128
-0.544772
-0.242626
-0.584415
-0.075430
-0.338150
-0.302943
0.294360
-0.375349
0.368453
-0.095779
0.656613
0.046202
0.276445
-0.309214
0.416842
0.288045
-0.337402
0.066274
-0.524366
0.066756
-0.365912
0.060387
-0.440276
0.097714
0.039860
-0.262744
-0.117095
0.056827
-0.496959
0.149583
0.384659
-0.073522
0.160992
0.453165
0.017777
-0.479589
-0.112671
-0.185908
-0.461934
0.232426
-0.117868
-0.197623
-0.562282
0.118686
-0.708729
-0.406656
0.355425
-0.295591
0.467824
0.272825
-0.211573
-0.074397
-0.520616
-0.238512
0.453590
-0.376575
0.000767
-0.284752
0.007494
-0.390087
-0.247703
0.062667
0.125590
0.183524
0.805815
0.224204
0.069818
0.100699
-0.009129
-0.200295
-0.095574
0.139605
0.137819
-0.434795
0.351793
-0.280133
0.365198
0.040284
0.169413
0.115844
-0.099814
-0.231199
0.408934
0.251378
-0.038463
0.096455
-0.042988
-0.370652
0.373540
0.047938
-0.079705
-0.561425
0.097378
-0.390504
0.051530
-0.031768
-0.182973
-0.456787
-0.322797
-0.061742
0.215863
0.413164
0.267269
-0.243038
0.183945
-0.224658
-0.181837
-0.091852
-0.419990
0.462321
-0.023828
-0.069480
-0.644881
-0.160356
-0.166975
0.161939
-0.066537
-0.222208
0.050761
0.418843
-0.059820
0.266506
-0.585094
-0.483816
-0.474201
-0.428366
-0.380382
0.270719
0.186996
-0.160505
-0.065014
0.596202
0.776196
-0.264283
0.326887
0.114864
-0.573440
0.001146
0.185715
0.060370
0.282285
0.148721
-0.417792
-0.074567
0.320039
-0.437575
-0.145907
-0.007956
0.887601
0.363967
0.095648
0.146179
0.467695
-0.157826
0.598884
-0.107753
-0.568332
0.253608
0.100520
-0.578822
-0.463370
0.215828
-0.556606
-0.055667
-0.026279
0.534043
-0.346559
-0.111895
0.335104
0.232841
-0.427380
-0.192850
0.019453
-0.413329
0.130314
0.097757
-0.091124
-0.316478
0.271830
0.068613
-0.080024
-0.300660
-0.525698
0.291389
0.677419
0.087277
0.009403
0.431142
-0.082300
-0.173685
0.020279
-0.467440
-0.027106
-0.234602
0.025324
-0.179684
-0.403155
-0.025699
0.325831
0.171551
0.112549
-0.140946
0.250155
0.384255
-0.489806
-0.018485
-0.253869
-0.393362
-0.552680
-0.322321
0.039764
-0.380169
-0.538025
0.353895
0.072569
0.202332
0.472474
0.405512
-0.565741
-0.164655
-0.202125
0.192323
-0.155067
-0.226378
-0.333049
0.448091
-0.123193
-0.516480
-0.174130
0.124824
0.640585
-0.752924
0.315584
-0.599098
0.254146
0.077142
0.346759
-0.074380
-0.045932
0.039851
-0.108008
0.148438
0.314571
-0.039645
0.345633
-0.497611
-0.464948
0.289825
0.372848
0.337183
0.344059
0.092538
-0.170791
0.263477
-0.000448
0.155910
-0.226954
-0.046910
0.264648
-0.297253
-0.071331
0.421653
-0.620654
0.259712
-0.229249
0.015557
0.016152
0.377940
-0.471289
0.620005
0.319422
-0.005508
-0.425839
-0.234291
0.011414
0.083953
0.133621
-0.041400
0.127730
0.558950
-0.096802
-0.449274
0.086017
-0.296075
0.124857
-0.185762
-0.288470
0.052392
-0.466088
0.177459
-0.557917
-0.243909
0.112685
-0.437857
-0.530516
0.092895
-0.514449
-0.406524
-0.345584
0.070984
0.065078
-0.027820
0.191871
-0.251834
0.120317
0.249772
0.136266
0.073179
0.171252
-0.447177
0.096451
-0.313935
0.291540
-0.168359
-0.269392
-0.200841
-0.514693
-0.268651
-0.306203
0.071264
0.198280
-0.136642
0.206337
-0.232893
0.239404
0.234837
-0.014665
-0.351950
0.042578
0.450322
-0.130931
0.353914
-0.311835
-0.662066
-0.264780
0.218329
-0.298369
-0.575989
0.238652
0.349658
-0.374120
-0.357450
0.615227
0.184110
-0.370633
0.229623
0.194421
0.458008
-0.182342
-0.277426
0.119420
0.541545
0.331733
-0.214657
