0.444133
0.376908
-0.357900
0.335657
0.006612
-0.222490
0.270530
0.301693
-0.270604
0.472545
-0.075898
0.378577
-0.553128
-0.418900
-0.489410
-0.078490
0.463101
-0.229292
-0.186602
-0.379046
-0.153551
-0.128953
-0.210147
0.571825
0.270045
-0.461565
-0.094248
-0.281204
0.367167
-0.141174
0.168377
-0.333938
0.325785
-0.203497
-0.559003
0.122217
-0.242880
-0.342713
0.180473
0.201025
-0.270531
0.136604
-0.157117
-0.158572
0.078263
-0.116505
-0.057796
-0.109647
-0.515621
-0.371604
0.005501
0.273271
0.115284
-0.325754
-0.460915
0.053495
0.103579
-0.283281
-0.033652
0.117129
-0.367997
0.109438
0.327660
-0.783957
0.213438
-0.379335
0.322199
-0.606947
0.351685
-0.366862
0.198386
0.145081
-0.149508
0.739069
0.221374
0.137396
-0.050706
0.141170
0.503147
-0.166258
0.395895
0.209164
-0.522650
-0.154260
0.175755
0.144884
0.328073
0.055998
-0.193710
-0.159041
0.126016
-0.195234
-0.095882
0.392966
0.474114
-0.506485
-0.366953
-0.489442
-0.032663
0.102089
-0.092719
-0.014570
-0.239948
-0.179798
-0.470683
0.099084
-0.246102
-0.572431
0.289022
0.421857
0.072732
0.085010
0.295004
-0.038909
0.143056
0.055786
0.057079
-0.254547
0.170570
-0.227340
-0.125951
-0.319220
0.122167
-0.301757
-0.375403
-0.227664
-0.074897
0.191850
0.141736
0.466256
0.362879
0.241448
0.308251
-0.108987
-0.288527
0.617361
0.127125
0.282420
-0.433291
0.309233
0.038603
-0.074100
-0.175019
-0.470914
-0.032755
0.192527
0.170834
-0.301617
-0.241396
0.256293
0.257385
-0.129299
0.092526
-0.133991
0.088017
0.533995
-0.182688
-0.540955
-0.498381
0.524123
-0.016675
0.045588
0.134789
-0.184677
0.253500
-0.040707
0.367607
-0.335357
-0.215913
-0.493104
0.305028
0.478869
-0.503927
0.613011
0.298193
0.074570
-0.207162
-0.298481
0.251352
0.107321
0.322466
-0.704562
0.056639
0.576898
0.114377
-0.411156
0.091353
0.358853
0.028042
-0.265995
-0.332820
0.112288
-0.111817
-0.337028
-0.139116
-0.336728
0.436476
-0.413335
-0.035397
0.166917
0.184614
0.553127
-0.067264
0.366728
-0.416027
0.120052
-0.165733
-0.150465
-0.492507
-0.217707
0.298573
-0.183644
0.122279
0.339114
-0.007906
-0.172197
0.153122
-0.351369
0.078791
-0.246452
-0.012574
0.429538
0.464703
0.003228
0.149809
0.651615
-0.335229
-0.217966
0.831240
-0.368148
0.291605
0.178374
0.183708
0.108622
0.028738
0.438590
0.206700
-0.010579
0.026538
-0.496593
-0.397451
0.377618
0.325183
0.085082
-0.097549
0.548823
0.287019
-0.261809
0.103648
-0.547413
-0.230007
-0.118590
-0.233966
-0.508099
-0.166655
-0.411197
-0.349329
0.513507
0.306125
-0.379507
0.189217
-0.626802
-0.188772
0.144805
0.201277
0.158355
-0.258363
0.412512
-0.010050
-0.248077
0.150834
0.554254
-0.174706
-0.441053
0.294812
-0.110812
-0.195033
-0.336115
-0.010798
-0.217066
-0.290853
-0.324815
-0.386186
0.494746
0.017480
0.094555
0.108646
0.118198
0.255056
-0.253934
-0.736621
-0.134917
-0.039713
-0.028951
0.200201
0.302780
0.093335
0.052044
-0.305738
0.252937
0.078894
-0.163852
-0.761786
-0.280702
-0.175844
-0.145596
0.235678
0.673219
0.475990
-0.062632
-0.150645
-0.522093
-0.559603
-0.286294
-0.267838
-0.184412
-0.076351
-0.259961
0.344571
0.240773
-0.164148
0.026559
-0.639611
0.211262
-0.330327
-0.299275
0.297354
-0.675507
-0.469257
0.035998
-0.435685
-0.103677
0.006488
0.091331
-0.054249
0.275892
0.466056
0.295020
-0.546371
0.137618
0.135445
-0.080926
0.656664
-0.014593
-0.283787
0.337404
-0.052338
-0.279060
-0.455907
-0.380374
-0.234004
0.667456
0.221505
0.441040
0.022776
-0.157767
-0.338998
0.582527
-0.467540
-0.102118
-0.285757
0.305927
-0.280437
0.110242
-0.249996
0.038673
-0.555776
-0.589813
0.414725
-0.029805
0.266569
0.645973
-0.130921
-0.294880
0.558563
-0.410670
-0.008597
-0.409980
0.253786
0.048807
0.049905
-0.686729
-0.185410
0.287875
-0.347257
-0.105326
-0.004492
-0.257776
0.338541
0.080236
0.034559
0.114132
0.151882
-0.397067
0.321684
-0.093104
-0.278329
0.268659
0.182758
0.283622
-0.234212
-0.067365
0.349024
0.061329
-0.486773
-0.502461
-0.163507
-0.465689
0.111937
0.083393
0.146500
-0.710350
0.131600
0.498659
0.082673
0.272118
-0.290403
0.167103
-0.381837
-0.080393
-0.279938
-0.004916
0.137960
0.499869
0.430045
-0.029758
-0.159031
-0.015867
-0.027928
-0.068858
0.195627
-0.553299
-0.698424
-0.532021
0.171299
0.024441
0.056317
0.006257
-0.137009
-0.301250
-0.075973
-0.038596
0.244417
-0.262453
-0.307925
-0.121052
0.139076
-0.111889
0.344772
-0.271368
-0.244502
0.692474
0.424311
0.215967
-0.164130
-0.154267
-0.188687
0.193473
-0.292302
0.133948
0.584718
0.210924
-0.118208
0.532022
-0.671643
-0.576171
-0.067176
-0.163214
0.027265
-0.091110
-0.028523
0.146509
-0.164081
-0.299957
-0.296433
0.050402
0.531917
0.284891
-0.441811
-0.190633
0.345587
0.357746
-0.269416
-0.290598
0.254601
-0.210864
0.554343
-0.601351
0.374124
0.091904
-0.437360
0.056637
-0.110695
-0.607419
0.399488
0.199471
0.221495
0.027897
-0.207062
-0.370965
0.014009
-0.171580
0.120947
0.030172
-0.590690
-0.310400
-0.742001
-0.147388
0.181227
0.339893
-0.214029
-0.774567
0.499367
0.186360
-0.076375
-0.042044
0.139030
-0.193571
-0.379799
0.145690
-0.036791
0.241632
-0.251501
0.190550
-0.430280
0.158380
-0.392728
0.184648
0.173689
-0.397209
0.196694
0.266748
0.351853
0.053705
0.199097
0.007742
0.086702
-0.318082
0.042438
-0.342406
-0.053437
0.399259
0.280322
0.347152
0.559751
-0.018838
-0.660141
-0.012127
-0.714806
0.021699
0.355384
0.453572
0.238839
0.202311
-0.235737
0.340413
-0.061811
-0.330725
-0.232778
-0.212247
0.448969
-0.214545
0.402697
0.542123
-0.333208
0.176409
0.603058
0.163957
0.127891
-0.004041
-0.243071
0.251500
0.044184
0.351326
0.199472
-0.216468
-0.282241
-0.216210
-0.239086
-0.199848
0.476622
-0.074264
-0.233368
-0.153582
-0.095351
0.392621
0.838867
0.800916
0.464721
-0.010203
-0.229627
0.317004
0.436939
0.160529
0.432174
-0.082808
-0.583867
0.026202
0.300715
-0.131445
0.351230
-0.152263
0.124113
0.055424
-0.376018
0.514233
-0.327969
-0.153109
-0.050589
0.211703
-0.098634
0.279217
-0.232824
0.455649
0.415847
-0.620424
-0.167605
-0.039029
-0.101863
0.249145
-0.371720
-0.447649
0.107915
0.376300
-0.547139
0.252440
-0.100391
-0.410220
-0.375889
-0.003461
-0.369059
0.456331
0.327052
-0.187252
-0.222585
-0.022986
-0.095619
0.323238
0.325506
0.076013
-0.203795
-0.298324
0.051336
-0.116933
0.455307
0.232458
-0.127200
0.227964
-0.378064
0.329393
-0.300405
0.647681
0.010733
0.339058
-0.125895
-0.469652
0.118539
0.152889
-0.499844
0.057359
0.472482
-0.240306
-0.400962
-0.314076
0.236557
0.594674
-0.206788
-0.131488
0.665113
0.107023
-0.027369
-0.110399
-0.301959
0.142754
0.369574
-0.322953
0.238276
-0.054944
0.558809
0.113251
-0.215472
0.220669
0.202493
0.255880
-0.034338
0.080366
0.392863
0.528832
-0.130925
-0.408729
-0.221969
-0.231728
0.172034
0.391839
0.020081
0.345585
0.146579
0.044860
-0.342470
-0.270993
0.184904
-0.061654
-0.595807
0.110093
0.332417
0.215177
-0.107405
-0.306276
0.088212
-0.402439
-0.246921
0.290990
-0.389737
-0.107933
-0.708196
0.624384
0.602918
-0.278950
0.224839
0.254740
0.024035
-0.467678
-0.273120
0.359605
0.028740
0.420993
0.314676
0.143010
-0.360189
-0.085771
-0.150528
-0.118263
0.339529
0.274519
0.231558
0.380450
-0.097885
0.246496
0.549029
-0.459169
-0.211554
0.461311
-0.297016
-0.132097
0.279105
-0.474564
0.581332
0.344538
0.552398
0.149319
-0.526143
-0.282111
0.272394
0.104930
-0.377543
-0.143061
0.252059
-0.033764
-0.347528
0.191634
0.550217
-0.138711
-0.655271
0.429332
-0.340474
0.348671
-0.006121
0.502996
-0.292896
-0.247642
0.358920
0.373918
-0.061104
0.092828
-0.268008
-0.759832
0.550554
-0.727531
0.096372
-0.142762
0.427798
-0.227599
0.038563
-0.069155
-0.487865
-0.234817
-0.178150
0.393092
0.247664
0.472238
-0.353861
-0.041698
-0.290090
0.475004
-0.567390
-0.056136
-0.371538
0.229384
-0.069565
-0.647842
0.129924
0.348234
-0.306182
0.176098
0.626174
0.031930
-0.432099
0.288330
-0.138924
-0.494751
0.125225
-0.121321
-0.634195
0.099802
0.137059
0.451044
