-0.011528
0.295899
-0.065345
-0.359524
-0.220344
0.077291
0.240178
0.499629
-0.065244
0.271093
-0.072130
0.326674
-0.187738
0.534262
-0.409715
0.204931
-0.518364
-0.239154
0.224565
0.604337
-0.255342
-0.047085
-0.088412
-0.324691
0.031686
-0.401840
0.522723
-0.093466
-0.132274
0.048690
0.255828
0.584012
-0.413142
0.093310
-0.282592
0.406136
0.207793
-0.112246
0.207115
0.184937
0.267142
0.309871
-0.369557
-0.031078
-0.615155
-0.021407
0.090574
-0.165680
0.378652
-0.713769
-0.081419
-0.197350
0.144374
-0.528289
0.368106
-0.574833
-0.517175
0.802233
-0.466964
-0.529675
-0.207934
0.173430
0.295442
0.336095
0.243986
0.450040
-0.419579
-0.154774
-0.187693
-0.375165
-0.162767
-0.343553
0.180105
0.333943
0.397195
0.150120
-0.418369
0.366788
-0.142317
-0.173178
-0.161752
0.325198
-0.393886
0.269899
-0.147497
0.211619
-0.308562
0.236895
-0.274481
-0.082514
-0.215909
-0.426028
0.514221
-0.268577
0.126145
-0.080013
-0.536041
-0.216513
-0.611818
0.202468
-0.490666
-0.092065
-0.009719
0.295460
-0.013867
-0.347720
-0.069113
0.210406
0.116296
0.088321
0.237844
0.296254
-0.362049
-0.459432
-0.297921
-0.142350
-0.294310
-0.359594
-0.479365
-0.356369
0.106088
0.368304
-0.157503
0.406663
-0.214581
0.684211
-0.044782
0.050017
-0.216527
-0.368209
-0.018085
0.415655
0.304798
-0.087826
-0.462809
0.273794
0.486619
0.458800
0.395994
-0.060347
0.193015
-0.228541
-0.719699
-0.140551
0.129357
0.174533
-0.142302
0.565307
-0.360302
0.334235
-0.148061
-0.355044
-0.029749
-0.263217
-0.107360
0.220010
-0.210378
-0.205563
-0.597184
-0.489876
-0.478244
0.183794
0.435529
0.515686
0.322602
-0.469618
-0.353509
0.347566
-0.285413
-0.283465
0.024110
-0.346635
0.047647
0.566709
0.121792
-0.109909
0.502672
-0.602184
0.291397
-0.016366
-0.128644
0.061173
0.242608
0.203710
-0.004186
-0.276042
0.107519
0.195456
0.058053
-0.340169
-0.239503
-0.200315
-0.231067
-0.053739
0.393831
-0.035576
0.305912
-0.503315
0.075790
-0.541273
-0.138734
0.146461
-0.373930
-0.436657
-0.099501
0.040814
-0.163703
0.204389
0.477156
0.123413
0.139589
0.442445
0.569621
0.037976
0.438141
-0.173066
0.076123
-0.242238
0.342775
0.495538
-0.177079
0.041496
-0.451674
-0.591651
0.319529
0.294034
-0.305907
-0.400730
0.204909
0.074358
0.106956
0.108955
-0.423703
0.228605
-0.563253
-0.022811
-0.319599
-0.107949
-0.530444
0.757426
-0.534972
-0.163630
0.031591
0.033863
0.458646
0.010054
-0.143241
0.078297
0.126613
0.548791
-0.297114
-0.386687
-0.251031
-0.046176
0.088836
-0.630088
-0.174170
0.483725
0.199945
0.217224
0.028536
-0.599047
0.236889
0.600396
0.015094
-0.138804
-0.159125
-0.337944
-0.347166
-0.224110
-0.342171
-0.531248
0.430380
-0.296011
0.465441
-0.012685
-0.658432
-0.286505
0.461512
-0.075917
0.556485
-0.292377
0.101135
-0.018678
0.012481
0.290771
0.271851
0.102699
-0.482087
0.689588
-0.801233
-0.339689
0.351194
-0.514175
-0.308441
0.325954
0.196971
-0.038754
-0.587872
-0.049649
-0.077275
-0.106737
0.440164
0.022364
-0.346614
-0.312138
-0.515882
0.021165
-0.353624
-0.198983
0.048797
-0.154077
0.147439
-0.337295
0.428182
-0.155145
-0.154430
0.606118
0.209437
-0.275701
0.129327
0.014609
0.473720
0.688911
-0.028244
0.278726
-0.361374
0.173202
-0.367680
-0.161613
0.266323
-0.211548
0.382916
0.273388
0.233125
0.369966
-0.363661
0.166265
-0.416272
-0.264572
0.328159
-0.504967
0.659205
-0.617637
-0.019702
-0.337654
-0.112789
0.263300
-0.645003
-0.615848
-0.495048
-0.384465
-0.229779
0.616877
-0.216416
0.641538
-0.265179
0.674095
0.420188
0.030035
0.198842
0.451130
-0.495400
0.140856
-0.681390
-0.398887
-0.440031
-0.629029
0.496649
-0.612857
-0.025120
-0.044735
-0.328946
0.534363
0.019435
0.299550
0.417917
-0.510932
-0.165914
-0.693678
-0.241540
0.344174
0.002694
-0.342262
-0.473570
-0.013422
-0.068595
0.612321
0.196034
0.014280
-0.107862
-0.516447
0.306070
0.499835
-0.083035
-0.209206
-0.414052
-0.349089
0.322553
0.009653
-0.595645
0.152648
-0.366551
0.296695
-0.100285
0.231585
-0.021100
-0.000262
-0.245822
0.576885
-0.161569
-0.392114
-0.323913
0.405776
-0.414767
-0.051682
0.007529
0.288308
-0.598382
0.186964
0.452187
-0.163246
-0.236215
-0.015874
0.363132
0.171294
0.414151
0.281005
0.267484
0.275081
0.178061
-0.359801
-0.410138
0.308380
-0.073774
-0.167016
0.017672
0.522999
0.044135
-0.385365
0.381783
0.233939
-0.098063
0.657123
0.438599
-0.142994
-0.487058
-0.468767
0.161290
0.668484
0.281170
0.233886
0.520154
0.086125
0.091992
-0.292160
-0.506319
0.209720
-0.122859
-0.120305
0.418654
0.030962
-0.451227
0.249059
-0.162884
0.486087
-0.277651
-0.312985
-0.100800
0.357980
0.391341
0.620000
-0.219345
0.293182
-0.089440
-0.106359
-0.321657
0.351995
0.700225
-0.113947
-0.454649
0.245792
-0.560300
0.155429
-0.272827
0.501851
0.126681
-0.284104
0.444031
0.368835
0.113438
0.533192
-0.387783
-0.095332
-0.134853
0.058108
0.111596
-0.160435
0.074019
-0.436494
-0.522709
0.458741
-0.177971
0.043718
0.399080
0.376278
-0.204548
-0.030516
-0.290835
0.450492
0.661547
0.030878
-0.018260
0.016236
-0.278612
-0.159769
-0.013318
0.068121
0.290956
0.135881
0.476416
-0.052832
0.459754
0.428431
-0.576525
-0.424544
0.560780
-0.302141
-0.091447
-0.187503
0.185058
-0.122537
-0.588164
0.515292
0.006577
-0.441848
0.287773
0.379105
-0.406887
0.017224
-0.062067
0.274633
0.503314
-0.330145
0.261461
0.013696
-0.386795
0.466715
-0.514075
-0.124858
0.087994
0.120062
0.387005
0.566611
-0.021991
-0.263074
0.145615
0.265626
-0.219812
-0.353668
-0.285486
0.207030
-0.513391
-0.114131
0.332567
0.534290
-0.290294
0.378825
0.020186
0.505862
-0.149301
-0.047359
-0.559189
0.043956
-0.274905
0.332117
-0.520746
-0.140534
0.408649
0.041911
-0.590271
-0.059324
0.062754
0.497373
-0.443093
0.327074
-0.581410
-0.459803
-0.010029
-0.012403
-0.077723
0.001594
-0.289556
-0.126739
-0.365055
-0.100583
0.427444
0.008446
0.337924
0.425731
-0.068492
0.107712
0.132569
-0.032568
0.578987
-0.147786
0.046021
-0.270966
0.227692
0.231601
-0.088354
-0.071870
0.279755
-0.119739
0.305744
-0.033947
-0.108128
0.211813
0.350284
0.223279
0.646378
-0.113799
-0.137175
-0.104065
0.123648
0.399995
0.076112
-0.079354
-0.261430
-0.155613
0.304220
0.336266
0.171289
-0.126598
0.330108
0.543366
-0.277477
0.138817
0.197429
0.285681
0.614595
-0.062926
0.045777
0.521755
0.030557
0.573712
0.425778
0.081894
0.519508
0.288704
0.093050
-0.544621
-0.082042
-0.195513
0.082268
0.358085
-0.331182
-0.292675
0.107197
0.505424
-0.081501
-0.206328
0.259740
0.330135
-0.500266
0.433077
0.382539
-0.425551
-0.257119
-0.537944
0.514453
-0.332018
-0.239811
-0.202914
0.356251
-0.094636
0.664201
-0.065049
0.121890
0.113251
-0.357458
-0.077343
0.076461
0.159734
-0.091596
0.725047
-0.080323
-0.219536
0.421753
0.295031
-0.160143
0.033306
0.050997
0.398652
-0.055477
-0.052464
-0.338079
0.461554
-0.209105
0.300431
-0.197020
0.093220
-0.465789
0.019620
-0.399140
0.728472
0.021028
-0.445158
-0.190614
0.476352
0.131790
-0.605209
0.032093
-0.497602
-0.008992
-0.581043
0.161753
-0.803815
-0.317330
0.704485
-0.594492
-0.482510
-0.563811
0.172703
-0.382369
0.395500
-0.533360
-0.001074
-0.170429
0.295477
-0.120106
0.489871
0.319856
0.532917
0.368504
-0.349105
0.117911
-0.191286
-0.635842
0.426081
-0.122030
-0.489133
0.169358
0.195300
0.298348
-0.170996
0.190863
-0.281232
0.118483
0.182870
-0.552013
-0.103048
0.050689
0.519335
-0.417204
0.191181
0.273058
-0.510281
-0.134088
-0.378789
0.083399
0.460814
0.330898
-0.113500
0.489008
0.276863
0.241260
0.111132
0.288334
-0.384845
0.291375
-0.282594
-0.385514
0.585061
-0.286307
-0.095982
0.348548
-0.482841
0.113241
0.182724
0.067842
-0.000027
-0.177534
-0.109428
0.289800
0.375863
-0.122663
0.483711
-0.564286
-0.270156
0.378694
-0.310597
-0.154850
-0.379106
0.005280
0.244877
0.186646
-0.064974
0.108464
-0.431552
0.067101
0.456629
-0.433062
0.355257
-0.197416
0.013342
-0.566823
-0.276881
0.444842
-0.312742
-0.273171
0.252484
-0.634195
0.102955
0.033793
0.485236
