-1.946768
1.748269
-1.602828
-1.273439
1.137992
-0.144551
-0.017179
-2.262582
2.134119
1.399636
0.862864
-2.086041
-4.555435
-2.424958
2.661752
-2.968371
0.563767
-2.104793
1.398833
2.100754
-0.726110
2.500305
1.346238
-1.688240
-2.099550
1.414913
3.191000
3.961228
0.677327
2.002074
1.129412
3.335715
-1.812825
-1.825170
1.935117
-0.561438
-4.511144
-1.945566
1.048015
0.690012
-1.085283
0.968751
1.825166
-1.979170
-3.952723
-2.121684
0.401332
-0.460156
-1.491366
-0.323594
0.232828
-0.999303
3.822970
2.485251
-2.329048
-1.025244
-0.502608
-0.352717
-2.753512
-1.825577
-2.095326
1.167302
2.011861
2.137678
1.622944
1.079185
3.967744
-0.401104
-4.149364
1.233429
2.439388
0.031694
3.016184
0.294433
-0.786872
-2.427743
0.118940
0.336037
1.362314
-1.061389
1.322207
0.294830
-0.734457
-1.349745
1.245706
4.039369
-1.742478
0.647383
-0.504311
-2.712124
-0.546778
1.176006
-0.969243
-2.206545
-0.513527
0.542640
0.846313
2.426550
-0.541759
1.069852
-1.891839
-2.242322
2.520493
0.043840
-1.373583
-1.447660
1.892880
-0.502997
1.838375
3.528297
-2.917621
-3.133118
-0.497455
0.981018
-3.452837
-1.159010
1.454146
-2.953869
2.315261
-1.912148
-2.012365
-3.682034
-0.633504
1.432474
0.143192
0.460241
-2.166143
-2.546559
-1.928389
-1.645459
1.943252
-0.474147
2.156254
4.927265
-0.673232
-2.442104
-0.156112
-0.954202
-1.332649
2.780607
1.861544
-2.518047
-0.028171
2.269781
-0.459411
1.034723
5.248150
-0.929252
0.051499
-2.034982
-0.852086
-0.224743
-0.958851
2.750002
-4.209107
-0.966208
0.916604
2.172970
1.328472
-0.245144
-1.799711
-0.828256
-0.804400
1.726536
-0.668408
4.019938
4.077728
-4.007398
0.572750
3.818437
-0.401563
-0.634451
-1.344962
0.273747
-0.553248
0.487976
0.604877
0.584795
-0.871709
0.523561
-1.569138
0.344738
-0.320982
2.351727
-1.651447
2.410576
-4.049325
4.019009
-2.744563
-0.309991
-0.596069
1.321292
1.658712
1.273461
-1.046352
1.359136
-4.010372
1.199090
-2.488793
-2.670315
0.599730
2.491507
-0.178254
-0.723333
-4.603048
-1.047551
2.826468
2.839846
0.722998
-1.231392
1.614941
-0.839130
-2.486355
-0.306845
-0.833084
-0.340314
1.471037
0.479096
2.521441
-1.690490
-0.977767
-3.928443
3.579469
-1.429549
-0.629108
-0.386942
-4.788105
0.267108
-2.959944
-1.848873
-3.759436
0.665862
2.028293
0.108635
-0.143390
0.269480
-0.981110
0.033513
-2.918314
0.961242
-0.522727
0.843154
0.619294
0.700995
-0.261637
2.565535
3.694865
-5.167307
3.933939
0.380168
-2.062860
-0.237731
-1.712869
1.537943
-1.938939
-1.599789
0.556334
1.547326
-2.091032
-2.421718
-2.302666
-1.458849
0.720483
-0.737424
4.982628
-1.276973
-0.419892
1.403326
0.472680
3.446111
-3.667567
0.124402
-2.045326
-1.265083
2.608502
-1.100703
-0.493364
3.960177
-1.449665
-0.091111
0.308132
-0.654010
0.225902
1.159048
1.358095
0.511880
2.060556
-1.548603
1.828458
0.147313
-0.999560
-2.739432
1.372257
3.356978
3.876339
0.809709
0.807204
-5.069402
-4.431407
2.267608
-0.487767
-1.242690
1.041115
0.401402
3.087774
-1.780882
-2.988512
-1.347763
-0.347886
-0.739946
5.474808
-3.827885
-2.964282
-0.734526
3.521885
3.029998
0.255803
-5.486615
4.195404
-4.609339
-1.828605
-0.231107
0.208944
-1.154232
1.320710
-0.276355
0.054885
2.419926
-3.148719
1.927000
-3.151925
-3.415272
-1.416414
-2.078842
0.821420
1.566389
0.312458
-5.184467
0.049731
-2.646787
-0.712146
-1.368285
0.130982
0.518322
4.884413
1.687238
0.084480
1.262711
-0.809663
-2.172603
1.302903
1.954085
-3.327942
-1.486812
-1.158132
2.567202
-0.879830
-4.028397
-2.200802
-0.586020
-0.144558
-1.369255
-2.545033
2.907339
0.294476
3.260328
0.788549
0.683153
6.082556
-0.473005
-0.728409
-0.546897
-1.145445
0.967003
-0.325815
3.081952
0.362963
-2.093974
1.216284
-0.217234
2.017563
-0.307809
-0.670802
-1.430695
-1.286537
-0.363798
5.778655
2.212426
2.539204
0.009487
-0.929022
3.242791
0.933658
2.993127
2.490872
-0.294857
-3.917310
-0.030953
2.359179
3.878254
-1.933685
-0.685688
2.729368
-1.911375
1.928646
-2.679058
-0.552419
1.470951
4.136903
1.446052
-2.792215
-0.062349
-0.249799
-2.984649
-1.518467
0.613799
2.164052
-3.268128
0.936709
1.609773
-0.232298
-4.482018
0.913077
2.214421
1.007208
-0.318811
2.128720
-1.816073
-1.037879
-0.907529
-2.464467
2.172860
2.033394
-0.772322
-2.781655
2.812214
4.079317
1.810134
0.276767
-3.446620
3.383864
0.652470
-0.502086
0.542620
0.987963
-2.184558
-1.829117
-1.426537
-0.078442
3.043911
-2.479182
1.842039
-0.664619
3.117938
1.628333
-0.379210
0.624880
-0.317149
-2.689319
0.968285
0.537766
-3.915467
-1.448068
0.075029
-0.081445
1.228811
-0.521619
1.180100
3.203556
0.149392
1.247168
-2.260460
-0.327625
0.125879
1.557932
1.366183
-1.837003
1.209235
0.887735
-0.207762
1.235008
0.097580
2.227497
-2.022767
0.911647
-2.304217
-1.655541
-2.913815
-2.686956
-2.498306
-1.220891
-1.609418
-0.848928
-1.312148
0.937975
-1.037098
2.569253
2.435991
0.265669
-0.317074
1.401988
-1.278523
-0.245900
0.504048
1.132100
1.745769
-2.661820
0.832873
1.471177
0.667159
0.687655
-1.034503
-3.458004
-1.182725
-0.976709
0.584059
1.897378
0.944074
1.343926
1.267557
-1.899846
0.130840
2.836877
-0.991479
1.122742
2.142653
-0.038380
-0.604755
-1.416747
3.336466
-3.517659
1.218101
1.044204
-0.839531
-0.434679
-1.534459
-2.386651
-3.802575
1.651852
1.225911
1.278163
2.341445
0.207430
2.166732
-2.159396
2.030900
-0.867745
-3.195503
1.306778
-0.711644
-1.550632
-0.953383
-2.300740
1.135052
0.120274
-2.612698
0.333546
-1.061108
-0.505857
1.301863
1.930740
-3.556673
-1.400481
1.536338
1.099747
-1.840356
-1.959091
-0.422042
-0.403624
-1.241332
-0.925782
-0.556682
2.047305
-1.737013
1.068590
1.750520
1.028400
-0.981580
2.221114
2.393527
-1.532786
1.243741
1.375660
-0.994575
2.421116
1.313412
-1.681128
-1.246254
1.941662
1.049814
-2.022603
-2.289964
-0.502971
2.696831
-1.214122
0.750596
1.270935
-3.850801
-0.256421
1.425052
3.230074
-0.512595
-0.764491
3.138736
-1.928352
-0.162181
2.933505
1.264741
2.419011
2.019811
0.196030
3.979732
-1.467129
-2.777757
0.654371
-0.950962
0.307242
3.183266
2.349392
-0.155810
2.967628
4.592885
2.819251
-0.761201
1.297034
1.850169
-1.496403
-3.471904
-0.699228
-1.038617
-1.405437
-1.470796
-2.321220
3.322431
3.141510
2.004168
1.923429
-3.163819
0.231281
-0.252249
-0.177883
-2.238149
-0.457581
-0.053268
-0.951586
0.750406
1.196598
-1.848016
1.339461
-2.423707
0.483225
-1.090520
-1.184361
-0.448423
0.027959
-0.857031
-4.059554
4.585552
-0.183420
0.294633
-0.642491
1.322395
1.145352
0.427743
-0.036799
-3.231620
1.032495
0.534817
-1.817118
3.811438
1.129711
1.615110
1.279281
-2.907817
1.602966
-0.980694
-1.802847
0.954467
-0.386230
-0.251803
3.522029
1.343222
0.308402
1.409835
0.539180
-1.808567
1.240815
-0.073103
-0.954214
0.481634
-0.758573
-0.340820
0.755267
0.372720
1.377038
2.006076
0.523960
-1.847608
-1.898543
-3.191503
-0.231356
-3.385252
1.956174
0.067091
1.454640
-1.717662
0.233025
-2.479156
0.554625
0.962801
-0.824841
-3.049649
-1.424411
0.680675
-0.168762
-0.484183
0.458775
-1.469870
-0.326444
-2.275920
-1.470774
3.951162
1.176950
-0.177889
-0.627330
-0.483416
0.152854
0.983135
-1.714196
-1.757956
0.374500
2.337670
-0.819159
1.751974
2.255155
0.019561
0.294100
-0.560506
-1.929613
0.094282
-2.328356
-1.366037
0.037072
-0.739661
-0.504066
-1.569020
-1.254663
0.152750
-0.013666
-0.449039
1.616551
-1.467540
-2.292482
2.874081
2.703645
0.289425
1.351202
0.407514
0.458910
-0.856900
-1.405940
-1.917378
-1.326110
0.146002
-1.661677
1.145866
-3.406517
-0.601569
3.492366
0.681005
-0.989775
