-0.053822
-0.155315
-0.102467
-0.169826
-0.553319
-0.408934
0.176440
0.307112
0.374380
0.050617
-0.226513
-0.287765
0.134914
0.308176
-0.062541
0.569788
-0.084124
-0.515758
-0.230170
0.063163
-0.548292
0.316526
0.007701
-0.036841
-0.420831
0.328221
-0.152860
0.145699
0.190437
-0.021310
0.539226
0.022040
0.206507
0.010251
-0.233854
0.290877
-0.258321
0.065332
-0.541054
0.326211
0.127609
-0.455728
-0.325821
0.090146
0.111293
0.108258
0.264517
0.243745
-0.047082
0.430304
0.432810
-0.215875
0.401018
-0.251464
0.166628
0.263750
-0.336461
-0.162962
-0.368493
0.383166
-0.242836
0.148555
-0.046882
-0.214517
-0.558435
0.407925
0.282448
-0.323508
0.235567
0.184897
-0.224701
0.586329
0.092078
0.424416
0.343397
0.061705
-0.381333
0.100732
0.356116
-0.516879
0.561978
0.328578
-0.082625
-0.153862
-0.575500
-0.356627
-0.415946
0.218609
-0.174375
-0.028193
0.343610
0.296474
-0.178081
0.010645
0.260751
-0.378680
0.398918
-0.291628
-0.469036
0.341442
0.015364
-0.502952
0.457035
0.197321
-0.170053
-0.494741
0.452316
-0.506868
-0.129239
0.046923
0.063572
0.270296
-0.441173
0.051853
0.318182
-0.110257
0.286219
-0.412266
-0.156282
-0.482094
0.256401
0.559679
-0.259258
-0.093752
0.169825
-0.278940
0.066715
0.404252
0.433957
-0.048194
-0.679726
0.459522
-0.532966
0.017585
-0.212354
-0.673534
-0.128992
0.033529
0.138223
-0.087916
0.210484
0.041609
0.171827
0.079250
-0.498411
-0.032394
-0.273577
-0.400454
-0.261820
-0.261182
-0.444407
-0.383952
0.252284
0.130930
0.221767
0.590711
0.048847
0.188612
0.271803
-0.348739
-0.619854
0.552393
-0.406886
0.270516
0.118309
-0.011574
-0.345270
0.480480
-0.123558
-0.606573
0.022071
0.394651
0.294267
-0.419337
0.209190
-0.186610
0.310020
0.335488
-0.384039
0.247009
-0.251587
0.416072
-0.461357
-0.415672
0.319376
-0.475542
0.069745
0.565289
0.091995
-0.414363
0.547678
0.356313
-0.679597
0.015875
-0.006535
-0.329067
0.174779
-0.389475
-0.035610
0.064301
-0.021498
-0.353369
0.315423
-0.185399
0.522008
-0.060874
-0.262665
0.308441
-0.125273
0.164782
0.138595
-0.191199
-0.063814
-0.175833
-0.536506
0.518487
0.264095
-0.241840
0.241344
0.372683
-0.373235
-0.122669
-0.353371
0.378273
0.820344
0.526071
0.390025
-0.009150
0.055928
-0.269709
0.384600
-0.250305
0.544905
0.326973
-0.205276
0.377039
0.431340
0.096549
-0.279598
-0.483441
0.238328
-0.019162
-0.477039
-0.294898
-0.341929
0.025636
-0.213551
-0.004411
0.492285
0.522324
0.124826
0.876316
-0.541206
-0.403632
-0.132425
-0.649578
0.320503
0.497574
0.089867
-0.493815
0.397700
0.009449
0.349980
-0.337755
0.537454
0.098672
-0.114969
0.191974
-0.458419
0.100261
0.004340
-0.231768
0.469318
0.593124
0.027824
0.459596
0.153650
0.351178
-0.520400
-0.180431
-0.361536
-0.415102
0.496706
0.479853
0.264301
0.420380
0.146950
-0.006702
-0.476917
0.450862
0.533062
-0.668011
0.060062
0.019675
-0.063508
-0.140557
0.093335
0.101908
0.298913
0.466895
0.115357
-0.053616
0.377804
-0.348781
0.216131
-0.211199
-0.270382
-0.434284
-0.245295
0.201911
0.065705
-0.013198
0.123946
-0.300094
-0.532087
0.534784
0.121701
-0.042326
-0.014649
0.321352
-0.071679
-0.069369
-0.002583
-0.140700
-0.466024
-0.361045
-0.120077
0.671268
0.406015
0.226334
0.202550
0.483496
0.275837
0.277155
0.109826
0.197293
-0.412463
0.535835
-0.470113
0.565399
-0.476556
-0.033475
0.139461
-0.445963
-0.006984
-0.516929
0.202988
0.391359
0.264441
-0.152744
-0.393639
-0.092486
0.156619
-0.528686
-0.093486
0.227053
-0.183429
-0.278889
0.166241
-0.281106
0.636124
0.011324
0.390016
0.433189
-0.211311
-0.603252
0.157578
0.555080
-0.019862
-0.070208
0.276863
0.264402
0.492942
-0.563958
-0.338009
-0.024175
-0.543095
0.192387
-0.037525
0.478390
0.021594
0.245818
0.270384
-0.130023
-0.388208
-0.267779
-0.487447
-0.311995
0.484682
-0.184545
0.527190
-0.461412
0.329216
-0.263778
-0.270540
-0.564802
0.237147
0.368379
-0.719676
0.329944
0.338072
0.506124
-0.274561
0.227815
-0.001463
0.573205
0.204118
-0.155884
-0.398308
-0.479233
0.064534
-0.252321
0.673787
-0.128045
-0.134544
-0.086881
0.175428
0.143362
-0.178572
0.033106
-0.142667
-0.185079
-0.416331
0.538057
0.035991
0.369258
0.355135
0.098673
-0.052025
0.069976
0.331738
0.490411
-0.498178
-0.393544
0.015500
-0.047797
0.103513
0.360006
0.139119
0.160728
-0.302122
0.468342
0.180611
0.507260
0.046668
-0.393861
0.158594
-0.035829
0.431021
0.428235
-0.295619
-0.300444
0.421791
-0.130471
-0.203162
-0.030490
0.020226
0.163245
0.438372
-0.412974
0.322192
-0.246520
0.033781
0.640602
0.282504
0.551035
-0.076356
-0.207970
0.295992
-0.319867
0.216524
-0.272143
0.369419
-0.224486
-0.559984
-0.384944
-0.085021
0.694802
-0.655081
0.653211
0.234157
0.088997
-0.585044
-0.238615
0.158858
-0.642005
0.556631
-0.265121
-0.008309
0.065477
-0.776647
0.133648
-0.189745
-0.150298
-0.160014
0.345913
-0.519512
-0.049371
-0.093966
-0.119226
-0.354472
0.269875
0.047483
0.036947
-0.194217
-0.156381
0.027898
-0.442618
-0.264288
0.096450
-0.391484
-0.377841
0.542865
-0.195455
-0.458477
-0.386480
-0.466848
-0.223474
-0.125584
0.176645
0.400109
-0.083362
0.116500
0.337371
-0.465940
0.208384
0.510110
0.342058
0.395073
0.270486
0.093362
-0.462983
-0.214223
0.215863
0.247885
-0.275535
-0.305234
0.193102
-0.274195
-0.321792
-0.127802
0.370798
0.315715
0.454810
-0.231786
-0.024443
0.397734
0.336173
0.040138
0.569000
0.190189
-0.587069
0.345981
-0.405325
0.562723
-0.055496
-0.023995
-0.089688
0.380743
-0.310060
-0.376675
0.470497
-0.676924
0.086123
-0.222714
0.143463
-0.232989
-0.169231
-0.015942
-0.310198
-0.503929
0.351944
0.286226
-0.379148
0.397320
-0.131653
0.445732
-0.298716
-0.500813
0.029928
0.461498
0.551074
-0.233077
0.392704
-0.324065
0.336591
-0.132203
-0.457609
-0.198420
0.298417
-0.501407
-0.040585
0.288308
0.111425
0.438790
-0.191927
0.155801
-0.163468
-0.145350
0.248220
0.320658
0.197416
0.304465
0.612324
0.342802
-0.441100
-0.056399
-0.387241
0.360797
0.248184
0.305691
0.199038
0.265422
-0.113652
0.232152
0.436338
-0.458201
0.135829
-0.669570
-0.326263
-0.217415
-0.429347
-0.006632
0.157146
-0.457742
-0.021007
0.002286
0.045339
0.575015
0.264666
0.404139
0.044175
-0.094092
-0.110378
0.420736
0.331034
-0.538740
0.019965
-0.203266
-0.286750
0.501276
-0.175830
-0.550562
-0.300660
0.103447
-0.181843
-0.357957
0.141636
0.189164
-0.028528
0.169769
0.431228
-0.070143
-0.287882
-0.347738
0.020853
-0.373989
-0.226255
-0.210665
-0.206684
-0.261402
-0.525825
-0.302308
0.466014
-0.070646
0.268701
0.204236
0.492698
-0.499698
-0.019752
0.688524
-0.109429
-0.460807
0.169543
0.401073
-0.128768
-0.037076
0.090953
-0.067508
0.091061
-0.211569
0.228193
-0.299430
0.126042
-0.247522
-0.185040
-0.400164
0.261924
-0.090361
0.135084
-0.142473
-0.024013
-0.667939
-0.094594
-0.085067
-0.516348
-0.065688
0.026099
-0.061443
-0.554992
0.063613
-0.817573
-0.105296
-0.260327
-0.615506
-0.445486
0.044724
0.286520
-0.252750
-0.328850
-0.055355
-0.257728
0.068336
-0.182176
0.332258
-0.569827
0.184944
-0.213805
0.225552
-0.259488
-0.414889
-0.545755
-0.595354
0.003567
0.318865
0.390867
0.156366
-0.590034
0.267236
0.382880
0.030412
-0.357774
0.446740
0.346411
-0.516995
-0.234740
0.141034
-0.402673
0.118132
0.090731
0.522290
-0.396426
-0.430570
-0.513947
-0.082298
-0.554732
-0.154077
0.438297
0.460316
0.595223
0.133807
-0.226708
-0.363672
0.045596
-0.221695
0.512141
0.068304
-0.492605
0.075104
0.109850
0.234413
0.104897
-0.553541
0.436524
0.297880
0.666698
0.278032
-0.099771
-0.077818
-0.252638
0.090644
-0.321513
-0.326094
0.247755
-0.270932
-0.634861
0.320050
-0.000701
-0.093435
0.172260
0.447642
-0.019795
-0.237794
-0.267606
-0.105693
-0.566071
-0.203044
0.271635
0.138186
-0.354892
0.054390
-0.452715
0.201216
-0.307963
-0.062827
0.001758
0.441109
0.077287
0.196896
-0.142994
0.278658
-0.498083
0.103340
-0.380533
0.149357
0.008915
-0.223889
0.292248
-0.240735
0.513935
0.543224
0.054334
-0.045456
0.171357
0.349597
-0.267011
