-0.467319
-0.369776
-0.049595
-0.072661
0.039878
-0.131159
-0.084392
-0.415272
0.066817
-0.084974
0.111475
-0.380066
-0.353693
-0.130851
-0.452045
0.243725
-0.456328
0.520642
-0.265717
0.025786
0.383421
-0.362456
-0.168628
0.373968
-0.042926
0.307453
-0.176140
-0.196948
0.470095
0.029199
-0.124724
-0.108643
-0.483562
-0.052392
-0.568380
-0.195762
-0.252254
-0.059693
0.091531
0.060597
-0.021388
-0.327551
-0.028168
-0.041839
0.058167
-0.468311
0.279695
-0.039149
0.209608
0.120856
-0.131961
0.521262
0.199611
0.369013
-0.334040
0.606592
-0.559348
-0.219884
0.428192
0.459798
-0.167952
0.327417
0.148430
-0.279785
-0.501877
0.472292
-0.356704
-0.599748
0.293916
-0.510835
-0.179916
0.193959
0.244639
-0.296779
-0.149969
-0.374918
-0.057390
-0.190295
0.411911
-0.544830
-0.084351
-0.413698
-0.639652
0.177380
-0.175127
0.208698
-0.453442
0.532078
-0.114430
0.318938
-0.251773
-0.045320
-0.363351
-0.602959
-0.345858
-0.698949
-0.295032
-0.192542
0.340179
0.456503
-0.432445
-0.075433
-0.049556
0.020135
-0.013867
-0.424394
-0.342038
-0.647073
0.487863
0.183380
0.147051
0.085010
-0.321262
0.152642
0.276665
-0.646992
0.238972
-0.235193
-0.084165
-0.187273
-0.435661
-0.138369
0.489337
-0.208208
-0.086958
-0.174983
-0.187084
0.125118
0.351169
0.621526
-0.009714
0.240752
0.224891
0.221206
-0.444262
-0.501144
-0.105196
-0.299545
-0.514666
-0.214287
-0.019574
0.097566
-0.042064
0.149592
0.162978
-0.115676
0.504195
-0.316103
-0.269607
-0.354059
-0.023880
-0.164065
-0.095373
-0.373006
0.601434
-0.001281
0.048847
-0.130905
0.094131
-0.139594
-0.078476
-0.509726
0.281927
-0.028279
-0.163724
0.289576
0.452737
-0.801883
-0.215913
0.258492
0.230298
-0.068525
0.193392
0.215104
0.193463
-0.358223
-0.290150
0.029855
0.478758
0.355386
-0.081877
-0.227512
0.253887
0.307807
0.465118
-0.217818
0.383963
0.535064
0.148315
-0.077835
-0.511737
0.092944
-0.392250
-0.402647
-0.309832
0.019405
0.529138
-0.468707
-0.175905
0.101698
0.290580
0.140696
0.111576
-0.219240
-0.563785
-0.160202
0.248248
-0.237825
-0.266695
0.165912
-0.351248
-0.325135
0.099806
0.211024
0.458524
0.188796
0.004968
-0.140158
0.395476
0.591367
0.368739
-0.201466
0.081569
-0.477179
0.305962
0.721261
0.213060
-0.417897
0.375709
0.325520
-0.396063
0.391635
0.248221
-0.248709
0.088577
0.438590
-0.042489
-0.105912
0.376120
-0.277107
0.147928
-0.495418
-0.368676
0.087837
0.136027
-0.352569
0.068761
-0.199145
-0.467801
0.360508
0.541290
0.319245
-0.443693
0.175356
-0.279503
-0.188841
0.395641
0.240057
0.108971
-0.177019
0.398793
-0.790606
-0.491235
-0.345981
0.179220
0.101297
0.302543
0.412512
0.050470
0.087412
-0.222137
-0.563436
-0.414569
-0.100199
-0.210129
0.459596
-0.126938
0.161328
0.430184
-0.040070
-0.240843
0.065511
0.265440
0.207811
0.186158
-0.660789
0.729051
0.488328
0.506554
-0.150365
-0.245833
0.175608
-0.073866
-0.231314
-0.347086
-0.224089
0.493778
-0.579962
0.220517
-0.141808
0.548676
0.052187
0.113595
-0.389169
-0.181022
0.302853
0.423210
0.137300
-0.207371
-0.802486
-0.187399
-0.589153
-0.512234
-0.109264
0.347372
-0.325619
-0.186966
0.130459
0.151390
0.350584
0.188533
0.335710
0.105061
0.304524
-0.067024
-0.566442
-0.375768
0.403934
0.002132
-0.462996
-0.404404
-0.384207
-0.033337
0.116451
0.293636
-0.517937
-0.286265
-0.078672
-0.456897
0.073602
-0.639622
0.211281
0.018998
0.288013
-0.269811
0.509724
0.285952
0.144290
-0.483336
-0.468614
0.221456
0.442743
0.073225
-0.396739
0.113642
0.372225
0.055688
-0.284133
0.594630
-0.392017
-0.177705
-0.105694
-0.152140
0.595123
0.385558
0.025991
0.320881
0.231510
0.469261
-0.079841
0.558219
0.405558
0.000958
0.154423
-0.325185
-0.065710
-0.302456
0.122520
0.020428
-0.311403
-0.312862
0.320066
-0.345129
-0.236038
-0.533558
0.038094
0.092267
-0.385680
0.372742
0.442917
-0.219201
0.056575
0.399016
0.502743
0.360384
-0.078294
0.363104
0.069220
-0.216375
-0.297968
-0.285059
0.443446
-0.460704
-0.549992
-0.230772
0.044835
0.350683
-0.120036
0.037018
-0.392478
-0.356894
0.284766
-0.230930
0.213155
-0.149140
0.068157
0.209654
-0.223215
0.297410
-0.115605
0.237683
0.294473
-0.338106
0.333544
0.141776
0.115846
-0.307633
-0.258953
0.209529
-0.103134
-0.002209
0.383938
0.218905
-0.502665
-0.046747
0.085652
0.007877
0.585029
0.054390
0.412144
0.160893
0.552178
-0.462675
0.191375
-0.415511
0.358056
-0.109078
-0.075594
0.093073
-0.441208
0.563437
0.167070
-0.369105
-0.167707
0.429610
0.254081
0.082347
-0.447196
0.920070
0.383262
0.396463
-0.049647
-0.015910
0.094810
-0.455529
-0.559350
-0.147370
-0.158041
0.122904
-0.635044
-0.186537
0.035484
-0.229813
0.165453
0.078290
-0.083095
-0.152645
0.457313
0.131872
-0.147249
0.139511
-0.539119
-0.338145
-0.011498
0.356052
-0.288773
-0.096129
-0.065577
0.471181
-0.545745
-0.457917
0.259715
-0.013757
-0.398671
-0.388936
-0.234108
-0.208005
-0.079223
-0.020311
-0.146339
-0.350953
-0.196159
-0.475606
0.346373
0.701660
-0.165342
0.266478
-0.290694
0.444716
-0.330197
0.090914
0.347647
0.174147
-0.426818
0.033470
-0.006612
0.094023
-0.193571
0.336778
0.477266
-0.199682
0.350116
0.592384
0.291727
-0.402199
-0.056043
-0.588794
0.432275
0.019262
0.184572
0.210945
0.331482
-0.083234
0.320096
0.120629
-0.532848
-0.344242
-0.325291
0.482212
-0.283850
0.138777
0.500173
-0.039560
-0.344341
0.242409
0.666350
-0.133891
-0.129297
-0.079546
0.279331
-0.100272
0.269986
0.146387
-0.573224
0.068736
0.118989
0.049610
-0.695387
-0.301649
-0.300713
0.480325
0.305851
-0.007265
-0.248889
-0.144368
-0.346235
-0.557095
0.306139
-0.614175
0.309743
0.034611
0.331770
0.044184
-0.110918
-0.337113
-0.100192
-0.005155
0.153017
-0.319592
-0.247630
0.496048
-0.047450
-0.197925
-0.043590
-0.312685
-0.183466
-0.245618
0.448047
-0.002710
0.359025
0.222353
-0.241513
-0.207690
0.218546
-0.543398
-0.620688
-0.367106
-0.489954
0.446427
0.187185
-0.194902
0.382580
-0.228882
0.524520
-0.081988
0.562090
-0.553750
-0.516996
-0.294941
0.201687
-0.234237
0.051374
-0.119811
-0.062840
0.511520
-0.374073
-0.250522
0.043656
-0.111734
0.044036
0.722291
-0.392230
-0.145778
-0.617599
0.213201
-0.459390
-0.100391
0.276260
0.487492
0.244218
-0.216355
0.499240
0.015434
0.655525
-0.268860
0.012168
-0.223151
0.191633
-0.026560
0.184200
0.035977
0.090807
-0.347914
0.481810
-0.474896
-0.321051
-0.191720
0.198566
0.173581
0.368613
-0.304054
-0.125382
-0.100925
-0.052109
-0.021404
0.507013
-0.347363
0.432894
0.614553
-0.365231
0.436119
-0.698780
-0.294878
-0.476871
0.234473
-0.221907
0.218136
0.040413
0.532598
-0.690942
0.126471
-0.148536
0.133166
0.132645
0.084124
0.490425
0.031467
-0.210494
0.079667
0.422026
-0.385551
0.556319
0.014608
0.355421
0.101982
0.189787
-0.235428
-0.462123
-0.328233
0.385180
-0.221969
0.447591
-0.462681
-0.467333
0.044428
0.521701
0.179828
-0.181698
-0.180861
-0.459109
0.492467
0.199279
0.023272
-0.120065
-0.227088
-0.027649
-0.489787
-0.333567
-0.384466
0.097186
0.023349
0.305416
0.238754
0.523271
-0.071320
0.172552
-0.616853
0.201750
-0.174424
0.109017
-0.110415
-0.125028
-0.353931
0.161590
-0.552165
0.015190
0.325945
0.359342
0.408117
0.072869
0.080217
0.130546
0.291315
0.352931
-0.340028
-0.269896
-0.350160
-0.370733
0.060105
0.189076
-0.187558
-0.367392
0.130493
-0.285027
-0.195906
-0.313794
-0.203611
-0.287619
-0.218886
0.394970
-0.109427
-0.007637
-0.807811
-0.252396
0.144647
-0.087190
0.140932
-0.517694
0.096310
-0.038469
-0.334281
0.026588
-0.677053
-0.269586
-0.260646
0.208099
0.252833
-0.386813
0.105527
0.035078
0.320959
-0.526094
-0.061104
0.210629
-0.074254
-0.561757
-0.248750
0.338873
0.493830
-0.268193
0.523107
0.001833
0.176672
0.201615
-0.421395
-0.234817
-0.129095
0.226795
-0.172897
0.590990
0.664522
-0.317689
-0.296903
0.211066
-0.460077
0.089701
-0.125611
0.128960
0.151604
-0.413010
0.564174
0.153195
-0.164800
-0.242217
0.262208
-0.381398
0.533335
-0.817078
0.249546
-0.524483
-0.080424
-0.456755
0.463819
0.452500
0.159302
0.427890
