-0.152047
0.495078
-0.006348
0.079416
0.263307
-0.652786
0.122399
-0.023363
-0.118455
0.395729
-0.095459
0.220140
0.215202
0.534262
0.308014
0.602756
-0.125751
-0.283109
-0.212752
-0.672170
-0.220915
0.071180
-0.072393
-0.258172
0.270045
0.064648
-0.150090
-0.392252
0.291180
-0.022763
-0.215228
0.062649
0.271548
-0.001263
0.374475
-0.569522
0.434842
0.401205
-0.081485
0.466726
0.076491
-0.195687
-0.367042
0.268861
0.237891
0.409522
0.432602
0.050244
-0.007710
0.123707
-0.102843
-0.378724
0.025992
-0.323278
0.153152
-0.267183
0.244296
-0.406399
0.283214
0.282184
-0.122047
0.170315
0.191593
-0.171884
-0.019371
-0.544562
-0.423586
0.131261
0.483362
-0.324722
0.409093
-0.344108
-0.039001
0.144297
0.096191
0.141506
-0.182126
0.637844
0.491677
-0.085816
0.071053
0.315215
-0.467229
0.191439
-0.616262
0.458110
0.269561
-0.128123
0.072806
-0.185965
-0.372848
-0.242299
-0.548803
-0.109038
0.061329
0.177437
-0.437136
-0.547796
-0.596746
0.414803
0.344090
-0.347830
-0.013304
-0.338527
-0.047756
0.295715
0.228474
0.195626
-0.005766
0.222567
0.331671
0.313350
-0.279331
0.058347
-0.285088
0.160384
-0.082636
-0.260499
-0.066589
-0.276179
-0.530353
0.071116
-0.002126
-0.321751
-0.520558
0.494998
0.178195
0.228217
-0.279663
0.312288
-0.217842
0.206554
-0.011843
-0.085186
0.537922
-0.430044
0.007263
-0.551433
-0.517441
0.031940
0.514419
-0.235394
-0.180432
-0.651895
-0.011518
0.285202
0.493744
-0.092155
-0.134221
0.414140
0.105545
-0.221077
0.297016
-0.280676
0.252880
0.583523
-0.339202
-0.126273
-0.488468
-0.409519
-0.452292
0.103922
-0.199536
-0.071422
0.217446
0.325966
0.218876
-0.554521
0.071794
-0.179508
0.297784
0.321585
0.047030
-0.642679
0.109409
-0.340476
-0.633228
0.180496
0.307137
0.333312
-0.102422
-0.174781
-0.044182
0.349227
-0.455076
-0.485491
0.759643
0.284749
0.470738
-0.330866
0.457342
-0.169115
-0.192279
0.452457
0.460994
-0.368031
0.309011
0.719114
-0.294827
-0.549279
-0.065630
0.043577
-0.562796
0.093917
0.012564
0.231146
0.113075
-0.343911
0.164545
-0.030565
0.248445
0.325897
-0.249071
-0.004981
0.409219
-0.316445
-0.251123
-0.119217
-0.033112
0.287527
-0.294996
-0.445756
0.370512
-0.294807
-0.362561
-0.456692
0.280126
-0.329795
-0.219882
-0.459021
-0.377145
0.518118
0.342849
-0.297570
-0.332519
-0.346976
-0.028550
0.110562
-0.439710
0.061611
0.361123
-0.170896
0.701940
0.252278
-0.599813
0.503283
0.480990
0.195219
-0.220926
-0.170798
-0.022922
0.384590
-0.227194
0.373569
-0.532677
0.379585
-0.362924
0.303423
-0.518400
-0.340767
-0.243791
-0.098526
0.695503
-0.037961
-0.418455
0.214054
-0.530882
0.162604
-0.081718
0.415913
0.070743
-0.205876
-0.348891
0.602544
-0.392934
0.211099
0.171371
-0.178396
-0.435906
-0.005463
-0.563928
-0.473234
0.484627
0.066201
-0.083741
0.129731
-0.030145
0.102699
-0.499923
-0.142354
-0.291999
0.356865
-0.261679
-0.192067
0.389701
-0.171593
-0.147006
0.074737
-0.239945
-0.663882
0.320642
0.161235
-0.282452
0.080835
0.095298
0.546625
0.628955
-0.818903
0.104256
-0.398989
-0.042911
0.624933
-0.521480
-0.055286
0.601107
0.098403
-0.068463
0.435698
-0.225639
0.471338
0.399431
0.338806
-0.024079
0.088472
-0.233511
0.334541
0.406238
-0.222479
-0.496757
-0.201158
-0.423341
-0.127059
-0.114327
-0.365691
0.021752
-0.219441
-0.407525
0.184697
-0.390054
0.380453
0.005848
0.257827
-0.135667
0.076246
0.393651
0.367616
-0.113330
0.326630
-0.486801
-0.277542
-0.157045
0.137616
0.518083
-0.202283
-0.201971
-0.166120
-0.199470
0.440051
0.415611
-0.325700
-0.003318
0.418377
0.109940
0.576175
0.428328
-0.045280
-0.479781
0.098024
-0.107190
-0.269093
0.392269
0.239328
-0.684733
-0.643405
0.049666
-0.041562
-0.587757
0.425239
0.236702
0.150238
-0.211763
-0.317973
0.595825
0.031851
-0.614345
0.133615
0.095875
-0.367502
0.236599
-0.075400
0.010066
0.006982
0.327445
-0.062015
0.082489
-0.210504
-0.267119
0.488755
0.257840
-0.339118
-0.656134
-0.360043
-0.195021
0.018441
-0.032174
0.361334
0.358161
-0.121411
-0.597374
0.489237
-0.164539
0.176104
-0.119946
0.105308
-0.163830
0.079566
0.415088
-0.257318
-0.325872
0.048519
0.479899
0.307608
0.184809
0.021679
0.347015
-0.284752
0.355135
-0.086633
0.612173
0.245122
0.118625
-0.141749
-0.586200
-0.303974
0.278601
-0.047797
-0.079174
0.182613
0.108083
0.019399
-0.037048
0.329872
-0.744464
-0.407342
0.524170
-0.344948
0.139469
0.125033
-0.204842
-0.270553
-0.317534
0.050130
0.250622
0.133193
-0.354533
0.206663
0.243033
0.087170
-0.217124
0.252447
-0.084142
-0.041097
-0.197335
-0.021948
0.309720
0.034571
0.019697
-0.359884
-0.765707
-0.482404
-0.132578
0.159325
-0.319983
0.364535
-0.096889
0.087808
-0.212703
0.513860
0.574329
0.254325
-0.252101
-0.359070
-0.018434
0.168834
0.004548
0.073299
-0.000457
-0.139645
0.018762
-0.279451
0.025838
0.251838
0.645348
0.473548
0.270214
-0.149676
-0.499170
-0.213732
0.112465
0.164490
-0.446405
-0.287371
-0.172109
-0.038412
-0.173457
0.286291
-0.687169
-0.376712
-0.431515
-0.009324
-0.296111
0.126218
-0.537145
-0.477796
-0.006089
-0.104026
0.143689
-0.369820
0.424519
0.001166
0.381798
0.665776
0.181087
0.386347
-0.089350
0.619089
-0.507673
0.006956
-0.045419
0.408394
-0.629087
-0.204909
0.526747
0.091320
-0.200593
0.339675
0.337636
-0.179789
-0.184774
0.025248
-0.312509
-0.523079
0.003476
-0.907451
-0.403035
0.222104
-0.094353
-0.022271
0.345160
-0.233001
0.218859
0.364571
0.446298
-0.492951
-0.250754
-0.223336
0.552531
-0.133827
-0.509918
-0.493990
-0.398297
0.334015
0.052741
0.323738
-0.402859
-0.156842
-0.406126
-0.369840
-0.326927
0.185180
-0.407486
-0.361404
0.133911
0.006009
0.635124
0.557372
0.085364
-0.449273
-0.361072
-0.384993
0.221831
0.348114
0.366309
0.199542
-0.021853
-0.110961
0.846102
-0.322557
0.035463
-0.294597
0.141633
0.271936
0.247065
-0.487171
0.780685
-0.139549
-0.039180
-0.158704
0.356275
0.127707
-0.196325
0.074514
-0.673589
-0.476195
-0.744333
0.189468
0.315996
-0.421463
0.151248
-0.276634
-0.411618
0.238321
-0.267947
-0.068031
0.186146
-0.278421
-0.207277
-0.589586
0.116365
0.308098
0.098469
-0.472095
0.375781
0.335391
0.253814
0.354650
-0.353647
-0.532074
-0.466130
-0.238807
-0.196274
0.062134
0.281530
0.477114
-0.615729
-0.109077
-0.240243
0.101470
0.298933
0.425537
0.456977
-0.246698
0.083905
0.100677
-0.062854
0.090349
0.618034
-0.422731
0.237532
0.333064
0.293226
-0.720074
-0.210496
-0.645586
0.408265
-0.570354
0.219508
-0.292675
-0.360939
0.673754
0.062330
0.608866
-0.341584
0.620058
0.183384
0.036611
0.379148
0.017019
0.273733
0.651191
-0.497404
0.073357
-0.442768
-0.333210
0.312093
0.076074
-0.018849
-0.065049
0.178477
0.070547
-0.126974
-0.195764
-0.467590
0.177182
-0.241356
-0.351820
-0.382044
-0.180750
0.150210
0.331831
-0.197181
0.094298
0.007122
-0.476336
0.315584
0.478395
-0.033090
-0.200877
0.421515
-0.243496
-0.409366
0.120496
-0.025291
-0.104294
0.279868
0.319410
0.332212
0.353499
0.297832
0.285160
-0.007535
-0.312125
0.320181
-0.364726
-0.733774
0.377431
0.562942
-0.569751
0.626511
0.128012
0.239565
0.300116
-0.262925
0.361150
0.500099
0.222158
-0.311112
0.208871
-0.717232
0.372384
0.472726
0.098882
0.156799
0.492821
-0.109429
0.319393
-0.484558
0.122733
0.181149
-0.097210
-0.430160
0.593184
0.001313
0.326723
-0.166534
0.090843
-0.234097
-0.404941
0.675368
0.389386
0.500262
-0.203515
0.008274
0.544423
-0.300940
-0.093428
-0.626743
-0.459484
0.037336
-0.334332
0.480268
0.011743
0.005545
-0.525318
0.201877
-0.681554
-0.023523
0.367876
0.134618
-0.004932
-0.397545
0.033584
-0.331322
0.384642
0.439116
-0.111902
0.181256
-0.059961
0.143007
-0.429392
0.613509
-0.360548
-0.340787
0.088147
0.285277
-0.213993
0.076791
0.636566
0.227864
-0.423560
-0.260509
0.386063
-0.092810
0.536000
0.401533
-0.191318
-0.285408
0.473700
-0.142452
-0.575989
0.054847
-0.076114
0.634953
0.445582
-0.029938
0.220928
-0.452739
0.293243
-0.842684
0.053100
-0.040248
0.220971
0.037344
0.262259
-0.001502
-0.087714
