-0.467319
0.404736
-0.102467
0.236080
-0.376038
-0.258508
0.080921
-0.161667
0.211994
0.417316
-0.016090
0.318692
0.731315
-0.085812
-0.381780
0.204931
-0.173352
-0.058997
-0.328667
0.004066
-0.188628
-0.288079
0.245015
0.498017
0.245450
-0.218595
0.842840
-0.462316
-0.128938
0.249560
0.265753
-0.323316
0.214982
-0.121535
-0.101894
0.291353
0.500391
-0.063282
-0.309000
0.314447
0.114166
-0.298394
0.197735
-0.061942
-0.311442
-0.094794
0.411481
-0.125065
0.334631
-0.294237
-0.013460
-0.132174
-0.260695
0.592737
0.093806
0.184742
0.349040
0.081416
-0.433664
0.419765
0.006036
-0.332193
0.057473
0.302859
-0.056176
0.151870
-0.490568
0.025933
0.127570
-0.557612
0.380143
-0.359570
0.174457
0.443476
0.496805
0.451301
-0.100716
-0.295355
0.526944
-0.358984
-0.300666
-0.367132
-0.195254
-0.529959
-0.284703
0.154260
0.086685
0.210003
-0.277634
-0.578754
-0.353078
0.625606
0.006840
-0.116018
0.088826
-0.653851
0.084057
-0.054604
-0.621230
0.407838
-0.340145
0.239496
-0.049556
0.197321
0.461324
0.036087
0.450142
-0.910993
0.063288
0.224006
0.023398
0.459773
0.319825
-0.231230
0.367490
0.405166
0.074489
-0.326782
-0.132681
-0.329775
0.376439
-0.140040
-0.151281
-0.134901
-0.281075
0.344732
-0.193364
0.157133
0.023936
-0.179597
0.549158
-0.288062
0.240418
0.167748
0.539927
-0.686065
0.486625
-0.313205
0.647892
-0.641529
-0.606205
0.107939
-0.279295
0.009964
-0.074593
0.606840
-0.264118
-0.582517
0.514405
0.380014
0.089944
0.296882
-0.048214
-0.076744
0.058579
-0.494594
-0.127557
0.099117
0.306943
-0.531712
-0.435627
0.024448
0.292985
-0.213311
0.119755
0.523432
-0.337881
-0.158000
-0.279394
0.160055
-0.059405
0.311215
0.008039
-0.237313
0.274014
-0.140384
-0.183361
0.217452
-0.057630
0.261994
-0.139185
-0.058082
-0.389152
-0.350580
-0.197401
0.090370
0.376691
0.294555
-0.176945
0.303229
-0.318679
0.449041
0.026835
-0.362290
-0.297725
-0.551366
-0.084365
0.180011
-0.220973
-0.315822
0.433438
-0.413162
0.468836
-0.317515
-0.349144
0.395436
-0.264768
-0.090816
0.416820
-0.066948
0.214693
-0.103001
-0.280050
0.100699
0.215253
0.326048
0.208436
0.157592
-0.109786
0.611914
0.203224
0.487618
0.604071
0.257148
-0.096220
0.855354
-0.157269
-0.158427
0.138220
-0.199188
-0.382108
-0.631108
0.196930
-0.152164
0.164547
0.349740
-0.183626
-0.438486
-0.026264
-0.453648
0.428105
-0.439039
-0.325020
0.207854
-0.408612
0.538796
-0.321440
0.566746
-0.226282
-0.138817
-0.030178
0.300956
0.059709
0.006863
0.075594
0.273078
-0.199153
-0.047196
-0.484415
-0.414135
0.435242
0.106966
0.346174
-0.565182
0.176706
-0.212703
-0.520382
0.515406
-0.073313
-0.402570
0.566661
-0.018943
0.421593
0.502073
-0.337165
0.508995
-0.420476
0.072442
-0.378142
-0.180431
0.556485
-0.442621
-0.439569
0.377589
0.264301
-0.488457
-0.097276
-0.306915
0.408347
0.450862
-0.092456
-0.333815
0.060062
0.378803
-0.495438
-0.008727
0.643217
0.086731
0.449170
-0.452391
0.340474
0.462738
0.272538
0.300419
0.415390
-0.342369
0.380093
-0.423200
-0.562036
0.421783
-0.723835
0.192426
0.205101
-0.052317
0.283707
-0.821461
-0.062001
0.234305
0.369091
0.031187
0.440314
0.056339
-0.410878
-0.127175
-0.320665
0.765628
0.219472
-0.382120
-0.148717
0.226334
0.070594
-0.058332
0.201138
0.432196
-0.099053
-0.120792
-0.248859
0.441430
-0.211014
0.073602
-0.190450
-0.013149
0.572501
-0.038766
-0.059662
0.308756
0.070478
-0.016754
-0.478104
-0.280660
-0.383777
-0.259000
-0.077813
-0.224394
0.247930
-0.207852
-0.328522
-0.019414
-0.434200
0.034850
-0.178446
0.061562
-0.413565
0.429615
0.486509
-0.069851
-0.717917
0.350771
0.471553
0.042230
-0.603613
-0.552392
-0.034240
0.475471
0.024929
-0.178301
-0.485160
0.390143
-0.244176
0.081356
-0.294253
-0.700853
-0.179033
-0.278588
-0.418833
0.366716
0.192806
-0.240045
0.196034
0.495485
0.248018
0.176012
-0.569067
0.415527
0.402164
0.619574
0.237106
0.444763
0.185835
0.168455
-0.419727
-0.065681
0.179130
-0.127439
-0.232847
-0.391193
0.200885
-0.144594
0.329741
0.432581
-0.394409
-0.364878
-0.275849
0.494278
-0.287923
-0.295281
0.124901
-0.143218
0.073193
-0.710016
0.357574
-0.541958
0.390191
0.030091
0.668385
0.011247
0.106810
-0.280729
-0.406355
-0.055924
0.265113
0.010345
-0.589650
0.452662
0.220548
0.082140
-0.111547
0.446668
0.377736
0.267366
-0.186446
0.461742
-0.614603
-0.380441
0.405343
-0.014166
0.113025
-0.038222
0.052025
0.505366
0.465837
-0.009909
0.387901
-0.520635
0.481612
0.091575
0.082347
-0.426208
-0.044483
0.225104
0.207848
0.396823
0.183310
0.552709
-0.149477
-0.357834
0.361099
-0.160515
0.585536
-0.230456
-0.020307
0.140992
0.515812
0.226459
-0.113313
-0.389856
0.123749
0.321010
0.355208
-0.114196
-0.002679
0.586224
-0.189651
0.033333
-0.188793
-0.372400
0.075360
-0.029414
0.402815
-0.102114
-0.319263
-0.301071
-0.148556
-0.166915
0.081806
0.341351
-0.048893
0.253183
0.166579
-0.382630
0.511331
-0.346320
0.356461
-0.038412
0.310160
-0.156381
-0.583552
0.086422
-0.243404
0.076544
0.656134
-0.154163
-0.284845
0.089436
-0.249466
0.539937
0.164084
0.176514
-0.419526
0.034493
0.258081
0.306930
-0.338696
0.568184
0.217158
0.768447
-0.430258
0.098662
-0.515834
-0.278270
-0.043189
-0.008859
-0.022358
0.257376
0.303886
0.496172
-0.076436
0.281936
-0.288316
-0.000978
0.160355
0.468543
0.581043
0.454810
-0.414385
0.045273
-0.525399
-0.317331
0.029576
0.569000
0.316593
-0.341860
0.322199
-0.542919
0.176118
-0.572649
0.526894
0.550428
-0.315848
-0.199996
0.263161
0.422938
-0.417159
0.245917
-0.534790
0.169760
-0.307874
0.278013
-0.264476
0.539665
-0.474333
0.387372
-0.513744
-0.050559
-0.592019
0.123261
0.279754
-0.450719
-0.539518
0.284313
0.667079
0.565918
0.362440
-0.074738
-0.495911
0.309457
-0.368889
-0.618545
-0.140857
0.534994
0.303750
0.315491
-0.095556
0.193166
-0.005290
0.070360
0.234885
-0.193324
-0.288338
-0.322297
-0.163430
0.300830
-0.325114
0.240761
-0.177901
-0.380352
0.480515
-0.207487
0.153430
0.159113
0.323378
0.275964
-0.392653
0.071041
0.351246
-0.147206
-0.458201
-0.015954
0.099649
-0.283570
-0.307807
0.272714
-0.139876
0.074477
-0.210721
0.286323
-0.110501
-0.594118
-0.527463
-0.123691
-0.129427
0.062592
0.208392
0.138937
-0.197349
0.200991
0.218792
-0.063575
-0.210165
0.220476
-0.702746
-0.229446
-0.376244
-0.113297
0.657365
0.234341
0.395640
-0.032106
-0.378818
-0.341469
0.303803
-0.241269
-0.197658
0.332217
-0.241800
-0.611603
-0.166572
0.503204
-0.532459
0.783723
-0.505453
-0.701925
0.071040
-0.552559
-0.330233
-0.320518
0.599524
-0.479021
-0.432448
-0.147238
-0.644002
-0.053518
0.127144
-0.101951
-0.116119
-0.128768
-0.213998
0.276819
0.294002
0.372220
-0.262383
-0.245552
-0.613582
0.330982
-0.018872
-0.572676
0.186104
0.004252
-0.282829
-0.388478
0.031832
-0.339898
-0.226697
-0.328168
-0.477397
-0.275299
-0.619155
-0.290433
0.029007
0.592426
-0.100851
0.176137
0.425083
-0.528146
-0.602810
0.388599
-0.287342
0.308784
-0.425581
0.233929
-0.166153
0.454552
0.165786
-0.056185
-0.047796
-0.252190
0.512413
0.298728
0.371667
-0.521882
-0.644297
-0.242841
0.283261
0.274373
-0.173679
-0.134215
0.090819
-0.093162
0.107529
0.519670
-0.417291
-0.397050
0.355705
-0.071928
-0.174895
0.371392
0.096073
-0.032087
0.118132
-0.133360
-0.453929
0.170162
0.051351
0.222389
-0.235782
0.583447
-0.204276
-0.095541
0.613815
-0.183634
0.308206
0.485626
-0.208475
0.598488
-0.123692
-0.062481
-0.411212
-0.220230
-0.269565
-0.371147
0.254682
-0.102615
0.525530
0.003458
0.356841
-0.265637
0.123138
0.392315
0.717577
-0.004932
0.139271
-0.365546
-0.316926
-0.194134
-0.100438
0.729289
0.050982
0.487932
-0.443768
0.355989
0.461577
-0.434894
0.151458
-0.441492
-0.114011
-0.250437
0.314860
-0.449540
-0.184331
-0.655069
0.510529
-0.332906
-0.298289
0.531053
-0.273115
0.116479
0.380500
0.116159
-0.123717
0.271345
-0.284943
-0.179761
0.034781
-0.380533
-0.629531
0.118531
-0.191539
0.631469
0.076641
0.085582
0.340987
0.252273
0.254672
-0.059407
0.262151
0.169450
