-0.318311
-0.133990
-0.077427
-0.629785
0.149433
0.074653
-0.272896
0.585110
-0.212223
0.266556
-0.079443
-0.367296
0.112291
-0.181362
-0.092569
0.569788
-0.181429
0.429570
-0.389385
0.516867
0.074136
-0.388015
0.054684
0.463763
-0.344786
-0.043633
0.141397
0.021763
0.343122
-0.116499
0.209152
-0.185686
-0.187693
-0.272663
0.218786
0.402404
-0.139468
-0.508663
-0.023074
-0.611771
-0.450720
-0.043257
0.087736
-0.216698
-0.461726
-0.101127
-0.373338
0.386469
0.225238
0.181477
-0.296199
0.239133
0.160248
-0.304541
0.225293
-0.243988
0.192382
0.163978
0.010115
-0.266043
-0.238527
0.099654
0.424118
0.544348
0.332147
-0.295625
-0.246702
-0.599748
0.224498
-0.279628
0.016135
-0.364725
0.138014
0.048436
0.000052
0.101519
-0.526934
0.177372
0.141168
-0.482054
-0.338301
0.624009
-0.427285
-0.251068
-0.160015
0.383404
0.004095
-0.039409
0.262379
-0.058922
-0.306998
0.180209
-0.166299
-0.186752
-0.405869
0.598030
0.220648
-0.399624
-0.048731
0.210549
-0.105720
-0.249579
-0.765155
-0.160636
-0.494117
0.170352
0.052900
-0.566406
0.042065
-0.117560
0.245815
-0.284611
-0.351235
0.363942
0.221306
0.529379
0.290991
0.123622
0.121480
-0.090149
0.375838
-0.166187
0.368258
-0.271551
0.187334
0.413455
0.078186
0.430465
0.291721
-0.022978
0.100330
-0.066694
0.785079
-0.282971
0.343408
-0.181536
0.386423
0.174435
-0.195712
0.480998
0.672678
-0.228708
-0.404879
0.134587
-0.083062
-0.053424
-0.142302
-0.487286
-0.258895
0.083358
-0.230304
-0.328628
0.354316
0.025115
-0.101462
0.363785
-0.371970
-0.168565
0.078084
-0.223155
0.056573
0.022667
0.643314
-0.532467
0.347377
-0.141950
-0.303856
-0.509772
-0.284639
0.302901
0.170954
0.552955
-0.014535
0.002140
0.207507
-0.191536
-0.206117
0.232993
0.478758
0.374795
0.326734
0.643475
0.281854
0.012832
-0.111824
-0.093113
-0.424725
0.278042
-0.172467
0.083981
0.472689
-0.650804
-0.164498
0.111602
-0.354163
0.534945
-0.371841
-0.556198
0.184907
-0.671674
0.259708
0.554564
-0.607996
0.366961
-0.201801
-0.087132
0.184773
-0.308366
-0.206984
-0.450488
0.178804
0.109046
-0.323028
-0.437823
0.492248
-0.322497
-0.048905
-0.315980
0.338029
0.107505
-0.091354
-0.332036
0.763150
-0.181310
-0.322868
0.691317
0.237290
0.559436
0.029701
0.132575
-0.074131
0.275960
0.442301
0.023747
0.088577
0.021089
0.009384
-0.462126
-0.485394
-0.339377
-0.240753
-0.458731
-0.260065
-0.177479
-0.373944
-0.394134
-0.156500
-0.298987
-0.402415
0.360747
-0.196829
-0.346138
-0.370007
0.168321
-0.003051
-0.142101
0.312561
0.154928
0.145956
0.330485
0.470151
-0.046457
0.335214
0.379776
-0.182458
0.159980
0.098370
0.067285
0.006093
0.327540
-0.178681
0.344678
0.029282
-0.550849
-0.337165
0.310370
-0.420476
0.482695
-0.210042
-0.307710
0.362982
-0.060195
-0.400674
0.326828
-0.068564
-0.296180
-0.203082
0.294808
0.249404
0.450236
0.611909
-0.291593
0.231359
0.321892
0.499580
-0.091676
-0.351809
-0.595161
-0.506541
-0.115400
0.274672
-0.574527
0.144066
-0.094605
0.572406
0.073270
-0.279594
0.199785
0.644299
-0.600752
-0.066222
-0.559200
-0.376391
-0.362145
0.172016
-0.519814
-0.266944
0.052105
0.247866
0.258460
-0.159302
0.200229
-0.486607
0.080194
-0.514286
-0.122365
-0.325183
0.126809
0.103562
-0.332914
0.280325
-0.318052
-0.666511
-0.440722
0.384271
0.030180
0.031609
-0.273233
0.217204
-0.191596
-0.561902
-0.576315
0.089972
-0.430426
0.372756
-0.552312
-0.196930
-0.157595
-0.499697
-0.425333
0.269539
-0.022014
0.172749
-0.115411
-0.634557
0.089950
-0.112947
-0.325524
0.120938
0.002786
0.235890
0.250504
-0.339825
0.550823
-0.184922
0.268840
0.074289
-0.239022
-0.103791
-0.050643
0.050780
0.258142
0.061155
-0.358633
-0.070983
0.086705
0.175325
-0.197608
-0.144728
0.150238
-0.451960
0.216178
0.413357
0.306470
-0.086280
0.252535
0.186778
0.389266
-0.486966
0.172594
-0.012140
0.078070
0.295284
-0.839517
-0.438361
-0.199298
-0.190893
0.302708
0.381107
-0.085868
-0.272757
-0.537422
-0.291264
0.407909
-0.486773
-0.101629
-0.147257
-0.323131
-0.003319
0.412733
0.048127
-0.592712
-0.203103
0.215466
-0.435065
-0.419989
-0.099434
0.227697
0.469415
-0.229493
0.473267
-0.345660
0.397914
-0.472986
0.072243
0.195740
0.129326
-0.085516
0.095669
-0.399781
0.506933
0.173030
-0.311061
-0.675370
-0.076182
-0.385382
-0.007435
0.416884
-0.625559
0.365329
0.369251
0.561178
-0.436843
0.332900
-0.178471
0.452921
0.054772
-0.403810
0.141623
-0.505529
0.711398
0.212456
-0.005744
0.510344
0.310844
-0.219209
-0.458639
0.023533
0.604074
0.207926
0.201545
0.209995
0.276655
0.038619
-0.634809
-0.127874
-0.045494
-0.472125
-0.090247
-0.358559
0.284930
-0.160312
0.560812
-0.337977
0.161708
-0.136137
0.470177
0.269833
-0.157721
-0.131401
0.081487
-0.355418
-0.348925
0.016791
-0.511586
-0.488907
-0.279314
-0.375896
-0.519010
0.187328
-0.216972
0.154367
0.637676
-0.133842
-0.137673
0.155727
-0.658183
-0.114354
0.202020
-0.418880
-0.468590
-0.272921
-0.265712
0.318537
0.366112
-0.261493
0.193012
0.282227
0.316921
0.640993
-0.005980
0.041952
0.008786
-0.340827
-0.122334
-0.009898
0.051363
-0.193571
-0.517117
-0.199400
-0.030633
-0.436183
-0.668938
-0.033088
-0.158666
0.053208
-0.651634
0.436863
0.355911
-0.539562
-0.328865
0.149248
-0.588164
0.068121
0.199074
-0.322052
-0.321575
-0.298976
0.056206
-0.271150
-0.259552
-0.505292
0.404075
-0.523777
0.056916
0.145548
-0.274035
0.312288
0.181321
0.644164
-0.034437
-0.398668
0.011160
-0.110095
-0.079134
-0.091614
0.507447
0.286438
-0.334373
-0.376070
-0.062346
-0.246873
0.069672
0.474550
0.671062
-0.325015
-0.059563
-0.274652
0.236436
-0.613819
-0.404391
-0.248383
0.285128
0.045472
0.076027
0.172841
-0.053238
-0.348738
-0.087150
-0.381632
-0.140323
-0.207859
0.152664
-0.231636
-0.415874
0.295962
0.133460
0.502758
0.392024
0.582355
0.228904
-0.318428
-0.116139
-0.154658
0.063589
-0.247477
0.369109
0.455177
0.430390
-0.234823
-0.072058
0.341454
0.116331
0.544410
-0.610912
-0.365465
-0.121792
0.291027
-0.400048
0.236616
-0.279730
0.124239
0.322270
0.200552
0.401527
-0.493280
-0.118937
-0.319986
0.354894
-0.409932
-0.431886
-0.378805
0.401547
-0.368944
0.336915
0.466725
0.025080
-0.387982
0.534808
-0.193679
-0.110089
0.034592
-0.556416
-0.056363
-0.524614
0.540718
0.097871
0.234444
0.212785
-0.277666
-0.544302
-0.271802
0.634703
-0.367086
0.356514
0.424999
0.123683
0.170274
0.590104
-0.208301
0.110177
-0.104967
0.683341
-0.645586
0.371248
-0.157285
-0.571597
0.310554
0.087158
-0.070751
-0.188666
-0.109872
0.292376
-0.240084
-0.322020
0.175154
0.413803
0.210370
-0.361257
0.412831
-0.126841
0.535814
-0.356524
-0.551199
-0.146550
-0.093338
0.035495
0.003073
0.149995
-0.354876
0.067098
0.058243
-0.409323
-0.036976
0.419652
0.064034
0.278580
-0.609579
-0.197934
0.444188
-0.272839
-0.011277
-0.273501
-0.298711
0.223563
-0.100132
-0.005971
0.600100
0.318623
0.230719
0.403234
0.282154
0.174816
-0.341955
0.273731
-0.482415
-0.522461
-0.374763
-0.216434
0.350990
-0.369015
-0.465249
0.249053
0.472237
-0.011129
0.466217
0.261298
-0.119992
0.278848
0.346767
0.244648
0.297952
0.157749
0.004751
-0.324739
-0.257265
0.489141
-0.138779
0.316654
0.314254
0.229985
0.395968
0.269905
-0.068894
-0.416137
-0.316755
0.373741
0.211091
-0.270058
-0.434324
-0.247812
0.076219
-0.397571
0.358466
-0.513528
0.561179
-0.017853
0.401835
-0.091379
-0.478847
0.283826
0.102963
-0.199884
0.511517
0.112685
0.136164
0.196852
0.246364
-0.050847
0.181064
-0.092701
-0.919333
0.486479
-0.008268
-0.136697
-0.092753
0.293958
-0.387232
0.525778
-0.122072
0.322586
0.262014
-0.011435
0.323282
-0.149570
-0.236872
-0.390203
-0.498708
-0.439782
0.170534
0.186702
0.520524
0.204319
-0.125439
-0.129620
0.514730
0.017822
0.262580
-0.307248
0.319170
0.664522
-0.370297
-0.118412
0.203992
-0.335040
-0.330329
0.186646
0.512304
0.212708
0.505091
0.088140
0.305588
0.325046
-0.786586
0.262208
0.302605
-0.576704
0.454987
0.056208
-0.342510
-0.013968
0.032053
0.187444
0.238179
0.066803
0.584578
