-0.324875
-0.111894
-0.414437
-0.625545
-0.224403
-0.055331
-0.062836
-0.082132
-0.302904
0.419762
-0.355999
-0.284421
-0.320361
0.170592
-0.477702
0.285921
0.049987
-0.015835
0.517695
0.184559
-0.074482
-0.387029
-0.063433
0.715085
0.291025
-0.140315
0.816156
-0.313002
0.334613
-0.395992
-0.155192
0.268916
-0.425686
-0.374697
0.028373
-0.071501
0.181137
0.317883
0.030219
-0.099410
-0.169774
-0.427136
0.262592
0.309402
0.027072
0.169027
0.239467
0.676294
-0.252345
0.228104
0.277659
0.579432
0.391449
0.022498
-0.052603
0.516925
-0.631121
0.047698
0.207348
0.211131
-0.356102
0.486806
-0.234708
0.678069
-0.237708
-0.109680
0.503626
-0.303914
-0.336518
-0.366862
0.119589
0.057148
0.288452
0.716078
0.053802
0.025754
0.262665
-0.067551
0.217397
-0.248952
0.098273
-0.294313
-0.280447
0.468960
0.066017
-0.419467
0.182872
0.354113
-0.212996
0.092056
-0.484093
0.195944
0.132520
-0.537508
-0.281394
0.077866
-0.129881
-0.215636
-0.637972
-0.185812
-0.525466
0.412744
0.457593
-0.361368
-0.071927
-0.225891
0.523281
0.428341
-0.389342
0.475212
-0.180880
-0.346417
0.169681
-0.627231
-0.166556
0.012760
0.528545
-0.275041
0.279513
-0.435343
-0.172121
0.087201
0.051007
-0.147866
-0.050502
0.189288
0.008409
-0.478263
0.376584
0.388606
0.203678
0.343363
0.439546
-0.241330
-0.200981
-0.370247
-0.067650
-0.533736
0.251043
0.151138
-0.606205
-0.252359
0.013936
-0.097462
0.344359
-0.239141
-0.382356
-0.512756
0.151910
0.530196
-0.163482
0.321557
0.130837
0.481944
-0.251750
-0.652469
0.161112
0.069783
0.170709
-0.472514
0.018130
0.416712
0.686688
-0.104454
0.235334
0.070677
-0.238830
-0.080684
-0.299769
-0.354857
-0.327930
-0.008120
0.132129
-0.177528
0.154041
-0.114442
-0.522766
0.575334
-0.076630
0.417842
-0.193170
-0.136698
0.333669
-0.565400
-0.110190
-0.384506
0.085040
0.298437
0.410929
0.230128
-0.415972
0.461436
-0.207516
-0.186757
-0.194302
-0.368031
0.085132
-0.552720
-0.279396
-0.031107
0.568873
0.225142
-0.507354
0.064753
0.127209
0.015886
-0.304388
-0.248121
0.452432
-0.090773
0.183153
-0.256665
-0.169238
-0.040687
0.408144
0.225879
-0.162888
-0.264852
0.053088
0.531870
-0.363515
0.059670
-0.417514
0.083132
-0.015197
0.536239
0.480667
-0.524654
-0.294900
-0.097201
-0.423919
0.345849
-0.163282
-0.406703
-0.391263
0.339766
0.258636
-0.469368
-0.085771
-0.115611
-0.457205
-0.456510
0.391433
0.223326
-0.219699
0.065438
-0.306176
0.411696
0.111014
0.409256
0.514609
0.486306
0.134785
-0.182452
-0.517459
-0.360732
0.054241
0.320408
0.487292
0.346132
0.319898
-0.518617
-0.474119
-0.330964
0.142826
-0.347519
-0.342377
0.351364
-0.428072
-0.163195
0.129070
-0.335713
0.285962
-0.163380
0.383286
-0.137663
-0.216351
0.059027
0.003623
-0.090591
0.072162
0.049216
-0.191954
0.207458
0.237530
0.491981
0.172545
0.540833
0.256108
-0.171480
-0.051307
-0.375530
-0.395913
0.381606
0.046692
-0.019927
-0.215851
0.171133
0.153233
0.129353
0.416725
0.144035
-0.133635
0.038103
0.361470
0.159137
-0.394679
-0.667924
-0.207371
0.582762
-0.340219
0.018647
0.521107
-0.179251
0.349921
-0.479787
-0.005507
-0.603158
-0.364391
0.301007
-0.149093
0.380701
0.075173
0.238952
-0.577862
0.238018
0.240467
-0.195825
0.845635
-0.194605
-0.282478
-0.534700
-0.065796
-0.349562
0.476655
-0.334866
-0.430570
0.464458
0.340314
0.396258
-0.440940
-0.326626
0.234717
0.532307
0.399264
0.356884
0.245848
0.252684
-0.470481
0.377636
-0.262453
0.627943
-0.273643
-0.396739
-0.157804
0.659542
-0.349884
0.266755
0.066231
0.203640
-0.248510
0.313964
-0.197730
-0.223850
0.336953
-0.231651
0.280864
-0.114178
-0.354862
-0.170638
0.023877
0.218240
-0.082963
-0.547233
0.506455
0.031889
0.114009
0.224649
0.083936
0.557982
-0.045120
-0.376466
-0.217177
-0.347328
-0.187006
-0.164820
-0.289448
-0.240045
-0.494387
0.226514
-0.302143
-0.168434
0.331833
0.506977
0.517251
-0.389182
0.260302
0.429062
0.129200
0.074473
-0.367067
0.411872
0.151298
0.227583
-0.133038
-0.561325
0.503192
0.289862
-0.371015
0.683512
-0.159695
-0.270757
0.013629
0.349368
-0.026736
-0.019626
0.467530
0.481660
-0.176137
0.355382
0.314564
-0.045808
-0.376328
-0.113122
0.300581
-0.362808
0.206118
-0.405559
-0.210646
-0.124275
0.296381
0.246611
-0.579667
-0.552188
-0.256410
-0.692283
-0.176691
0.629439
-0.667371
-0.150461
0.230610
0.424472
0.149981
-0.411615
-0.094188
-0.072751
-0.434143
-0.557792
-0.504408
-0.562914
0.196375
0.083822
0.056372
-0.638320
0.411581
-0.263747
0.002853
-0.058418
-0.302191
0.186752
0.331918
-0.331453
-0.112905
0.345222
0.417001
0.086080
-0.041927
-0.356239
0.209975
-0.440963
-0.408122
-0.289231
0.683905
-0.081280
0.103935
-0.115009
0.292234
0.053211
-0.235486
0.154552
0.321539
-0.254791
-0.109521
0.178306
-0.514237
-0.184897
0.442507
-0.480532
0.561877
-0.074074
0.129367
0.153500
-0.225085
-0.026579
-0.597226
0.534758
-0.636515
-0.240621
0.054070
-0.405695
-0.004443
0.495723
-0.475606
-0.075175
0.969046
0.446815
0.446913
-0.274272
0.160911
0.034896
0.079247
-0.024001
0.514566
-0.195455
-0.361887
0.649091
-0.001400
-0.262283
0.251206
-0.045322
0.278083
-0.108185
0.335028
0.501959
-0.502087
0.590156
-0.103659
0.588444
-0.140964
0.081266
0.494818
0.473339
0.187476
-0.393694
0.357106
-0.036976
-0.353495
-0.282664
0.072838
-0.283850
-0.103850
-0.601475
0.275432
0.021528
-0.032967
-0.044069
0.316276
-0.287644
0.610036
-0.236014
0.038377
-0.456071
0.017311
-0.212013
0.123933
-0.510538
0.069848
0.705225
0.490958
0.087707
-0.284540
0.338231
-0.506468
0.245917
0.232274
0.223578
0.112393
-0.006167
-0.688978
0.222344
-0.254962
-0.315810
-0.335642
0.023254
0.445638
0.089429
-0.004173
-0.178546
-0.134510
0.325484
0.087114
-0.508708
0.399400
0.016502
-0.261737
0.349053
-0.474613
-0.311775
0.443722
0.436942
0.036164
0.543278
-0.325633
0.536302
-0.534732
-0.003097
-0.170454
-0.161155
-0.079453
-0.322297
-0.074156
0.385777
-0.348413
-0.116886
-0.382842
-0.379846
-0.295436
-0.147438
-0.031710
-0.391147
0.454380
0.243967
-0.597709
-0.033979
-0.211924
-0.109935
0.091681
-0.009509
-0.150289
0.334881
0.718688
-0.510735
-0.476164
-0.529890
0.589841
0.422317
-0.180135
0.527577
-0.002253
-0.178755
-0.278257
0.006111
-0.208596
-0.482106
0.476338
0.674510
-0.105185
-0.204591
-0.026560
0.268562
0.482737
-0.164098
-0.199971
0.491177
0.311714
0.212547
0.042327
-0.216748
0.100334
-0.458302
0.190966
-0.046281
-0.438532
-0.409756
-0.331006
-0.321634
-0.067113
-0.479356
-0.577145
0.759625
0.232451
0.379736
0.180734
-0.157104
0.054789
-0.124710
0.727210
-0.209842
-0.334106
0.312144
-0.556138
-0.197430
-0.016151
0.173332
0.405551
-0.513307
-0.018685
-0.037966
-0.356077
0.372220
-0.435800
-0.201717
-0.835099
0.117634
-0.351877
-0.385362
0.056723
0.361765
0.076989
-0.329016
-0.185560
-0.143981
-0.711365
0.082157
-0.274835
-0.068660
0.205474
0.000268
-0.188301
-0.222993
-0.294518
-0.365091
0.361729
0.518228
0.338415
-0.186002
0.164947
0.206990
0.148489
0.358238
0.563334
0.323090
-0.163842
-0.159154
-0.018749
0.537650
0.087012
0.162235
0.339680
-0.403998
-0.314432
0.240135
-0.301566
0.061045
0.549484
-0.023087
0.040925
0.497595
0.241940
0.542148
0.285715
-0.170914
-0.096138
-0.139545
0.187540
0.039141
-0.179729
-0.298093
0.220525
0.131098
-0.202337
0.429816
0.013214
0.447550
-0.492770
0.683035
0.588073
0.147516
-0.276124
-0.175128
-0.318838
0.315105
-0.119765
-0.507109
-0.223285
0.140853
-0.381027
-0.570984
0.012742
0.428611
-0.096738
-0.237732
0.248421
-0.576662
-0.260646
0.012327
-0.060340
0.453378
-0.081202
-0.131586
0.243249
-0.592750
-0.251372
0.412910
0.392542
-0.148307
0.218794
0.300398
0.408344
-0.054306
0.839979
0.309899
0.269970
0.201385
-0.150635
-0.131616
-0.194213
0.246916
-0.343639
-0.752723
-0.041317
0.350903
-0.161493
-0.087146
-0.706715
-0.008546
0.324438
0.437653
0.043466
0.769667
-0.298674
-0.156349
0.589926
0.334729
0.297025
0.051762
0.536511
-0.571115
-0.213860
0.497329
-0.588617
0.089099
0.243452
0.162046
0.017738
0.367919
