0.011600
-0.115141
-0.251413
-0.076700
-0.046664
-0.251625
-0.088237
-0.156952
0.418855
0.256293
-0.115593
-0.479711
0.245820
-0.584343
-0.184082
0.376494
0.362119
-0.217172
-0.317550
-0.129039
0.303037
-0.405884
-0.094918
-0.150309
-0.097178
-0.082584
0.137645
0.544316
-0.074136
-0.065556
0.601325
0.056952
-0.358172
-0.383934
0.387605
-0.174194
-0.536657
-0.139862
0.531395
-0.187447
0.266103
-0.145760
0.027106
-0.160008
0.170130
0.129508
-0.105234
-0.215107
-0.042664
0.521052
-0.338879
-0.092904
-0.005583
-0.048145
0.267723
-0.476391
0.285929
0.272912
0.033293
0.202394
0.385637
0.380892
0.160848
-0.567580
0.357606
0.277446
-0.812697
0.025611
0.288197
-0.278434
-0.116779
0.096173
-0.144717
-0.288946
0.435096
-0.146114
-0.090991
0.060069
-0.128042
-0.060950
-0.139436
-0.089916
0.238049
0.524473
0.096681
-0.193405
-0.474511
-0.038991
-0.577513
0.047287
-0.382279
-0.098954
0.201471
-0.337971
0.473250
-0.461118
0.235466
-0.114173
0.421259
-0.139234
-0.229309
0.215372
0.167441
0.295238
-0.428497
-0.387935
0.277073
0.447889
-0.250378
-0.311208
0.358120
0.188553
-0.453871
0.678971
0.398311
-0.081068
0.447978
0.325039
-0.288427
0.262496
-0.463597
0.581368
0.394491
-0.309100
-0.490896
-0.169654
0.269671
0.051046
0.644626
0.226258
-0.252152
0.069072
0.165960
0.071841
-0.258589
0.207095
0.323286
-0.637680
0.011565
-0.053126
0.684448
-0.096158
-0.156366
-0.351866
0.298864
-0.161428
-0.548482
0.394845
0.347128
0.256708
0.164237
-0.133175
-0.013457
0.194571
0.410152
0.417143
-0.394615
-0.482162
0.143710
-0.107802
-0.558215
-0.000384
0.747880
-0.197546
0.129101
0.410014
-0.195263
0.168888
0.193399
0.200280
-0.360051
0.487784
0.032181
0.402593
0.128691
-0.352831
-0.740037
0.273834
-0.042792
0.034004
-0.187547
0.532923
0.098598
-0.317533
0.158683
-0.495955
0.139525
0.024732
-0.210507
-0.475129
-0.188000
0.027990
-0.329875
-0.258432
-0.284253
-0.371377
-0.004820
-0.454863
0.149094
-0.293930
-0.092811
-0.078964
-0.347300
0.159278
0.728594
0.436008
0.108162
-0.025181
-0.005376
0.357663
0.155729
-0.234707
-0.169874
0.525492
0.441698
-0.428538
0.127905
0.263318
-0.229496
0.339835
-0.209357
0.428243
0.168420
0.247455
-0.150634
0.604690
-0.635514
-0.197387
0.505468
0.000360
0.138452
-0.357525
-0.363503
0.362393
-0.479554
-0.397317
0.012367
-0.215918
-0.292375
-0.367629
-0.418835
0.246708
0.391433
0.040990
-0.082192
0.358921
0.104487
0.134667
-0.314729
-0.000623
-0.043295
-0.350867
0.073058
0.430982
-0.120013
-0.535256
-0.638118
0.530319
0.167856
-0.221781
0.286720
0.248074
0.582678
0.521236
-0.228329
-0.185208
0.265111
0.527619
0.548023
0.053665
-0.109405
-0.244555
0.165628
-0.329844
-0.440192
0.300163
0.458386
0.014595
-0.223360
0.138406
0.391513
0.181292
0.591792
0.351936
-0.110087
0.351099
-0.348811
0.643228
0.547495
-0.273192
-0.820831
-0.506141
0.222223
0.046266
-0.337674
0.008800
-0.403767
0.090800
-0.264366
0.356944
0.293011
-0.585962
-0.262622
0.467196
-0.110572
-0.108944
0.062925
0.068731
-0.411680
-0.414061
-0.412742
-0.059208
-0.423254
-0.178073
-0.371515
-0.299401
-0.484115
0.597598
0.119380
0.401674
0.217819
0.219876
0.428790
-0.531378
0.346953
0.614976
-0.229916
-0.502969
-0.632473
0.243603
0.128756
-0.658684
0.320727
0.271819
-0.367720
0.037460
-0.477089
-0.471052
-0.075762
0.171323
0.313783
0.403756
-0.227019
0.182894
-0.072121
-0.632468
-0.032685
-0.063331
-0.435400
0.604137
-0.036243
-0.451432
-0.113830
0.101516
-0.271338
0.135978
0.345702
0.074347
0.563077
-0.115743
0.071522
0.256399
0.120100
-0.449421
-0.523804
-0.629225
-0.184794
-0.700203
0.128819
-0.215230
0.112957
-0.016960
-0.333595
-0.107074
-0.235003
-0.298654
-0.420267
-0.169233
-0.501299
-0.163729
-0.208817
0.535228
-0.085638
-0.071348
-0.236846
0.266993
0.005836
-0.180891
-0.020862
0.618181
-0.251416
-0.256960
-0.278009
0.446706
0.429901
-0.014475
0.139494
0.350780
0.008856
-0.389937
-0.618577
0.391313
-0.300080
0.325966
-0.067257
-0.250384
0.304942
-0.098726
0.260558
0.583371
0.469594
-0.657490
-0.331095
-0.088540
-0.195076
0.377543
-0.067643
0.116702
-0.135116
-0.474993
0.408086
0.376663
-0.171735
0.568121
0.305156
-0.126091
0.363652
0.397530
-0.070832
0.257614
0.071935
0.160697
-0.417324
0.161178
-0.090968
-0.294482
-0.007524
-0.133816
-0.598049
-0.638738
0.597843
0.190035
-0.137080
-0.346877
-0.182546
-0.121052
0.425926
-0.488737
0.286236
-0.342901
-0.345813
0.128799
0.041046
-0.089704
-0.128827
-0.118767
0.407008
0.246869
-0.075549
0.250046
0.115798
0.214527
-0.127895
-0.245382
-0.276462
0.070839
-0.039442
0.055159
0.074153
-0.377513
-0.237945
0.166474
0.053372
-0.175443
0.281454
-0.506370
0.269832
0.332470
0.345774
-0.152076
-0.430408
-0.043821
-0.493305
0.147756
0.480604
0.097714
-0.073425
-0.190934
-0.009388
-0.294184
0.492074
0.391377
0.463514
-0.357984
0.373515
-0.059052
0.279779
0.000181
0.410571
0.077506
-0.501702
0.167916
0.582752
-0.271629
-0.518720
-0.251691
-0.465976
-0.262428
-0.138400
0.173483
0.707494
0.237569
-0.253863
0.404721
-0.297482
0.649091
0.382109
0.170980
-0.380064
0.215628
0.307245
-0.369016
0.593669
-0.074889
-0.468194
0.122247
0.079698
-0.320517
-0.519805
0.117239
-0.426001
-0.193249
0.234207
-0.135747
0.375075
0.379971
-0.200511
-0.261229
0.035163
-0.000867
-0.074336
-0.566233
-0.020926
0.773826
-0.085582
-0.556460
-0.545962
-0.042916
-0.300238
-0.430262
-0.019747
-0.464564
0.115566
0.518200
-0.181650
0.138120
-0.331392
-0.394848
0.276742
0.106832
-0.110168
0.293976
-0.011107
0.447507
-0.148757
0.005681
-0.235283
-0.406750
0.629313
-0.284833
-0.001558
0.098117
-0.427328
0.007894
-0.128427
-0.304664
-0.338737
0.297191
-0.113468
-0.169099
0.414649
0.539480
-0.421281
0.291935
-0.039294
0.291918
-0.489886
-0.126979
0.361059
0.602295
0.199808
-0.361731
-0.175256
0.332259
0.180224
-0.857768
-0.372309
-0.442363
0.032328
0.290235
0.153724
-0.751361
0.130912
-0.606116
-0.164880
0.369692
-0.113964
-0.484432
0.098835
0.461765
-0.172111
0.265442
0.091338
0.073754
0.113800
-0.583596
-0.065531
0.175577
-0.155661
-0.192672
0.456475
-0.207815
0.563263
0.251914
0.160929
0.082116
-0.048387
-0.105092
0.524040
-0.588546
-0.205494
0.145079
-0.010772
-0.040186
-0.589785
0.323510
-0.240453
-0.041734
0.311006
0.045955
-0.115574
-0.290434
-0.427914
-0.078880
-0.637838
0.134397
-0.028904
0.290212
0.183912
0.444178
0.014999
-0.429638
0.203405
-0.384166
0.026703
0.701008
-0.574012
0.030667
0.302504
0.057359
0.216164
0.178406
0.031519
0.386720
-0.243281
0.409552
0.401941
0.078054
0.164833
0.439479
0.089399
-0.171027
0.270736
-0.400526
0.013259
0.229084
-0.033481
-0.060187
0.020872
0.272533
-0.483805
0.143853
-0.117367
-0.445722
0.288792
-0.674113
-0.239505
-0.320456
0.085489
-0.352749
0.173353
-0.379359
-0.025015
-0.005679
-0.140550
0.252409
0.237451
-0.192306
0.075986
-0.070145
0.465016
0.478284
-0.576044
0.271643
-0.479652
0.539240
-0.022925
0.396478
-0.344417
0.647546
0.048487
0.202517
-0.272675
-0.003670
-0.134308
-0.172263
0.032489
-0.416926
0.614906
-0.483356
-0.541091
-0.643537
-0.190394
0.152506
0.520637
0.247385
-0.154607
0.128808
0.316610
-0.220189
0.122672
-0.181782
0.322833
-0.262775
0.015407
0.434289
0.302045
-0.511411
-0.231433
0.682026
0.013955
-0.492447
-0.356378
0.343395
-0.317038
0.476641
0.132133
0.183095
0.288488
-0.196596
0.481423
0.041423
0.004122
0.362467
-0.314278
0.370431
-0.548467
-0.022001
-0.283474
-0.437696
0.581379
-0.034963
0.166382
-0.237838
0.273362
-0.340619
0.268368
0.274168
-0.148450
0.034609
0.441393
-0.458713
-0.043123
0.345509
-0.482942
-0.249843
-0.506415
0.238477
-0.430632
-0.152112
0.910790
0.310954
0.351905
-0.078306
-0.217718
-0.484056
-0.113481
0.453430
0.080022
0.613581
-0.057340
0.169503
-0.169473
-0.373660
-0.154993
-0.458787
-0.259350
0.070878
0.055337
0.546896
-0.381652
-0.085281
0.428319
0.049198
0.136569
0.227449
0.311751
-0.050925
-0.301665
0.477702
-0.008303
0.477486
0.155017
0.026167
0.409283
0.231494
