0.138629
-0.034912
0.068373
-0.201439
-0.290689
0.038093
0.021680
0.585110
0.010736
-0.056222
-0.027843
0.172750
-0.144082
0.534262
-0.495578
0.602756
-0.647165
-0.299191
-0.187626
-0.200455
0.428434
0.124798
-0.088412
0.294862
-0.042926
0.482473
0.513780
-0.329449
0.294401
-0.169016
0.095114
0.450926
-0.473833
0.124736
0.153410
-0.224960
0.193192
-0.007078
-0.205972
0.154536
0.090093
-0.357628
-0.109475
-0.146249
-0.654507
-0.497575
0.327525
0.067874
0.209608
0.234144
-0.017612
-0.209954
0.366865
0.121451
0.151083
0.375007
0.279511
-0.017132
-0.155118
-0.189649
-0.205740
0.327417
0.205736
-0.394346
0.415116
0.431869
0.238677
-0.599748
-0.094006
-0.560450
-0.055789
0.057569
0.261339
-0.296779
0.437997
-0.374918
0.180187
0.296202
0.513070
-0.552501
0.443076
0.360909
-0.791220
0.198986
0.394549
0.203351
0.336173
0.012865
-0.162243
0.205370
-0.090728
-0.045320
0.084812
-0.500266
-0.405869
-0.727265
0.070207
-0.192542
0.363495
0.415003
-0.415241
-0.075433
0.112182
-0.070530
-0.211726
0.130556
-0.392349
0.312712
0.222033
0.223419
-0.312718
0.306868
0.185329
-0.239759
0.284923
-0.650578
0.078351
-0.117082
-0.381105
0.107993
-0.147136
0.186918
0.528144
-0.670529
0.144290
0.542048
0.031457
0.162219
0.079993
-0.181164
-0.013555
-0.462391
0.252338
0.221206
0.343408
-0.727443
0.119491
0.141746
-0.535432
0.182202
0.084939
-0.639560
-0.141512
0.157522
-0.518357
-0.053424
0.504195
-0.357696
-0.093439
0.137150
-0.016443
-0.395350
-0.096754
-0.373876
-0.270290
-0.589573
0.048847
-0.130905
-0.384286
-0.453478
-0.286064
-0.031240
0.323561
0.045671
0.091931
-0.141950
-0.006226
-0.033438
-0.223901
0.451171
-0.084892
0.296107
0.134310
0.133707
-0.151273
0.057197
-0.290150
0.060425
0.402382
-0.035242
-0.159387
0.071222
-0.175218
-0.439079
0.184267
-0.169402
0.253438
0.534350
-0.414740
-0.381157
0.480269
-0.052700
-0.145459
0.272361
-0.369902
0.116608
0.341197
0.239504
-0.086959
-0.600035
-0.089049
-0.123976
-0.657394
-0.313394
-0.338718
-0.209876
-0.371156
-0.314209
0.037038
-0.219222
0.261767
-0.114112
-0.226824
-0.208405
0.436460
0.031855
0.062781
0.147058
0.395476
0.026901
0.368739
-0.291747
0.062810
-0.599755
-0.322868
0.285613
-0.424199
-0.203164
0.475494
0.420574
0.203794
-0.492387
-0.264270
0.034033
0.176031
0.242722
-0.260450
-0.078752
0.448880
0.053558
-0.031849
-0.382871
-0.408793
-0.351830
0.386350
0.322448
0.102358
-0.466544
-0.160261
0.360747
0.599115
0.319245
0.281639
0.220734
-0.463656
-0.092048
-0.174801
0.202718
0.259655
-0.083224
0.175208
-0.460418
-0.045782
-0.380526
-0.008599
0.076558
0.357448
0.430924
-0.323052
-0.051276
-0.348258
0.568395
0.462053
-0.317007
-0.238915
0.469787
0.403267
0.161328
0.504326
0.184547
-0.184870
-0.319500
0.265440
-0.013111
0.186158
-0.660789
0.166627
0.219522
0.369759
-0.214836
-0.364239
0.071024
0.284820
-0.259725
-0.103747
-0.286108
0.516721
-0.255747
-0.530637
0.190959
0.555036
0.272330
-0.346716
0.283541
-0.239079
0.643913
-0.042598
0.115646
-0.052053
0.143483
-0.468543
-0.589153
0.249993
-0.110722
0.000584
-0.306834
-0.176870
0.130459
0.554674
0.350584
0.181124
-0.402946
0.105061
0.284188
-0.299942
-0.058453
-0.450443
0.403934
0.071615
-0.426526
0.343670
-0.032776
0.322540
0.332766
0.037508
-0.517937
-0.366624
-0.235554
0.217204
0.122771
-0.590576
0.190126
0.020412
0.119469
0.312834
0.418744
-0.138224
-0.050472
-0.517529
0.413885
0.020077
-0.004183
0.133326
-0.408609
0.095973
0.261939
-0.222150
0.105354
0.557547
-0.513152
0.329961
-0.062360
0.013505
0.100904
0.296371
-0.126536
0.474570
0.231510
-0.036797
-0.450713
0.472310
-0.126095
-0.105097
0.098022
0.029191
-0.191869
-0.039962
0.173517
0.168001
0.288121
0.009972
-0.686729
-0.108435
-0.184011
-0.562310
-0.151515
-0.195631
0.007439
0.029363
0.486915
0.095663
-0.189363
0.467249
0.601353
-0.015105
0.017152
0.436528
0.571777
0.045475
0.146101
-0.469792
-0.613613
-0.663913
0.042574
-0.230772
-0.101629
0.303506
-0.253658
-0.341338
0.280237
0.223499
0.182589
0.506272
0.124750
0.433159
0.090705
0.181912
0.485144
0.260781
-0.092009
0.475763
0.083020
-0.055602
0.318172
-0.165195
0.023126
-0.217682
-0.484915
0.209529
-0.357682
-0.044725
0.076096
0.241384
-0.550572
-0.164827
-0.012582
0.007877
0.054572
0.054390
0.449978
0.431005
0.064195
0.086069
-0.339037
-0.309307
-0.050323
0.032630
-0.023831
0.456107
0.668484
-0.407427
0.257039
0.241714
-0.122918
0.344080
-0.257441
0.082347
-0.489188
0.880214
0.489695
0.085603
-0.007259
-0.059754
-0.031051
-0.558874
-0.313628
-0.526121
-0.116375
0.071706
0.024419
-0.269383
0.243206
0.686552
0.378252
-0.264277
-0.008020
0.470177
0.235868
-0.059278
0.477107
-0.155778
-0.079557
0.141547
0.109892
0.264534
0.033404
0.309968
0.227603
0.387991
-0.446151
0.137333
0.158062
-0.225085
0.293437
-0.615931
-0.545690
-0.094538
-0.457400
-0.047004
-0.335634
-0.439144
-0.196159
0.070224
-0.153921
-0.471618
-0.183379
-0.385264
-0.391129
0.159509
0.420476
0.033238
-0.216209
0.091015
-0.434798
-0.043257
-0.006612
0.174966
-0.275540
0.277989
0.213792
-0.167171
0.327160
-0.198857
-0.076280
0.386277
0.149999
-0.113130
0.432275
0.133150
-0.354224
0.217407
0.019467
-0.110575
0.278211
0.152842
-0.532848
-0.251016
-0.294102
0.537805
-0.199689
-0.067628
0.445167
-0.136025
-0.488235
-0.160041
0.660099
-0.288877
0.133981
-0.079546
0.644164
-0.034437
0.370422
0.124051
0.462992
-0.138414
-0.450968
-0.296198
-0.310803
-0.384583
-0.017782
0.578347
0.600557
0.205941
0.065136
0.281160
-0.419738
-0.597631
-0.194898
0.000410
-0.254267
0.165249
0.410006
-0.006466
-0.106964
0.422158
0.265095
-0.042736
0.153017
-0.345116
-0.032093
0.183289
0.047124
0.128806
0.570329
-0.091322
-0.183466
-0.237968
-0.509162
0.506019
0.404347
0.222353
0.115071
-0.417658
-0.137313
-0.496414
-0.620688
-0.403786
0.349010
-0.244765
-0.127515
-0.198297
0.341454
0.267420
0.843521
-0.142558
0.446188
-0.195970
-0.516996
-0.294941
0.196323
-0.552290
0.387560
0.476022
0.346367
-0.256664
0.465492
-0.185031
0.043656
-0.110386
-0.016441
-0.743094
-0.392230
0.078103
-0.719896
-0.167808
-0.125192
-0.507971
0.290156
0.068964
0.305380
-0.184212
0.377956
-0.195658
-0.179200
-0.403179
0.012168
-0.129496
0.369848
0.256561
0.348332
0.375277
-0.024718
-0.392327
0.608924
0.310924
0.541791
0.514890
0.253953
0.093289
0.309785
0.290338
-0.217713
-0.100925
-0.486898
-0.021404
0.336473
-0.364136
0.021826
0.466424
-0.358618
0.263762
-0.700036
-0.254883
0.194254
0.105437
-0.271047
0.206750
-0.020167
0.024926
-0.002000
0.038105
-0.194142
0.112643
0.167198
0.011800
-0.025565
-0.120402
-0.181979
0.117488
0.422026
0.016827
0.337851
0.243674
-0.068958
-0.055208
0.111999
-0.388992
-0.432924
-0.197934
0.444188
-0.221969
0.461316
-0.104722
0.478115
-0.248888
0.482597
-0.377039
0.679747
0.022264
-0.047872
-0.036233
-0.012793
-0.069100
-0.023773
-0.148660
-0.455191
0.021684
0.081382
-0.433016
-0.247919
0.005081
0.574004
0.290411
-0.542041
-0.071320
-0.461716
0.189735
0.086004
0.178850
0.015302
0.499352
-0.015513
-0.095041
0.136262
-0.255399
-0.030615
0.204798
0.391152
0.408117
0.069860
0.284756
0.397696
-0.015443
0.433395
-0.186476
0.077478
0.015210
0.269308
0.091877
-0.377462
-0.145440
-0.419046
0.037052
-0.441876
0.007165
-0.254551
-0.203611
0.446992
0.189467
-0.549720
0.715688
0.403777
-0.067099
-0.245040
-0.411630
-0.087190
0.196852
-0.385461
0.345940
-0.344648
0.672329
0.350238
-0.615251
0.343608
-0.027806
-0.219600
-0.375022
-0.258357
-0.121599
-0.313098
0.239404
-0.632430
-0.061104
0.245887
-0.216124
-0.281476
-0.483507
-0.206258
-0.389003
0.552476
0.193309
0.445203
0.176672
-0.540125
0.083211
-0.262159
-0.067991
0.218469
0.209339
0.352944
-0.205406
0.140634
-0.155797
-0.375514
-0.497277
0.140507
-0.183503
-0.006295
-0.055062
-0.403815
0.269068
-0.124657
0.238374
-0.316086
0.338244
-0.322861
-0.238864
0.256600
0.499340
-0.004092
0.234830
-0.011484
0.187444
0.402303
0.192644
0.427890
