0.486821
0.242824
-0.094505
0.034480
-0.468019
0.418898
0.084330
0.265414
-0.252407
0.608903
-0.372699
-0.038416
0.287241
-0.214298
0.344981
-0.377216
0.013441
-0.055458
-0.275743
0.501458
0.225213
-0.457305
-0.640836
0.478682
-0.862710
0.038949
0.845736
0.248827
0.561444
-0.077613
0.618687
-0.590523
-0.343696
-0.028422
-0.128061
0.052419
0.004267
-0.206728
0.291538
-0.502601
0.451033
0.206660
-0.264301
-0.164373
0.119693
-0.366775
-0.220209
-0.131681
0.374058
0.117583
0.351185
0.083484
0.398499
0.295551
0.512269
0.171055
0.122622
-0.089683
-0.380509
-0.302002
0.214455
0.471974
0.064165
0.451565
-0.306719
0.268299
-0.134790
-0.145013
-0.203831
-0.163192
-0.037056
0.193959
0.268630
-0.378334
0.412891
0.268120
-0.428347
-0.034470
-0.292360
-0.053912
-0.118865
-0.657799
-0.358216
0.299346
0.546724
-0.189161
0.452137
-0.222757
-0.110420
0.080128
-0.392070
-0.563962
0.259353
-0.220405
0.016124
-0.626779
-0.055395
-0.120125
0.503720
0.071569
-0.232488
-0.482341
-0.314632
-0.474036
-0.202919
0.501431
0.060637
0.314920
0.146658
-0.082937
-0.024364
0.333917
0.354539
-0.079343
-0.331174
-0.186336
0.030440
-0.188101
-0.111521
-0.382799
0.393810
0.006796
-0.577098
-0.196271
-0.299675
0.379049
0.187145
0.036350
-0.546743
-0.259076
0.276128
0.496703
-0.157199
0.269373
-0.362544
-0.291517
-0.357801
0.377860
-0.246881
0.488844
0.366856
-0.254748
0.318732
-0.047401
-0.118078
-0.046197
-0.460778
0.343589
0.523457
0.067580
-0.013109
0.091715
0.514850
0.010837
-0.259625
0.467916
0.398553
0.390101
0.269565
-0.298811
-0.119606
0.112252
0.678600
-0.231189
0.437751
-0.040264
-0.390353
-0.231082
0.172516
-0.134510
-0.293576
-0.175342
0.010499
-0.452829
0.266067
0.197144
-0.309330
0.141203
-0.159780
-0.031587
0.501989
0.111510
0.153537
0.587996
0.115526
-0.158269
-0.237061
-0.484188
0.445673
0.141293
0.450903
-0.022819
-0.138254
0.147470
0.365073
-0.310991
-0.104569
0.213629
-0.270693
0.619834
-0.089049
0.213274
-0.328660
0.093086
0.124350
-0.273178
0.192655
0.124653
-0.347613
0.288167
0.446659
0.375923
0.160106
-0.366118
0.537535
0.172380
0.110690
-0.113624
0.025996
-0.549495
-0.012574
0.412957
0.121455
0.114327
-0.502150
-0.492150
-0.239434
-0.306646
0.071310
0.563217
-0.401562
-0.374425
-0.347940
-0.239020
-0.359251
-0.469046
-0.043363
-0.453186
0.027739
-0.346729
0.251897
0.083677
0.193790
-0.035034
-0.442923
0.128455
0.480990
-0.048604
0.499913
0.200820
0.416190
-0.103116
0.191488
-0.152607
0.299421
-0.326387
-0.235532
0.412787
-0.179903
0.164307
0.402710
0.011723
0.206122
0.260587
-0.375827
0.189769
-0.102002
0.066134
-0.147846
0.449273
0.195658
-0.278630
0.146983
-0.428028
-0.410166
-0.299101
0.022037
0.265948
-0.109406
-0.033304
0.803677
0.400371
0.311158
-0.401657
0.485984
-0.217314
-0.616979
-0.294892
0.392510
0.378119
-0.525247
0.587879
0.139814
0.170508
-0.063508
-0.126038
0.297027
-0.285526
-0.202678
-0.224099
-0.062803
-0.353941
0.416205
0.063000
0.322160
-0.246935
-0.023119
-0.094567
-0.253585
0.568503
-0.215334
-0.006962
-0.020769
-0.000282
-0.165942
0.221057
-0.431403
-0.134576
-0.226918
0.462042
0.049292
0.206290
0.038005
-0.081230
0.070013
0.608101
0.560099
0.173202
-0.668977
-0.013742
0.126038
-0.088610
0.433156
0.162871
0.168045
0.412531
-0.430570
0.118710
0.386846
0.333817
0.119216
0.475784
-0.140909
0.435170
0.492387
-0.469413
0.182528
0.285695
-0.517529
-0.127379
-0.331157
-0.085384
0.413201
0.321457
-0.117787
0.289062
0.345702
0.045062
-0.431844
-0.067623
0.010759
0.207267
0.014928
0.121110
0.115530
0.258165
0.132239
-0.622030
0.242719
-0.139792
-0.064748
0.339831
-0.399701
0.412268
0.009710
-0.221861
-0.468860
-0.032669
0.353122
0.053514
-0.258808
-0.302065
0.135596
0.429936
0.342410
0.326697
0.210180
-0.277081
-0.252797
0.394421
0.046035
-0.300023
0.239171
-0.271404
-0.381620
-0.157644
0.291353
-0.113463
-0.120546
-0.530593
0.036351
-0.269311
0.214782
-0.404190
-0.035386
0.412086
0.103503
-0.017409
-0.149650
0.269809
0.420168
0.400999
-0.397408
0.152775
0.096583
-0.310303
-0.256112
0.427208
-0.331238
0.049124
-0.178353
-0.527380
0.360116
0.234758
0.042397
-0.224734
-0.072163
-0.491049
0.610419
0.100167
0.352180
-0.068529
0.162335
-0.056611
0.137594
-0.288697
-0.226106
0.409782
-0.400898
-0.011640
0.059476
0.256875
0.133488
-0.327528
-0.138129
-0.186031
-0.488836
-0.061404
0.230355
0.312412
0.129336
0.424299
0.062797
-0.011095
0.191092
0.368609
0.215533
-0.399275
0.564128
-0.288779
-0.238856
0.000137
-0.277254
0.255157
0.315217
-0.031518
-0.135823
0.178663
0.360598
-0.542909
-0.048159
-0.536651
0.111250
-0.012756
-0.135903
0.160765
-0.690226
0.083533
-0.655081
-0.175007
-0.338545
-0.263933
-0.051699
0.154700
0.176753
-0.570424
0.123704
0.202675
0.221515
-0.465743
0.165233
-0.280958
-0.319407
0.079629
-0.197213
0.162735
-0.282950
-0.135887
0.264624
0.658957
-0.253610
0.081961
0.258594
-0.311382
-0.511244
-0.707916
-0.027623
-0.429600
0.261898
-0.172600
0.082524
0.378643
0.162087
-0.439593
-0.340505
-0.286207
0.261343
-0.253915
0.220948
-0.561533
0.263206
-0.227658
0.251425
0.064154
0.204413
0.441631
-0.524518
0.254537
0.262808
-0.039999
0.233465
0.230388
0.081151
-0.091437
0.384998
-0.128634
-0.520690
-0.357950
0.075298
0.183624
-0.490650
-0.018769
-0.164314
0.424431
0.157549
0.365966
-0.484700
0.381100
0.217183
-0.158940
0.284162
-0.461200
0.404177
0.579745
-0.444143
0.471603
-0.336066
0.330781
-0.218612
-0.431278
0.272726
0.147221
0.039993
0.637844
-0.369694
0.241918
-0.545215
0.248055
0.122612
-0.603213
-0.111937
0.518828
0.172804
-0.144460
-0.501642
-0.161538
-0.098558
0.310099
-0.316147
-0.386075
0.436153
0.503920
-0.203780
0.016502
-0.101143
0.133825
0.148075
-0.359408
-0.097231
0.414730
-0.165262
0.358346
-0.430382
-0.416385
-0.004436
0.375688
-0.025252
-0.395626
0.264733
0.175732
0.571315
0.310006
0.362449
0.104043
-0.009965
0.383287
-0.502887
-0.175173
0.751816
-0.039492
-0.385552
-0.559112
0.331689
-0.418521
0.575194
-0.072987
0.169314
0.039424
-0.577253
-0.150998
0.465037
-0.142796
0.555075
0.084938
0.045826
0.086226
0.122190
0.458210
0.536149
-0.136879
-0.160219
-0.384035
0.345783
0.224944
0.107604
0.329936
0.586763
0.048476
0.341420
-0.146027
-0.661612
-0.004802
-0.145868
-0.108169
-0.676209
-0.009516
0.254813
0.244698
-0.600318
-0.475556
0.174228
-0.576300
-0.134421
0.198556
0.113208
-0.082131
-0.721534
-0.785691
0.056081
0.691287
0.364243
-0.540048
-0.029129
0.569062
0.256029
0.376382
0.462504
0.370865
-0.121844
-0.186972
-0.076730
0.138936
-0.108050
-0.265566
0.092624
0.076074
0.449349
0.353503
0.084199
-0.500739
0.408594
-0.007705
-0.363720
0.112261
-0.343255
0.017100
-0.048122
-0.287823
0.181993
0.356908
-0.391978
0.085141
-0.154750
-0.529072
0.098083
0.294799
0.479924
-0.065991
-0.618277
-0.458040
0.316494
0.136344
0.008263
-0.530607
0.340181
-0.088113
0.245378
-0.006966
0.234716
-0.188521
-0.021537
-0.419625
0.466659
-0.497602
0.005235
-0.545719
0.268895
-0.369685
0.284528
-0.098008
0.177460
0.012808
0.449124
0.111585
-0.284221
-0.315375
0.071095
0.473258
0.047148
-0.034339
-0.118697
0.033718
-0.145503
-0.368548
0.019196
0.379211
0.068673
-0.262149
-0.305634
-0.312503
-0.334858
0.483487
-0.103150
0.023561
0.225354
-0.147140
0.400328
-0.239084
-0.153255
0.078787
-0.463874
0.278718
-0.117001
0.123179
-0.239768
0.048946
-0.581132
-0.153800
0.090978
-0.039836
-0.150196
0.041902
-0.150531
-0.405156
-0.173377
-0.512865
0.017141
0.544030
0.106577
-0.274044
0.272606
-0.276576
-0.300734
0.334514
-0.299851
-0.095982
0.428183
-0.078785
-0.277642
0.294766
-0.088375
-0.316610
0.173039
-0.146550
-0.290320
0.114208
-0.040472
0.366815
0.728500
0.326277
-0.248209
-0.359418
0.004814
0.432444
0.039831
0.308288
-0.358098
-0.262789
0.110645
0.523597
0.297748
0.477337
0.508340
-0.238851
0.396016
0.361343
-0.621727
0.305409
0.035524
0.404691
0.492931
0.278907
0.097601
0.070151
0.132585
0.316906
