-1.946768
1.893012
-1.398499
-1.198475
1.146084
0.038197
0.030590
-2.214524
2.098322
1.358999
0.677552
-1.983270
-4.562199
-2.246602
2.455756
-2.968371
0.641455
-2.039288
1.568242
2.076968
-0.749514
2.397428
1.396735
-1.734724
-2.025130
1.474908
3.105958
4.058840
0.689062
2.145569
1.085480
3.265696
-1.864660
-1.603427
1.495673
-0.949115
-4.450208
-2.166333
1.143964
0.790057
-1.096353
0.936609
1.905523
-2.016719
-4.144266
-2.012067
0.408350
-0.516065
-1.377549
-0.798657
0.730162
-0.806203
3.724713
2.275563
-2.585800
-0.889930
-0.493960
-0.339009
-2.753512
-1.736413
-2.092830
1.036966
1.482063
2.137678
1.571207
0.936267
3.851140
-0.406404
-4.045651
1.653720
2.269449
-0.032488
3.016184
-0.224073
-1.042760
-2.167229
0.141303
0.421676
1.362314
-0.980362
1.322207
0.294830
-0.734457
-1.168866
1.102598
4.039369
-1.625279
0.657351
-1.056624
-2.777409
-0.546778
1.945559
-1.095221
-2.054115
-0.645353
0.542640
0.900593
2.342254
-0.581448
1.069852
-1.924152
-2.220604
2.245740
-0.007963
-1.624678
-1.425902
1.644351
-0.712431
1.821468
3.503577
-2.859961
-3.071020
-0.531297
0.745281
-3.452837
-1.159010
1.454146
-3.492192
2.333706
-1.815694
-1.926635
-3.688468
-0.509777
1.463393
0.143192
0.460241
-2.166143
-2.425706
-2.024294
-1.850696
1.549974
-0.314711
2.156254
4.891242
-0.788467
-2.442104
-0.245704
-0.868295
-1.344982
2.723412
2.248451
-2.518047
0.054237
2.186407
-0.433287
0.982773
5.069480
-0.752687
0.088186
-2.062694
-0.852086
-0.198916
-0.958851
2.511613
-4.169895
-1.011141
1.052463
2.172970
1.320301
-0.176407
-1.875381
-0.828256
-1.083942
1.726536
-0.748750
4.019938
4.087915
-3.925678
0.593009
3.740416
-0.406221
-0.731580
-1.469118
0.295149
-0.395979
0.162617
0.697023
0.673000
-0.719614
0.432191
-1.504621
0.079498
-0.320982
2.392732
-1.769890
2.365224
-4.020136
4.031877
-2.744563
-0.309991
-0.608732
0.762857
1.469517
1.189969
-1.053406
1.327915
-3.963072
1.067407
-2.488793
-2.809490
0.673331
2.491507
-0.073851
-0.885334
-4.603048
-1.336673
2.826468
2.902748
0.786347
-1.301128
1.614941
-0.740764
-2.779352
-0.315500
-1.087250
-0.284303
1.471037
0.419397
2.331625
-1.680853
-1.065439
-3.994983
3.621363
-1.508533
-0.445805
-0.386942
-4.875207
0.342193
-2.934811
-2.218752
-3.588693
0.702932
2.005451
0.106522
-0.143390
0.143651
-0.897560
0.063235
-2.820390
0.961242
-0.757154
0.843154
0.484378
0.479781
-0.340028
2.276846
4.258323
-4.911010
3.796805
0.336744
-2.062860
-0.131014
-1.670044
1.545428
-1.938939
-1.601406
0.448143
1.529675
-2.168703
-2.286287
-2.217692
-1.273340
0.488136
-0.748444
5.165061
-1.336309
-0.437785
1.395283
0.706904
3.124142
-3.470256
0.124402
-2.045326
-1.284159
2.740716
-0.888472
-0.493081
3.738454
-1.449665
-0.069997
0.375355
-0.752898
0.259066
1.159048
1.195805
0.389330
2.002714
-1.538329
1.497370
0.531179
-0.999560
-2.285585
1.350749
3.302892
3.401295
1.017089
0.788856
-5.240813
-4.472574
2.178602
-0.477603
-0.980874
1.095514
0.401402
3.025272
-1.772862
-3.063049
-1.385734
-0.328822
-0.739946
5.616106
-3.827885
-3.096948
-0.927629
3.444493
2.955674
0.569863
-6.020927
4.195404
-4.513840
-1.940323
-0.352154
0.196927
-1.138986
1.206491
-0.293406
0.279184
2.290887
-3.175663
1.770091
-3.195209
-3.415272
-1.416414
-2.171352
1.001729
0.751500
0.206550
-5.216908
-0.178299
-2.646787
-0.714571
-1.390604
0.025959
0.670678
4.845070
1.687238
0.142323
1.297388
-0.765285
-1.884364
1.349921
1.961909
-3.135726
-1.889530
-1.203883
2.610022
-0.879830
-4.139407
-2.100948
-0.553480
-0.104528
-1.338249
-2.569954
3.005267
0.265829
3.178746
0.655842
0.694349
6.062357
-0.475662
-0.814252
-0.653384
-1.418332
1.146191
-0.313684
3.242758
0.427275
-2.560385
1.216284
-0.295929
2.017563
-0.307809
-0.473141
-1.330093
-1.364044
-0.335806
5.775724
2.170594
2.826772
0.334273
-0.873494
3.301697
0.809506
2.882288
2.490872
-0.294857
-3.917310
0.215389
2.404030
3.845615
-1.617580
-0.852532
2.335012
-2.114593
1.812361
-2.809666
-0.367118
1.470951
4.226614
1.185222
-2.254772
-0.080114
-0.617547
-2.895365
-1.587835
0.605892
2.153584
-3.186096
0.845497
1.380913
-0.232298
-4.482018
0.836542
2.206407
0.636754
-0.242844
2.131215
-1.747772
-1.087940
-0.787023
-2.289148
2.152601
2.039274
-0.636916
-3.006650
2.475571
4.402245
1.501945
0.276767
-3.485913
3.209690
0.687947
-0.416698
0.194653
1.008950
-2.184558
-1.854350
-1.393378
-0.163854
3.423176
-2.362107
1.381144
-0.569250
3.103661
1.390098
-0.532648
0.623645
-0.305741
-2.600559
1.483307
0.594351
-3.958544
-1.446927
0.151173
-0.029801
1.630179
-0.591902
1.405584
3.203556
-0.345228
1.563846
-2.311511
-0.327625
0.125879
1.550920
1.366183
-2.097975
1.239006
0.887735
-0.150912
1.166641
0.072525
2.227497
-1.933350
0.911647
-2.304217
-1.524590
-2.999895
-2.722021
-2.565385
-1.179635
-1.510857
-0.905021
-1.351469
0.937975
-1.037098
2.569253
2.435991
0.265669
-0.296945
1.242091
-1.272553
-0.245900
0.893742
1.055723
1.657048
-2.667501
0.592839
1.431228
0.207067
0.961730
-1.225647
-3.437774
-1.120327
-1.086195
0.653220
1.795977
0.855973
1.325058
1.267557
-1.933125
0.130840
3.087350
-0.906866
1.069506
2.120801
-0.038380
-0.567281
-1.249558
3.336466
-3.521992
1.345436
0.984204
-0.903423
-0.354654
-1.612657
-2.548313
-3.949229
1.651852
0.783055
0.982052
2.222419
-0.062478
2.119966
-2.166907
1.880925
-0.718238
-3.280374
0.748211
-0.656403
-1.502999
-0.846390
-2.300740
1.135052
0.061322
-2.819363
0.333546
-1.040444
-0.445582
1.244228
1.930045
-3.662384
-1.308247
1.295009
1.088327
-2.006371
-1.926682
-0.422042
-0.709144
-0.899411
-1.223952
-0.556682
2.047509
-1.888659
0.938008
1.443080
0.979230
-1.040900
2.138676
2.320541
-1.028336
1.050699
1.367236
-0.994575
2.347337
1.253477
-1.754598
-1.249607
1.883681
1.049814
-2.022603
-2.316051
-0.502971
2.751777
-1.263621
0.657126
0.975098
-3.524056
-0.312919
1.425052
3.271383
-0.758348
-0.683446
3.171903
-1.909661
0.361371
2.934641
1.140290
2.514047
2.040879
0.196030
3.979732
-1.452799
-2.750938
0.877903
-0.914309
0.307242
3.748216
2.809362
0.084203
2.993239
4.673244
2.466657
-0.684722
1.146777
1.610172
-1.509634
-3.506609
-0.740230
-0.852995
-1.614135
-1.408040
-2.446377
3.347059
3.124059
1.969192
1.923429
-3.351985
0.216014
-0.281890
-0.056838
-2.216647
-0.556658
-0.512978
-1.061752
0.655820
1.125679
-1.692152
0.969747
-2.423707
0.504604
-1.155997
-1.090020
-0.391685
0.121370
-0.857031
-4.059554
4.585552
-0.106901
0.294633
-0.751826
1.218802
1.002440
0.414265
-0.036799
-3.545006
0.822889
0.165379
-2.121489
3.811438
1.091405
1.454759
1.185139
-2.907817
1.767353
-1.026220
-1.876910
0.510293
-0.571850
-0.158907
3.902319
1.423455
0.308402
1.361891
0.539180
-1.891112
1.208955
-0.140391
-0.954214
0.481634
-0.731943
-0.310935
0.606873
0.414460
1.314389
2.006076
0.450326
-1.812611
-1.992710
-3.029161
-0.192647
-3.385252
1.956174
0.067091
1.394605
-1.617130
0.435129
-2.510543
0.614015
0.962801
-0.896808
-3.340294
-1.399109
0.812583
0.297338
-0.573554
0.244077
-1.306292
-0.301622
-2.338859
-1.594237
3.968334
1.112609
-0.186191
-0.406174
-0.543292
0.150313
1.196152
-1.652374
-1.469598
0.374500
2.373475
-0.765635
1.680372
2.527668
0.019561
0.294100
-0.544292
-1.816609
0.084672
-2.399802
-1.366037
0.037072
-0.739661
0.005700
-1.585875
-1.201634
0.225435
0.053781
-0.176843
1.759545
-1.467540
-1.940977
2.854826
2.703645
0.478458
1.351202
0.549025
0.421539
-0.950115
-1.665450
-1.974662
-1.356689
0.146002
-1.488700
1.005123
-3.098853
-0.133194
3.274399
0.713016
-0.873854
