0.064258
-0.032907
-0.466275
0.000242
-0.331597
-0.230149
0.332605
0.257309
-0.155242
0.366618
-0.118169
-0.360306
0.372811
0.300677
0.236515
0.210045
0.455084
-0.447491
0.500061
-0.639294
0.416727
0.011812
0.042908
0.591823
-0.000887
0.056181
-0.462285
0.378124
-0.093753
0.197931
0.545685
0.498556
-0.285461
-0.154664
-0.073918
0.135080
0.675677
0.373547
0.234576
0.183864
-0.110350
-0.405998
-0.207867
0.363720
-0.385869
-0.468311
0.306415
0.052500
-0.275483
0.489172
-0.156068
-0.131935
0.394607
0.451524
-0.353413
0.402330
0.178580
0.003061
-0.127527
-0.573743
-0.042781
-0.413747
-0.007932
0.387141
-0.522417
0.193287
0.364014
-0.551829
-0.377403
-0.334350
0.374856
-0.050426
-0.144717
0.006224
-0.080119
-0.293267
-0.096389
0.060167
0.305475
-0.451406
-0.356604
-0.109958
0.369736
-0.354052
-0.239218
-0.405907
-0.496243
0.436363
-0.088073
0.169802
0.481884
0.192107
-0.238098
0.309959
0.193861
0.539176
-0.099195
-0.441718
0.755353
0.457355
0.039163
0.702224
-0.329184
0.008673
0.169807
-0.197770
0.268204
-0.087905
0.105948
-0.152687
-0.009781
0.342434
-0.011615
0.106878
0.124171
-0.193045
0.492728
0.017430
-0.182163
0.262496
0.492144
-0.375627
-0.456781
-0.521170
0.268792
0.143674
0.149217
0.508822
0.603806
-0.518350
-0.544637
-0.347461
-0.040698
-0.460775
-0.347261
-0.382651
-0.088267
-0.637680
0.331378
0.085190
0.717972
-0.003434
0.335832
-0.471797
0.086319
-0.242999
-0.598831
-0.466612
0.347128
0.323592
-0.109151
-0.405717
0.109076
-0.282471
0.643401
0.311768
0.065134
-0.366464
0.101418
-0.405231
-0.018105
0.031223
0.747880
0.328591
0.186833
0.523432
0.165417
-0.024147
-0.169234
-0.498794
0.170639
0.508430
-0.032581
-0.156916
0.358602
0.128466
0.548838
-0.147025
-0.067588
0.092796
-0.187547
-0.153305
0.065743
0.173171
0.291992
0.124293
0.509165
0.584633
-0.148610
-0.416914
0.472472
-0.383780
-0.584902
0.452629
0.090593
-0.513783
-0.468481
-0.419531
-0.361365
0.563590
-0.032884
0.034799
-0.506340
-0.519783
0.513320
0.064564
0.359257
-0.175414
0.048689
0.501019
0.282332
-0.056680
0.630011
0.036738
-0.453779
-0.402857
-0.251568
-0.280564
-0.178453
0.577562
-0.205628
0.396624
-0.464365
0.214491
0.066253
0.081074
0.218683
0.162115
-0.236834
-0.348099
0.561113
0.419209
0.385132
-0.091485
-0.253181
-0.487810
-0.171182
0.031308
-0.511268
0.046834
0.172366
-0.368408
-0.383143
-0.163508
0.479195
0.086185
0.464264
0.047066
-0.371085
0.225023
-0.372299
0.126624
0.288297
-0.100196
-0.140310
0.005462
-0.046297
0.190554
-0.420389
0.228778
0.354722
-0.339990
-0.251708
-0.104869
0.013584
0.266276
-0.580722
-0.281102
-0.487058
0.114287
-0.088766
0.116789
0.211332
0.007620
0.324413
-0.388763
0.187152
0.084107
0.430184
0.310100
0.314937
-0.311004
-0.416814
0.086568
0.108769
0.523529
-0.670509
-0.019445
-0.043009
-0.151981
-0.011411
-0.440695
0.192953
-0.262293
0.223731
-0.040130
0.564871
-0.537796
-0.216607
0.103460
-0.192338
0.337919
0.441734
0.084831
0.187280
-0.314991
0.254605
-0.061579
0.253057
0.711058
0.311797
0.449121
-0.654841
0.136352
-0.018590
-0.716872
0.509804
0.197658
0.529938
-0.254015
0.371129
0.472766
-0.119052
-0.031761
-0.142262
-0.281304
0.270173
-0.645117
0.428334
0.284058
0.253257
0.137694
-0.119680
-0.496063
-0.080516
-0.396968
-0.448062
0.354164
-0.546371
-0.009726
-0.031132
-0.437817
0.665342
0.101843
-0.037176
0.261916
0.453593
-0.186079
0.219178
-0.080828
-0.490243
-0.298851
0.109221
0.115022
-0.016571
-0.325461
0.455762
-0.228462
-0.434036
0.422272
-0.248510
-0.393864
-0.333296
0.295185
0.210259
-0.024670
0.141371
0.293640
0.371769
0.015389
-0.074601
0.371307
0.407463
0.405611
-0.119117
-0.191869
-0.574551
-0.346641
0.017074
0.175394
-0.149354
-0.288093
-0.179033
0.464768
-0.375916
-0.055610
-0.023018
-0.325328
0.191425
0.619565
-0.027357
-0.109593
0.390013
-0.078856
0.137058
-0.201735
-0.238517
0.111626
-0.508828
-0.455528
-0.196803
-0.086264
-0.001066
0.112566
0.331833
-0.377001
0.084923
-0.457836
-0.003773
0.222535
0.111318
-0.905909
-0.366279
0.572695
-0.557016
0.228390
-0.076522
0.263797
-0.381417
-0.386569
0.624118
0.417423
-0.598330
0.251484
0.100225
-0.243570
-0.413866
-0.293137
0.343218
-0.678175
0.138406
0.247037
-0.173277
-0.623082
0.101353
0.296315
-0.040256
0.511667
-0.300610
-0.347798
-0.239608
0.439766
0.119222
-0.629535
-0.017097
-0.265635
-0.007944
-0.081274
0.041125
-0.242251
0.436988
-0.154806
0.546418
-0.458143
-0.479446
0.226357
0.353948
0.421344
0.165120
0.095530
-0.407109
0.284325
-0.032866
-0.116352
-0.527538
0.498098
-0.325168
0.210051
-0.321187
-0.037784
-0.265637
-0.144415
0.424551
0.356499
-0.526640
0.402947
0.328961
0.272219
-0.395378
-0.056542
0.508831
-0.226089
0.228757
0.077629
-0.260702
0.515783
-0.282149
0.167662
0.397574
-0.015277
0.160488
-0.378146
0.372850
-0.135647
0.318906
-0.309931
-0.282950
-0.345911
0.314274
-0.095304
0.303983
-0.268650
0.005918
-0.260836
0.565454
0.267117
-0.065806
-0.191924
-0.490977
0.289804
0.319913
-0.506630
-0.259487
-0.100796
-0.140289
0.036271
-0.520604
0.140305
-0.385380
0.155557
0.405961
0.023383
0.201010
-0.266667
0.432235
0.136304
-0.270299
0.173363
-0.579024
-0.483637
0.192130
-0.005743
0.013947
0.037303
0.457703
0.405980
0.257685
-0.463634
-0.080871
-0.284064
-0.235650
0.482506
-0.539442
-0.411333
0.492031
-0.323363
-0.240839
-0.295435
0.037571
-0.426119
0.316593
0.556283
0.128069
-0.480639
-0.088328
-0.193727
0.355211
0.538844
0.412589
-0.369293
-0.209463
0.240368
-0.036441
-0.184239
-0.549018
0.356689
-0.233082
-0.316988
-0.272669
-0.205878
-0.611166
-0.515382
0.357297
0.044434
-0.059076
-0.333246
0.026739
0.297191
-0.198941
-0.239964
0.779458
0.436378
-0.193720
0.482148
-0.039294
-0.096373
-0.595476
0.410899
-0.059411
0.609619
0.022975
-0.080291
0.367037
-0.057801
-0.464932
-0.889393
-0.325005
-0.297102
0.333448
0.112677
-0.269078
0.279802
-0.186985
0.214442
-0.418084
0.324068
-0.469999
0.087387
0.006642
0.281444
0.497191
0.076018
0.537009
0.865037
-0.438875
-0.563169
-0.167378
0.024154
-0.107732
0.334881
-0.403521
0.038505
0.107915
-0.153133
0.150793
-0.108468
0.370341
0.306488
0.109737
-0.145187
-0.022664
-0.099576
0.186603
0.234569
-0.598283
0.632018
-0.089036
0.035619
0.036587
-0.135733
0.160373
0.131233
-0.257751
-0.065470
-0.573267
-0.187109
-0.290301
-0.116295
0.133487
-0.494682
0.263079
0.425381
0.520805
0.726298
0.515904
-0.352283
-0.574012
-0.244070
-0.580910
-0.045310
-0.532143
-0.089542
-0.287621
0.038817
0.118054
0.340701
0.158417
0.133749
0.201947
0.577818
-0.472058
0.345248
-0.461753
-0.052894
0.322419
0.114906
-0.117657
0.369673
0.354439
0.010866
0.302871
0.414347
0.150571
-0.520392
0.017943
0.115337
0.053574
-0.475200
0.130472
0.241218
-0.197181
-0.049174
-0.024532
-0.512833
0.214077
-0.438945
0.194486
-0.332121
-0.246891
0.010807
0.444037
0.483131
-0.057014
0.221823
0.365986
-0.049985
-0.514129
-0.576627
-0.372784
0.635698
-0.074164
-0.588390
0.131475
0.027398
-0.073536
-0.581043
-0.132877
0.102824
-0.251010
-0.610776
-0.335709
0.024166
0.166203
-0.453864
-0.283997
-0.164009
-0.270625
-0.521715
0.305104
0.199202
-0.218911
-0.182602
0.283629
-0.182776
0.490115
0.410643
0.297966
0.406741
-0.577645
-0.400884
0.043167
-0.572558
-0.055919
0.245447
0.439781
-0.337991
-0.427978
-0.255104
0.473094
-0.723537
-0.225482
0.081286
0.078511
0.275990
-0.611306
0.370431
-0.576456
-0.273063
-0.003770
0.343521
-0.176648
0.125735
-0.278721
-0.512372
0.199540
0.059107
0.484694
0.237265
0.496767
-0.252638
-0.290803
0.553467
-0.100828
-0.608993
-0.057223
-0.051184
-0.267845
-0.109829
-0.517474
-0.653486
0.863710
-0.378662
0.357293
-0.736114
-0.169379
0.499898
-0.455719
0.251355
-0.213226
-0.326218
-0.178298
-0.413737
-0.118683
0.189280
-0.366038
0.247751
0.609159
0.018825
0.209757
-0.577695
-0.126179
0.503063
0.101547
0.289011
-0.363124
0.195022
-0.035946
-0.538407
0.410155
0.021736
-0.518061
0.188656
0.206795
0.204391
0.096492
0.129881
