0.297584
-0.379200
-0.283352
-0.007778
-0.129086
0.216864
-0.149414
0.269607
0.258235
0.521570
0.087833
0.321652
0.015037
-0.221990
0.021245
-0.618283
0.043361
0.538315
-0.016993
-0.393981
-0.151350
-0.043777
0.089561
-0.102266
-0.420542
-0.375029
0.534935
-0.451622
-0.000888
0.535440
0.155475
0.150988
-0.476747
0.687083
0.151295
0.082799
0.115584
0.401205
0.162549
-0.617895
0.109687
0.469627
0.039953
-0.444475
0.188642
-0.591670
0.464603
0.318685
0.180010
0.790245
-0.465223
0.025659
-0.093175
0.100694
-0.353413
0.173658
0.140274
-0.284849
0.249579
-0.359778
0.482953
0.339215
0.408600
0.158044
0.359455
0.226294
-0.105814
-0.099916
-0.413531
-0.259955
0.033524
0.036990
-0.144717
0.248839
0.292877
0.115793
0.090267
0.231262
0.303771
-0.488144
-0.261142
0.383559
-0.643429
-0.002306
-0.196461
0.405179
-0.238795
0.507333
-0.483674
0.256564
-0.097955
-0.334653
0.391887
-0.326955
-0.321139
-0.490876
0.003571
-0.428363
0.286030
-0.667045
-0.205904
-0.454781
0.354272
0.004659
-0.311478
-0.474790
0.161352
0.137838
-0.022501
0.058619
0.088920
-0.627070
-0.113757
-0.309328
-0.343117
-0.162923
0.209201
-0.325118
-0.174499
0.273279
0.284079
0.449946
0.436274
-0.309040
0.243704
0.690290
-0.520313
-0.016481
0.106764
0.211699
0.276356
-0.691154
-0.285837
0.312205
0.528729
-0.582420
0.361064
-0.632861
0.521646
0.237987
0.052014
-0.132169
-0.384718
0.147379
-0.172029
0.185802
0.176000
-0.277605
0.677935
0.531883
0.255659
-0.433210
-0.131328
0.266001
0.524995
-0.122785
-0.344370
-0.066482
-0.173402
-0.160071
-0.391499
0.119267
0.032229
0.036612
0.287215
-0.620075
-0.477415
-0.004053
-0.091848
0.206990
-0.405203
-0.282061
0.645776
-0.125955
0.236635
-0.006483
0.101283
-0.567676
-0.033490
0.118341
-0.187547
0.325194
0.043591
-0.345127
-0.421017
-0.120345
0.091353
0.240930
-0.176945
0.223597
-0.084148
-0.279257
-0.251188
0.536577
-0.328001
-0.098381
0.130119
-0.173378
-0.355280
0.476110
0.752050
0.659561
-0.528275
0.185227
0.107690
0.334734
0.132567
-0.477307
0.141915
0.068178
-0.025825
0.385987
0.076200
0.457900
0.184700
-0.079551
0.406680
0.296435
-0.135280
0.005049
0.067585
0.321622
0.272559
0.084595
-0.031284
0.633858
0.181442
-0.323270
-0.048462
0.158349
0.054514
-0.021765
0.010188
-0.256013
0.189698
0.182131
0.049005
-0.005649
-0.358302
-0.344940
-0.467399
0.116591
0.421436
0.300995
-0.488082
-0.012939
0.152630
0.087239
0.079367
0.020282
-0.150303
0.067841
-0.574311
-0.140915
-0.248451
0.260367
0.164836
0.124356
0.301031
-0.626366
0.442648
0.377291
0.709612
0.434273
0.079674
-0.185208
-0.213373
-0.135298
-0.156350
-0.235175
0.507200
-0.286152
0.337652
-0.396759
0.145056
0.042738
-0.640511
0.140195
-0.048625
-0.237286
0.245865
0.367867
-0.432515
0.378595
0.120784
0.030207
0.271851
-0.066819
0.038706
-0.398241
-0.405740
0.607806
-0.261679
-0.121099
-0.354293
-0.093511
0.125570
-0.048869
0.647528
-0.488293
0.068866
-0.782378
0.442486
0.073105
0.250412
-0.193733
-0.023119
-0.090720
0.122840
0.195395
-0.685266
0.534535
-0.321780
0.602299
0.048815
0.292933
-0.343996
-0.473874
-0.310118
-0.031004
0.285612
0.346930
-0.122089
-0.569721
-0.654102
-0.518112
0.112229
0.471691
0.168846
-0.342804
0.122894
0.043092
-0.119680
-0.050824
-0.101298
0.332482
0.015717
0.628155
0.260517
0.351414
0.242434
0.454203
0.180405
-0.049370
0.328116
0.587694
-0.082349
-0.206138
-0.475610
-0.256281
-0.316745
0.486302
0.203949
0.315306
-0.434601
0.203633
-0.058142
0.372589
0.027575
0.041479
0.213262
0.402749
-0.386152
0.627678
0.335963
-0.297832
0.074173
-0.324975
0.135246
-0.104800
-0.156101
-0.016960
0.144224
0.210719
-0.136102
0.086705
-0.358885
-0.214570
-0.163875
0.140923
0.071719
-0.453521
0.181209
-0.049235
-0.003273
-0.220892
-0.265397
-0.325328
-0.200013
0.046300
0.019620
-0.005415
0.190374
0.047929
-0.472981
-0.114780
-0.282526
-0.252485
0.262712
-0.351326
-0.031258
0.395472
-0.108977
0.323039
-0.511249
-0.535755
0.485284
-0.150202
-0.145126
0.355354
-0.380220
0.222167
0.638982
-0.196079
-0.353850
-0.300554
0.000832
-0.004935
0.119269
-0.442755
-0.164880
0.002164
0.181743
-0.121699
-0.198251
0.050540
-0.274604
-0.681443
-0.351237
0.353755
0.619229
0.124652
-0.223531
-0.192486
0.177853
-0.136680
-0.255419
-0.061780
0.139119
0.019399
0.070044
-0.022280
0.114502
-0.562279
0.239482
-0.112957
0.105915
-0.180449
0.228294
0.155439
0.144337
-0.423382
0.643452
0.517595
0.055957
0.260795
0.140513
0.155584
-0.034469
0.295492
-0.245376
-0.789212
0.102157
-0.281397
0.174389
-0.411618
-0.217165
0.190855
-0.361744
-0.443157
0.064376
-0.219236
0.243928
-0.154988
0.550688
-0.326095
0.529362
0.113562
-0.411028
0.596758
-0.211327
-0.292521
0.117626
0.025314
-0.162452
-0.483949
-0.112746
-0.079798
0.353045
-0.154612
-0.190797
-0.262261
0.064809
0.089658
0.535937
0.443348
-0.414158
-0.479589
0.084906
-0.338492
0.146253
0.324956
0.178599
0.547218
-0.051655
-0.201732
-0.078189
-0.283194
0.288692
0.325568
-0.369558
0.036231
0.091015
0.462708
-0.301785
0.122085
0.271915
-0.499731
-0.051407
-0.475217
0.697849
-0.678295
0.211390
-0.168631
-0.376808
0.130890
0.388728
-0.296659
-0.386313
-0.356701
-0.326443
0.327795
-0.425573
0.490497
0.423858
-0.494198
0.403166
0.325418
0.088095
-0.062170
-0.175893
0.344131
-0.045276
0.390648
0.539147
-0.076686
0.169396
-0.321183
0.398866
-0.540332
0.575979
-0.095797
-0.539881
-0.249843
-0.012690
-0.150100
0.176138
-0.010965
0.546604
-0.096839
-0.283907
0.027424
0.439299
0.239189
-0.419636
0.374873
-0.216442
-0.271144
0.076714
-0.496509
0.050145
-0.202518
0.382037
-0.119521
0.060950
-0.196998
-0.194318
0.383120
0.625996
0.411002
0.331177
0.368197
0.247989
-0.036927
-0.075361
0.359590
-0.487647
0.209915
-0.072034
0.379759
0.102232
-0.315144
0.289498
0.254407
0.196670
-0.858780
-0.347685
0.485624
-0.090571
-0.312327
0.166599
0.455995
-0.233973
-0.464197
-0.382939
-0.002935
-0.427485
-0.235946
-0.200465
0.171426
0.259020
-0.148359
0.197570
-0.373917
0.158802
-0.031870
0.527299
-0.479071
0.271946
-0.355032
0.249272
-0.068573
0.494735
0.010244
0.029052
0.303552
-0.029963
0.175533
-0.444386
-0.261627
0.140364
-0.327547
0.188125
-0.624835
-0.458314
-0.328759
-0.150558
-0.457631
0.150201
-0.306325
-0.558089
0.381725
-0.236251
-0.103040
0.647281
0.225437
-0.235481
-0.148713
-0.471311
-0.217849
0.170632
-0.126306
-0.075831
0.192105
0.272441
-0.634127
0.237505
0.294181
0.164778
0.223175
-0.211113
-0.360004
-0.389844
0.240614
0.264348
0.257293
0.433589
-0.186966
-0.372335
0.577818
0.175128
0.155465
0.310142
-0.411721
0.450878
0.450015
-0.112743
-0.128491
0.255244
-0.112040
-0.111957
-0.149339
-0.467590
-0.520596
0.408191
-0.388618
0.307383
0.629498
-0.158798
0.055419
-0.575393
-0.293009
-0.308028
-0.491095
0.280094
0.017500
-0.349752
-0.093312
-0.100309
0.023223
0.690825
0.395679
-0.116943
0.220629
-0.175594
0.028737
-0.534411
-0.493813
-0.447967
0.210955
-0.377679
-0.456082
0.157041
-0.101548
-0.711923
-0.007710
-0.348406
-0.371617
-0.225991
-0.599199
-0.311699
-0.261196
-0.190394
-0.302945
-0.214692
0.100097
-0.032441
0.567345
0.241940
-0.041126
-0.402590
-0.234366
0.172114
-0.102665
-0.110978
-0.306423
0.218290
0.462417
-0.261516
0.455478
0.463169
-0.223216
-0.040741
0.140688
-0.221530
0.476641
-0.359063
0.564114
-0.461084
0.582868
0.266350
0.153558
0.078511
0.680209
-0.275526
0.053643
-0.535801
-0.093364
-0.477212
-0.516013
0.018106
0.089697
-0.512623
-0.061709
-0.224299
0.128184
0.042847
0.431713
-0.126475
-0.144106
0.333395
0.463523
0.065573
0.458119
0.433300
-0.525665
0.339340
0.509910
0.373936
-0.156602
0.257722
-0.392154
0.619152
0.138938
-0.101253
-0.253020
-0.302180
-0.176313
-0.569412
-0.354742
-0.218289
-0.305224
0.013770
0.194091
-0.053612
0.543000
0.040300
0.018825
-0.055413
-0.064808
0.182054
-0.182786
0.340138
0.258593
-0.219810
0.118038
-0.717592
-0.538407
-0.111407
-0.211963
-0.423749
0.295391
0.176734
0.521493
-0.362455
-0.318824
