-0.092449
-0.030375
-0.054612
-0.629785
0.208628
0.004504
-0.110585
-0.047332
-0.245078
0.309159
-0.024544
0.154199
-0.190870
-0.116896
0.486961
0.484578
0.019309
-0.142414
0.208414
-0.639294
0.566214
0.233285
-0.425106
0.219983
-0.023800
-0.149077
0.376777
-0.007937
-0.432076
0.293778
-0.107578
-0.133672
-0.164784
0.092128
-0.138927
0.239197
-0.235519
-0.534440
-0.359711
0.026878
0.046643
0.041921
-0.223464
0.494859
-0.536538
-0.250730
-0.218844
-0.415782
0.173650
-0.448505
-0.280564
0.007764
0.428465
0.271231
0.242436
0.509079
0.338290
-0.353654
0.029524
0.404433
-0.110969
0.229267
-0.564145
0.545664
0.557525
-0.204698
-0.105116
-0.534047
0.107028
-0.272620
-0.029245
-0.305851
0.026825
0.006224
-0.072776
0.119122
-0.336051
0.231262
-0.131039
-0.422146
0.262596
-0.657799
0.285102
0.352479
0.580937
0.107225
0.275385
-0.623135
-0.020947
0.320996
-0.036280
-0.458056
0.055188
0.402659
-0.633361
-0.297312
0.209981
-0.111821
-0.391254
0.393867
-0.234329
0.405036
-0.211050
-0.270289
-0.035265
-0.098677
-0.312206
0.136960
0.100686
-0.234288
-0.269754
0.296254
0.386872
-0.049903
0.159215
-0.031759
-0.200261
0.225807
-0.040782
0.262496
-0.214953
0.540890
0.068200
0.094254
0.129023
-0.406773
0.228564
0.672596
-0.467528
0.167688
0.504170
0.243079
0.311368
-0.401001
-0.437336
-0.581410
-0.730252
-0.174201
-0.493609
-0.016245
-0.606205
-0.604106
-0.399086
-0.512438
-0.367899
-0.051642
0.119086
-0.196306
-0.062948
-0.099478
-0.490964
-0.147052
-0.089152
0.086958
-0.087571
0.747478
0.005673
0.334385
-0.079535
-0.252701
0.084363
-0.046077
0.919187
0.450226
0.275803
0.523432
-0.334573
-0.195799
-0.491836
-0.500151
0.069668
0.509678
0.228337
-0.087807
0.111582
0.079175
0.526284
-0.076319
-0.063072
-0.516684
-0.116621
-0.137653
0.034620
0.439147
0.248659
0.255165
0.658227
-0.521201
-0.154886
0.295292
0.254593
0.163915
-0.050291
-0.186757
-0.336458
-0.014262
0.582602
-0.505679
-0.065146
-0.541273
0.532205
0.414239
-0.465105
0.021593
0.259382
0.261355
0.168307
0.124215
-0.224197
-0.035643
-0.065506
0.250633
-0.331335
-0.314735
0.374062
-0.083946
0.036409
0.018166
-0.243196
-0.139144
-0.559835
-0.108420
0.335887
-0.671515
0.362510
-0.093329
0.410284
0.250273
0.034696
-0.296585
-0.036152
0.237588
0.498259
-0.437852
-0.284900
-0.378847
0.212810
-0.149582
-0.574751
0.029835
-0.306323
-0.128749
0.174587
-0.071749
0.504440
-0.417399
-0.413778
0.151287
-0.146488
0.334757
0.211594
0.184517
0.209862
0.004250
0.259956
-0.777842
0.168741
-0.080852
-0.422480
-0.486846
0.245562
-0.076549
0.333080
-0.423746
-0.283665
0.066351
0.215056
0.084256
0.366710
-0.196016
-0.184068
-0.235525
0.429851
0.197821
0.324413
-0.012685
0.081863
0.079081
0.495262
0.122938
0.520114
0.250116
-0.013664
-0.345678
0.022989
0.644848
-0.017848
-0.224264
0.296698
-0.503126
0.268920
0.125224
-0.039713
-0.909576
0.332257
-0.156769
0.280033
0.044642
0.125311
-0.342769
0.030594
-0.287998
-0.296575
-0.088101
-0.068271
0.028393
0.602091
0.002834
0.625453
0.422664
0.033494
-0.054363
-0.316453
0.330102
-0.349100
0.355503
0.047656
-0.071863
-0.248422
0.322629
-0.309406
-0.040549
-0.152617
-0.013430
0.389761
-0.398382
0.099348
-0.062028
0.029820
0.069909
0.385727
0.104357
0.346678
-0.244233
0.527932
0.037460
-0.634387
-0.117918
0.415456
-0.585548
-0.130346
0.416622
-0.289309
0.044867
0.371709
-0.478455
-0.285973
0.257146
-0.432854
-0.374337
-0.325554
-0.663811
-0.046687
-0.144168
-0.087859
0.221660
-0.134296
-0.126679
0.488222
-0.142019
-0.030160
0.484856
-0.339825
0.409360
0.407544
-0.116473
0.084438
0.311767
-0.020789
-0.252361
-0.028097
-0.019116
0.398665
0.413303
0.050606
-0.501427
-0.203350
0.026763
-0.153970
0.210398
-0.020856
0.598303
-0.317520
0.154712
0.457566
0.404778
-0.164706
-0.428994
-0.244588
-0.110202
-0.263265
0.103593
0.390013
0.217984
0.454394
0.184512
0.578206
0.452266
0.271536
0.148412
-0.190533
0.164394
-0.244676
-0.469392
-0.019182
-0.443438
0.548451
-0.404958
0.398600
0.634549
0.080124
0.380160
-0.249950
0.706830
-0.683867
-0.009048
0.187278
0.114054
0.253295
-0.439752
-0.076229
-0.162470
-0.146076
0.346800
0.279619
0.053984
0.519144
-0.102783
-0.447441
0.135845
0.365924
-0.324419
-0.186267
-0.522180
0.123445
-0.012372
0.060752
0.389709
0.044418
0.301421
-0.236766
0.346364
-0.302667
-0.682437
0.576537
0.045735
0.282299
-0.055952
0.041125
-0.572508
-0.152569
0.074868
0.157689
-0.271568
0.426653
-0.754833
-0.293684
0.322303
0.065773
0.041603
0.236841
0.067826
-0.306312
-0.186831
-0.188737
-0.428988
-0.401154
-0.069982
0.189390
-0.553023
0.047793
-0.381695
-0.270949
0.536900
-0.057214
0.107932
-0.291218
0.787909
-0.046936
0.395984
-0.506815
-0.068210
-0.097653
-0.290773
0.362679
0.490697
-0.259157
-0.360257
0.053942
-0.025633
-0.309957
0.201137
-0.454552
-0.487547
0.011359
0.479121
-0.174997
-0.413529
-0.300699
-0.387735
-0.485123
0.169411
0.509100
0.109680
0.232012
-0.037872
-0.047348
0.209932
-0.189175
0.712350
0.396277
0.447521
0.143194
-0.324141
-0.250471
-0.044418
0.331840
-0.059176
0.501295
0.254171
0.437274
-0.027722
-0.032196
-0.180514
-0.034869
-0.408633
-0.229364
0.396902
-0.218851
-0.461388
0.054380
0.270330
-0.503606
-0.152454
0.260755
-0.175222
0.143593
0.478605
0.000306
-0.284064
-0.101559
-0.496017
-0.310089
-0.317724
-0.326318
-0.172845
-0.069063
-0.354181
-0.199977
-0.469739
-0.157069
0.033492
0.184615
0.500592
0.546526
0.257805
-0.514234
-0.284443
-0.442001
-0.179402
-0.299355
-0.505135
0.130885
-0.006597
0.518353
0.339402
0.095116
-0.067737
0.126384
-0.562360
-0.268998
0.163005
0.227458
-0.167148
-0.274678
-0.333246
0.063905
0.393742
-0.198941
0.322576
0.350240
-0.294637
0.060069
-0.612629
-0.321415
0.127361
-0.097448
0.826178
-0.437032
0.366659
-0.215999
0.250779
0.454290
0.101234
0.384676
0.387019
-0.170315
0.261288
0.424345
0.081077
-0.196823
0.265200
0.103446
0.577278
0.041372
-0.424024
-0.228549
0.100831
-0.373113
-0.383303
0.176144
-0.305206
0.666386
-0.197634
0.046782
-0.242542
-0.277306
0.161454
0.100620
-0.074912
0.052649
-0.048959
-0.510708
0.034586
-0.127467
0.062856
0.346717
0.115241
0.368474
-0.026232
0.090040
0.238282
-0.071681
0.338687
0.202096
0.176348
0.820111
0.327952
-0.641374
0.322102
-0.063829
-0.176965
0.163186
-0.101518
-0.024112
0.547062
0.405894
0.569362
0.314828
0.045773
0.110429
-0.166239
0.429760
0.124441
-0.482762
-0.463861
-0.286923
0.071395
0.140551
-0.109308
-0.566344
0.074757
-0.358743
-0.250319
0.098555
-0.471885
0.248124
-0.343274
0.201947
0.441103
-0.088033
0.725607
0.209673
0.117912
0.322419
0.314943
0.002958
0.550275
0.177543
-0.084426
0.040105
-0.106426
-0.688355
-0.229214
0.139388
-0.061783
0.053574
0.467874
0.432311
-0.309464
-0.033307
-0.219696
0.904078
-0.217988
-0.074829
0.360780
0.323986
0.394395
-0.592187
0.308920
0.151581
0.233387
-0.062407
0.600782
-0.046962
0.539240
-0.079490
-0.294438
-0.334585
0.233531
-0.082608
-0.566692
0.369394
0.048544
0.517316
0.137255
0.235992
-0.182593
-0.003650
-0.177823
0.261552
0.180246
-0.353931
0.190579
-0.491086
-0.213712
-0.039754
-0.028927
-0.411286
-0.532783
-0.369596
0.352756
0.315015
-0.062866
-0.154652
0.033911
0.385956
-0.299384
0.137460
0.145881
-0.193432
-0.667580
-0.100617
-0.304848
0.066650
0.495006
-0.123603
-0.200360
0.026215
-0.176112
-0.522240
-0.329076
-0.198657
0.642678
-0.446002
-0.086733
-0.558523
-0.016304
0.037939
0.482882
0.002667
0.350238
0.667497
-0.526563
0.079774
-0.132525
0.371748
0.402395
-0.433000
-0.258666
0.417794
0.071125
0.245330
-0.033206
0.377843
0.158668
-0.261391
0.424479
-0.481744
0.076366
-0.073228
-0.479201
-0.148344
-0.292154
-0.505134
0.328284
0.440414
-0.046650
-0.051435
0.239838
0.635006
-0.022493
-0.092537
0.227924
-0.573323
0.161909
0.242617
0.005864
0.070589
0.175956
0.190398
-0.113947
-0.482009
0.117757
0.569144
0.195022
-0.436864
0.077300
-0.633137
-0.450682
-0.098703
-0.067677
0.154132
0.090615
-0.100451
-0.280853
