-0.078612
0.444386
-0.277045
0.007431
-0.185137
0.558908
-0.633966
0.301693
-0.120359
0.426129
-0.019645
-0.393964
0.060522
-0.019374
0.294672
0.239673
-0.105371
-0.016114
0.099448
-0.615755
-0.302664
-0.369172
0.018042
0.311779
0.001344
-0.065172
-0.061282
-0.372821
-0.274286
0.234030
-0.053857
-0.312963
0.105060
-0.150608
-0.038657
0.194392
-0.159118
0.206793
0.216086
-0.499777
0.054344
0.237962
-0.158942
-0.190065
0.478738
-0.299262
0.239156
0.325893
-0.214009
0.398402
0.100083
0.000576
0.075201
-0.341238
-0.052603
-0.145178
-0.301244
-0.290884
0.428292
0.117129
0.513724
-0.623173
-0.142558
-0.618141
-0.261385
0.003858
0.282448
-0.463018
0.288197
-0.435146
-0.101376
-0.040653
0.512191
-0.254208
0.042837
0.008747
-0.083167
-0.280363
0.001486
-0.185255
-0.048996
-0.300460
-0.449866
-0.045425
0.015167
-0.260554
-0.118208
0.506849
-0.566930
-0.581663
0.319617
0.296474
0.071790
-0.063979
0.409262
0.031872
-0.431570
-0.279166
0.235936
-0.549774
-0.092719
-0.183078
-0.171435
-0.092175
0.064732
-0.170127
0.163694
-0.191309
0.352988
-0.423620
-0.269067
0.667456
0.031577
-0.091276
0.124171
-0.071538
0.130872
-0.406671
-0.082183
-0.482094
0.669713
0.213971
0.190373
-0.213663
-0.278355
-0.305426
0.378870
-0.681701
0.049839
-0.208336
0.583671
-0.329486
0.294784
0.018384
0.379394
0.364567
0.213950
0.254700
0.331378
0.299336
-0.538983
-0.428485
0.171827
-0.513850
0.065541
0.024252
0.380318
0.163054
-0.146986
0.172416
0.274907
-0.269251
0.400642
-0.171979
-0.069350
0.537509
0.092707
-0.131754
0.075226
-0.355374
0.097053
0.182517
-0.039944
-0.104454
0.459349
0.024900
-0.534556
0.100672
0.090301
0.211962
-0.156302
-0.042745
0.148731
0.043417
0.209190
-0.349554
0.327127
0.475461
-0.110259
-0.160644
-0.251587
-0.071709
0.032114
0.216486
0.299897
-0.384506
-0.436224
0.481175
-0.065433
-0.148540
0.438650
-0.225607
-0.126966
-0.610593
0.083685
0.114152
0.376055
0.222362
-0.000185
-0.481599
0.276803
0.117521
-0.361079
0.275469
0.589400
0.263372
-0.455184
-0.479251
-0.244165
-0.015797
0.040616
-0.204678
0.551449
0.281522
0.504601
-0.123940
0.124686
-0.144012
0.469120
0.398466
0.578062
0.470623
-0.605259
0.337794
0.325621
0.194678
-0.611610
-0.355200
-0.258595
-0.211922
0.034099
0.502499
-0.079917
0.289511
-0.470255
0.248023
-0.150946
0.071634
-0.280051
0.756542
-0.252392
-0.311482
0.135504
-0.056756
0.131166
-0.033583
0.115039
-0.513569
0.449458
0.039371
0.408178
0.194914
0.207353
0.346456
0.257355
0.441916
0.105750
0.094629
-0.595576
0.431676
0.063451
-0.076355
-0.292826
-0.271526
-0.114589
-0.159269
-0.349275
-0.249834
-0.122659
-0.056679
0.114515
-0.426255
0.697773
0.048103
0.620014
-0.180794
0.333861
-0.278852
-0.472904
-0.011795
-0.450549
0.448321
0.394401
-0.109899
0.053493
0.420380
0.134228
-0.252240
0.613238
-0.108544
-0.398133
0.670264
-0.039713
-0.203842
-0.483790
-0.184260
0.093335
-0.535957
-0.277759
0.418308
0.177678
-0.154799
0.191804
-0.492090
-0.298584
0.385343
-0.307514
0.309884
-0.497058
0.446655
-0.166526
-0.457213
-0.316453
0.020330
0.221673
0.534784
-0.686415
0.683511
-0.277529
0.388034
0.107744
0.411186
-0.128733
-0.320582
0.487217
-0.252524
-0.298900
0.056672
0.150633
0.617805
0.330416
-0.444753
0.094939
0.090658
0.190376
0.352586
0.342003
-0.096428
-0.564347
0.106163
-0.478556
0.003156
0.381102
-0.012087
-0.414073
0.270688
0.033869
0.303826
-0.373796
0.307670
-0.310869
0.455212
0.323470
0.319807
-0.014397
0.261939
-0.518480
-0.278889
-0.135280
-0.051573
0.161481
0.592168
0.058174
0.203976
-0.143570
-0.546781
0.163951
-0.261507
0.471860
-0.451464
0.452977
-0.526424
0.425871
0.433717
-0.161876
-0.139519
-0.364793
-0.304729
-0.499221
-0.405808
0.004209
0.245818
0.270384
-0.019251
-0.214552
-0.333826
-0.404440
0.036762
0.387467
0.115525
0.420763
-0.164108
0.244116
0.091676
0.489538
-0.564564
0.072792
0.619523
-0.079831
-0.090658
0.169092
-0.382613
0.163549
0.180180
-0.417656
-0.632900
-0.162896
-0.074817
0.285325
0.454334
-0.053727
-0.426385
-0.595506
-0.054514
-0.621874
0.667589
-0.067643
0.392338
-0.196951
0.098369
0.462182
0.131900
0.148154
-0.184189
0.371829
-0.387755
-0.252021
-0.101258
0.386458
0.337291
0.312848
-0.290759
-0.445387
0.059509
0.314418
0.225753
0.060733
-0.396371
-0.301756
0.595865
-0.172011
0.199986
0.418834
0.354020
0.046668
-0.204012
0.035373
-0.111889
0.108143
0.164821
0.210822
-0.175350
0.118984
0.110853
-0.287599
-0.388549
-0.070385
-0.092355
-0.444368
-0.335148
-0.176332
-0.505091
0.291621
0.310749
-0.554477
-0.383495
-0.228295
0.284775
-0.293175
-0.360194
0.240772
0.224010
-0.124206
-0.125924
0.548792
0.207358
-0.570444
-0.613811
-0.164794
0.361789
-0.144127
0.512752
-0.077881
0.085175
0.392710
0.063734
0.058163
-0.100688
0.415828
-0.427303
0.113585
0.265761
-0.139563
-0.611331
-0.353903
0.155904
0.040566
-0.222314
-0.062030
-0.189310
-0.426984
-0.522973
0.107633
-0.581152
-0.604926
-0.417850
0.268235
0.100384
-0.034199
0.137477
-0.366980
0.333073
0.125260
-0.195455
-0.397990
-0.208641
0.475065
-0.246367
0.166577
-0.251552
0.170367
0.608834
0.077259
-0.373897
-0.084436
0.335156
-0.209792
0.249521
-0.255685
0.314061
0.077567
0.485357
0.100356
-0.095579
0.355730
0.475526
-0.193781
0.193102
0.414753
0.212053
-0.184933
0.319727
-0.571261
0.246403
-0.422494
0.313079
-0.572710
0.337248
0.167298
0.481245
0.353184
0.047938
0.115744
-0.047584
0.121615
-0.502659
-0.261703
-0.339229
0.522953
0.002563
-0.460115
0.194927
-0.144365
0.542092
-0.222714
0.045613
0.079252
0.184675
0.160005
0.262830
-0.150526
-0.106845
0.286226
0.089067
-0.493975
0.503973
-0.157514
-0.148657
-0.229265
0.418031
0.012699
-0.095524
0.060069
0.758042
-0.542892
-0.270615
-0.479011
0.239804
-0.159441
-0.089994
0.140971
0.186594
0.208338
-0.303578
0.438790
-0.003097
0.255712
-0.470771
-0.195001
-0.368535
-0.171259
0.357573
0.152947
0.022822
-0.524042
0.373972
0.321702
-0.101475
0.000286
-0.292251
-0.481703
0.063546
-0.382109
0.011264
0.153733
0.466291
0.411908
-0.261557
0.044929
0.478118
0.144544
-0.180426
-0.132050
0.048342
0.183713
0.352317
-0.392465
-0.408227
0.456543
-0.559052
0.394348
0.044175
0.217184
0.292174
0.149004
0.024051
-0.187609
-0.511763
0.181866
-0.319160
0.008971
-0.197848
-0.550562
0.608924
0.435916
0.033481
0.513376
0.047611
0.300906
-0.001506
0.297407
-0.441662
-0.038577
-0.374576
-0.269175
0.653869
-0.645308
0.256113
0.316642
0.759625
-0.315109
0.502833
0.535609
-0.265645
-0.259064
0.127307
0.553301
0.210886
-0.023331
-0.668609
0.193268
0.325040
-0.370707
0.543835
0.421238
-0.055904
-0.125579
-0.057769
0.109014
0.005711
-0.437198
0.228193
-0.562313
-0.325589
-0.403597
0.437285
-0.299371
-0.054610
-0.070297
-0.358590
-0.130998
0.251502
-0.260036
-0.471108
0.029560
-0.052318
0.194486
0.186327
-0.082892
-0.112777
0.469948
-0.512699
0.109129
0.136673
0.342407
-0.318353
0.268293
0.460566
-0.344417
0.170774
0.478414
-0.322525
0.425968
-0.130825
0.134423
0.224909
0.468303
0.020656
0.406419
-0.004113
-0.129604
0.220565
-0.177173
-0.108554
-0.416662
-0.030615
0.278214
-0.666016
-0.157105
0.124184
0.300625
-0.280339
0.274990
-0.018267
-0.041818
-0.212506
-0.208617
-0.358473
0.495189
-0.404716
0.019342
-0.259839
-0.354296
-0.225231
-0.259851
-0.281556
0.030125
0.349072
-0.299984
-0.379768
0.244581
0.047059
-0.253160
-0.796846
-0.325776
-0.133734
0.352167
-0.439846
-0.470180
-0.302871
-0.271899
-0.590856
-0.069282
-0.526563
0.096966
0.051838
0.655346
-0.054864
-0.077818
-0.205211
0.364351
0.435683
0.189830
-0.355355
0.003203
-0.688500
-0.421914
0.490419
-0.348163
-0.225834
-0.347896
-0.398309
0.770857
0.180715
-0.543082
0.631242
-0.097077
0.565727
-0.292025
-0.349665
0.650456
0.087943
-0.284416
0.249834
0.112855
-0.069391
0.134924
-0.146464
-0.018814
-0.142994
-0.012396
0.222583
0.222889
0.018403
-0.457239
0.103140
-0.448058
0.261833
-0.092582
0.025476
-0.193530
-0.121316
0.562737
0.295157
-0.305982
0.438692
