0.098571
-0.177723
-0.276897
-0.460550
-0.377661
0.043669
-0.259558
0.038846
-0.246430
0.541575
-0.586174
-0.158094
-0.474833
0.053155
0.138303
-0.632697
0.298940
0.242193
-0.334494
0.097935
-0.055856
-0.080802
0.168274
0.440815
0.119279
-0.454383
0.717182
-0.530505
-0.094356
-0.093762
-0.154142
-0.122545
-0.569784
0.168950
-0.201996
-0.190012
0.130249
0.328269
0.350369
0.162668
0.152992
-0.533548
-0.152941
0.620857
0.243024
-0.645548
0.552093
0.258756
-0.121508
0.418047
0.211585
-0.380292
-0.456741
-0.440870
-0.204216
-0.203035
-0.244229
-0.272609
0.464370
0.151353
0.130590
-0.533198
-0.544173
-0.397243
0.221410
-0.372369
-0.474848
0.370407
0.002106
-0.230886
-0.458279
-0.522362
0.112857
0.241804
0.476234
-0.178517
0.375720
0.405911
0.383895
-0.250718
-0.020397
0.054358
0.557967
0.589495
0.368640
0.239239
-0.150785
0.372609
0.079286
-0.403561
-0.105493
-0.290327
0.184425
-0.250796
0.220064
0.079751
-0.010426
-0.241293
-0.193288
0.194113
0.199697
0.271367
0.354427
0.060219
-0.165200
0.043605
0.686026
0.336368
0.366018
-0.317094
0.101658
0.107286
-0.298656
-0.225802
-0.171220
0.461266
-0.106885
-0.273229
0.064126
-0.199008
-0.160276
0.218108
0.570427
-0.285569
-0.786268
-0.044077
-0.355243
-0.376758
0.627660
-0.353029
-0.015190
-0.463279
0.271736
-0.132522
0.771007
-0.029291
-0.122240
-0.632861
-0.539421
-0.134074
0.230782
0.021511
-0.064747
0.181108
-0.077271
-0.580606
-0.094094
-0.185543
-0.111041
-0.409419
0.122252
-0.241964
0.125683
-0.413202
0.394959
0.597125
0.048847
0.424286
0.296515
0.401285
-0.633053
-0.489119
0.479820
0.032590
-0.518870
-0.540597
-0.488704
0.371755
0.186932
-0.754795
-0.315329
-0.355498
0.233173
0.478662
0.260835
-0.404264
0.336479
-0.070804
0.020169
0.340053
0.063359
0.708361
-0.156596
-0.291363
0.312327
-0.030697
0.365938
0.245334
0.022353
-0.256486
0.521360
-0.717025
-0.231314
0.381967
-0.327070
-0.286035
-0.305670
-0.685348
0.058231
-0.589958
0.143888
0.313122
-0.328660
-0.193394
0.124350
0.256179
-0.280472
-0.560870
0.373662
0.110233
-0.234480
-0.053636
-0.179876
0.136397
-0.360489
0.148677
-0.258111
0.296435
0.214526
0.054981
0.102914
0.216384
-0.255037
-0.538694
0.240595
-0.054424
-0.406332
-0.336077
0.013970
-0.395520
0.636705
-0.206941
-0.187724
-0.288282
-0.488296
0.347734
-0.262231
-0.013365
0.146656
-0.020164
0.447033
-0.037049
-0.535218
0.102272
0.136027
0.087614
0.454469
0.273257
0.366013
-0.579250
-0.165039
-0.021900
-0.343253
0.356052
-0.463656
0.411340
-0.229478
0.184200
-0.202330
-0.460722
0.806037
0.539872
-0.225683
0.211334
0.071645
-0.002201
-0.058798
0.557876
0.471655
0.068536
0.234229
0.199367
0.374383
-0.144838
0.453809
0.324571
0.204945
0.375104
-0.142094
-0.097868
0.502209
0.448321
-0.360212
0.285503
-0.032842
-0.075627
0.055288
-0.071147
-0.219121
-0.312932
-0.051631
-0.026904
0.113727
-0.281819
0.411930
0.272646
-0.595300
-0.098501
0.202188
0.499838
0.413619
-0.266948
-0.321383
0.066260
0.113785
0.314603
-0.517400
0.254373
0.291031
-0.311152
-0.171679
-0.226822
-0.020131
-0.292197
0.290001
0.366244
0.457395
0.427947
0.102398
0.289212
0.214242
0.062417
0.015950
0.075211
-0.276239
0.647535
-0.161768
-0.198939
-0.505069
-0.435350
0.269584
-0.057183
0.000203
0.201851
0.315165
-0.396641
0.049830
-0.471052
-0.475651
-0.009726
0.045436
-0.067936
0.530370
-0.179813
0.015816
-0.511394
0.318868
-0.051686
-0.700242
-0.096379
-0.182581
-0.343870
0.367731
0.364743
-0.263986
0.053287
-0.025397
0.145775
0.211896
0.151876
0.551302
0.209336
-0.008742
0.659280
-0.486670
-0.178466
-0.015875
-0.192795
0.452587
-0.070208
0.416234
0.328018
-0.424697
0.044101
0.341982
0.068504
-0.118792
0.604248
-0.194868
0.192213
0.082661
0.479957
-0.233117
-0.184011
-0.324982
0.040748
0.021409
-0.237701
0.104011
0.017131
-0.218733
0.000310
0.485520
0.622488
-0.307134
-0.445234
0.218995
0.353226
0.345045
0.331998
-0.088664
-0.100637
0.179130
-0.035054
-0.133805
0.035274
0.641884
-0.126881
-0.194056
0.165377
0.583405
0.195932
0.387356
0.081163
-0.226533
-0.283003
-0.252359
-0.179627
0.682361
-0.229493
0.237683
-0.359387
0.066705
0.389129
0.223323
0.407887
0.179874
-0.421550
-0.071256
-0.520687
-0.119832
0.140914
-0.452887
-0.435826
0.384844
-0.231825
0.218016
-0.004163
0.054390
-0.215440
-0.252897
-0.004910
0.452151
0.338976
0.519980
0.037342
-0.328713
-0.111889
-0.063595
-0.286327
0.448362
-0.154806
0.041046
-0.501583
-0.205719
0.231180
-0.175798
0.103479
0.034448
-0.258073
-0.526391
0.271749
0.365974
-0.448885
-0.157373
0.372875
0.195802
0.061463
0.071706
-0.249270
-0.037659
-0.105755
0.225159
0.378252
0.618670
0.040229
0.519218
0.204095
-0.400979
-0.398593
0.838312
0.077148
-0.015642
0.108697
0.338241
-0.457086
0.487735
-0.097361
0.267201
-0.508074
-0.305975
0.196253
-0.293278
-0.323965
-0.615931
0.341351
-0.416293
-0.192851
-0.323778
-0.342277
-0.306624
0.254556
0.333525
-0.530358
0.436109
0.203387
-0.301852
0.670216
-0.038636
-0.427190
-0.157696
-0.128149
-0.228846
-0.195455
-0.508667
0.008369
-0.419851
-0.215022
-0.238304
0.360045
-0.197056
-0.075862
0.201110
-0.214812
0.353193
0.212048
-0.351260
0.235080
0.017432
-0.473596
0.248091
0.196663
0.280341
-0.059657
0.019536
0.335884
0.390239
-0.219813
0.480950
-0.462979
-0.033441
-0.541964
-0.136025
0.289608
-0.030042
-0.049864
-0.483690
-0.230823
-0.279771
-0.175953
0.013573
-0.339886
-0.474937
0.387806
-0.269133
-0.284480
0.487184
-0.459601
-0.014923
0.149733
0.578347
0.325556
0.489254
0.563961
0.051771
-0.303467
-0.104144
-0.149543
0.342572
0.551376
-0.046266
0.219925
0.306576
0.399106
-0.003952
0.371612
0.168753
-0.379848
0.129804
0.322576
0.281069
-0.288949
0.013649
0.383210
-0.180692
-0.248088
0.836937
-0.373240
-0.059411
-0.267590
0.396016
-0.404055
-0.581565
-0.261240
0.393977
-0.603415
0.311039
-0.469795
-0.429713
0.312730
-0.210095
0.496235
0.509022
-0.482533
0.322328
0.031049
-0.722227
-0.301713
-0.020681
-0.329301
-0.304036
-0.254783
0.194809
0.865037
0.155557
-0.142188
-0.290737
-0.114939
-0.238963
-0.138044
0.431621
-0.272372
-0.574180
0.158668
0.307910
-0.120544
0.434626
-0.721977
0.581183
0.158458
0.317331
0.006111
-0.081954
0.313077
0.236357
0.003364
-0.945734
0.024540
0.333490
0.247534
0.323207
-0.387539
0.047797
-0.369193
0.278601
-0.644262
0.491439
0.115028
0.046781
0.227294
0.167251
-0.576531
-0.020608
-0.082132
-0.463220
0.038069
0.169836
-0.081895
-0.267177
-0.341654
0.272213
-0.253636
0.212663
0.318945
0.243248
-0.233966
0.144108
0.289780
0.058665
0.000134
-0.386244
-0.098648
-0.265566
0.169949
0.023906
0.322712
-0.221826
-0.038919
0.049279
-0.520054
-0.005194
0.069368
0.247438
-0.062800
-0.020063
-0.135600
-0.066737
-0.009666
0.287162
-0.128445
-0.666243
-0.332623
-0.480531
-0.665398
-0.100263
0.284517
0.145811
0.401475
-0.008444
-0.505316
0.410371
0.056052
0.080909
0.489519
-0.487667
-0.029193
0.251051
-0.380658
0.035232
-0.231843
0.094974
-0.313192
-0.011071
-0.182456
-0.621536
-0.231794
0.190826
-0.194372
-0.019035
0.031098
-0.443905
-0.467678
0.387934
0.172395
-0.156416
0.338971
0.247070
-0.472624
-0.191629
0.459397
0.093836
-0.140572
0.364650
-0.820775
0.336130
0.339373
-0.307652
0.067032
0.060105
0.259770
-0.162972
-0.241009
-0.156665
-0.110853
0.222834
-0.012482
-0.206253
0.275895
-0.060129
-0.248609
-0.585607
0.610136
-0.640848
0.704377
-0.528484
0.143580
-0.333068
0.382262
0.268109
0.020753
0.006633
-0.274401
-0.430069
0.497862
-0.289790
-0.044346
-0.039557
0.186414
-0.315465
0.120334
0.287833
-0.694343
-0.100828
0.523983
0.003487
-0.191875
0.410340
-0.676948
0.526256
-0.054306
-0.033744
-0.003280
0.178653
0.311742
-0.032471
-0.051237
0.390516
0.359611
0.728500
-0.409537
-0.250188
-0.007630
-0.038148
0.084014
-0.826728
-0.394643
0.701795
0.029138
-0.053626
-0.400314
0.297339
-0.168470
-0.164356
0.461707
-0.442436
0.275862
-0.407055
0.294897
-0.202816
-0.371295
-0.163288
0.127359
-0.475039
-0.014792
0.173481
-0.276237
