0.389753
0.515775
-0.280005
0.540121
-0.109765
0.082281
0.219232
0.025844
0.019801
0.206895
-0.068843
-0.001107
0.712602
-0.309959
0.304275
0.113234
0.181018
-0.725872
0.292695
0.071456
0.266608
0.071180
-0.492878
0.427563
-0.597285
0.436201
-0.188402
0.026139
0.419900
0.584576
-0.128161
-0.051035
-0.391620
-0.174907
0.106273
0.480623
0.714545
0.326733
-0.524362
0.225099
-0.013904
0.232336
-0.158942
-0.196930
-0.465019
-0.296159
-0.049041
-0.169010
0.003560
0.171907
0.169462
-0.025878
-0.166723
-0.479726
0.024154
0.405014
0.158957
0.313212
0.397975
0.184485
-0.161179
-0.385731
0.579293
-0.253833
-0.123342
0.268438
-0.200959
-0.084061
0.288197
0.112638
-0.138295
-0.437367
0.358543
0.093241
0.343916
0.215354
0.012149
0.134090
0.269421
-0.446086
-0.056428
-0.200801
-0.415150
0.074532
-0.654598
0.196790
0.341653
-0.151249
0.258301
-0.335211
-0.191161
-0.460128
-0.153132
0.300524
0.645444
0.176192
0.180610
0.755369
0.617036
-0.192632
-0.092719
0.641508
0.092009
0.573252
-0.235087
0.331752
-0.229407
0.420442
-0.381671
-0.002072
0.234344
0.594437
-0.241994
-0.165692
0.398864
0.139600
0.267697
-0.189501
0.142421
-0.408170
0.099137
0.453283
0.079407
0.381507
-0.101490
0.185551
0.037115
0.345781
0.463457
-0.179544
0.189789
0.443861
-0.025987
0.069866
-0.657879
-0.077352
0.470084
-0.355170
0.535547
0.225940
0.521690
0.038381
-0.460241
-0.189328
0.065541
0.216726
0.376380
-0.508636
-0.325267
-0.289250
0.284657
-0.074033
0.261087
-0.307902
-0.107360
0.589103
-0.206821
0.052850
-0.488468
0.264504
0.126732
0.182069
0.557986
-0.313673
0.331795
-0.276808
-0.405191
-0.474172
-0.329783
0.015425
-0.053854
0.102261
0.007585
0.034625
0.069755
-0.299692
-0.633228
0.375536
-0.057630
0.068299
0.099008
-0.217321
0.023637
0.268727
-0.351648
-0.491812
-0.149922
0.322451
0.006293
0.175086
-0.409050
-0.200315
-0.214226
0.008743
-0.245580
-0.344291
-0.231756
-0.571124
0.204628
-0.206266
0.290406
0.414239
-0.772042
-0.128905
0.153946
0.484488
0.165288
-0.055054
-0.266695
0.314564
0.290128
-0.134373
0.110853
0.049300
0.427942
-0.256438
-0.070448
-0.323365
0.357911
0.030907
0.356643
0.675130
-0.451333
-0.294807
0.352276
0.641136
0.169462
0.130104
0.247707
0.289223
0.387000
0.119327
0.277106
-0.320706
-0.265994
0.212374
-0.025968
-0.722037
0.213446
-0.351243
-0.308442
0.093437
0.305169
0.034882
-0.476369
0.131840
-0.185814
-0.439909
-0.414639
-0.611450
-0.475002
0.149618
0.324003
0.408206
0.186183
-0.124819
0.246295
0.643888
-0.375382
0.281378
0.435242
-0.207467
0.402235
-0.034404
0.378238
0.076877
-0.148256
0.328959
-0.442782
0.784009
-0.389496
-0.430708
-0.486294
0.142868
0.329055
0.332194
-0.214947
0.446960
0.213136
-0.186080
0.326985
0.184659
0.112552
0.380692
-0.257949
0.089559
0.077125
0.102699
-0.408221
0.619093
-0.091920
0.279657
0.299280
0.299823
0.267041
-0.171593
-0.021006
-0.362782
-0.314846
0.495866
0.232268
-0.605415
0.550353
0.475143
-0.069935
0.083162
0.095055
-0.264821
-0.074173
-0.479260
-0.137116
-0.052611
-0.721882
0.207172
-0.393498
-0.155145
-0.154430
0.435698
-0.373165
0.378872
0.343100
0.111488
-0.296295
0.201610
0.440286
0.363550
0.044978
-0.434217
0.047926
-0.066325
0.230281
-0.154468
-0.285633
0.348120
-0.107676
-0.279944
-0.400385
0.412014
-0.476400
0.429083
-0.149292
-0.706368
0.665342
-0.016510
-0.116720
0.309374
0.086703
-0.093449
-0.663479
-0.355687
0.296193
-0.018818
0.481050
0.172113
-0.086161
0.267250
-0.157137
0.439409
-0.330732
0.176220
-0.034043
-0.325975
0.169188
-0.140208
0.373193
-0.042998
0.556897
-0.412251
0.068182
-0.761347
0.141141
0.301464
-0.272591
-0.529024
0.034583
-0.110173
-0.648335
0.166332
-0.317619
0.468648
-0.181043
-0.189256
-0.481424
-0.111233
-0.429600
0.254686
-0.179573
0.678939
0.248442
0.138461
0.404628
-0.761156
0.319752
0.221345
-0.129114
0.546669
-0.228839
0.288323
-0.605963
0.477322
0.757777
0.255462
0.083416
0.235582
-0.423521
-0.396774
0.349323
-0.400120
-0.088449
0.365110
0.277414
-0.223220
-0.119946
0.442903
-0.185081
-0.016999
0.002176
-0.191286
0.432512
-0.578779
-0.068097
-0.096303
0.056254
0.319165
-0.140780
-0.328559
0.441984
-0.347765
0.193375
-0.177677
0.160128
-0.141749
-0.136298
-0.575278
-0.336804
-0.147603
0.119051
0.306132
0.313365
0.241122
-0.432945
0.124141
0.350982
-0.320728
0.438599
0.320447
-0.218640
-0.424887
-0.236567
-0.531784
-0.065294
0.305739
0.464671
0.328371
-0.162376
0.059701
-0.355570
-0.481898
0.866273
0.362536
0.157748
-0.215184
0.395601
0.371530
-0.223514
0.700038
-0.022097
-0.451039
-0.627345
0.016426
-0.321694
0.721163
-0.017128
-0.281619
-0.044680
0.207358
-0.157513
-0.018683
-0.166437
-0.298581
-0.432316
0.106796
-0.521688
0.185622
0.455031
-0.209427
0.555230
-0.367160
-0.019744
-0.022787
-0.320416
0.342096
-0.074360
0.281946
0.282390
0.145492
0.567887
-0.078782
0.092434
-0.211955
-0.430584
-0.107088
0.364298
-0.215155
0.310160
-0.202067
-0.477725
-0.336442
0.324211
0.018328
-0.091079
0.472397
-0.072365
0.404096
-0.206702
-0.159769
0.091317
0.383715
0.115871
-0.296295
0.481491
0.582685
0.327871
0.800046
-0.409877
0.551808
0.507153
-0.078241
-0.482907
0.404763
0.039168
-0.161572
0.011792
-0.044000
0.544574
-0.111505
-0.158294
0.213379
-0.238993
-0.410484
0.390033
0.393604
0.507103
-0.037791
-0.088754
-0.274804
-0.284420
-0.012396
-0.212457
-0.406313
0.250316
-0.063834
-0.153878
0.428826
0.500906
-0.294174
0.434316
0.650815
0.119262
-0.790231
-0.337095
0.271576
-0.445076
0.341926
-0.141493
0.543236
-0.241039
-0.227425
-0.363602
-0.090122
0.024522
0.359080
0.261261
-0.041608
0.353022
-0.268903
0.260669
0.187526
0.421164
-0.002825
0.270947
0.563748
-0.094733
-0.258440
-0.441911
0.361102
0.846102
-0.461626
0.161384
-0.332937
0.395414
0.062616
-0.232724
-0.318921
0.780685
-0.210354
0.327466
-0.268631
0.306595
0.511757
-0.232801
0.505559
-0.290814
-0.420029
-0.155815
0.196683
-0.108811
0.431211
0.017368
0.289179
-0.288304
-0.071870
0.066499
-0.033388
0.108939
0.390588
-0.242311
0.282705
0.002899
0.338283
-0.384821
-0.513853
0.503349
-0.790214
0.198559
-0.489926
0.040391
0.220005
-0.497817
-0.068345
0.367865
-0.108772
0.002551
-0.351048
-0.347438
0.225352
-0.043682
0.158768
0.420381
-0.260472
-0.494872
-0.020710
-0.035769
0.281550
0.491625
-0.055611
0.447846
-0.348080
-0.015348
0.063042
0.344288
-0.543485
-0.198404
0.025010
0.462423
-0.352283
0.368578
-0.327319
-0.646192
-0.102220
-0.081501
0.194119
-0.335102
-0.528226
-0.259064
0.355840
0.297185
0.339663
-0.132708
0.043874
0.141720
-0.032514
0.149772
0.497729
0.308721
-0.034302
0.004192
-0.018430
0.191642
0.022395
0.134496
-0.100952
-0.466995
0.204454
0.059984
-0.331722
0.442677
-0.219536
0.503347
0.076451
-0.063886
-0.103541
0.112556
0.219761
0.187439
-0.516348
-0.022558
-0.460599
0.293455
0.577620
-0.024285
0.278893
-0.157481
-0.011437
-0.215494
0.033266
-0.108559
0.120340
0.384379
0.294419
0.182954
0.005416
-0.233695
-0.074476
-0.153140
-0.581043
0.473077
0.086243
0.195301
0.004689
-0.219349
-0.677757
0.052213
0.065116
-0.143913
-0.177193
-0.396457
-0.537445
-0.420367
0.215741
0.233686
0.314489
0.043047
0.048805
0.707211
0.447543
0.125814
0.430824
-0.593783
-0.387198
0.322515
-0.306389
0.168140
0.477785
-0.534882
0.115872
0.436840
-0.224033
0.435617
-0.127741
0.090805
-0.095972
-0.162499
0.643624
0.191330
-0.225696
-0.362593
-0.330210
-0.282078
-0.245478
0.020488
0.113858
-0.013340
-0.601214
0.293965
-0.340619
0.254999
-0.289407
-0.138679
-0.018807
-0.524853
0.122212
0.493996
0.541141
0.145633
0.025902
-0.300488
-0.330738
-0.116917
-0.372376
0.388025
-0.418670
-0.277412
0.163752
-0.398209
-0.178450
-0.231633
0.102030
0.502411
-0.249427
-0.073084
0.083027
-0.114286
-0.043009
0.093715
0.249981
0.292118
-0.492884
0.095099
-0.543236
0.036004
0.021905
0.412021
-0.622070
-0.210963
0.197050
-0.285249
0.293243
-0.351148
0.454769
-0.126470
0.155411
0.253420
-0.376249
0.385958
-0.106883
