-0.060968
-0.088874
-0.107508
-0.227000
0.234038
0.077291
0.240178
-0.196957
-0.065244
0.271093
-0.072130
0.326674
-0.430166
0.632199
-0.469561
-0.015093
0.242483
-0.239154
0.224565
-0.543071
-0.255342
-0.047085
-0.070386
-0.324691
-0.564479
-0.401840
0.522723
-0.093466
-0.132274
0.023494
-0.356015
0.584012
-0.413142
0.093310
-0.375382
0.406136
0.207793
-0.112246
0.207115
0.111230
0.267142
0.309871
-0.369557
0.053489
-0.615155
-0.450438
0.458407
-0.043490
0.378652
-0.713769
-0.269453
-0.197350
0.353459
-0.528289
0.368106
-0.574833
0.080525
-0.353654
-0.112135
-0.529675
-0.207934
0.173430
0.507203
-0.322980
0.243986
0.450040
-0.566025
-0.114491
-0.187693
-0.278434
-0.114758
-0.255818
0.180105
0.405485
0.397195
0.172105
-0.418369
0.366788
-0.142317
-0.372141
-0.161752
0.337764
-0.393886
0.269899
-0.147497
0.211619
-0.347984
0.245095
-0.274481
-0.082514
-0.215909
-0.426028
0.514221
-0.249214
0.126145
0.188616
-0.536041
0.144452
-0.611818
0.402843
-0.394356
-0.295408
-0.009719
0.295460
-0.013867
-0.347720
-0.069113
0.210406
0.413397
0.018784
0.237844
0.296254
-0.395770
-0.459432
-0.297921
-0.142350
-0.200261
-0.406671
-0.479365
0.717625
0.166972
0.367712
-0.096080
0.406663
-0.214581
-0.331853
-0.044782
0.050017
-0.168205
-0.297283
-0.018085
-0.429406
0.304798
-0.087826
-0.444069
0.273794
0.458168
0.458800
0.348786
-0.104291
0.193015
-0.228541
-0.719699
-0.140551
0.129357
0.174533
-0.142302
0.565307
0.599984
0.334235
-0.148061
-0.355044
0.070184
0.103288
-0.107360
0.220010
-0.210378
-0.205563
-0.597184
-0.489876
-0.429157
0.183794
0.481081
0.515686
0.322602
-0.469618
-0.353509
0.347566
-0.368509
-0.283465
0.024110
-0.346635
0.047647
0.566709
0.121792
-0.109909
0.502672
-0.589148
-0.096821
-0.016366
-0.128644
-0.713250
0.242608
0.203710
-0.004362
-0.368675
0.107519
0.195456
0.103521
-0.340169
-0.306484
-0.200315
-0.231067
-0.040556
-0.112721
-0.062323
0.305912
-0.503315
0.075790
-0.541273
-0.138734
0.146461
-0.373930
-0.436657
-0.083032
0.040814
-0.163703
0.192237
0.129250
0.123413
0.038215
0.446660
0.603246
0.037976
0.438141
-0.173066
0.076123
-0.242238
0.342775
0.479224
-0.177079
0.041496
-0.451674
0.014935
0.319529
0.228168
0.274112
-0.482453
0.204909
0.074358
0.106956
0.108955
-0.398798
0.228605
-0.171118
-0.022811
-0.319599
-0.107949
-0.530444
0.757426
-0.534972
-0.068731
0.031591
0.050310
-0.573368
0.010054
-0.143241
0.078297
0.126613
0.548791
-0.297114
-0.343568
-0.489426
-0.046176
0.088836
-0.630088
-0.174170
0.483725
0.199945
0.217224
-0.036939
-0.599047
0.302199
0.600396
0.015094
-0.138804
-0.541782
-0.337944
-0.347166
-0.224110
-0.342171
-0.531248
0.419768
-0.296011
0.493690
-0.091120
-0.596323
-0.286505
0.461512
-0.101784
0.556485
-0.292377
0.063236
-0.042094
0.012481
0.290771
0.218279
0.102699
-0.482087
0.689588
-0.801233
-0.339689
0.335282
-0.514175
0.197128
0.325954
0.186582
-0.132439
0.337602
-0.049649
-0.077275
-0.106737
0.440164
0.011706
-0.346614
-0.312138
-0.463028
0.021165
-0.353624
-0.198983
0.048797
-0.146317
0.147439
-0.337295
0.428182
-0.155145
-0.135511
0.606118
0.273670
0.139465
-0.211601
0.014609
0.473720
0.688911
-0.028244
0.278726
-0.459241
0.173202
-0.367680
-0.210024
0.323980
-0.211548
0.382916
0.231000
0.233125
0.301430
-0.363661
0.166265
-0.416272
-0.272561
0.328159
-0.504967
0.659205
0.440366
-0.019702
-0.337654
-0.098657
-0.210908
-0.552596
-0.615848
-0.495048
0.196351
-0.360344
0.616877
-0.216416
-0.311503
-0.265179
0.674095
-0.168002
-0.012025
0.277486
-0.035877
-0.076590
0.140856
-0.681390
-0.398887
-0.473432
-0.629029
-0.088730
-0.612857
0.010051
-0.044735
-0.240782
0.534363
0.019435
0.299550
0.347653
-0.593437
-0.165914
-0.693678
-0.337114
0.333852
0.081279
-0.342262
-0.473570
-0.013422
-0.068595
0.612321
0.196034
0.014280
0.118343
-0.516447
0.306070
0.499835
-0.083035
-0.209206
-0.381787
-0.349089
0.322553
0.009553
-0.595645
0.152648
-0.366551
0.379003
-0.100285
-0.178060
0.039481
-0.000262
-0.375078
-0.040122
0.001974
-0.392114
-0.323913
0.405776
-0.403540
-0.051682
0.020472
0.264908
-0.540567
0.186964
0.452187
-0.163246
0.056254
-0.015874
0.363132
0.171294
0.414151
0.281005
0.267484
0.317792
0.136308
0.203616
-0.410138
0.308380
-0.073774
-0.230673
0.017672
0.522999
0.023932
-0.385365
0.381783
0.233939
0.218422
-0.462776
-0.293210
-0.142994
-0.487058
-0.468767
0.062049
0.668484
0.281170
0.233886
0.520154
0.249477
0.091992
0.163819
-0.506319
0.209720
-0.122859
-0.120305
0.137208
0.030962
-0.451227
0.249059
-0.162884
0.486087
-0.277651
-0.312985
0.427281
0.357980
0.311930
0.620000
-0.605257
0.293182
-0.089440
-0.106359
-0.321657
0.256938
0.700225
-0.113947
-0.454649
0.245792
-0.560300
0.155429
-0.272827
0.501851
0.126681
-0.284104
0.142709
0.368835
0.113438
0.533192
-0.387783
-0.095332
-0.134853
0.058108
0.111596
-0.160435
0.074019
-0.436494
-0.522709
0.458741
-0.177971
0.043718
0.215437
0.535936
-0.204548
-0.094071
-0.290835
-0.325965
0.661547
-0.054438
-0.018260
0.016236
-0.225754
-0.159769
-0.013318
0.068121
0.290956
0.368782
0.476416
0.252949
0.492908
0.428431
-0.579292
-0.390892
0.560780
0.157018
-0.003633
-0.187503
0.185058
0.303458
-0.608087
0.515292
0.006577
-0.441848
0.287773
0.074089
0.040113
0.017224
-0.062067
0.274633
0.554974
-0.330145
0.261461
0.013696
-0.176782
0.262116
-0.514075
0.582887
0.097978
0.120062
-0.555962
0.654818
-0.031117
0.026371
0.145615
0.265626
-0.322303
-0.353668
-0.285486
0.376353
-0.513391
-0.114131
0.332567
0.534290
-0.304763
0.407608
-0.019320
0.505862
-0.149301
-0.059587
0.415218
0.043956
-0.280010
0.332117
-0.520746
-0.140534
0.408649
0.041911
-0.517812
-0.059324
0.062754
0.497373
-0.152575
0.403320
-0.581410
-0.553252
0.145158
-0.012403
-0.077723
0.001594
-0.289556
-0.118198
-0.365055
-0.074462
0.427444
0.088200
0.337924
0.425731
-0.164856
-0.252528
0.132569
-0.035990
0.578987
-0.147786
0.046021
-0.270966
0.227692
0.231601
-0.088354
-0.071870
0.279755
-0.119739
0.401527
-0.033947
-0.108128
0.211813
0.350284
0.223279
0.646378
-0.113799
-0.137175
-0.104065
-0.212825
0.399995
0.076112
-0.079354
-0.261430
-0.155613
0.304220
0.336266
0.171289
-0.351048
0.330108
0.543366
-0.277477
0.138817
0.197429
0.285681
0.651819
-0.122391
0.045777
-0.166053
-0.127251
0.573712
0.425778
0.334174
0.519508
0.288704
0.226105
-0.544621
-0.082042
-0.195513
0.082268
0.358085
-0.331182
-0.292675
0.392924
0.505424
-0.473463
-0.214019
-0.284042
-0.554631
0.238177
0.507445
0.367999
-0.425551
-0.257119
-0.537944
0.514453
-0.332018
-0.239811
-0.202914
0.356251
-0.094636
0.664201
-0.065049
0.121890
0.113251
-0.357458
-0.028665
0.076461
0.159734
-0.181273
0.725047
-0.037895
-0.219536
0.419371
-0.289232
-0.196401
0.159120
0.050997
0.398652
-0.055477
-0.052464
-0.338079
0.461554
-0.209105
0.313795
-0.197020
0.093220
-0.465789
0.019620
-0.580361
0.094996
0.021028
-0.445158
-0.190614
0.397854
0.101550
-0.605209
0.436118
0.572119
-0.008992
-0.581043
0.161753
-0.803815
-0.317330
0.704485
-0.587427
-0.482510
-0.563811
0.172703
-0.343866
0.395500
-0.533360
-0.001074
-0.170429
0.295477
-0.120106
0.489871
0.319856
0.532917
0.349506
-0.349105
0.117911
-0.191286
-0.608647
0.426081
-0.122030
-0.489133
0.169358
0.195300
0.298348
0.646353
0.190863
-0.281232
0.118483
0.182870
-0.552013
-0.080989
-0.534836
0.519335
-0.335067
0.191181
-0.491112
-0.510281
-0.003770
-0.378789
0.053206
0.460814
-0.436430
-0.113500
0.290026
-0.340619
0.339791
0.060018
0.288334
-0.384845
0.291375
0.244318
-0.477106
0.585061
-0.271420
-0.095982
0.292577
-0.440561
0.113241
0.239821
0.067842
0.009867
-0.177534
-0.156128
0.331396
0.375863
-0.127308
0.483711
-0.564286
-0.278025
0.378694
-0.310597
-0.069213
-0.379106
0.005280
0.244877
0.186646
-0.139145
0.108464
-0.431552
0.165627
0.456629
-0.433062
0.355257
-0.238835
0.013342
0.511979
0.157566
0.444842
-0.478598
-0.273171
0.252484
-0.634195
0.102955
0.130395
0.485236
