-0.314925
-0.133990
0.011067
-0.629785
0.234038
-0.154689
-0.272896
0.408402
0.331945
0.253345
-0.228351
-0.374391
0.112291
0.677126
-0.151587
0.474777
0.095104
0.429570
0.227579
-0.088005
0.123460
-0.268038
0.166131
0.689309
-0.344786
0.330538
0.115853
-0.271429
-0.110812
-0.309135
0.209152
0.196774
-0.187693
-0.231338
0.434878
0.365474
0.292049
-0.459964
-0.211927
-0.605729
-0.341666
-0.495980
0.087736
-0.056420
-0.431547
0.509685
-0.377654
0.386469
0.225238
0.181477
-0.015895
0.004854
0.119659
-0.304541
0.563198
-0.320656
0.302574
-0.439472
-0.306730
-0.363444
-0.087218
-0.004007
0.424118
0.544889
-0.020519
0.417274
-0.259909
0.290929
0.224498
-0.268524
0.151456
0.122666
-0.463432
0.610026
-0.228595
0.017011
-0.434445
0.359612
0.068235
-0.421644
0.735959
-0.528338
-0.482876
-0.168584
-0.220815
0.446305
-0.046959
-0.006351
-0.122354
0.229368
-0.306998
-0.062767
-0.393202
-0.282516
0.205980
-0.232059
-0.503655
0.182381
0.216851
0.210549
-0.553898
-0.210259
0.372231
-0.199816
-0.494117
-0.184315
-0.397830
-0.566406
0.024638
-0.370037
0.339055
-0.284611
-0.351235
-0.281472
0.022767
0.302504
0.055491
0.127153
-0.131211
0.494151
-0.255223
0.463960
-0.180044
0.435362
-0.273204
0.628972
0.302494
-0.190365
0.039466
0.590605
0.159176
-0.604785
0.062249
0.263175
0.568068
-0.235076
0.382556
-0.458873
0.138223
0.480998
-0.065792
-0.231044
-0.256859
0.363593
-0.501896
0.168994
-0.389172
-0.527389
-0.160485
0.126546
0.066412
-0.428053
0.526380
-0.351303
-0.191920
0.545794
-0.291741
-0.087972
-0.215664
-0.521495
0.074999
-0.170062
0.669701
-0.147260
0.364365
-0.211163
-0.492100
0.161573
-0.284639
0.258537
0.170954
0.512477
0.028431
0.014505
0.242587
-0.034040
-0.206117
0.294983
0.505635
0.219704
0.326734
-0.171835
0.074856
-0.376233
-0.111824
-0.093113
-0.424725
-0.326243
-0.150309
0.061936
0.457342
-0.428228
-0.218973
0.293067
0.387002
0.116608
-0.121707
0.153199
0.372090
0.380068
0.321168
0.497874
0.436678
-0.060627
-0.384441
-0.113155
0.139870
-0.209276
0.015327
0.131023
-0.146130
-0.059190
0.007565
-0.355554
0.503950
-0.237704
-0.028805
-0.234717
-0.184256
0.010743
-0.464335
-0.258312
0.726674
0.106961
0.332022
0.488228
0.317405
0.399286
0.382929
0.022231
0.129696
-0.499607
0.303867
0.105042
-0.194850
0.217419
-0.085772
-0.115904
-0.534901
-0.350820
-0.330181
0.005761
-0.347572
-0.152133
-0.449497
0.428107
-0.323812
-0.073797
-0.656080
-0.080792
-0.014423
-0.462814
0.019081
0.244859
-0.048128
-0.580256
0.231466
0.501207
0.326115
0.405295
0.441136
0.135219
0.335214
-0.191950
-0.314370
0.159980
-0.069631
0.174706
-0.439452
0.327540
-0.293841
-0.519372
0.459441
-0.050020
-0.187797
0.386956
-0.036573
0.177234
0.430223
0.159113
-0.471383
0.100821
-0.382296
0.437453
-0.323590
-0.238524
0.234571
-0.349115
-0.191647
0.481562
-0.480693
0.129769
-0.360703
0.298264
0.481583
0.076184
-0.351809
-0.111476
-0.273643
-0.242134
0.281723
-0.555931
0.216952
-0.027084
-0.106493
0.020688
0.174264
0.222015
0.759935
0.504541
-0.166336
-0.589018
0.041184
-0.253792
-0.351989
0.405456
-0.031808
-0.401932
0.279795
0.399663
-0.624629
-0.635580
-0.400317
0.088174
-0.507583
0.353879
-0.325183
-0.502846
0.014359
-0.332914
0.034048
-0.186451
-0.666511
-0.332747
0.172330
-0.001264
0.105071
-0.242710
0.002992
0.470664
0.278994
-0.580317
0.471019
0.354902
-0.187443
-0.402571
-0.428370
-0.125459
-0.499697
0.166900
-0.365615
-0.022014
-0.604558
-0.115411
0.377901
-0.344538
-0.352197
-0.082474
0.076688
0.011816
0.128356
0.288424
-0.278970
-0.577578
0.315749
0.354317
0.027046
-0.239022
0.025103
-0.702784
0.224642
-0.572840
0.061155
-0.320105
0.549605
0.086705
0.081501
-0.288945
-0.108813
0.050552
-0.233357
0.216178
0.366977
-0.062754
-0.132549
0.252535
0.132147
0.389266
-0.532261
0.159786
-0.071882
-0.245800
0.351866
-0.783326
0.530165
-0.296049
-0.097000
-0.275696
-0.191530
-0.085868
-0.272757
-0.348859
-0.370565
0.407909
-0.132574
0.045586
-0.163711
-0.427393
-0.003319
0.211068
0.053462
-0.491730
0.385836
0.286112
0.325917
-0.419989
-0.020930
0.391258
-0.137735
0.243161
-0.152535
-0.116092
0.349272
-0.510048
-0.397820
0.124376
0.129326
-0.136203
0.149277
-0.012468
0.410558
0.272076
-0.370614
-0.249596
-0.413202
-0.385382
0.002737
0.364785
0.281989
0.385648
-0.297152
0.431351
0.226975
0.274729
-0.178471
0.362167
0.054772
-0.166055
0.143344
0.009635
-0.289807
0.123086
-0.132284
-0.478930
-0.481623
-0.133416
0.109193
-0.108077
-0.518078
0.224134
0.108366
0.254171
0.500000
0.517558
-0.576452
-0.182099
-0.178775
-0.415571
0.355212
-0.450332
-0.417998
0.549564
0.288356
0.102328
-0.537756
0.179845
0.546978
0.144281
-0.479104
-0.207010
0.068954
0.114382
-0.308789
0.380166
-0.203701
-0.488907
-0.071013
0.115261
-0.032091
0.164828
-0.516309
-0.233326
0.600462
-0.123445
-0.168188
0.155727
-0.560561
-0.041235
0.322150
0.493507
-0.523618
-0.017623
-0.394437
-0.103891
-0.422530
0.556906
0.211117
0.057101
0.297908
0.571179
-0.227566
-0.668305
0.008786
0.264052
0.157750
-0.094448
0.428965
-0.109034
-0.521471
-0.174730
0.589050
0.369646
0.688606
0.492005
0.007196
0.233997
-0.689697
0.346476
-0.138883
-0.480719
0.397259
0.250656
-0.152493
0.148817
0.225470
-0.333025
0.181509
-0.367957
0.425636
-0.661669
-0.342921
-0.318505
0.421810
-0.542477
-0.326842
-0.146152
-0.743413
0.132669
0.248159
0.312189
-0.379351
0.101886
0.011160
0.437206
0.138887
-0.031108
0.670422
0.286438
-0.225342
-0.750260
-0.120381
-0.177178
0.069672
-0.127296
0.436409
-0.095760
-0.131849
-0.094742
-0.635434
0.364129
-0.451437
-0.226490
0.432915
0.380834
0.076027
0.130873
0.443010
-0.354294
-0.087150
-0.408984
0.552593
-0.522130
-0.078575
0.556890
-0.480278
0.203869
0.076096
-0.372549
0.075939
0.619039
0.283871
-0.592751
0.305636
-0.154658
-0.574845
-0.189291
0.204320
0.367497
0.269492
-0.174322
-0.145952
0.048561
0.116331
-0.482533
-0.544550
0.106924
-0.216466
-0.362435
0.284166
-0.371594
-0.279730
0.155340
0.353807
0.359547
0.437201
-0.520766
-0.113623
0.039424
0.157453
-0.409932
0.410688
-0.502235
0.060154
-0.092630
0.374944
-0.530915
-0.125844
0.498097
0.444823
-0.180351
-0.086121
-0.020634
0.276629
-0.278921
-0.142999
0.381074
0.010416
0.189622
0.238181
-0.565581
0.238945
-0.289521
0.212687
0.528900
0.033642
0.206846
0.015663
0.301277
0.590104
-0.467899
0.091857
0.053401
0.025816
-0.553334
-0.164009
-0.225708
-0.388700
0.033332
0.150744
-0.159021
0.065841
-0.531885
-0.419003
0.458434
0.040522
0.175154
-0.192724
0.183879
0.006930
0.329301
-0.390472
0.011268
-0.285524
0.531248
-0.221924
0.580329
0.043940
-0.592162
-0.236517
-0.015259
0.244601
-0.399853
-0.289437
0.170915
0.419652
0.225323
0.462457
0.061772
0.374440
0.401267
0.458592
0.554309
-0.226697
-0.218267
-0.220948
-0.348596
-0.330590
0.328886
0.259841
-0.313462
0.482863
0.056052
0.091446
-0.283993
0.273731
0.005154
0.407768
0.077519
-0.279289
-0.594985
0.216286
-0.623635
0.262344
-0.500875
-0.465755
0.181079
-0.514860
-0.080061
0.752000
0.375581
0.177460
0.036683
0.071065
0.049889
0.103090
-0.240834
0.513541
-0.105449
0.269436
-0.116626
-0.566047
0.312873
0.257921
0.132473
-0.033259
-0.028248
-0.030773
0.067032
0.604088
-0.187978
-0.026934
0.015493
0.456424
0.204118
-0.627263
0.056583
-0.017853
0.225283
0.383008
-0.538849
-0.203311
0.202843
-0.563083
-0.495229
0.112685
0.332656
-0.289492
-0.384891
0.460324
0.262074
-0.052228
0.104897
0.084455
-0.008268
0.529749
0.141982
-0.053739
0.321958
-0.075044
-0.305502
0.410915
-0.432058
-0.342222
-0.135738
-0.489691
-0.263595
-0.390203
-0.498708
-0.518418
0.157047
-0.221868
-0.003280
-0.442649
-0.739320
-0.475840
-0.369546
0.247824
0.256280
-0.157952
0.289642
0.650456
0.074861
0.258929
0.115643
-0.202147
0.127341
-0.091895
0.118535
0.171896
0.498901
0.095682
0.119778
0.472637
-0.157891
-0.216844
0.040172
0.283570
0.468133
0.052359
-0.249397
-0.015752
-0.217680
-0.343158
-0.518276
0.042406
0.176346
