0.184281
0.444330
0.015499
-0.618741
-0.238922
0.205714
-0.024327
0.384366
-0.202314
-0.137121
-0.053003
-0.626666
0.250301
0.639701
0.282757
-0.001417
-0.038861
-0.023113
0.147922
0.123555
-0.172534
-0.233974
0.228670
0.310833
-0.023800
-0.099191
-0.037332
0.251822
-0.040431
0.160304
0.236000
-0.468038
0.215100
-0.100169
0.515334
0.247272
0.187798
-0.363713
0.146788
0.323036
0.210960
-0.395953
-0.554844
0.142108
-0.543524
-0.021407
0.225033
-0.320346
0.505452
0.031610
-0.330824
-0.020022
0.380626
-0.079802
0.486999
-0.285931
0.185073
-0.080979
0.257611
0.226345
-0.326783
-0.554285
0.319902
-0.466364
0.090763
-0.197490
-0.750141
-0.022559
0.090839
-0.436432
-0.411982
0.579837
-0.015458
-0.576213
-0.300324
-0.162534
0.273415
0.138112
-0.367062
-0.538463
0.593111
-0.661388
-0.269924
-0.451641
-0.341190
0.235922
-0.270373
-0.125020
0.385702
-0.383559
-0.081003
0.013713
-0.385666
-0.059818
-0.353512
0.598030
-0.020179
-0.061051
-0.527339
0.112439
0.590648
-0.110917
-0.549212
0.168876
0.492239
-0.751914
0.038295
0.186884
-0.040827
-0.397594
-0.235184
-0.412792
-0.536667
-0.004520
0.686941
-0.184215
-0.310851
-0.190128
-0.060029
-0.321600
-0.419293
-0.502464
0.299126
-0.191438
-0.047222
0.505345
0.095081
0.228217
0.004981
-0.063862
0.568443
0.040744
-0.224595
0.153025
-0.394446
-0.582420
0.763257
0.349725
-0.010372
-0.087916
0.603614
-0.096158
0.442414
0.244194
-0.597165
-0.572923
0.045863
0.237368
0.499814
-0.099478
-0.396435
-0.124370
0.643584
-0.185526
0.428796
0.504833
0.446738
0.196116
0.320913
-0.297458
-0.933088
0.416712
0.244789
-0.066199
0.526086
0.382399
-0.096413
-0.474638
-0.331922
-0.079916
0.260515
-0.347436
-0.486997
-0.406796
0.283880
-0.004862
-0.124466
0.407991
0.499063
-0.451693
0.441716
-0.106168
-0.028792
0.183819
0.421220
-0.075650
-0.181084
-0.217243
-0.176945
-0.552484
0.186095
0.349548
-0.231314
-0.200608
-0.015983
-0.451510
-0.246671
-0.577750
-0.592517
-0.368989
0.704297
-0.110170
-0.246460
-0.054372
-0.470637
-0.073670
-0.310418
-0.159024
0.481399
-0.190838
-0.272660
-0.423343
0.110853
-0.317613
-0.424408
-0.174706
-0.217036
0.417940
-0.402931
-0.044188
-0.409462
0.040639
0.464255
0.020075
0.045035
0.226624
-0.146668
-0.144545
0.731854
-0.094777
0.089722
-0.369569
-0.127900
-0.496912
-0.332016
0.183224
0.421795
0.021570
-0.596214
0.045210
0.096470
0.262560
-0.347661
0.190766
0.284764
0.526139
-0.144017
0.359494
-0.201671
0.187917
-0.430048
0.187645
-0.217216
0.247053
0.042985
0.237392
-0.408905
0.190896
0.353657
0.415803
0.165622
-0.375562
0.031425
0.308272
-0.411087
0.711676
0.209940
-0.325822
0.224532
-0.274010
0.296875
-0.343125
0.435899
-0.131242
0.602946
0.205868
0.234722
-0.247176
0.015566
-0.431683
0.425361
0.545112
-0.013664
-0.126951
-0.304554
-0.329989
0.073569
-0.649411
0.002126
0.421207
0.114355
0.064912
0.314077
-0.811685
0.078533
-0.133230
0.155197
-0.401498
0.391477
-0.152408
0.406017
-0.028880
0.359443
0.082404
0.250412
-0.281342
-0.025402
-0.063851
-0.104164
-0.761107
0.050641
-0.228955
-0.430025
0.096980
-0.078086
0.263903
0.075479
0.432580
0.291480
0.473356
-0.525874
-0.102782
0.481311
-0.013430
0.250087
-0.012238
-0.183738
-0.417611
-0.532521
-0.319254
0.303938
-0.205307
-0.090423
-0.174475
0.011655
-0.037987
-0.585480
0.578781
0.517742
0.257036
0.249638
-0.070840
0.478018
0.353776
-0.012520
-0.358392
-0.536736
0.268498
0.213485
-0.423726
-0.369688
-0.304645
0.426138
-0.064955
-0.329339
-0.411227
0.515060
-0.216786
-0.235321
0.336077
-0.404957
0.367724
0.422931
-0.411773
0.044673
0.176438
0.068952
-0.123525
0.059749
0.207691
0.294281
0.505848
-0.048181
0.218550
0.434535
0.174989
-0.098855
0.165603
-0.215959
-0.337451
-0.275618
0.272541
-0.352526
-0.112266
-0.078239
0.360292
-0.004503
-0.141987
0.431100
-0.048676
0.270312
0.258415
0.557051
-0.556309
0.347959
-0.458384
0.320408
0.350780
-0.209980
-0.394194
0.044274
0.306483
-0.210944
0.116400
0.517321
0.126904
0.017921
-0.181937
-0.004637
0.403878
0.178151
-0.157241
-0.231242
0.769008
-0.519026
-0.375069
0.030061
-0.229685
-0.105282
0.481302
0.335426
-0.152653
0.018771
0.217617
-0.079926
0.162499
0.438248
0.238797
-0.208621
0.198842
0.443021
0.197014
0.259669
-0.207430
0.363034
0.131831
0.141651
0.560939
-0.034955
0.190513
-0.100452
0.380592
-0.438201
0.584249
0.108355
0.311592
-0.064591
0.000154
-0.167426
0.059872
0.435848
0.155627
0.377569
-0.126204
-0.335228
0.072389
-0.360590
0.368389
-0.183714
0.537983
-0.518446
0.347343
0.042630
0.310772
-0.588469
-0.060760
-0.081279
-0.366876
-0.643112
-0.537799
0.123007
-0.166459
0.185203
0.061676
0.634546
-0.083248
0.328961
0.292402
-0.655081
0.002137
0.234157
-0.015419
-0.237133
0.058761
0.433088
-0.633622
-0.272386
-0.017893
0.052604
-0.455141
-0.367460
-0.088920
-0.511146
0.043790
0.206716
0.048995
0.067556
-0.160276
0.014984
0.561452
0.079683
-0.004487
-0.106066
-0.581053
-0.239406
-0.230755
-0.164938
-0.452543
0.289916
-0.366576
-0.028253
0.095896
-0.117243
0.304331
0.282127
0.196391
-0.441833
0.208434
-0.334242
0.334078
0.012290
0.335790
0.717313
-0.039063
0.186907
0.481447
0.609111
0.460225
-0.115942
0.147172
-0.162995
0.303505
0.345621
0.635756
0.182211
-0.136499
-0.176416
0.288710
0.206702
0.059528
0.274514
0.422616
-0.244282
0.417239
-0.116090
-0.326144
-0.064950
0.075124
-0.550842
0.099780
-0.009158
-0.599896
-0.564327
-0.550844
-0.335109
-0.533865
0.285269
0.127266
0.546604
-0.138472
0.504511
0.372044
-0.102918
0.343341
-0.564913
0.406139
0.155995
0.122860
-0.353143
-0.331792
-0.354476
0.631569
-0.198362
-0.441800
-0.222368
-0.202463
0.317414
-0.333918
-0.716442
0.484332
0.745780
-0.524080
-0.058709
0.138602
-0.075361
-0.342349
0.158534
-0.548407
-0.015932
0.125499
0.363211
-0.227264
-0.068681
0.097096
-0.337932
-0.003097
-0.026609
-0.511921
0.089542
0.426788
-0.236420
-0.590183
0.045441
0.588929
-0.471909
0.491771
-0.125615
-0.175710
0.327817
0.135379
0.357475
0.147179
-0.483468
-0.669128
-0.372432
-0.391330
-0.071657
0.082738
-0.162330
-0.038405
0.048836
0.570571
-0.157747
0.410176
-0.586509
-0.465746
-0.125844
0.339859
0.164397
-0.102086
-0.642436
0.015263
0.106592
-0.068920
0.563881
0.253743
0.122904
-0.586454
-0.036603
0.316748
0.097059
0.061047
0.715894
-0.545943
0.463836
0.070947
0.240588
0.265664
0.337700
0.019047
0.727581
0.225500
-0.055822
-0.043537
0.006286
-0.383298
0.422335
0.318840
-0.259869
0.569702
-0.219080
-0.042416
-0.159990
0.391619
-0.193600
0.271679
-0.470527
-0.044201
0.138087
-0.396374
0.020234
-0.417091
0.418365
-0.588358
0.013259
-0.394774
0.231711
-0.563587
-0.220306
-0.460198
-0.235395
0.689276
-0.421511
0.116595
-0.203626
-0.378286
-0.149776
0.078623
0.305583
-0.130658
-0.222867
-0.072728
-0.153939
-0.161265
0.143750
-0.250138
-0.054074
0.584470
0.113645
-0.264644
0.091239
0.190037
0.175655
0.307551
0.339001
0.552373
-0.990806
0.491031
-0.636773
0.368574
-0.017986
0.442806
-0.019371
0.392837
-0.190136
0.455310
0.345529
0.153954
0.252478
0.528691
-0.255578
-0.475348
0.245272
0.333312
-0.075093
0.345312
0.172237
0.497261
0.164580
0.419286
0.480153
-0.438571
0.223770
-0.182776
-0.642790
0.410886
-0.054593
0.343908
0.305472
-0.457348
0.076846
-0.200902
-0.235692
-0.002239
0.342334
-0.170619
0.237843
0.144232
-0.534770
-0.221985
-0.358551
-0.011895
0.092868
0.611797
0.179754
0.043323
-0.447610
0.027551
-0.282520
-0.372716
0.508423
0.279704
-0.087479
-0.079185
-0.227942
-0.577495
0.477635
0.431713
-0.040911
-0.259624
0.112496
0.574110
-0.422820
-0.108601
-0.373558
-0.301848
-0.141647
0.052051
0.421372
-0.267149
0.251259
0.191556
0.256635
0.401164
0.087344
-0.293188
-0.380561
0.236367
0.630821
-0.386719
-0.040963
-0.390828
-0.121944
0.040319
-0.529423
-0.200008
0.162064
0.467471
-0.174616
-0.483185
-0.267191
-0.188315
-0.247224
-0.407925
-0.022925
-0.080274
0.094066
-0.130714
0.394271
-0.533739
0.000534
0.274071
0.134291
0.463381
-0.505018
-0.312062
