-0.081723
-0.310349
-0.504249
0.351895
-0.509631
-0.174888
0.016525
0.021998
-0.143320
0.335991
-0.077985
-0.317547
0.112291
-0.542817
0.282757
-0.307428
0.180152
-0.428742
-0.464714
0.076387
0.240761
-0.043822
-0.376764
0.219983
-0.023800
-0.581536
0.374132
0.333636
0.118041
-0.270433
-0.044114
0.513698
-0.581295
0.200065
-0.646597
0.099142
0.068656
0.282610
-0.047676
0.413729
-0.242733
-0.645396
-0.086502
0.350443
0.150029
-0.468311
-0.305783
-0.127633
-0.076678
-0.041665
0.300353
-0.086484
0.443321
0.478976
0.123972
0.424055
0.067216
-0.069903
-0.331866
-0.378181
0.205129
0.058464
0.186900
-0.143808
-0.485141
0.411687
-0.475858
-0.090358
0.137015
-0.436432
0.083229
0.245310
0.166686
-0.627374
0.096191
0.060440
-0.106468
0.447175
-0.066406
-0.609275
0.262596
0.075272
-0.495279
-0.153862
-0.411611
0.131247
-0.443472
-0.137326
-0.140789
-0.069367
0.243571
-0.458056
0.411563
0.355010
0.150472
-0.260334
-0.020179
-0.603604
0.572215
0.217714
0.661200
0.188358
-0.186737
0.264241
-0.376792
0.517099
0.524245
-0.216710
-0.040827
-0.395300
0.197456
-0.362624
0.164785
-0.042001
0.012029
-0.164349
0.105813
-0.443161
0.068604
-0.223141
-0.494730
-0.433489
-0.592376
0.044966
0.242315
0.505345
0.181170
0.109880
0.645118
0.116779
-0.683571
0.281945
0.091408
-0.401001
0.379394
-0.551298
0.083734
-0.205441
0.540898
-0.159987
-0.071116
-0.228398
-0.029266
-0.512438
0.327869
0.071970
-0.287569
-0.675519
0.364336
0.053880
0.146390
-0.193285
0.636821
-0.185526
0.601434
0.449222
0.005673
0.346755
0.392394
-0.193084
0.103705
0.488122
0.672243
0.308166
-0.197141
0.346845
-0.407214
-0.406540
-0.208458
0.378040
0.363089
0.512477
-0.036943
-0.406796
0.315090
0.216057
0.341513
0.407991
-0.005122
-0.296710
0.077446
0.660531
0.127996
0.258095
0.203982
0.124293
-0.080749
0.327886
0.363559
-0.101743
0.457240
-0.538194
-0.150064
-0.222536
0.400924
-0.336150
-0.273497
-0.210918
-0.026972
-0.394844
0.004430
0.615745
-0.435123
-0.531485
0.373375
0.035319
-0.510460
-0.180461
0.354778
-0.346280
-0.347007
-0.299360
0.142576
-0.305999
0.299546
0.321769
0.315734
-0.301098
0.690402
0.100971
-0.395338
-0.080157
0.250306
-0.671418
0.362510
0.384190
0.256299
0.079276
0.055928
-0.131695
0.493782
0.398810
0.305401
0.127754
-0.392146
0.214003
-0.014431
-0.345986
-0.227395
0.117145
0.096470
0.046774
0.143139
-0.029465
-0.174653
0.550259
0.381818
0.337912
0.486404
0.249426
-0.388128
0.113692
0.031930
0.203680
0.135459
-0.115014
-0.273895
0.436645
-0.145509
0.050045
0.613415
0.073804
0.220234
0.545449
0.061786
-0.331552
-0.549768
-0.264657
0.123856
0.114287
-0.147016
0.412756
0.485780
-0.143538
-0.470235
0.307328
0.222814
0.148316
-0.026370
-0.397411
0.143659
-0.390652
-0.013664
-0.318865
-0.106812
-0.484098
-0.167811
-0.061843
0.220003
-0.018606
-0.463982
-0.373981
0.108529
-0.080972
-0.389946
-0.054044
-0.337536
0.189592
0.389760
-0.538126
0.200843
-0.186119
0.001914
0.082404
-0.137997
0.013496
0.238172
-0.442967
0.211181
0.052618
0.562343
0.179490
0.059616
-0.116831
0.003140
0.263903
0.336830
0.060720
0.217216
0.287122
-0.162003
0.037581
-0.073105
0.141776
-0.467251
-0.110974
0.446657
0.538259
-0.008888
-0.452256
0.221170
-0.366502
0.266830
0.533079
-0.188571
0.002537
-0.514573
-0.220732
-0.334702
0.150890
0.159612
-0.070840
-0.414638
0.272835
-0.404507
-0.358392
-0.385082
-0.036304
-0.482542
-0.076213
-0.438365
0.211776
0.073225
-0.104722
-0.634557
0.374578
0.198778
-0.135939
-0.224727
0.237802
-0.297455
0.315839
-0.023740
0.442893
0.487412
0.500395
0.270011
-0.359495
0.220775
0.007561
-0.603613
0.505848
0.449358
-0.365169
-0.079193
0.174989
-0.203350
0.079021
-0.085423
0.210398
-0.097069
0.314060
-0.180417
0.196667
-0.576717
0.029889
-0.013843
-0.134898
0.202146
-0.488827
-0.230548
0.045202
-0.059993
-0.299514
0.454394
0.058429
0.423836
0.396883
-0.045506
-0.115152
-0.193893
0.205589
-0.350484
-0.036305
0.429081
0.126904
0.018656
-0.400681
-0.216944
0.489686
-0.144668
0.475317
0.453104
0.689027
-0.040492
-0.382528
-0.021919
0.532765
0.214520
-0.299806
0.293038
0.297927
-0.099720
0.346800
0.405892
0.052461
-0.479595
0.299783
-0.531933
-0.537319
0.325565
0.091198
-0.409851
0.360297
-0.468065
-0.247315
-0.214103
0.364011
-0.034955
0.126903
-0.265994
0.552178
-0.438201
0.451255
-0.250249
0.044409
0.146972
0.127118
0.271148
-0.441208
0.150012
0.222843
0.481390
0.464247
-0.335228
0.237182
0.406880
0.322303
0.149811
0.466602
-0.243849
-0.140461
0.292371
0.220981
-0.528371
0.085038
-0.138035
0.319206
0.449928
-0.369557
-0.482539
-0.171544
0.485385
0.134700
-0.150634
0.420575
0.328961
0.464084
0.131872
-0.228511
-0.420697
-0.142703
-0.097653
-0.248492
0.394450
-0.263110
-0.285603
0.102533
-0.603179
0.121592
0.031998
0.272260
-0.277051
0.038585
-0.212518
-0.372083
0.012158
-0.097413
-0.131920
-0.189903
-0.071579
0.032515
0.423045
-0.479477
-0.532176
-0.428082
-0.415508
0.194204
0.118426
0.628500
-0.023292
0.154818
0.283133
0.627753
-0.105594
-0.370604
-0.427709
-0.152073
-0.121933
0.586601
0.708189
0.400472
0.659544
0.013390
0.425485
0.270138
0.609111
0.126941
-0.050496
0.160354
0.104631
-0.138927
0.048169
-0.145003
0.443179
-0.091616
0.460135
-0.341409
-0.122604
-0.232535
-0.165890
-0.653303
0.164718
0.202203
0.665021
-0.261238
-0.394584
-0.003842
-0.199977
-0.322283
-0.072860
-0.465798
0.146387
-0.550844
0.458120
0.199637
-0.514234
-0.274291
-0.473387
-0.269038
-0.204842
0.109806
0.123816
0.276318
-0.254941
-0.355405
0.155995
-0.157091
-0.112458
0.524414
-0.043785
-0.001743
-0.297983
-0.067554
-0.222368
-0.206301
0.026739
-0.330061
0.612758
0.068894
-0.186152
-0.401999
-0.319761
0.212549
-0.384741
0.240293
0.087728
-0.114787
0.035615
0.125499
0.425060
0.345513
0.242230
0.123788
0.179745
-0.061744
0.109757
0.013858
0.193217
0.034275
0.191590
0.265200
-0.599714
0.098510
-0.066144
-0.365889
0.050968
-0.354044
0.821621
-0.137549
0.357475
-0.128379
0.175912
-0.190573
0.046782
-0.445668
-0.119204
0.179070
0.016891
-0.572650
-0.407356
-0.019925
-0.157747
-0.550434
0.238668
0.247118
0.072629
0.598671
0.164397
-0.213394
0.108821
0.015263
0.159754
0.646831
0.403606
-0.000389
-0.183053
-0.180175
0.036587
0.242305
-0.052034
0.044179
-0.497479
-0.545943
0.190021
0.547062
0.567975
0.438737
-0.030360
0.110300
0.046953
0.624059
0.064600
-0.645586
-0.201330
0.438578
-0.166572
-0.158169
-0.436132
0.369369
-0.193697
-0.115048
-0.441542
-0.338941
0.055146
0.173364
-0.297989
-0.014826
0.008345
-0.331315
0.190629
0.345248
0.099234
-0.437005
-0.217623
0.462091
0.127743
-0.010204
0.170152
-0.019550
-0.325626
0.186596
0.041591
-0.174847
0.139388
-0.061783
0.172864
-0.099552
0.420638
0.340850
-0.130998
-0.267281
-0.522116
-0.432514
0.120214
-0.284885
-0.458339
-0.111336
0.576228
0.528132
0.575852
0.235540
-0.451947
0.034098
0.365986
0.248069
-0.541152
-0.409217
-0.407349
-0.146241
0.098031
0.225451
-0.242498
-0.747483
-0.003611
-0.644191
-0.000077
0.127032
0.336184
-0.489734
-0.252222
0.218523
0.160888
0.331892
-0.075093
-0.186227
0.651932
-0.545949
0.437640
-0.034339
0.080217
0.352756
0.411264
0.045184
-0.332976
-0.055841
-0.252632
0.235116
0.348889
-0.246556
-0.551723
-0.055555
-0.057233
-0.023056
-0.000342
-0.170619
0.237843
0.069151
-0.032625
-0.419572
-0.476250
-0.329076
0.155647
0.329638
-0.435702
0.376241
0.071276
0.022357
-0.096804
-0.564467
-0.363050
0.283451
0.453868
-0.646706
-0.332562
-0.132525
0.174639
0.614173
0.426756
-0.259624
0.218042
0.019383
-0.165086
0.412910
-0.112619
-0.806911
-0.175274
0.509610
-0.706027
-0.256673
0.051494
-0.190816
0.205545
0.547829
-0.527750
-0.028075
-0.359711
0.052512
0.154340
-0.357328
-0.371590
0.139599
0.723616
-0.059834
0.081229
0.220931
0.242617
0.466658
-0.063754
-0.433377
0.616644
-0.584494
0.176440
0.462603
-0.326280
-0.068465
0.146771
-0.159465
-0.017630
-0.538093
0.000534
-0.257820
0.216058
-0.636261
-0.034978
0.319616
