-0.379617
-0.567704
-0.010135
-0.186355
-0.492257
-0.019907
-0.318018
0.392354
-0.005737
0.329685
-0.083434
0.053089
-0.502504
0.169902
0.396755
0.204931
-0.553650
-0.254937
0.131998
-0.058201
0.368393
-0.296792
-0.237500
-0.008026
-0.787069
0.173476
0.622283
-0.004748
0.394085
-0.144369
-0.305132
0.398693
-0.473833
-0.026659
0.037503
0.160255
0.117462
0.257310
-0.313829
0.167215
0.189545
-0.350898
-0.177748
0.494859
0.317770
-0.600810
-0.138707
0.067874
-0.086280
0.159859
-0.200895
-0.374538
-0.274881
0.239378
0.240594
0.120359
0.066080
-0.076747
-0.240738
0.044038
0.051691
-0.363785
0.227090
-0.416740
0.415116
-0.285841
-0.133540
0.055614
0.148707
-0.171989
0.042790
0.046260
-0.366914
0.337341
0.590329
-0.340537
-0.281561
-0.110327
-0.163716
-0.473150
0.443076
0.462643
-0.457606
0.259383
0.394549
-0.000005
0.336173
-0.452877
0.063256
-0.387449
-0.203454
0.236368
-0.179066
-0.143480
0.320419
0.024825
0.448582
-0.425435
-0.426194
0.268291
-0.312043
0.257055
0.112182
-0.132077
-0.349075
-0.062672
0.502826
0.292728
0.051701
-0.215304
-0.361004
0.333917
0.231524
-0.049903
0.274016
-0.146572
0.079759
-0.397513
0.071544
-0.367444
0.166972
0.494184
-0.145134
-0.279728
-0.515604
0.577881
-0.025738
0.214083
0.323600
0.485614
0.146530
-0.819009
0.081226
0.309717
0.445242
-0.430147
0.133370
-0.139329
-0.379846
0.212325
-0.015621
-0.214265
-0.198967
0.092575
-0.410199
-0.218563
-0.294061
0.640177
0.229505
-0.092281
0.042965
-0.541663
0.290621
-0.177012
-0.021666
0.455468
-0.414605
0.188173
-0.152345
-0.457673
0.074999
0.198364
0.378305
0.281910
-0.132652
0.493302
-0.185605
0.124541
0.429145
-0.385152
0.484085
-0.153370
0.220302
-0.016249
0.307126
-0.426805
0.596337
-0.046541
0.167583
0.185609
0.248041
-0.526983
-0.121908
0.550181
-0.233890
0.277370
0.376342
0.302306
-0.414740
0.041368
-0.519484
-0.171189
-0.341258
0.540593
0.357931
0.116608
-0.403093
-0.042189
-0.329987
-0.634743
0.090514
0.526473
-0.276379
-0.015412
-0.132852
0.284474
-0.326183
-0.247163
0.145181
-0.170208
-0.147023
-0.005713
-0.243119
-0.271492
-0.278751
-0.269081
0.128498
-0.249027
0.359925
0.437313
0.103395
-0.162477
0.181596
-0.382904
-0.398788
0.256410
0.364962
-0.079720
0.077914
0.146272
-0.338493
-0.492387
0.639983
-0.366868
-0.076635
0.214072
0.137560
0.488728
0.043015
-0.351243
-0.031849
0.027232
-0.382123
0.056268
-0.472350
0.236118
0.340751
0.078370
-0.325172
0.321759
-0.111406
-0.036356
-0.490780
-0.014671
-0.123688
-0.092048
0.074044
0.179141
-0.278043
0.021479
0.175208
-0.621420
0.032985
-0.407798
-0.283665
0.452395
-0.281338
0.173970
-0.323052
0.000514
-0.481004
-0.323154
0.118083
-0.316921
-0.218139
-0.528672
0.086307
-0.083531
0.425283
0.027906
0.019680
0.369732
0.341305
-0.354087
-0.304554
0.128183
0.021089
0.219522
-0.005959
0.313173
0.089995
0.379169
0.284820
-0.578888
0.489738
0.009689
0.433723
-0.255747
-0.530637
-0.141549
0.519545
-0.287998
0.452952
0.434515
0.226599
-0.042355
-0.008355
0.157126
-0.220630
-0.638442
-0.074984
-0.416329
-0.061704
-0.109069
-0.356635
-0.267000
0.145488
0.460313
0.131362
-0.207686
-0.398740
0.131943
-0.197310
0.013324
-0.264742
0.379244
0.624946
-0.071993
-0.173537
-0.076282
0.064011
-0.068294
0.322540
0.395497
-0.089135
-0.345008
-0.430570
-0.267064
0.286857
0.099231
-0.275804
-0.156302
-0.045619
0.463083
-0.033074
-0.402571
-0.317930
0.326630
-0.578094
0.280089
-0.019155
0.722999
0.423585
0.106033
0.165761
0.239695
0.284230
0.286687
0.412280
-0.458597
-0.183335
0.358035
-0.289719
0.426977
-0.607818
-0.626034
-0.479781
0.497025
-0.036797
-0.224518
-0.134186
-0.053069
0.053312
0.117456
0.029191
-0.338825
0.327273
-0.324788
-0.229936
0.208974
0.061448
0.092953
-0.540181
-0.516994
-0.188271
-0.196117
-0.195631
0.522342
-0.084841
-0.065876
0.195003
-0.106767
-0.449791
0.609163
-0.015105
-0.074081
-0.418274
-0.194191
0.072025
0.077829
-0.032943
-0.109879
-0.598795
-0.180409
-0.188036
-0.535112
0.548451
0.069452
0.212037
0.138383
-0.003097
-0.184245
0.147385
0.114663
0.433159
0.180823
0.142446
0.534960
0.372309
0.214532
-0.231612
-0.426586
-0.336539
0.202467
-0.302273
-0.500344
-0.474840
-0.026095
0.076528
-0.357682
0.116294
-0.131385
-0.413929
-0.403300
0.131008
0.039740
-0.479808
-0.038270
0.172086
0.329065
0.232366
0.203992
0.338575
-0.335919
0.385979
-0.392517
0.433566
-0.430645
-0.344937
0.555962
-0.407427
-0.025819
0.244675
-0.332011
-0.568476
-0.102760
-0.376303
0.245934
-0.545417
0.345894
0.027778
-0.036612
0.395601
0.064245
-0.241597
-0.313628
-0.145035
-0.039318
0.201005
-0.486001
-0.454016
-0.219940
-0.270453
0.511235
-0.241121
-0.071134
-0.321657
-0.080497
-0.164611
-0.427286
-0.547253
-0.079557
-0.145958
0.164707
0.395068
-0.325097
0.602167
0.109609
0.351476
0.058082
-0.305975
-0.222599
-0.378680
0.188749
-0.231067
-0.534665
-0.209193
-0.457400
0.444103
0.580878
0.250127
-0.017623
-0.124423
0.280093
-0.477782
-0.037872
-0.232516
0.494367
-0.114976
0.363355
-0.393441
-0.018680
0.348510
-0.641468
-0.198310
-0.039047
0.331840
0.074467
0.278588
0.413707
0.221996
-0.137911
0.105360
0.530512
0.394194
0.064802
-0.496991
0.071765
0.142077
-0.357296
0.187370
0.019467
-0.393573
-0.003573
0.260755
-0.407462
0.229351
0.353210
-0.159755
-0.022718
0.129349
-0.344849
-0.199128
-0.380936
-0.201590
-0.084552
-0.405243
-0.287644
0.190445
0.086438
-0.156522
0.349978
0.198641
-0.105584
0.102114
-0.082679
0.243314
-0.383514
-0.425337
-0.017782
0.225109
0.384085
-0.675415
0.337967
-0.495364
-0.283833
-0.536375
-0.320945
-0.385254
-0.179660
-0.223803
0.346815
0.432915
-0.343053
-0.070982
0.199315
0.044069
-0.234371
-0.539518
-0.021846
0.304418
0.778725
0.204183
-0.038705
-0.409190
-0.330416
0.658196
0.590142
0.270827
0.370827
0.183959
0.158972
-0.353852
0.013772
0.276827
0.329656
0.139761
-0.046223
0.428841
0.252571
-0.482031
0.074514
0.386958
-0.452915
-0.296653
0.106924
-0.146563
-0.216143
0.102188
0.387588
-0.095930
0.381611
-0.311215
0.223615
-0.271236
0.465492
-0.419263
0.169772
0.184831
0.476605
0.178989
-0.132204
-0.401293
-0.753430
-0.502824
0.301000
0.512279
0.347073
-0.537832
-0.119284
-0.196274
0.291598
0.040761
0.029115
0.247431
-0.214823
-0.045307
0.403311
0.171119
-0.029316
-0.725726
-0.341640
-0.132147
0.544355
0.395171
-0.304006
-0.054638
0.297871
0.526287
0.113917
0.046953
-0.470410
-0.210496
-0.513549
0.456646
0.336473
0.219508
0.220670
-0.706372
0.160346
0.271032
0.452975
0.046701
-0.531856
0.174948
0.507445
-0.257804
0.215828
0.273733
-0.758308
-0.039646
-0.057478
0.100778
0.137462
0.484852
0.283820
0.114705
0.094925
-0.018896
-0.019966
-0.047688
0.047080
-0.435679
0.198222
0.010299
-0.255165
-0.142069
-0.379459
0.366742
0.276135
-0.225353
-0.176880
-0.202878
-0.091180
0.473699
-0.401132
0.241465
-0.103245
-0.146787
-0.519603
-0.026265
0.395679
-0.069100
-0.488358
0.226176
-0.546882
-0.072322
0.266131
0.412205
-0.688644
-0.221052
0.334229
-0.024178
-0.534226
0.081919
0.143276
0.204868
-0.278950
0.490730
-0.439356
-0.387752
0.337153
-0.050630
-0.186923
0.452500
0.444365
-0.560452
0.186524
0.000241
0.519670
-0.439471
0.065787
-0.023118
0.403077
-0.005828
0.220339
-0.409229
-0.195322
0.427836
-0.203944
-0.215782
-0.535893
-0.195667
-0.467038
0.066650
-0.434348
-0.390505
-0.281232
0.570792
0.171328
-0.394114
-0.340121
-0.205866
0.607275
-0.103753
-0.436395
-0.375321
-0.016304
0.276294
0.453210
0.417575
0.416941
-0.267689
-0.589494
-0.337359
0.173707
0.043409
-0.056987
0.041065
-0.310799
0.258858
0.091757
0.431215
-0.154601
0.029033
0.153900
-0.042008
0.168649
0.005680
-0.366319
0.517245
-0.360548
0.411072
0.009375
-0.121328
-0.213993
0.108496
0.242036
0.704593
0.344831
-0.293025
-0.002148
-0.078731
-0.214104
-0.564228
0.141098
-0.080421
0.225570
0.252846
-0.611606
0.549663
-0.438715
0.589926
-0.537786
-0.342802
0.379195
-0.209984
0.561625
-0.592035
-0.351369
-0.603476
-0.091287
0.511685
0.135692
-0.156597
0.317803
