-0.260173
-0.480083
-0.101951
0.311846
-0.203266
-0.458586
-0.571823
0.104450
-0.252407
0.417724
0.049014
0.227851
-0.044288
-0.368113
-0.477959
0.015690
-0.241788
0.127298
-0.370218
-0.037214
-0.126188
0.355126
-0.429946
0.431482
0.383120
-0.212634
0.604504
-0.482395
0.081459
-0.368934
0.394471
-0.109927
-0.577031
0.051989
0.424967
-0.569522
0.366959
0.270426
-0.452045
0.375255
0.131091
-0.201660
-0.344341
0.533082
0.150647
-0.048454
0.273727
0.273380
-0.122491
0.657998
-0.192650
-0.168012
-0.138161
-0.374892
-0.071998
-0.328343
0.226623
-0.406399
-0.083194
0.263487
0.049669
-0.482541
0.275267
-0.217691
-0.440206
0.289812
-0.206164
0.298377
0.037121
-0.242065
0.619711
0.378277
0.270171
-0.296779
0.365244
0.104439
-0.271397
0.139561
0.269421
-0.443156
-0.027092
0.175430
-0.458819
0.679454
0.339490
-0.341986
0.045422
0.195240
-0.210601
-0.062268
0.254142
0.135070
-0.153132
-0.269023
0.330413
0.554938
0.081136
-0.434216
0.352140
0.007266
0.357133
-0.557717
-0.137907
-0.112423
0.363874
0.193551
0.547743
-0.365168
0.284879
-0.222945
-0.172117
0.536739
0.388016
0.106878
-0.173900
-0.424047
0.370148
-0.226959
-0.456342
0.240443
-0.406718
0.606859
-0.390076
0.305903
0.247111
0.704781
-0.053843
-0.399320
-0.131425
-0.535340
-0.094998
-0.742907
0.305357
0.163226
0.729616
0.266934
-0.021797
-0.341783
-0.207638
0.578663
0.284794
0.672800
-0.324749
0.327179
-0.417557
-0.398138
-0.301272
-0.582517
0.470836
0.324787
0.205990
-0.056882
0.295673
0.020873
-0.307339
-0.147634
-0.191360
0.000396
0.471752
-0.206681
0.201672
0.342723
0.537448
-0.304459
0.240306
0.052221
-0.405191
-0.409195
-0.270829
-0.214064
-0.317754
-0.406955
0.224998
-0.394110
0.527547
-0.479121
-0.466573
0.378537
0.382535
-0.007043
0.412856
-0.154107
0.194084
0.478605
-0.378312
-0.116311
-0.156458
-0.337834
-0.167758
0.328740
0.558709
-0.186020
0.185794
0.162021
-0.048528
-0.033227
0.332425
-0.742361
-0.546875
-0.342770
-0.071091
-0.115346
-0.577716
-0.089638
-0.418925
0.322664
0.156810
-0.129597
0.219468
-0.164227
0.242461
0.237650
0.613647
0.184290
-0.340092
0.372120
-0.527607
-0.415389
0.109182
0.201917
-0.119660
-0.049068
0.105122
-0.558133
0.687646
0.320352
0.154327
-0.046052
0.120720
0.247118
-0.168280
0.286049
0.339098
0.065382
-0.131566
0.183124
0.028573
0.009868
0.217007
0.053558
-0.526415
-0.448456
-0.234502
0.253637
-0.513006
-0.554750
0.001827
0.317840
-0.125339
-0.373507
0.284702
-0.153435
-0.650091
-0.087480
-0.244085
-0.124819
0.398954
0.567495
0.529250
0.606633
0.223244
-0.150591
0.031425
0.069658
0.049073
0.178738
-0.336790
0.511949
0.126097
0.370114
0.434787
-0.223195
0.391415
-0.063276
0.267089
0.022586
-0.245583
0.429651
0.147707
-0.282066
0.057764
0.214565
0.458121
0.254767
0.536599
-0.439326
-0.100192
-0.032033
-0.275843
-0.518870
-0.461787
-0.564105
0.263075
0.557170
0.348570
-0.276412
0.126257
0.053900
0.353035
-0.306372
0.165818
-0.011734
0.537460
0.777677
-0.065636
0.144223
0.072651
0.406954
0.047085
0.319694
0.123026
-0.116243
-0.407458
-0.045244
0.293837
-0.264482
-0.609022
-0.202668
-0.243627
-0.180929
0.435403
0.279001
-0.108836
-0.061276
-0.638214
0.105706
-0.303609
0.043887
0.145849
0.000336
0.166394
0.038716
-0.149518
-0.340459
-0.184078
-0.187107
-0.454512
0.330681
-0.036788
-0.205688
-0.007487
-0.023725
-0.240806
0.157938
0.533048
0.352718
0.120623
-0.338825
-0.492757
0.265886
-0.138136
0.137616
0.451173
0.333546
0.159820
-0.173519
-0.381946
0.057716
0.002783
-0.127321
-0.192699
-0.201371
-0.339825
-0.048591
-0.477744
0.263935
0.056093
-0.390087
0.143900
-0.082680
-0.027680
0.277005
0.382396
0.109993
-0.275345
-0.550716
-0.684744
-0.304729
0.078239
0.119414
0.196609
-0.205949
0.072003
-0.194914
-0.297819
0.062645
-0.106915
-0.171972
0.407186
-0.038623
-0.164597
-0.039916
0.063909
-0.012157
-0.336152
-0.628327
-0.128271
0.394750
-0.284601
-0.474310
-0.692947
-0.080662
-0.289875
0.235582
-0.107982
0.327055
0.402869
-0.429260
0.121257
0.489237
-0.483569
0.242182
0.513180
-0.070116
-0.198007
-0.001868
-0.336078
-0.219019
0.187957
-0.206378
0.421687
-0.041707
-0.017515
0.305173
-0.217768
-0.170923
-0.091520
-0.405224
-0.076951
0.178456
0.169001
0.251281
-0.155352
-0.378213
0.391655
0.026443
-0.192368
-0.090451
-0.346535
0.270964
-0.307211
0.161889
-0.346793
-0.274706
0.207250
-0.220787
0.247396
-0.272199
0.171716
-0.351758
-0.221966
-0.247923
0.464671
-0.122058
0.390345
0.016300
-0.127819
-0.448118
0.357403
-0.062908
-0.596339
-0.165693
0.136920
0.329424
-0.235390
-0.246915
-0.076278
0.299789
0.059971
-0.385763
-0.422934
0.364668
-0.287000
0.246767
-0.170081
-0.174880
0.449694
0.438855
-0.040665
-0.145223
0.413019
-0.141484
0.053577
0.416586
-0.240518
-0.638957
0.578104
0.006421
-0.601417
-0.166558
0.076404
-0.032613
0.032363
-0.080877
0.108683
0.728008
0.394252
0.137852
-0.189227
-0.299962
-0.630710
0.099767
-0.250385
0.298388
0.548457
-0.752765
0.345651
0.068481
-0.342446
-0.151557
-0.074538
0.069969
-0.303749
0.088508
-0.211425
0.055499
0.417200
0.316193
0.191277
0.405325
0.278257
-0.006099
-0.199696
-0.242442
0.258110
0.018800
0.003097
0.554485
-0.418920
0.197259
-0.426795
0.259237
0.033815
0.224755
0.182211
0.315328
-0.258084
-0.319889
0.006033
0.132876
-0.279210
0.476689
-0.294157
0.498137
0.475619
0.163673
-0.044239
0.045026
-0.216525
-0.470111
0.213663
0.026594
-0.439430
-0.265359
0.101717
0.091096
-0.159693
-0.080486
-0.480222
-0.120408
-0.337095
0.159959
0.494977
0.366009
0.376458
-0.430498
-0.254478
-0.239512
-0.326927
0.461981
-0.149089
0.449224
0.251925
0.280590
0.218296
0.559100
0.211268
0.198140
0.346544
-0.240438
0.238356
0.197441
-0.000430
0.465489
-0.227790
-0.335597
-0.430203
-0.172996
0.288633
-0.222220
0.431644
-0.172967
-0.195566
-0.106011
-0.290043
-0.120743
-0.117885
-0.376691
0.604657
0.200531
0.186800
-0.185418
0.127548
-0.259275
0.421751
-0.517329
-0.601033
-0.216744
-0.008464
-0.576562
-0.310748
0.472992
0.170513
0.579141
-0.256685
-0.327822
-0.623670
0.116553
-0.091418
-0.082139
-0.432311
0.191774
-0.018875
0.153296
0.263771
0.151880
-0.186120
0.230260
-0.152973
-0.216376
0.344807
-0.037569
0.217184
0.290142
0.559792
0.281663
-0.606796
0.174401
0.066308
0.254104
-0.480202
-0.136533
0.390283
0.563563
0.103447
-0.335023
0.021405
0.132288
0.345518
0.113237
-0.341634
-0.200652
-0.224221
-0.499374
-0.405258
0.085014
0.471349
-0.033362
0.755500
0.334546
-0.203285
0.173321
0.142462
-0.172377
-0.029593
-0.575022
-0.395604
-0.257295
0.071517
-0.123121
-0.154038
-0.018641
0.090628
-0.340288
0.052707
0.479707
-0.221048
-0.088891
0.682302
0.338580
0.048962
0.047368
-0.338327
0.274855
-0.050452
-0.489143
0.331326
-0.661894
0.404830
0.135084
-0.317781
0.111596
0.228883
-0.266426
-0.391045
-0.071833
-0.377039
0.492169
0.174220
0.625980
0.561346
0.548234
-0.024117
-0.070447
0.439285
-0.057861
0.474785
0.294914
-0.275579
-0.310714
-0.074526
-0.078414
-0.392490
-0.001065
-0.170945
0.217699
0.207772
0.098265
0.057578
-0.478546
0.369321
0.075823
0.270323
0.604801
0.386682
0.218528
-0.228558
0.191214
0.190432
0.010679
-0.419785
-0.244053
-0.227663
0.479777
-0.201979
0.226862
0.184339
0.528582
0.369314
0.210888
-0.292186
-0.123072
-0.156665
-0.106123
0.172204
0.495006
-0.373655
0.445734
0.010626
-0.090265
-0.039634
0.104623
-0.172781
0.163874
0.152546
0.122686
-0.528025
-0.124411
-0.358998
-0.389600
-0.262732
-0.316838
0.224516
0.096658
0.447489
0.482892
-0.444916
0.378793
0.033988
0.120334
0.395452
-0.373940
-0.335528
-0.111415
0.350002
-0.138356
0.129661
-0.197840
-0.065201
-0.392573
-0.060125
-0.293465
-0.474653
0.576802
0.344459
-0.219827
-0.061548
0.297379
0.456392
0.534111
0.147868
0.288863
-0.194615
0.067774
0.255419
-0.521037
-0.001813
0.034938
0.117451
0.800658
0.128313
0.012198
0.315487
0.058895
-0.327501
0.047711
-0.607561
0.290836
-0.434625
-0.402936
-0.039904
0.357245
-0.543040
0.279549
-0.210157
0.560391
