-0.008934
3.404452
-4.467430
-2.668680
-2.962959
1.346057
-3.951895
0.646017
-1.603588
0.744268
-1.197532
-0.908365
-1.842267
-2.509552
-3.249368
-0.441301
5.494578
-1.130189
-0.992597
-0.883132
2.331988
0.888154
-0.191789
-0.883372
-3.136647
4.744760
-2.326867
2.842574
-0.238271
2.255086
-5.002217
-5.652470
-0.052800
0.229187
0.158399
0.610558
-0.978426
-0.028153
-3.549215
-0.057440
-4.138473
-0.954086
2.562197
-0.782120
-1.438881
-0.578231
-11.665595
0.387394
12.480251
-0.326052
0.582689
-0.106785
-0.382441
0.001900
0.202700
-0.016949
-5.951088
0.268231
2.848969
-2.529214
0.517826
0.316865
-2.590466
4.352333
2.746234
1.183190
-3.679344
-1.159210
-1.399992
3.835793
0.821293
-0.912273
-1.431389
-1.641343
-0.838886
-0.293547
-2.359909
-0.860760
-0.107100
0.411917
-1.486938
-2.310805
-4.020810
-0.347231
-5.471074
-2.002445
-9.381886
-1.021589
3.109339
-2.579001
0.130442
-1.875750
1.587731
0.178589
-1.503675
6.339240
-6.577008
-2.749486
-2.605448
-1.783878
-2.935621
-1.395575
3.728794
0.289249
-0.327432
-0.885810
-0.324606
2.652726
-0.127128
-3.350327
-2.203521
2.057058
1.505150
-3.147630
0.565994
-6.232967
0.448700
1.115357
1.925634
0.588444
7.484696
2.429673
-2.136563
0.949379
7.752075
1.809903
0.433096
1.849657
-2.638832
-1.510882
-2.513920
-2.638978
-0.259831
0.921438
3.244568
0.667419
-2.731419
-0.840071
-3.012626
-0.485703
4.024495
0.817868
-2.733942
-2.907141
2.426304
3.350744
-3.442745
-0.343216
2.820622
6.168454
3.409230
-0.676718
2.201511
-0.680063
3.461802
1.865867
1.039564
1.753500
8.061939
2.991832
-0.054616
-3.364134
5.347188
-3.092484
-1.014996
-1.027093
0.832939
4.110330
-2.048265
1.076877
0.699072
-0.459966
3.562703
6.593044
-2.059821
-2.165928
2.473812
-1.975297
2.087817
4.455378
-1.161331
3.212259
0.284441
1.813158
-2.274661
1.152338
1.127564
-0.991419
-0.536839
0.962425
1.505481
1.629599
3.458055
-0.767053
-5.947080
-0.738473
3.648115
0.636699
-4.451738
1.023080
4.641780
-2.683628
-3.047230
-2.875258
-4.270512
1.839792
-2.523930
-2.953107
-0.372098
2.363915
0.834336
4.219780
2.452187
4.919235
-3.297177
-5.271333
-3.051665
2.087927
-3.081374
-0.054030
4.910759
-1.340120
-4.580601
-3.858194
-0.847434
-7.200916
3.872784
-5.442452
-2.909538
0.363709
-3.680125
5.078056
-7.502014
-0.816618
-5.675203
-2.630925
1.199761
2.726473
-2.305294
4.534749
-1.775181
-0.642618
-0.725729
-0.369537
-4.553653
4.459416
1.939662
-10.104791
-2.083600
-2.046146
2.600054
3.065276
-0.362757
0.051637
4.361298
3.354891
2.057455
0.487605
-2.279018
-0.786290
3.094843
-1.017035
7.216509
2.620674
-8.134413
0.317010
-5.450200
5.541066
0.215886
-2.673418
-4.628733
0.316150
1.745995
4.398726
3.447327
4.980644
-4.760362
-1.050581
-3.771467
-4.882481
-2.951961
-3.833649
6.784930
-0.138639
-0.191684
-3.544252
3.934315
0.335343
1.095568
-0.302062
-3.307929
3.743522
1.638442
5.416625
2.499775
2.775987
-0.886880
1.793620
-0.025008
3.187142
14.415834
2.407018
3.396702
-0.135880
1.083545
-0.794765
-2.061994
2.648703
-3.180240
-0.000091
0.362557
2.694289
-5.255379
-0.937121
0.440558
-1.809013
2.090563
-2.265589
0.394284
2.090474
0.370042
0.624205
-1.331923
-2.918179
-6.638960
1.286990
-6.355419
3.554030
-2.715060
0.632037
0.670617
-1.086852
-8.666028
5.368330
4.620529
-0.727094
-2.619312
-3.221762
-1.789015
-2.737157
2.262106
-2.092314
0.896013
1.485797
-1.291939
4.166069
0.880336
1.646955
0.374605
4.285171
-4.428355
-0.221205
-1.665793
-5.557084
-2.480602
-0.855974
4.957081
3.032026
4.020279
-4.757358
-1.387198
-2.525058
1.386001
-2.000170
2.816043
1.440032
1.629387
6.049342
-4.780559
1.470219
1.698814
-2.293068
0.832932
3.356674
4.974070
-2.530515
-0.132937
-3.256985
-1.825007
-2.246664
3.236388
1.262456
1.773800
-4.077828
-2.140408
2.322594
-1.210827
1.544084
-1.015420
-2.253183
-4.860279
-0.637098
0.263224
0.534291
-7.257698
1.308177
-0.713612
1.212234
-5.757142
-2.927528
0.715757
3.244979
-3.365266
-3.481373
1.926440
0.386527
-6.608826
-1.750396
1.644145
-1.522809
-1.305963
-0.123243
-0.557038
-3.080759
-8.104073
4.861387
5.493564
4.851930
-0.765518
1.862480
0.933239
5.548262
2.066172
-1.307412
-4.697661
-6.047109
-8.324715
-3.315909
-6.856616
-1.570793
2.040361
0.948350
-4.284849
9.162413
2.997437
-9.176562
-0.232236
-2.596650
-2.113498
2.594727
3.020059
-1.705723
1.173301
3.922495
1.877171
0.257883
5.541826
-2.490878
1.354738
-2.316055
2.602732
0.408290
4.526803
0.482763
-2.757302
-1.508558
4.093183
-3.436195
0.002773
1.136842
2.961435
-3.369590
4.501784
-4.747294
-2.189230
-2.773642
5.866258
-4.407139
0.119077
-2.387016
-1.688305
-3.777924
-4.356474
-1.192983
-1.065602
1.433316
-1.280577
-1.830645
5.096301
-2.509289
-0.382569
-1.509512
5.499834
0.014187
-6.960947
3.078017
-1.207137
5.689656
-0.852433
1.352550
-0.414491
3.893516
1.964302
-0.918246
-5.913486
1.731635
1.571129
0.117076
2.975630
-0.383908
-3.336915
1.590622
0.310462
2.681405
0.597532
-2.809376
-1.496641
4.606607
3.563057
2.069526
0.995925
-0.291721
-0.673755
2.251827
6.714612
-1.291378
1.327025
1.578061
1.940916
4.833076
1.483882
3.130853
2.872883
-0.391736
-3.914549
-0.737487
-3.850408
-2.627943
3.748747
5.126658
-1.130352
1.874591
5.192397
-1.963564
7.446292
2.214632
-5.819555
-2.556586
-4.904936
1.222750
-4.252539
-1.416665
-8.575828
-4.415916
-1.548315
1.013775
-4.869760
3.222049
5.066511
-1.825774
-5.846460
2.143859
-4.796775
-9.614477
2.305629
4.889684
-6.170512
-0.900256
2.219468
-1.026189
5.344276
-0.375012
-2.816224
4.262654
-1.175659
2.530484
-3.744620
2.116707
2.231091
0.460252
-0.959727
3.528735
2.194553
-5.742321
4.229458
-0.855295
1.239187
-3.483888
0.128476
-1.038650
-0.714474
2.324743
-0.736432
-0.548964
2.350124
-2.040737
-9.780088
-0.914738
-3.910018
-3.428948
-6.160188
-0.901189
-2.392078
4.951036
0.617818
4.045573
-4.385434
0.860159
-0.350926
1.332087
-5.889730
1.152764
0.516923
0.555785
-1.604838
3.128498
3.458643
2.431836
-1.435356
1.863195
2.331684
1.186422
0.593548
0.695823
-0.124160
-0.001507
-0.474639
-0.014564
-3.106802
-5.867461
-4.568057
-2.361487
2.416310
4.522879
-1.505940
1.089391
-0.666473
-1.834652
-2.757798
-0.291929
2.931562
-0.271638
4.524209
-3.334239
-4.758698
2.074313
-0.043102
-1.812964
-1.039865
-1.725691
0.469514
-0.523760
-0.478754
8.085962
-2.749561
-1.277545
3.493713
-1.576330
0.852958
-2.583427
-2.049760
4.994580
0.315894
3.459824
0.196238
0.320699
-1.500752
-3.059333
-1.072490
1.817071
9.538232
-0.015600
2.083422
-1.385038
-1.947612
-0.334535
-2.144395
-0.799636
-0.532257
-1.518174
2.019608
4.553807
-2.969763
3.214659
3.138173
2.518500
4.190885
5.222767
-2.849136
-6.517939
2.312481
2.111396
-1.236001
-3.642459
-2.171093
3.732216
-4.109130
-3.443830
3.167538
2.454570
-8.190786
0.894523
1.756626
-0.987663
2.068818
3.404163
5.257872
1.997512
5.799498
2.987005
-3.543756
4.987318
-0.145188
-6.780177
3.372089
-1.269364
-1.142446
-2.324211
-4.928224
-1.962921
1.905389
-0.778956
-4.568799
3.925673
1.713474
2.530010
-3.330617
-7.452673
7.614077
-0.840719
-3.413338
3.345164
4.317119
3.266910
-0.517821
-3.435667
4.017898
-3.973807
-4.828356
3.065451
-1.077257
-7.699849
0.209955
-0.058375
0.120224
-0.995401
11.333145
-0.575350
2.121023
4.640750
-1.652846
-0.890619
2.016123
-3.364867
-2.063900
3.026757
-3.964877
-3.231323
-2.829189
-1.313264
5.811232
6.247584
2.291527
-2.540908
-1.121594
-0.175525
0.892563
2.143768
-3.250666
0.104721
4.379652
-0.592425
2.242215
2.663086
-2.364367
-4.958326
2.149493
2.059238
-1.452857
-0.676716
-5.274586
