0.188786
-0.647966
0.330755
-0.549803
-0.036147
0.066043
-0.153016
-0.199544
0.360308
0.253345
0.029748
-0.001107
-0.541592
0.233383
-0.278297
-0.185533
-0.159055
0.004598
0.201802
-0.073711
0.367627
-0.311491
-0.532274
-0.011195
0.230638
-0.063858
-0.091564
0.039611
0.280202
-0.119072
-0.113310
-0.442694
0.413582
-0.230785
-0.065266
-0.298514
-0.329601
0.290254
-0.524362
0.185595
0.135044
0.437508
-0.208490
0.028192
-0.062741
-0.256334
0.347328
-0.124094
0.287601
0.373124
0.248106
-0.107186
0.552075
-0.218696
-0.073210
-0.102479
0.285929
0.140761
-0.278649
-0.517968
0.156942
0.273269
0.630742
-0.157386
-0.253761
-0.246310
-0.022774
-0.477632
0.040878
0.007513
-0.439264
-0.412366
-0.315823
-0.324335
-0.273948
0.074537
-0.446223
0.445799
0.199415
-0.376961
-0.254464
0.514101
-0.188756
0.516933
-0.269287
0.266064
0.215010
-0.223762
0.464257
0.437827
0.320045
0.216103
0.059799
-0.112388
0.341069
0.077866
0.448780
-0.538138
0.717829
0.198692
-0.094322
-0.200046
0.027951
-0.217269
-0.298398
-0.383747
-0.262782
-0.559490
-0.354392
-0.122614
0.252627
-0.595022
0.439176
-0.252857
-0.828096
-0.128848
0.060488
-0.304222
0.307011
-0.408170
-0.356272
0.534912
-0.581109
-0.272565
0.436177
0.706015
0.386285
0.258369
-0.035565
0.258733
-0.968321
-0.508851
-0.113874
-0.062590
-0.434831
-0.208208
-0.148773
-0.292325
0.469385
0.213300
0.315191
-0.617785
-0.059793
-0.541265
0.019302
0.185802
-0.388506
0.225224
0.244842
-0.233333
0.189895
-0.074033
0.364225
0.201718
-0.124190
0.500901
-0.298232
-0.323052
0.342280
0.320809
-0.434479
0.281777
0.621204
-0.574743
0.287215
0.566375
-0.246826
-0.201745
0.216397
0.257587
-0.451689
0.440617
-0.533838
-0.132632
-0.355470
-0.186630
0.576719
0.047074
0.292705
-0.632038
-0.076897
0.797223
-0.330847
-0.057575
-0.590964
0.264023
-0.337727
0.122564
-0.005152
0.107703
0.116646
0.559230
0.293131
-0.327579
0.006305
-0.108975
-0.170392
0.089414
-0.062429
-0.232702
0.169740
0.110607
-0.347300
-0.191888
0.125006
0.547076
-0.389105
-0.438534
-0.528329
-0.224572
0.202801
0.254370
0.560177
0.089511
0.146451
0.079391
0.346584
-0.352134
-0.380159
0.069274
-0.159224
-0.616415
-0.392225
0.131435
0.174005
-0.054424
0.674838
-0.323270
0.480979
0.185709
-0.402969
0.172882
-0.209523
-0.246352
0.589993
0.277754
-0.206780
-0.341903
0.343376
0.279866
-0.520362
0.053709
0.261462
-0.262342
-0.273763
0.292016
-0.112058
0.263946
0.009779
-0.481251
0.119407
0.418870
0.663100
0.470005
0.186183
0.415602
-0.525203
0.214002
-0.571099
-0.043884
0.072680
0.171461
-0.367252
-0.330615
0.654558
0.098672
-0.256492
0.239182
0.070913
-0.293077
0.310744
0.307421
0.028151
0.107323
0.490475
0.332194
-0.121200
0.426740
-0.125602
-0.110160
0.220633
-0.769483
-0.083440
0.215434
-0.004121
-0.409084
-0.660401
-0.307453
-0.234824
-0.250297
0.096991
-0.137935
0.179511
0.376489
0.052828
0.009390
-0.340014
0.036183
-0.385639
0.411354
0.187341
0.102046
0.330399
0.059752
0.077198
-0.098215
-0.033779
0.321012
-0.080793
-0.257538
-0.322240
-0.495706
-0.411981
-0.152852
0.094093
-0.460119
0.286011
0.406872
-0.151392
0.349116
-0.135503
0.595899
-0.450841
-0.035629
-0.287281
-0.355041
0.281958
-0.291830
-0.417482
0.116941
0.314459
-0.460465
-0.035441
0.195494
-0.148971
0.206592
0.494966
-0.480651
-0.170730
0.133798
-0.222477
0.116630
0.207825
0.017265
0.299608
-0.302088
0.508692
-0.260791
-0.543593
-0.518396
-0.372189
-0.359407
-0.264530
0.278672
0.289116
0.120184
-0.690559
0.519485
0.066231
0.064438
-0.411264
0.293459
0.294416
-0.217139
0.245535
-0.622588
0.071696
-0.364385
0.142873
0.140747
0.380983
-0.016960
-0.000586
0.329164
-0.055679
0.383095
-0.751352
-0.096636
0.172216
-0.029685
-0.331261
-0.033627
-0.444423
-0.111233
-0.338098
0.243007
-0.045062
-0.375260
-0.129722
-0.193422
-0.373695
-0.086639
0.084343
-0.238590
-0.008051
0.013155
-0.190893
0.151518
0.019769
-0.080684
0.757777
0.629552
-0.084544
0.219526
0.514362
0.089384
-0.035341
0.069263
-0.095748
0.131919
-0.393076
0.798284
-0.107141
-0.697070
-0.228744
0.103327
0.007529
0.224786
0.520644
-0.299201
0.549845
-0.124822
0.122684
0.487877
0.305156
-0.060479
0.205731
0.032399
0.305834
-0.450674
0.274786
0.158762
-0.634270
-0.361749
0.282009
0.104431
-0.044637
0.502952
-0.252352
0.424875
0.693733
0.279288
-0.338439
-0.288760
-0.010241
-0.228230
-0.155119
-0.627277
0.471996
-0.224703
0.143797
0.373308
0.551283
-0.071572
0.283814
0.434344
0.443586
-0.525008
0.049852
0.124157
0.051075
-0.832655
0.422983
0.021589
-0.798235
0.119292
-0.125884
-0.375192
-0.409351
-0.025174
0.034837
0.342013
0.642278
-0.152901
0.256100
0.132942
-0.090873
0.351995
-0.199583
0.465917
0.819324
-0.252030
0.201026
0.165051
0.319799
0.536809
-0.149988
0.132006
-0.459512
-0.178609
-0.590184
0.111811
0.064809
0.500793
-0.349509
0.329759
-0.337370
-0.222314
-0.066175
0.629064
0.128255
-0.456545
-0.175521
0.333136
-0.518720
-0.250355
-0.529778
0.791520
-0.040654
0.427361
-0.141947
0.298444
0.171584
0.235148
0.385085
-0.182867
0.516489
-0.138211
-0.187593
-0.344046
-0.055051
0.582685
0.211390
0.734551
0.288818
0.032474
0.046923
0.152793
-0.117754
0.311737
0.274489
0.391479
-0.305972
0.140578
0.354544
-0.453978
0.265805
0.399776
-0.118980
-0.346271
-0.172466
0.452220
0.363330
0.779190
0.614504
-0.133927
0.188439
-0.260484
0.147343
0.467620
-0.176223
0.215508
-0.402241
0.666405
0.533510
0.530726
0.312864
0.695280
0.184468
-0.940665
0.437405
0.226071
-0.411212
0.485540
-0.039569
-0.355405
0.112393
-0.171504
-0.011913
-0.053328
-0.328240
0.429335
-0.015628
0.403451
0.540208
0.332878
-0.053376
0.280577
0.208249
0.236645
0.390323
0.018057
-0.254076
0.550131
-0.301622
-0.248088
0.819070
-0.711501
0.131762
0.426022
0.444343
0.327188
-0.195566
-0.539034
0.226294
-0.149922
0.205686
-0.039424
0.364492
0.420755
0.034371
0.370980
0.453224
0.775454
-0.595976
-0.045985
-0.188711
-0.705885
0.052939
0.211703
0.323378
-0.067752
-0.623915
0.343272
0.157322
-0.142188
-0.357696
0.009916
0.190283
0.283623
0.369648
-0.496803
0.665588
0.158668
-0.159726
0.367778
0.513100
-0.696846
-0.455608
-0.485645
0.253096
-0.041202
0.007984
-0.346425
0.216694
-0.322915
-0.151950
-0.089590
0.415870
-0.092569
0.203948
-0.464244
-0.125233
0.541138
-0.161002
-0.644262
-0.107962
-0.424265
0.173581
0.102108
-0.329443
0.558148
0.610891
0.153300
0.379685
-0.291708
-0.412793
-0.225301
-0.193670
0.593188
0.022523
0.146342
-0.319845
0.480696
0.029108
0.172768
-0.397500
-0.129650
0.086931
-0.264003
-0.347089
-0.333998
-0.022685
-0.128026
0.340715
0.151191
-0.261778
-0.417589
-0.132214
0.068053
0.146310
-0.369266
-0.514423
-0.532761
0.580400
0.629365
-0.280349
0.403042
0.283042
0.354958
-0.191851
0.517613
-0.322264
0.242572
-0.098187
-0.045431
0.415205
0.043165
0.211472
0.349301
0.654275
0.018519
-0.059508
0.289604
0.169257
0.398311
-0.071271
-0.445158
0.530123
0.342835
0.067666
-0.620489
0.157041
0.424373
-0.416352
0.466217
-0.000448
0.101805
-0.225647
0.500151
-0.451213
0.244705
0.080296
-0.328523
-0.134677
-0.201639
0.267026
-0.042194
-0.022176
0.235946
-0.356897
0.302198
0.446278
0.168901
0.029954
-0.185949
-0.418350
0.194825
0.083152
-0.225237
0.375625
-0.716273
0.143281
-0.017620
0.382613
-0.028090
0.355502
0.027697
0.141772
-0.093688
-0.053234
-0.203354
0.004122
0.045596
-0.452499
-0.149336
-0.600862
-0.552240
0.406403
-0.333873
0.024316
-0.598654
-0.221970
-0.525318
0.290563
-0.045972
0.189144
-0.400211
-0.393743
-0.200556
0.374817
0.001911
-0.230497
-0.413310
-0.350695
-0.216802
-0.164749
-0.372242
-0.073528
0.276109
0.689503
0.422511
0.282012
-0.191505
-0.467764
-0.591027
-0.088036
0.242582
-0.229945
-0.416977
0.216264
-0.222125
-0.244295
0.279854
-0.931129
0.364747
-0.013258
-0.418289
-0.231377
0.428902
0.179463
0.528058
-0.303786
0.007997
-0.385577
0.558538
-0.467042
0.074963
0.518093
-0.342367
-0.126133
0.217714
-0.125735
-0.235779
-0.111430
-0.337948
