-0.186665
-0.165284
-0.199390
-0.470097
-0.187692
0.205714
0.390547
-0.014658
-0.299080
0.146608
-0.029531
-0.158255
-0.516364
-0.168529
-0.035220
0.204931
-0.507133
-0.677706
0.000824
-0.129039
0.243961
0.179296
0.047374
0.150874
0.267512
0.298997
-0.511213
0.046931
0.291180
0.013990
-0.180962
-0.296078
-0.341844
-0.254185
-0.337734
0.475713
-0.159292
0.089339
-0.176868
-0.412386
0.436501
-0.455728
0.033006
0.052927
-0.041186
-0.267400
0.445867
-0.430500
0.166197
0.017566
0.014550
-0.296387
0.119812
-0.001227
-0.505905
0.538442
-0.406906
0.200877
0.415753
0.353217
0.436997
-0.331830
-0.648043
-0.231715
-0.198243
-0.544562
-0.500883
-0.172996
0.348407
0.100062
-0.054496
0.093568
-0.042924
0.221247
0.253415
-0.032054
-0.238866
0.020233
0.491677
-0.418750
-0.289591
-0.102873
-0.571379
-0.345410
-0.479480
-0.160883
-0.321578
-0.038991
0.464257
0.495588
0.093402
0.378908
-0.888333
-0.528340
0.415078
0.007744
0.265662
-0.140131
0.139159
0.518419
0.662667
0.195986
-0.013304
0.611444
-0.219115
0.626074
-0.331900
-0.356969
-0.208111
-0.496213
0.204079
0.582530
-0.495303
0.152051
-0.201468
0.339714
0.215762
-0.189329
0.153962
-0.352025
-0.350238
-0.319220
0.359896
-0.435223
0.445103
-0.317365
0.060206
-0.082395
-0.042538
0.571491
-0.653922
0.313455
-0.167609
0.147069
-0.325052
-0.337997
0.030709
0.223585
-0.416734
0.115285
0.188976
-0.171651
-0.374749
0.190551
-0.715093
-0.180652
0.133200
0.468025
0.124711
0.072543
0.091525
-0.367862
0.004406
-0.285264
0.252880
0.628696
0.607151
0.295404
0.141724
-0.409519
0.182724
-0.000384
0.588197
-0.924611
0.217446
0.555133
0.239109
0.062342
-0.625576
-0.209360
0.055290
0.380541
0.311130
-0.395115
0.071027
-0.632436
0.397722
-0.032115
-0.042792
0.011066
-0.405043
-0.132801
0.254547
-0.335246
-0.794908
-0.495955
-0.545434
0.662910
-0.037107
-0.007456
-0.314360
0.478493
0.190403
-0.186757
0.007069
-0.371377
0.068427
0.175513
-0.592517
-0.549279
0.339912
0.224930
-0.347300
-0.065003
0.089098
0.155399
0.076966
-0.025181
0.214987
0.314564
0.571642
0.209169
-0.212775
0.011232
0.004064
0.185606
0.226589
0.296561
-0.154046
0.286857
-0.400947
0.428243
0.380038
-0.029207
0.349247
0.604690
0.159538
-0.258194
0.208066
0.087889
0.138452
-0.342006
-0.247966
0.127754
-0.545182
-0.346976
0.327694
-0.238095
0.140720
-0.395374
0.402283
-0.524704
0.381564
-0.191557
-0.426546
-0.006575
-0.325507
0.134667
0.106931
-0.165613
0.256055
0.464319
0.454281
0.408715
0.217208
-0.325540
-0.144162
0.439293
-0.170324
-0.246324
0.171619
-0.030167
0.602303
-0.018324
-0.220044
0.335602
-0.502154
0.032992
-0.108804
0.053665
-0.422715
0.688435
0.214944
-0.538564
-0.350559
0.235671
0.063650
0.176725
-0.223360
0.485294
-0.206748
0.181292
-0.105492
0.335677
-0.035441
-0.403998
0.271332
-0.111627
-0.435024
0.142209
-0.036145
-0.279304
-0.090884
-0.447143
0.514995
0.050013
0.350285
-0.425985
-0.361260
0.356944
0.293011
-0.585962
0.180596
0.520741
0.052122
-0.063061
-0.394679
-0.735742
0.166826
0.080730
-0.211508
-0.102287
-0.481789
-0.216673
0.051425
-0.422733
-0.401814
-0.050493
0.186740
-0.123335
-0.022529
0.338806
-0.207682
0.017017
-0.351210
0.028990
-0.015665
-0.410576
0.192337
-0.123701
0.080695
-0.658684
-0.013260
-0.609222
0.164427
0.006889
-0.355503
-0.471052
0.268067
0.004012
-0.414472
-0.053744
-0.075038
-0.348958
-0.115934
0.536077
0.068245
0.095575
-0.307109
0.277534
-0.157045
-0.321053
-0.113830
0.193365
-0.271338
0.168523
-0.199470
0.074347
0.137274
-0.149849
0.071522
0.385043
0.139243
0.672635
0.083177
-0.045280
0.150861
-0.684324
0.040762
-0.469152
0.345904
-0.038443
-0.109646
0.208947
-0.056794
0.172397
0.297989
-0.145777
0.279833
0.044301
-0.184512
0.535228
-0.105146
-0.004671
-0.614345
0.404778
0.213390
-0.270869
0.157269
-0.459569
0.046404
-0.047760
0.417446
0.127835
0.328820
-0.135024
0.183375
-0.064425
-0.288394
0.002672
-0.440589
0.330792
-0.142485
0.456266
-0.266299
-0.033107
0.209785
-0.518036
-0.211509
0.402316
0.064534
0.407115
-0.308037
0.836515
-0.333114
0.150750
-0.000735
-0.209345
-0.396393
-0.206890
0.408086
0.397963
0.270550
0.568121
0.356147
0.400162
0.295983
-0.128444
0.558121
-0.505274
0.015363
0.119590
-0.303456
-0.360503
-0.197702
0.208147
0.069269
0.061402
0.031891
0.737515
0.276179
0.199474
0.432863
-0.316528
0.357281
0.409817
-0.199991
-0.550590
0.399596
-0.377611
0.276146
0.069739
0.071874
-0.130471
0.374157
0.041886
-0.033264
-0.657156
0.034448
0.073145
0.423002
0.254865
0.222555
0.368538
-0.316258
-0.011094
-0.127804
-0.359884
0.191350
-0.483786
0.154025
-0.081666
0.372009
0.536900
-0.184809
-0.123506
0.325853
0.147202
0.252918
-0.369865
-0.619442
0.147167
-0.145760
0.145254
-0.026894
0.260689
0.400309
-0.646018
-0.023643
0.084343
0.451022
-0.233326
-0.011644
0.473548
0.180688
0.059739
-0.395628
-0.480376
-0.151502
0.522426
0.017421
0.382029
-0.301527
0.301721
-0.255147
-0.127078
0.459731
-0.525588
-0.628737
-0.219318
-0.496131
-0.040765
0.329053
-0.477796
0.182056
0.008369
-0.188028
-0.038532
-0.264558
0.140065
0.380822
-0.369016
-0.668938
0.063193
-0.331572
0.258432
0.219382
-0.036591
-0.175487
0.126133
-0.434292
-0.223219
0.014916
0.101467
0.310432
-0.618151
-0.290722
-0.261229
0.137528
-0.593321
0.435314
-0.601475
0.408926
-0.345912
-0.085582
-0.565670
-0.021133
-0.017825
-0.051605
-0.532808
-0.235783
-0.322924
-0.574079
0.438177
-0.162671
0.099031
0.120569
-0.092718
0.210072
-0.266241
-0.215800
-0.033419
0.145581
0.159661
0.306445
-0.382305
-0.253608
-0.279775
0.392353
0.308511
-0.098170
0.430759
0.211544
0.153335
-0.128427
-0.057859
0.121153
-0.294988
-0.412690
0.489474
0.298346
-0.139255
-0.421281
0.478700
-0.831987
-0.057197
-0.510925
-0.286985
0.442237
0.192856
-0.125959
-0.361731
-0.251300
0.200161
0.270570
-0.858780
-0.405561
-0.166406
-0.357160
0.342376
0.461480
-0.751361
0.448670
0.813903
0.535033
-0.305226
-0.550719
0.100979
-0.449131
0.472480
-0.191817
0.028296
0.091338
-0.632209
0.105598
-0.222126
0.574912
0.175577
0.558791
-0.103829
0.483473
-0.066060
-0.440892
0.254758
0.253814
0.019598
-0.002019
0.014033
0.512638
-0.230940
-0.244383
0.205082
0.377617
0.400477
0.469776
-0.139254
-0.234287
-0.253175
0.334327
0.154363
0.236946
-0.041197
-0.228471
-0.078880
-0.045512
-0.268716
0.118902
-0.326276
-0.548236
0.333064
-0.348517
-0.500389
-0.357209
-0.524305
-0.025963
-0.614400
-0.285805
-0.398856
-0.419148
0.571977
-0.650055
-0.131688
0.167704
-0.410671
-0.195888
0.339461
-0.583216
-0.277484
0.066499
-0.548906
-0.300473
-0.030870
0.270736
-0.051454
0.265755
-0.009729
0.383448
-0.448289
0.266338
0.322376
-0.282001
0.123818
0.147822
-0.117154
-0.427627
-0.030283
-0.305714
-0.320456
0.224964
0.409150
-0.033307
0.072883
0.026683
0.075487
-0.140550
-0.070026
0.237451
0.455161
-0.168781
0.137881
-0.045314
-0.740555
0.186550
0.251143
-0.169397
0.178506
0.309985
-0.465171
0.312231
0.336520
0.054769
0.225451
0.124838
-0.003225
0.143136
0.377431
0.257079
-0.158829
0.057205
0.128012
0.135160
-0.418024
-0.050630
0.086534
-0.064165
-0.054408
-0.578978
0.093076
-0.186389
-0.599806
-0.371344
-0.105442
0.005802
0.492821
-0.060363
-0.341200
-0.023609
0.405460
0.476246
-0.203198
0.065664
-0.042085
-0.071422
-0.424095
-0.644298
0.183456
0.300724
0.222777
0.270287
-0.093688
-0.227543
-0.120308
-0.539795
0.287191
-0.300940
-0.251453
0.047998
-0.369784
0.025145
-0.133260
-0.304604
0.080837
-0.247627
-0.601214
-0.224811
-0.681554
-0.428821
0.054734
0.342704
-0.045229
0.622528
-0.014426
0.079061
-0.210411
-0.098392
-0.235496
-0.182168
-0.161274
-0.391648
-0.296373
0.910790
-0.453477
-0.195813
0.500477
-0.552343
-0.240507
-0.139413
0.198275
-0.359987
0.197578
-0.097506
0.169503
-0.048279
0.115201
-0.154993
-0.104335
0.394380
0.056827
0.043466
0.312321
0.054765
-0.085281
0.016196
0.270945
-0.202224
0.234641
-0.269094
-0.907392
-0.145751
0.477702
0.046483
0.072899
-0.190395
0.400248
0.291417
0.395819
