0.064258
-0.032907
-0.466275
0.000242
-0.331597
-0.230149
0.332605
0.257309
-0.155242
0.398961
-0.118169
-0.360306
0.372811
0.631090
0.236515
0.210045
0.273027
-0.458447
0.246112
-0.605032
0.416727
0.011812
-0.050143
-0.455651
-0.878709
0.056181
-0.462285
0.378124
-0.093753
0.197931
0.485050
0.498556
-0.285461
-0.154664
-0.073918
0.135080
0.675677
0.317438
0.222546
0.183864
-0.110350
0.505258
-0.207867
0.363720
-0.385869
-0.478310
0.306415
-0.039149
-0.275483
0.002268
-0.156068
-0.131935
0.427779
0.451524
-0.353413
0.402330
0.092885
0.003061
-0.127527
-0.385979
-0.047280
-0.413747
-0.007932
0.387141
-0.522417
0.193287
0.364014
-0.551829
-0.377403
-0.334350
0.374856
-0.050426
-0.144717
0.006224
-0.080119
-0.293267
-0.096389
0.186319
0.305475
-0.251500
-0.356604
-0.109958
0.369736
-0.354052
-0.239218
-0.405907
-0.311424
-0.453498
-0.088073
0.169802
-0.276395
0.415196
-0.238098
0.367467
0.147397
0.539176
-0.182825
-0.441718
0.755353
0.368835
0.039163
0.702224
-0.329184
0.008673
0.200074
-0.197770
0.268204
-0.158302
-0.508642
-0.185312
-0.047002
0.342434
-0.011615
0.106878
-0.107659
-0.193045
0.492728
0.017430
-0.029020
0.262496
0.247966
-0.545052
-0.456781
-0.521170
0.264064
0.167356
0.156368
0.452701
0.603806
-0.518350
-0.544637
-0.347461
-0.040698
-0.528278
-0.347261
-0.382651
-0.058184
0.501557
0.331378
0.085190
0.717972
-0.031215
0.335832
-0.533581
0.086319
-0.190012
-0.041065
-0.466612
0.347128
0.323592
-0.175894
-0.167702
-0.089152
-0.282471
-0.488666
0.311768
0.065134
-0.366464
0.101418
-0.405231
-0.018105
0.031223
0.683581
0.328591
0.186833
0.523432
0.165417
-0.024147
-0.169234
-0.498794
0.170639
0.508430
-0.032581
-0.156916
0.358602
-0.302925
0.548838
-0.147025
-0.067588
0.092796
-0.187547
-0.153305
0.065743
0.173171
0.291992
0.124293
-0.174429
-0.408739
0.153483
-0.416914
0.472472
-0.383780
-0.584902
0.504669
-0.005734
-0.513783
-0.468481
-0.419531
-0.361365
0.563590
-0.032884
0.080054
-0.506340
-0.519783
0.513320
0.064564
0.359257
-0.175414
0.048689
0.491895
0.282332
-0.056680
0.630011
0.115015
-0.453779
-0.402857
-0.251568
-0.280564
-0.178453
-0.116500
-0.205628
0.456580
-0.464365
0.157558
0.066253
0.081074
0.164697
0.162115
-0.236834
-0.187879
0.561113
-0.351083
0.385132
-0.071327
-0.099827
0.241258
-0.171182
-0.104577
-0.419635
0.046834
0.148730
-0.368408
-0.383143
-0.163508
-0.488791
0.149030
0.464264
0.047066
-0.371085
0.225023
0.356977
0.126624
0.288297
0.200574
-0.199228
0.005462
-0.046297
0.215379
0.325810
0.228778
0.354722
-0.339990
-0.251708
-0.375179
0.013584
0.266276
0.455889
-0.281102
-0.487058
0.114287
-0.088766
0.116789
0.211332
0.007620
0.324413
-0.388763
0.187152
-0.249686
0.430184
0.310100
0.314937
0.105736
-0.289817
0.086568
0.167619
0.523529
-0.670908
-0.019445
-0.104586
-0.171480
-0.011411
-0.440695
0.192953
-0.262293
0.223731
-0.005389
0.564871
-0.537796
-0.162731
-0.017024
-0.146842
0.337919
0.441734
0.084831
0.187280
-0.314991
0.254605
-0.061579
0.277179
0.711058
0.311797
0.449121
-0.654841
0.136352
-0.018590
0.082474
0.509804
0.197658
0.461600
-0.254015
0.371129
0.472766
-0.119052
-0.031761
-0.142262
-0.198142
-0.342123
-0.645117
0.354952
0.284058
0.290335
0.137694
-0.119680
-0.496063
-0.264387
-0.344970
-0.448062
0.354164
-0.268091
-0.009726
-0.263728
-0.437817
0.665342
0.101843
-0.537869
0.246431
0.453593
-0.197030
0.219178
-0.075430
-0.057376
-0.298851
0.109221
0.115022
-0.016571
0.148849
-0.295322
-0.186265
-0.434036
0.422272
0.216508
0.367724
-0.333296
0.295185
0.280270
-0.024670
0.141371
0.293640
0.371769
0.015389
-0.074601
0.371307
0.407463
0.405611
-0.119117
-0.191869
0.108197
-0.346641
0.017074
0.175394
-0.156855
-0.288093
-0.179033
0.464768
-0.367847
-0.133210
0.561181
-0.325328
0.191425
0.051328
-0.027357
-0.530516
0.390013
-0.750444
0.137058
-0.513161
-0.238517
0.111626
-0.508828
-0.455528
-0.196803
-0.320107
-0.170759
0.112566
0.331833
-0.377001
0.117450
-0.457836
-0.003773
0.222535
0.111318
-0.905909
-0.607727
0.572695
-0.557016
0.228390
-0.067643
0.325068
-0.381417
-0.386569
0.567738
0.581439
-0.598330
0.173204
0.393673
-0.243570
-0.479595
-0.293137
0.343218
-0.678175
0.138406
0.247037
-0.243493
0.217185
0.101353
0.296315
-0.040256
0.511667
-0.300610
0.313395
0.307385
0.369476
-0.223310
-0.629535
-0.017097
-0.265635
-0.007944
-0.081274
0.041125
-0.242251
0.436988
-0.154806
-0.151150
-0.458143
-0.393395
-0.320050
0.353948
0.421344
-0.033914
-0.003567
-0.407109
0.284325
0.178571
-0.041898
-0.527538
0.498098
-0.325168
0.210051
-0.321187
-0.692607
-0.265637
-0.144415
0.424551
-0.151892
0.425807
0.402947
0.328961
0.272219
-0.395378
-0.011796
0.376267
-0.226089
0.228757
0.077629
-0.260702
0.515783
-0.282149
0.167662
0.340244
-0.015277
0.137966
-0.322460
0.372850
-0.135647
0.011359
-0.309931
-0.282950
-0.572711
0.314274
-0.095304
0.303983
-0.268650
0.005918
-0.260836
0.565454
0.267117
-0.065806
-0.191924
-0.113548
0.289804
0.319913
-0.537566
-0.259487
-0.100796
-0.140289
0.036271
0.349819
-0.358978
0.448573
0.084977
0.405961
0.041055
0.201010
0.224497
0.432235
0.136304
0.164708
0.173363
-0.579024
-0.483637
0.192130
-0.005743
0.013947
0.037303
0.430475
0.405980
0.257685
-0.463634
-0.080871
-0.284064
-0.235650
-0.496017
-0.290901
-0.252205
0.569982
-0.473360
-0.240839
-0.149063
0.037571
-0.426119
-0.420838
0.545997
0.128069
-0.480639
-0.088328
-0.248210
0.383578
0.538844
0.412589
-0.369293
-0.241145
0.240368
-0.036441
-0.184239
-0.549018
0.436223
-0.233082
-0.316988
-0.272669
-0.205878
-0.563860
-0.515382
0.357297
-0.009938
-0.059076
-0.398450
0.026739
0.297191
-0.198941
-0.296809
0.779458
0.436378
-0.193720
0.482148
-0.039294
-0.096373
-0.595476
0.410899
-0.059411
0.602295
-0.029294
-0.080291
0.367037
-0.057801
-0.464932
-0.891265
-0.258531
-0.370560
0.333448
0.112677
-0.269078
0.240562
-0.186985
0.179885
-0.266394
0.322229
-0.469999
0.087387
0.006642
0.281444
0.441178
-0.292514
0.537009
0.865037
-0.438875
-0.563169
-0.167378
0.043317
-0.187476
0.300205
0.370674
0.038505
0.107915
-0.153133
0.127305
-0.108468
0.370341
0.306488
0.109737
-0.145187
-0.022664
-0.099576
0.186603
0.234569
-0.594409
0.632018
-0.089036
0.035619
0.036587
-0.135733
0.160373
0.131233
0.100867
-0.065470
-0.573267
-0.187109
-0.290301
-0.116295
0.078798
0.020718
0.180726
0.425381
0.520805
0.726298
0.515904
-0.352283
-0.574012
-0.298862
0.506660
-0.045310
-0.532143
-0.089542
-0.287621
0.038817
0.118054
0.340701
0.130000
0.133749
0.201947
0.577818
-0.335173
0.345248
-0.461753
-0.052894
0.322419
0.163980
-0.117657
-0.281090
0.354439
0.010866
0.302871
0.414347
0.150571
-0.520392
0.017943
0.102999
-0.033181
-0.563585
-0.158979
0.241218
-0.052846
-0.049174
-0.024532
-0.496156
0.214077
-0.438945
0.194486
-0.332121
0.357936
-0.021673
-0.134950
0.483131
-0.057014
0.221823
0.365986
0.005154
-0.514129
-0.576627
-0.344417
0.635698
-0.074164
-0.588390
0.131475
0.027398
-0.073536
-0.581043
-0.132877
0.178794
-0.251010
-0.610776
-0.335709
0.024166
0.166203
-0.453864
-0.348006
0.395500
-0.060482
-0.521715
0.305104
0.498655
-0.218911
-0.182602
0.283629
-0.182776
0.209130
0.114889
0.297966
0.406741
-0.577645
-0.488640
-0.025830
-0.572558
0.009784
0.245447
0.439781
-0.337991
-0.054088
-0.255104
0.473094
-0.258866
-0.556953
0.075453
0.078511
0.275990
-0.611306
0.370431
-0.576456
0.163035
0.090052
0.311954
-0.073601
0.125735
-0.278721
-0.576662
0.199540
0.059107
0.562507
0.138946
-0.122539
-0.509865
-0.115578
-0.003489
-0.027325
0.306535
-0.057223
-0.051184
-0.141647
-0.109829
-0.517474
-0.301757
0.863710
-0.381169
-0.381920
-0.736114
-0.169379
0.499898
-0.455719
0.251355
-0.213226
-0.294422
-0.157840
-0.413737
-0.118683
0.153702
-0.366038
0.247751
0.629941
-0.418289
0.209757
-0.577695
0.228380
0.503063
0.181082
0.289011
-0.363124
0.312300
-0.643501
-0.538407
0.410155
0.021736
-0.518061
0.188656
0.176734
0.204391
0.002057
0.129881
