0.421719
0.242824
-0.064602
-0.062270
0.297157
0.335551
0.132803
-0.070332
-0.267830
0.616745
-0.183445
-0.284421
0.086707
-0.337497
-0.381780
0.327032
0.026833
-0.211518
-0.275743
0.015526
0.248484
-0.434929
-0.422006
0.561650
-0.862710
-0.377433
0.725247
-0.074602
0.583813
-0.077613
0.683564
0.115025
-0.211431
-0.121859
0.487694
0.197699
-0.221401
0.577646
0.202796
-0.438737
0.060799
0.130157
-0.175850
-0.122785
0.119693
0.021056
-0.258328
-0.004143
0.166197
0.263334
0.351185
-0.251582
-0.315683
0.212504
0.569625
0.171055
-0.516190
-0.328791
0.263740
-0.507693
0.022232
0.175248
-0.192175
0.480536
-0.279156
0.125294
-0.475858
-0.326022
0.625012
-0.074864
0.005909
0.289330
0.289563
-0.317905
0.199612
0.294727
-0.292926
-0.034470
0.498865
-0.027499
-0.118865
-0.240318
-0.187665
-0.304550
0.409134
0.120822
0.386284
-0.291811
0.003198
0.000124
-0.501445
-0.450756
0.259353
-0.103295
0.094804
0.031872
-0.022115
-0.120125
0.277591
-0.437158
-0.340686
-0.417225
-0.314632
0.592311
-0.278721
0.631696
0.710629
-0.444274
-0.342257
-0.112749
0.101658
0.497762
-0.577830
0.072281
0.049355
-0.186336
0.077046
-0.276755
-0.040683
-0.418762
0.393810
0.006796
-0.577098
0.208982
0.186807
0.314782
0.137579
0.337424
-0.485607
-0.187013
0.116215
0.442748
0.355804
0.351668
-0.362544
0.305725
-0.357801
-0.398930
-0.466318
-0.504393
0.366856
-0.474649
0.318732
-0.635681
-0.095214
0.277699
-0.521523
-0.528417
0.388617
0.140938
-0.013109
-0.338929
0.140032
-0.115325
-0.259625
-0.204666
0.398553
0.406419
-0.222323
-0.347683
0.296053
0.112252
0.678600
-0.231189
0.251594
0.001442
-0.503912
-0.233784
0.172516
-0.079916
-0.323804
-0.082577
0.068103
-0.407921
0.186002
-0.500561
-0.309330
0.191974
-0.065336
-0.110433
0.079563
0.009503
0.289578
0.587996
0.115526
-0.146808
-0.219709
0.078369
0.445673
0.141293
0.120845
-0.119055
-0.138254
0.147470
0.365073
-0.310991
-0.104569
-0.396923
-0.251696
0.520264
-0.259524
-0.078964
-0.328660
-0.006392
0.124350
0.505135
0.177620
0.155811
-0.347613
0.557057
0.300022
-0.276218
0.433782
0.419721
0.453785
0.457144
0.402961
-0.164710
0.111937
-0.494376
-0.068281
-0.513692
0.076774
0.106955
-0.464686
0.310782
-0.189723
-0.394489
0.145216
-0.209262
-0.099975
-0.444988
-0.294099
-0.292177
-0.263982
-0.469046
0.631684
-0.233292
0.170207
-0.267650
0.210129
0.198148
0.330110
-0.035034
0.001941
0.128455
-0.306675
0.032303
0.412143
0.200820
0.008341
0.806896
0.126621
0.212892
0.249301
-0.288969
0.204029
0.483321
0.487292
0.034180
0.393959
-0.028973
-0.215085
0.390975
-0.504297
0.156315
-0.064942
-0.052895
-0.353212
0.395193
-0.472941
-0.211792
0.376493
0.300545
-0.410166
-0.383505
0.578986
0.253780
-0.013700
-0.329178
0.396956
0.143143
-0.077721
-0.406640
-0.337519
-0.171878
-0.616979
-0.294892
0.332418
0.401450
-0.572039
0.587879
0.139814
0.381606
-0.285272
-0.168248
0.275107
-0.307983
-0.137828
0.477301
0.528848
-0.303311
0.416205
0.049610
0.322160
0.077566
0.392610
0.186570
-0.223847
0.024365
-0.215334
-0.006962
0.187600
-0.597280
0.417432
-0.201465
-0.337217
0.246628
-0.226918
-0.112057
0.041263
0.266979
-0.029035
-0.195732
-0.107557
-0.376004
0.121050
-0.725477
-0.711530
-0.186857
-0.282284
-0.088610
0.482865
0.178671
0.089289
0.040572
-0.524879
0.265783
0.302456
0.387142
0.119216
0.399760
-0.015716
0.031438
0.259616
-0.550502
0.038629
0.285695
0.034571
-0.277093
-0.110372
-0.329544
0.382780
0.094146
-0.151662
0.203633
0.345702
0.045062
-0.431844
-0.097271
0.105527
0.156005
-0.087466
0.118121
0.064759
0.298429
0.013192
-0.076158
0.310351
0.145297
-0.064748
0.360446
-0.399701
-0.672092
0.606641
-0.221861
-0.530893
0.041685
0.140147
0.274850
-0.253999
0.168943
0.613883
0.429936
0.304109
0.166943
0.210180
-0.277081
0.022147
-0.390027
-0.134800
-0.300023
0.239171
-0.316849
-0.381620
-0.328849
0.229747
-0.113463
-0.123631
-0.237774
-0.036361
0.310140
0.229713
-0.415050
-0.342869
0.371398
0.016069
0.089399
-0.348064
0.321562
0.425369
0.482077
-0.159748
0.152775
-0.408595
-0.259434
-0.256112
0.427208
0.456480
-0.001236
0.255680
-0.530427
0.476184
0.226430
0.593766
0.374161
-0.228525
-0.101258
0.610419
0.195518
0.361732
-0.092118
0.146834
-0.005758
-0.346674
-0.288697
-0.226106
0.263591
-0.459015
0.511376
-0.456634
0.196912
-0.388493
-0.353399
-0.073066
0.081167
-0.199991
-0.085009
-0.335523
0.312412
-0.096156
0.373335
-0.095682
-0.036803
-0.205719
0.368609
0.251237
-0.416991
-0.156199
-0.288779
-0.100781
-0.547111
-0.231506
-0.046638
0.448907
-0.206630
-0.195045
0.236308
0.420524
-0.564602
0.123007
-0.626248
0.111250
0.156719
-0.160482
0.160765
0.092104
0.154238
-0.633850
-0.271990
-0.338545
-0.371678
-0.063722
0.212157
0.019379
-0.553458
0.123704
0.202675
-0.445421
-0.465743
-0.599130
-0.333342
-0.035372
-0.111446
-0.391842
0.341351
-0.282950
-0.115102
0.330660
-0.225278
-0.381194
0.102262
-0.171778
0.367335
-0.511244
-0.570172
0.295499
-0.199671
-0.020565
-0.172600
0.082524
0.312260
0.162087
-0.416044
-0.207873
0.034553
0.267213
-0.254704
-0.439635
-0.372641
0.287120
-0.345705
0.251425
0.055487
0.131252
0.445016
0.005706
0.154252
0.318903
-0.324593
0.175723
0.230388
-0.393573
0.316756
0.536317
-0.056832
-0.464901
0.050079
-0.047259
0.183624
-0.546730
0.416311
-0.208548
0.315146
-0.030236
0.554193
-0.628691
0.231499
0.351722
-0.158940
-0.069700
-0.406189
0.498826
-0.313779
0.048615
0.471603
-0.407420
0.196408
-0.218612
-0.369293
0.272726
0.147221
0.039993
0.036929
0.337695
-0.244867
-0.545215
0.248055
-0.721597
0.075134
-0.111937
0.442872
0.172804
0.288821
0.315922
0.123261
-0.098558
0.306585
0.296763
-0.126414
0.436153
-0.040517
-0.318965
0.016502
-0.101143
0.196958
-0.355452
0.656218
0.100989
0.414730
-0.224714
0.358346
-0.627656
-0.143276
-0.303199
0.375688
0.157577
0.049261
0.347470
-0.324699
0.259062
-0.012770
0.242031
0.428746
0.044538
0.383287
-0.265855
-0.227273
0.777073
-0.187919
-0.650796
-0.327255
0.335854
-0.135264
-0.060970
-0.344385
0.169314
0.124279
-0.557434
0.437735
-0.526489
-0.626451
0.245347
0.118983
0.296172
0.075563
-0.468232
0.458210
0.395414
-0.009782
-0.120402
0.166993
-0.100800
0.300398
0.164368
0.275635
-0.595106
-0.049427
0.173976
-0.082758
-0.677533
-0.004802
0.212691
-0.141567
0.456016
-0.686411
0.303939
-0.299820
-0.693752
-0.475556
-0.162617
0.067266
-0.328462
0.102331
0.044242
-0.216128
0.104850
-0.204714
0.056081
-0.308117
0.364243
-0.613510
0.066436
-0.437874
-0.298153
-0.103600
0.083310
-0.227724
0.420753
-0.096237
-0.002586
0.138936
-0.105249
-0.265566
0.092624
-0.561798
0.397971
0.411915
0.360704
-0.523217
0.408594
0.123273
-0.449594
0.055967
-0.325947
0.017100
-0.142069
-0.287823
0.181993
-0.319765
-0.662857
0.065666
-0.194122
-0.529072
0.098083
0.307197
-0.224626
-0.065991
-0.404345
-0.461370
0.291021
0.276102
-0.299428
-0.048206
0.244002
0.033856
0.233801
0.446522
0.206592
-0.188521
-0.062536
-0.526272
0.417721
-0.537946
0.212317
-0.080858
0.335398
-0.369685
0.338867
0.465854
0.136799
-0.456544
-0.490698
0.347386
-0.384143
-0.159253
-0.000254
0.473258
-0.156482
-0.034339
-0.249358
0.005430
-0.287145
-0.368548
0.019196
-0.325742
0.406631
0.205974
-0.306167
-0.163091
-0.370101
0.484611
0.478225
-0.065292
-0.301565
-0.147140
0.516043
-0.365807
0.204598
0.078787
-0.145418
-0.006266
-0.049009
0.078878
-0.241273
0.332482
-0.581132
-0.318729
-0.123684
-0.236229
-0.199674
0.041902
0.696309
-0.431713
-0.263145
-0.377008
0.230828
0.489735
0.481903
0.226696
-0.541380
-0.276576
-0.300734
0.013075
-0.299851
-0.051184
0.097701
-0.078785
0.033088
-0.112316
0.687233
-0.301596
0.173039
-0.211690
0.305709
0.114208
-0.178150
0.243837
0.728500
0.565443
-0.248209
-0.399701
-0.087981
0.317277
-0.043164
0.382859
-0.299575
-0.262789
0.062110
0.479449
0.267329
-0.096965
0.487671
-0.241980
0.052600
0.291953
-0.407055
0.005700
-0.137816
0.357943
-0.463806
0.215110
0.120537
0.296682
0.246623
0.277048
