0.086069
3.404452
-4.448675
-2.655926
-2.892942
1.462290
-3.881876
1.085049
-1.695972
0.718730
-1.158128
-1.251459
-1.208832
-2.509552
-3.238868
-0.482338
5.446231
-1.246040
-0.975374
-1.042545
2.427586
0.810546
-0.319005
-0.864542
-2.949734
4.891617
-2.245509
2.846367
-0.417145
2.194627
-5.069145
-5.713344
0.078478
0.443892
0.277891
0.495128
-1.135243
-0.158713
-4.088858
-0.242471
-4.082205
-0.933658
2.646776
-0.782120
-1.395749
-0.540623
-11.536147
0.253423
12.550092
-0.372350
0.416848
-0.046607
-0.335326
0.009297
0.051761
-0.207303
-6.026136
0.231959
2.847363
-2.598668
0.521857
0.425889
-2.636815
4.302023
2.744096
0.985585
-3.775253
-0.951475
-1.399992
3.661844
0.853953
-0.959165
-1.431389
-1.747082
-0.892897
-0.181475
-2.350829
-0.851100
0.865691
0.380038
-1.133076
-2.347350
-4.111182
-0.610686
-5.458351
-1.820548
-9.152297
-1.198903
2.960930
-2.579001
0.022689
-1.957428
1.617729
0.153963
-1.454890
6.255215
-6.579806
-2.749486
-2.571692
-1.892244
-3.006547
-1.351549
3.674808
0.197390
-0.217251
-1.170981
-0.316364
2.714710
0.002130
-3.066831
-2.220010
2.231655
1.900658
-3.354480
0.531165
-6.136786
0.424515
1.115219
1.972666
0.872446
7.439699
2.305701
-2.067460
0.984674
7.237900
1.762865
0.329808
1.861039
-2.600063
-1.296473
-2.462318
-2.596420
-0.202259
0.842501
3.238775
0.667419
-2.792129
-0.761790
-3.012626
-0.402602
3.919750
1.366519
-2.773831
-3.000454
2.461735
3.344259
-3.403950
-0.337471
2.844098
5.929756
3.195693
-0.648839
2.286533
-0.610769
3.466644
1.870264
0.931470
1.581362
8.029735
2.991832
-0.021676
-3.347191
5.430589
-2.971953
-0.989936
-1.055877
0.704572
4.369767
-1.998506
1.051474
0.699072
-0.664877
3.138527
6.601863
-1.932323
-1.842955
2.422427
-1.811248
2.117073
4.509937
-1.285044
3.155744
0.354214
1.853659
-2.252987
1.369623
1.018093
-1.092281
-0.536839
0.924281
1.574995
1.671168
3.214110
-0.825977
-6.008979
-0.600439
3.629167
0.792533
-4.504036
1.203630
4.796914
-2.737026
-3.071465
-2.975162
-4.270512
1.958192
-2.560706
-2.826391
-0.132589
2.443361
0.607029
4.113531
2.445157
4.973878
-3.350718
-5.197632
-2.715505
2.047994
-3.081374
-0.041210
4.890770
-1.342816
-4.747127
-3.730023
-0.554461
-7.308581
3.920553
-5.402149
-2.838815
0.363709
-3.620820
4.925817
-7.514023
-0.816618
-5.503562
-2.761678
1.188573
2.783548
-2.237994
4.665408
-1.846465
-0.664271
-0.694104
-0.354685
-4.728991
4.112636
1.879974
-10.104288
-2.209423
-2.142522
2.645743
3.079268
-0.392849
0.051637
4.414709
3.306532
2.289485
0.487605
-2.208341
-0.759281
2.734987
-1.083111
6.973687
2.537191
-8.134413
0.278786
-5.455288
5.577193
0.100962
-2.927787
-4.613924
0.500069
1.668698
4.516854
3.447327
4.663422
-4.771464
-0.938308
-3.760149
-4.795610
-3.043014
-4.126788
6.772401
0.031363
0.104840
-3.608365
4.247747
0.062531
1.159642
-0.216181
-3.307929
3.831296
1.619850
5.493046
2.282119
2.854554
-0.872964
1.640410
-0.096029
3.187142
14.598102
2.407018
3.299548
-0.249537
1.036558
-0.886145
-2.061994
2.733785
-3.210208
0.117219
0.403970
2.788321
-5.361132
-0.839286
0.377876
-1.764923
1.978165
-2.138308
0.518152
1.960549
0.315482
0.599266
-1.292475
-2.945898
-6.600399
1.443311
-6.188793
3.551498
-2.816728
0.420486
0.700829
-1.203477
-8.750842
5.327192
4.606108
-0.796048
-2.581811
-3.225485
-1.867222
-2.737157
2.226761
-1.687388
0.878586
1.744577
-1.306926
4.192755
0.900228
1.571910
0.460101
4.119789
-4.482852
-0.010854
-1.708047
-5.485347
-2.496004
-0.621261
5.110837
3.238757
4.122354
-4.784803
-1.480944
-2.525058
1.528330
-1.958751
2.816043
1.136994
1.898093
6.113261
-4.769153
1.465746
1.698814
-2.566118
0.711700
3.405114
5.130981
-2.364170
-0.195475
-3.318707
-1.863969
-2.295176
3.225091
1.197723
1.677338
-3.982910
-2.067546
2.550921
-1.239937
1.588951
-0.947164
-2.231797
-4.931663
-0.778563
0.230785
0.626074
-7.443532
1.390470
-0.829634
1.220680
-5.856454
-2.915736
0.823404
3.397088
-3.430104
-3.600009
1.924425
0.493566
-6.657747
-1.674880
1.361938
-1.391774
-1.400828
-0.287579
-0.423528
-3.171619
-8.141245
4.790071
5.239739
4.606208
-0.566094
1.876194
0.617314
5.530504
2.310989
-0.978488
-4.614948
-5.900835
-8.286367
-3.087041
-6.870850
-1.570793
2.448080
0.902040
-4.601790
9.177263
2.614760
-9.131644
-0.175150
-2.651860
-2.183660
2.717086
3.020059
-1.658891
1.173301
3.998108
1.884762
0.064663
5.238336
-2.527859
1.570129
-2.382134
2.899910
0.548502
4.510968
0.313435
-2.983312
-1.580147
3.914766
-3.447373
-0.026823
1.298032
3.021164
-3.391193
4.542561
-4.546710
-2.171181
-2.992768
5.860253
-4.387486
0.119077
-2.241614
-1.928058
-3.832342
-4.522338
-1.237593
-1.065602
1.169213
-1.533090
-1.789538
4.905553
-2.175886
-0.466216
-1.719243
5.604231
0.094058
-7.008099
3.030508
-1.498355
5.716482
-0.955910
1.292699
-0.442147
3.820331
1.886363
-0.989928
-5.852850
1.415586
1.516185
0.057658
2.883210
-0.400245
-3.275892
1.666319
0.362983
2.700754
0.719365
-2.776114
-1.040304
4.575977
3.548126
2.024104
1.187739
-0.260604
-0.390061
2.211762
6.572050
-1.291378
1.327025
1.483352
1.940916
4.849529
1.483830
3.048466
2.939404
-0.325966
-3.943806
-0.833161
-3.848018
-2.587742
3.780103
5.187425
-1.428745
1.582620
5.098634
-2.032697
7.351910
1.942941
-5.868361
-2.400892
-4.648172
1.700893
-4.282516
-1.541506
-8.575828
-4.552625
-1.548315
0.656843
-4.856583
3.113544
5.096018
-1.881429
-5.874129
2.407196
-4.942327
-9.556016
2.469923
4.818618
-6.102032
-0.834467
2.148666
-0.935947
5.377344
-0.144234
-2.751675
4.361226
-1.001488
2.468940
-3.573375
2.116707
2.171531
0.378907
-0.816305
3.348168
2.201910
-5.916292
4.056645
-0.890479
1.362650
-3.388043
-0.470216
-0.949763
-0.701804
2.292543
-0.925337
-0.548964
2.129754
-1.501700
-9.625836
-0.902616
-3.471782
-3.517619
-6.004422
-0.904568
-2.684434
4.672678
0.476813
3.981053
-4.348663
1.086255
-0.326975
1.355229
-5.573053
1.265139
0.423442
0.364734
-1.604838
3.156619
3.458643
2.214161
-1.263061
1.850321
2.356206
1.087591
0.944302
1.028776
-0.194396
0.019437
-0.320289
-0.148586
-2.956327
-5.661610
-4.711003
-2.256549
2.353057
4.434524
-1.841467
1.195567
-0.691938
-1.901543
-2.657346
-0.358195
2.851674
-0.390062
4.433055
-3.438977
-4.797328
1.850418
0.067235
-1.805313
-1.119811
-1.730249
0.366375
-0.520072
-0.514389
7.755863
-2.808408
-1.187145
3.598750
-1.504963
1.019116
-2.820728
-2.240030
5.043670
0.414194
3.176517
-0.038260
0.330729
-1.452380
-3.105741
-1.098371
1.741201
9.615713
-0.135883
2.374374
-1.244220
-1.969561
-0.320720
-2.473076
-0.814636
-0.767745
-1.518174
2.019608
4.410046
-3.012084
3.272544
3.191762
2.626064
4.219531
5.255259
-2.663540
-6.447205
2.257052
2.137939
-1.300926
-3.520795
-2.223675
3.732216
-3.807490
-3.536986
3.405081
2.053749
-8.317005
0.812083
1.878785
-0.904342
2.068818
3.484079
5.236822
2.269596
6.122973
3.101474
-3.511423
5.121094
-0.041480
-6.600324
2.957760
-1.505433
-1.250594
-2.083099
-4.923499
-2.143430
2.008947
-0.707879
-4.406528
3.917095
1.740434
2.617059
-3.330617
-7.354689
7.514283
-0.904347
-3.446894
3.193038
4.430737
2.866036
-0.614106
-3.552232
4.171967
-4.112839
-4.832455
2.932078
-1.133699
-7.722134
0.174636
-0.159929
0.274473
-0.908718
11.244669
-0.808754
2.309196
4.304836
-1.580216
-1.025932
1.991144
-3.497180
-1.774943
3.035627
-4.157541
-3.221251
-2.863906
-1.168420
5.741635
6.247584
2.500625
-2.664849
-1.118748
-0.108572
1.027833
2.171909
-3.204987
0.327941
4.404703
-0.454258
2.499861
2.648204
-2.209028
-5.022867
1.956964
2.129279
-1.412206
-1.002817
-5.289911
