-0.379617
-0.477595
-0.008505
-0.186355
-0.492257
-0.019907
-0.183039
0.392354
-0.019979
0.288794
-0.083434
0.053089
-0.601527
0.169902
0.396755
0.204931
-0.553650
-0.254937
0.131998
-0.058201
0.368393
0.056069
-0.237500
-0.008026
-0.787069
0.243150
0.622283
-0.004748
0.582386
0.264893
-0.305132
0.421067
-0.473833
-0.026659
0.385402
-0.104377
0.091704
0.257310
-0.313829
0.167215
0.189545
-0.350898
-0.177748
0.494859
0.317770
-0.600810
-0.138707
0.067874
-0.086280
0.159859
-0.194260
-0.374538
0.334841
0.239378
-0.291016
0.120359
0.066080
-0.101379
-0.240738
0.044038
0.051691
-0.363785
0.227090
-0.416740
0.415116
-0.299831
-0.133540
0.055614
0.148707
-0.171989
0.042790
0.046260
0.097610
-0.224377
0.343613
-0.340537
-0.281561
-0.132105
-0.076273
-0.473150
0.443076
0.462643
-0.457606
0.350780
0.394549
-0.000005
0.336173
-0.452877
0.131989
0.427421
-0.203454
0.236368
-0.162961
-0.143480
0.407865
0.024825
0.448582
-0.363356
-0.426194
0.268291
-0.095533
0.023560
0.112182
-0.132077
-0.349075
-0.062672
0.502826
0.292728
0.063729
-0.063580
-0.361004
0.333917
0.231524
-0.049903
0.360945
-0.036838
0.079759
-0.397513
-0.360987
-0.293404
0.166972
0.494184
-0.145134
-0.279728
-0.515604
0.227538
-0.025738
0.214083
0.323600
0.485614
0.073761
0.725414
0.152408
0.309717
0.159443
-0.430147
0.133370
-0.139329
-0.379846
0.099331
-0.015621
-0.156819
-0.198967
0.092575
-0.410199
-0.218563
-0.294061
0.730148
0.323479
-0.092281
0.042965
-0.178926
0.290621
-0.132844
-0.021666
0.455468
-0.414605
0.188173
-0.152345
-0.457673
0.074999
0.198364
0.378305
0.281910
-0.128853
0.412421
-0.194978
-0.261571
0.429145
-0.385152
-0.072260
-0.102960
0.220302
-0.016249
0.157771
-0.426805
0.596337
-0.046541
0.167583
0.185609
0.248041
-0.555220
-0.121908
0.550181
-0.233890
0.277370
0.461144
0.302306
-0.414740
0.041368
-0.519484
-0.171189
-0.131480
-0.068756
-0.210051
0.125860
-0.403093
-0.191023
-0.329987
-0.634743
0.122361
0.526473
-0.556017
-0.073074
-0.132852
-0.273554
-0.326183
-0.247163
0.145181
-0.170208
-0.147023
0.228775
-0.029697
-0.271492
-0.278751
0.545699
0.128498
-0.036550
0.016524
0.531870
0.103395
-0.219083
0.181596
-0.452494
-0.398788
0.256410
0.449627
-0.066561
-0.172843
0.146272
0.089747
-0.492387
0.639983
-0.323994
-0.076635
0.334337
0.137560
0.488728
-0.009179
-0.351243
-0.564320
0.027232
-0.382123
-0.012822
-0.472350
-0.001895
0.384222
0.078370
-0.325172
0.321759
-0.038113
0.028685
-0.490780
-0.014671
-0.123688
-0.092048
0.074044
0.179141
-0.278043
-0.076082
0.242193
-0.621420
0.032985
-0.343930
-0.283665
0.452395
-0.500537
0.173970
-0.323052
0.000514
-0.481004
-0.323154
0.118083
-0.316921
-0.435688
-0.528672
-0.097177
-0.083531
0.425283
0.074384
0.019680
0.369732
0.341305
-0.354087
-0.304554
0.128183
0.021089
0.219522
-0.005959
0.313173
0.089995
0.279284
0.284820
-0.578888
0.489738
0.009689
0.433723
-0.255747
-0.553560
-0.141549
0.472752
-0.111799
0.452952
0.434515
0.226599
-0.042355
-0.008355
0.157126
-0.235430
-0.321680
-0.074984
-0.416329
-0.061704
-0.109069
-0.356635
-0.267000
0.145488
0.460313
0.131362
-0.207686
-0.362147
0.131943
-0.197310
0.013324
-0.264742
0.379244
0.624946
-0.129456
-0.259701
-0.076282
0.064011
-0.090229
0.322540
0.332766
-0.089135
-0.312742
-0.430570
-0.285809
0.378640
0.099231
-0.275804
-0.156302
-0.045619
0.385580
-0.033074
-0.402571
-0.288684
-0.432172
0.127876
0.280089
-0.024966
0.722999
0.423585
-0.063909
0.126056
0.239695
-0.222150
0.286687
0.412280
-0.276725
0.408323
0.358035
-0.013324
0.426977
-0.607818
-0.626034
-0.003789
0.497025
-0.036797
-0.286331
-0.134186
-0.053069
0.053312
0.232862
0.041983
-0.338825
0.228649
-0.383680
-0.229936
0.268543
0.061448
-0.052848
-0.593317
-0.516994
-0.188271
-0.196117
0.489795
-0.132680
-0.084841
-0.061604
0.195003
-0.106767
0.681738
0.609163
-0.015105
-0.077091
-0.357983
-0.194191
0.072025
0.077829
-0.032943
-0.109879
-0.598795
-0.228100
-0.127079
-0.488543
0.548451
0.050859
0.212037
0.634549
0.153445
0.405661
0.147385
0.179008
0.433159
0.180823
0.294114
0.437273
0.372309
0.214532
-0.231612
-0.426586
-0.336539
0.202467
0.678112
-0.500344
-0.474840
-0.026095
0.076528
-0.357682
0.116294
0.157496
-0.413929
-0.489159
0.131008
0.039740
-0.479808
0.028107
0.172086
0.329065
0.232366
0.203992
0.338575
-0.337980
0.385979
0.500122
0.433566
0.172083
-0.344937
0.555962
-0.407427
-0.025819
0.244675
-0.332011
-0.648410
-0.082677
-0.339082
0.245934
-0.545417
-0.281071
0.245243
-0.073439
0.387493
0.064245
-0.286238
-0.313628
-0.145035
-0.039318
0.201005
-0.540119
-0.353763
-0.219940
0.185022
0.511235
-0.241121
-0.071134
-0.402768
-0.080497
-0.164611
-0.427286
-0.547253
-0.079557
-0.200640
0.164707
0.529628
-0.325097
0.602167
-0.758091
0.351476
0.058082
-0.305975
-0.308944
-0.378680
0.188749
-0.231067
-0.134600
-0.209193
-0.457400
0.512934
0.000085
0.250127
-0.017623
-0.148383
0.280093
-0.474811
-0.037872
-0.232516
0.494367
-0.114976
0.363355
-0.393441
-0.018680
0.175424
-0.641468
-0.125729
-0.039047
0.331840
0.074467
0.214861
-0.117882
0.275791
0.327160
0.105360
0.530512
0.386277
0.551714
-0.496991
0.071765
0.142077
0.143382
0.110673
0.203636
-0.393573
-0.003573
0.260755
-0.407462
-0.043613
0.353210
-0.159755
0.016944
0.135450
-0.344849
-0.209045
-0.444011
0.507709
-0.084552
0.081194
-0.297298
0.237417
-0.284366
-0.096805
0.449745
0.308258
-0.105584
0.102114
-0.082679
0.243314
-0.383514
-0.425337
-0.017782
0.285248
0.384085
-0.675415
-0.077512
-0.375136
-0.283833
-0.536375
-0.290513
-0.385254
-0.265761
-0.223803
0.346815
-0.478033
-0.343053
-0.070982
0.199315
0.044069
-0.234371
-0.539518
-0.021846
0.304418
0.728360
0.292465
-0.038705
-0.409190
-0.330416
0.658196
0.590142
0.270827
0.418141
0.183959
0.158972
-0.353852
0.111593
-0.293002
0.329656
0.705093
-0.046223
0.448936
0.252571
-0.482031
-0.282870
0.160035
-0.452915
-0.331461
0.106924
-0.146563
-0.216143
0.102188
0.387588
-0.095930
0.381611
-0.353053
0.435288
-0.260617
0.465492
-0.419263
0.112205
0.184831
-0.585535
0.693845
-0.132204
-0.401293
-0.776848
0.035176
0.301000
0.468076
0.347073
-0.537832
-0.119284
0.325148
0.210348
0.040761
0.029115
0.247431
-0.214823
-0.045307
0.403311
0.171119
-0.127829
-0.725726
0.081874
-0.132147
0.544355
0.297501
-0.304006
-0.054638
0.297871
0.526287
0.113917
0.110088
-0.470410
-0.168199
-0.513549
0.456646
0.336473
0.380102
-0.463296
-0.706372
0.160346
0.271032
0.452975
0.326536
-0.557480
0.174948
0.507445
-0.161476
0.215828
0.070309
-0.758308
-0.039646
-0.057478
0.175923
0.137462
0.484852
0.283820
-0.120402
0.094925
-0.013172
0.422026
-0.047688
0.047080
-0.524395
0.198222
0.004205
-0.255165
-0.142069
-0.379459
0.366742
0.376672
-0.321156
-0.210856
-0.272607
-0.081468
0.473699
-0.401132
0.241465
-0.161458
-0.089957
-0.613601
-0.026265
0.395679
-0.069100
-0.488358
0.226176
-0.546882
-0.072322
0.266131
0.412205
-0.688644
-0.221052
0.235748
-0.024178
-0.534226
0.081919
0.143276
0.204868
-0.246389
0.490730
-0.532291
-0.387752
0.404878
-0.050630
-0.186923
-0.730840
-0.083365
-0.530500
0.099731
0.016152
0.519670
-0.051063
0.702356
-0.090888
0.403077
-0.005828
-0.075179
-0.409229
-0.195322
0.350554
-0.203944
-0.215782
-0.535893
-0.246240
-0.467038
0.066650
-0.434348
-0.458591
-0.281232
0.628579
0.171328
-0.394114
-0.250080
-0.205866
-0.098329
-0.103753
-0.436395
-0.375321
-0.016304
0.276294
0.453210
0.417575
-0.297223
-0.267689
-0.195308
-0.337359
-0.822012
0.043409
0.426377
0.041065
-0.310799
0.258858
0.091757
0.431215
-0.154601
0.029033
0.153900
-0.446962
0.290736
0.005680
-0.122385
0.517245
0.426339
0.411072
0.009375
-0.121328
-0.213993
0.108496
0.347334
0.663745
0.520900
-0.293025
-0.002148
-0.152004
-0.210089
-0.062827
0.140507
-0.080421
0.225570
-0.159155
-0.516433
0.549663
-0.438715
0.589926
-0.537786
-0.426420
0.379195
-0.209984
0.561625
0.067967
0.050554
-0.603476
-0.179390
0.511685
0.135692
-0.156597
0.317803
