0.364391
0.375711
-0.399832
0.119223
0.499874
-0.448675
-0.003415
-0.129376
-0.202314
0.473618
-0.222337
-0.066545
-0.137192
-0.074639
0.272660
0.093051
-0.150477
0.430099
-0.221365
-0.558502
-0.252887
0.618445
-0.153877
0.440815
-0.000887
-0.017147
0.161688
-0.015586
-0.270340
0.542361
-0.373678
-0.194804
-0.252591
0.589950
0.109945
0.126038
0.304995
0.468161
-0.797522
0.028523
-0.031877
0.227075
0.197735
-0.036738
0.379593
0.141481
-0.039925
-0.366847
0.126253
0.380582
0.047089
-0.380292
-0.255493
0.635570
-0.179546
0.157668
0.076040
0.686220
-0.316135
0.021584
-0.192737
-0.353409
0.081047
0.672182
-0.127060
0.198722
0.264271
-0.534047
0.139678
-0.032334
0.633784
-0.303984
-0.312801
0.443476
0.325722
0.459581
-0.061488
0.067187
0.281420
-0.376591
0.014777
0.369307
0.369736
0.121821
0.540435
0.188094
-0.390807
0.610915
-0.251535
-0.680461
-0.049448
-0.172371
-0.287771
-0.022425
0.168171
-0.033679
0.506006
-0.593478
-0.080916
0.337400
0.155661
0.290787
0.122166
-0.114726
0.206378
0.657004
0.449666
0.250277
0.426026
0.190892
-0.091600
0.494031
-0.063606
-0.178935
0.129766
-0.058979
0.141417
0.407756
0.550783
0.244754
-0.553505
0.127546
-0.548609
-0.050436
0.468061
0.206102
-0.271003
0.433166
0.098864
-0.396834
-0.023076
-0.201583
-0.240081
0.230075
0.077615
0.298057
-0.461382
-0.178535
0.593513
0.253905
0.161027
-0.244164
0.050507
-0.260866
-0.674078
0.656061
-0.135586
-0.391043
0.359517
0.350438
-0.402413
-0.355029
0.588094
0.004099
0.058579
0.387364
0.246995
0.167312
0.279716
0.103753
0.220943
-0.185923
0.049567
0.015757
0.286687
0.486761
-0.019441
0.070361
-0.437059
0.015425
-0.326415
0.412220
0.085298
0.527523
0.358602
-0.632436
-0.484672
0.245778
-0.071412
-0.047533
0.268015
-0.250790
0.200319
0.178668
-0.344994
-0.382440
0.376691
0.312588
-0.122710
-0.235763
-0.245112
0.050302
-0.341286
0.572578
0.268016
0.374511
-0.097961
0.142222
-0.312351
0.106404
0.422143
-0.329162
0.440460
-0.017336
-0.425586
0.243927
-0.379217
0.048636
-0.071483
-0.133022
-0.128722
0.403981
-0.194319
0.042136
0.150982
-0.256438
-0.508985
0.023580
-0.008331
0.453446
0.356643
-0.001962
0.329669
0.457774
0.158838
0.592847
-0.461727
-0.146137
0.162926
0.089729
-0.119181
0.419209
0.163636
0.295224
-0.333803
0.180053
0.202040
-0.418493
0.213446
0.396076
-0.560664
-0.256180
-0.090100
0.186101
-0.250814
0.372055
0.036767
-0.281994
0.319153
0.439654
-0.077753
-0.055518
0.288297
-0.491380
0.057581
0.246755
0.139259
-0.213322
-0.283606
-0.284142
-0.298478
0.075838
0.405785
-0.259506
-0.030885
-0.019280
0.051530
-0.042444
0.265641
-0.116139
0.228061
0.337392
0.438933
0.564349
0.409134
-0.749812
-0.236083
0.155906
0.541662
0.427408
-0.155659
-0.263186
0.668529
0.237025
-0.317200
-0.063379
-0.118643
-0.151873
0.391906
0.156050
-0.109515
-0.090520
-0.121308
0.010111
0.390503
0.263290
-0.586828
-0.067885
0.254669
0.069487
0.155148
-0.476954
-0.032435
-0.063350
0.128725
0.408767
-0.312055
0.111897
0.655055
0.027154
0.435126
-0.080508
0.228175
-0.502508
0.165889
-0.247428
0.454358
-0.509492
-0.292352
0.229120
0.440314
0.583250
-0.316528
0.054030
-0.479884
0.242324
-0.042480
0.053633
-0.197577
0.263250
0.023600
-0.189538
0.304524
-0.157945
0.125773
0.045420
-0.060730
-0.332102
0.296785
0.125870
0.343615
-0.162359
0.591606
0.071925
0.218592
-0.136861
-0.091704
-0.337693
-0.688334
-0.028536
-0.394518
-0.666074
-0.394442
-0.001814
0.076651
0.212893
0.284230
-0.247679
-0.362583
-0.119277
-0.205782
0.143540
-0.413565
0.093973
-0.346483
0.332886
0.005106
-0.638411
0.414725
-0.094708
0.066145
-0.080713
-0.323198
0.521214
0.398330
-0.374304
-0.043511
-0.193220
-0.020859
0.275529
0.183147
-0.420070
0.108817
0.517783
0.304580
-0.532140
-0.210973
-0.262505
0.223147
0.115525
-0.063461
-0.353477
0.280883
-0.046826
-0.136271
-0.521812
0.370853
0.012271
0.185835
-0.047318
-0.304730
-0.291663
0.088101
0.049460
-0.127668
0.241405
0.200437
-0.251216
0.306165
0.432581
-0.045460
0.576868
0.335005
-0.306660
0.101066
-0.122578
-0.064596
0.030866
-0.650679
-0.226582
0.439109
-0.173726
-0.280709
0.594592
0.340492
0.086763
-0.360538
0.039335
-0.447441
0.112967
0.387631
0.221986
-0.344650
0.155506
0.305834
-0.038923
-0.022303
0.492319
-0.039051
-0.005544
0.020665
0.332259
0.310394
0.441945
-0.486101
-0.093633
0.193954
0.180149
0.203639
-0.521116
-0.292676
-0.159696
-0.101216
0.219410
0.211786
-0.302245
0.243033
0.247585
-0.034547
0.225104
-0.025084
0.193112
0.178571
0.093079
-0.268647
-0.357834
-0.241919
0.211714
0.242032
-0.359373
0.309563
-0.080544
-0.139797
-0.024075
-0.350619
0.231884
0.128683
0.884044
0.436820
-0.090633
0.242671
0.284144
-0.396334
0.154254
0.302020
0.583489
0.423066
0.023065
-0.093849
-0.423163
0.263240
0.518786
-0.225526
-0.285575
-0.450153
0.046366
-0.590881
-0.428788
0.242993
-0.249394
0.022823
0.172101
0.573817
0.357558
0.726666
-0.472395
-0.511753
0.458721
0.154848
0.138295
0.052509
-0.225717
-0.045038
-0.508498
-0.486324
-0.514341
0.164084
0.209146
-0.575536
0.145690
0.506126
0.090884
-0.060097
-0.545493
0.185579
0.416444
0.147252
0.306418
0.243845
-0.397209
-0.300898
-0.069698
-0.066685
0.199194
-0.418071
-0.022217
0.388305
0.066480
-0.045572
-0.715228
0.217997
0.344131
-0.245452
0.359351
-0.320097
-0.012067
-0.608757
0.445901
0.123938
0.543852
0.236081
-0.263863
-0.171353
-0.346303
-0.547418
-0.161873
0.147700
0.461291
-0.348817
-0.212677
0.445869
0.473054
-0.161471
-0.364342
-0.467028
0.133632
-0.306088
0.329134
0.126384
-0.208829
-0.023774
0.181169
-0.111263
0.077225
0.356628
0.058874
0.050006
-0.100285
-0.538159
-0.397746
0.111954
-0.440429
0.581681
0.514779
-0.311433
-0.407150
-0.009341
0.321198
-0.357595
-0.220769
-0.108801
-0.526699
0.228434
0.278570
-0.239474
-0.101805
-0.278953
-0.567796
-0.094100
0.420755
-0.394817
-0.001108
-0.293362
0.335647
0.196032
0.338397
0.197934
-0.227273
0.464429
0.252075
-0.151059
0.062363
-0.065924
0.038861
0.220363
-0.407940
-0.267696
0.353012
-0.399020
-0.551169
-0.482805
0.441016
0.267480
0.048342
0.184522
0.116555
-0.074434
0.460481
0.198559
0.091310
0.208907
0.294112
0.005116
0.348995
-0.342514
-0.427412
-0.557588
0.540974
-0.130097
0.305208
-0.645835
0.317110
-0.119253
0.053735
-0.520002
-0.343257
0.456058
-0.348080
0.094236
0.248480
0.231436
-0.000787
-0.102680
-0.622123
0.561828
0.645532
-0.111033
0.335216
-0.362104
-0.004250
-0.248333
-0.789865
-0.391671
0.179399
-0.295257
-0.337626
0.791030
0.161057
0.063155
-0.758308
-0.515928
0.663858
-0.314329
-0.216380
0.095210
0.623361
0.351505
-0.271985
0.182693
-0.044490
-0.147224
0.072032
-0.383056
0.198364
-0.419612
-0.293512
-0.358739
-0.075435
-0.173469
-0.082053
-0.066639
0.027744
-0.315824
0.023696
-0.013859
0.291348
0.136501
-0.090258
0.519571
-0.204812
0.263196
-0.556855
0.375990
0.331137
0.419339
-0.221010
-0.108559
-0.043779
0.514330
-0.635067
0.481991
-0.026542
-0.215973
-0.122893
-0.063412
0.131874
-0.605718
-0.447141
0.251713
-0.521882
0.283489
0.355336
0.255176
0.283760
-0.130871
0.334892
-0.219209
0.156297
0.426382
0.199202
-0.091456
-0.408243
0.177653
0.108469
0.393338
0.478938
-0.338455
0.037318
0.115272
-0.482363
0.035591
-0.206825
-0.047454
0.483990
0.522219
0.086827
0.407956
-0.095541
-0.028191
-0.103345
0.308206
0.303364
-0.629815
0.493163
-0.045453
-0.212159
-0.470090
-0.389765
-0.003770
-0.366035
-0.053530
0.147699
0.054989
-0.161746
0.127381
-0.160900
0.113262
-0.016162
-0.195480
-0.361455
0.073184
-0.200451
-0.128889
-0.002390
0.426003
-0.235129
-0.478039
0.009913
-0.583283
-0.104463
-0.152866
-0.411362
-0.281767
-0.114919
-0.411788
0.083377
-0.163160
-0.110148
-0.134609
0.199785
0.322653
-0.332906
-0.070856
-0.150339
-0.531271
0.398448
0.205855
0.736974
0.209757
-0.489552
-0.609784
0.520735
0.160571
0.407430
0.255435
0.340713
-0.128197
0.455571
-0.209134
0.241693
-0.093946
0.124054
0.402553
0.272942
0.043166
-0.438597
