0.431072
0.224850
-0.062212
0.123300
-0.222226
-0.123592
0.242824
-0.218418
-0.124827
0.389839
-0.024544
-0.287765
-0.020800
0.051130
0.438916
0.204931
-0.495423
0.113701
-0.230170
0.170933
0.310114
-0.384641
-0.166033
0.485505
0.256891
-0.094099
-0.037007
-0.435096
-0.121255
-0.025070
0.027813
0.138979
-0.184107
0.636042
-0.027855
0.292927
-0.434536
-0.144277
-0.492397
0.138170
0.055746
0.321365
-0.341291
0.288483
0.414359
-0.157196
0.266173
0.314214
-0.031364
-0.073378
-0.375847
0.001139
0.424299
-0.293120
0.391238
0.067146
-0.107821
-0.051832
-0.285036
0.353217
-0.132111
-0.439801
0.422580
-0.154616
0.189070
0.206597
-0.402407
-0.277076
0.216859
-0.380314
0.152855
0.026652
0.236802
0.210996
-0.163984
-0.250964
-0.081086
0.181633
-0.088289
0.049334
0.071197
0.139878
-0.150136
0.074532
-0.087740
-0.041727
-0.226049
-0.125343
-0.162243
0.293623
-0.111367
0.050302
0.339843
0.460786
0.072793
-0.177520
0.104033
-0.481856
-0.115353
-0.231132
-0.169583
0.074414
-0.089077
0.033735
-0.013867
-0.387064
-0.171310
-0.463571
0.453880
0.325300
-0.259294
0.160930
-0.523062
-0.567884
0.193746
0.423926
0.293875
0.358800
-0.147686
-0.183518
-0.471887
-0.258758
0.014081
-0.524673
0.080104
0.129786
0.154082
0.373576
-0.453170
0.370758
0.548773
-0.262418
-0.025979
0.322418
-0.547997
0.656688
-0.101487
-0.458873
0.224939
-0.205130
-0.321739
-0.523073
0.171827
0.178448
-0.603955
-0.524146
0.071273
0.111682
-0.384809
-0.530895
0.285251
-0.276061
0.320628
0.279571
0.331169
0.797925
-0.297062
-0.004753
0.468388
-0.139594
-0.526609
-0.039578
-0.158544
0.378870
0.217446
-0.184884
0.239109
0.103534
-0.497563
-0.321131
-0.029596
0.569892
-0.049342
-0.545209
0.147055
-0.107290
0.332604
-0.453998
0.190460
-0.205290
-0.141737
-0.007680
0.098488
0.612037
0.026473
-0.081938
0.192244
0.296450
-0.227103
-0.364165
0.294937
0.388479
0.263285
-0.241305
0.305446
-0.152141
-0.031541
0.175513
0.256974
0.083396
0.261350
0.224930
-0.491418
-0.185413
0.014094
-0.210387
-0.316799
-0.262808
0.485645
0.427320
0.353118
0.022451
-0.070961
0.084049
0.487660
-0.487701
0.226589
-0.273790
0.233619
0.106048
-0.369108
0.347440
-0.357238
0.157795
0.408155
0.725112
-0.465205
-0.364935
-0.393714
-0.189612
-0.298189
0.494504
-0.243544
-0.143183
-0.594793
0.180955
0.648192
-0.281246
0.220596
-0.020164
-0.409450
0.040170
0.380720
0.350208
-0.590464
0.098131
0.004870
-0.169420
-0.162829
-0.146836
0.072464
-0.283068
-0.217216
-0.625963
0.161268
-0.152104
0.206316
0.416990
-0.135845
0.266926
0.265519
-0.720260
-0.183963
-0.100397
-0.010003
-0.081772
-0.049969
0.491655
-0.286933
-0.321999
0.467843
-0.227225
0.452577
0.698790
-0.402126
-0.409455
0.230624
0.475598
0.037179
0.308889
0.461473
0.446890
0.063940
-0.030139
0.348916
0.399564
0.081077
0.345188
-0.385072
0.116495
-0.076498
-0.305062
0.350245
0.422292
0.348570
-0.239142
0.139896
0.130717
0.298913
0.281680
0.228898
0.204144
0.292422
-0.640253
0.052122
-0.097761
0.230774
-0.833534
-0.428875
0.422673
0.238658
-0.121675
-0.182947
-0.006394
0.159963
0.278038
-0.401814
0.427050
-0.090135
0.199733
-0.318803
0.415740
-0.421670
0.017017
-0.204872
0.027173
-0.183738
-0.470226
-0.197577
-0.066325
0.164673
-0.653296
-0.352840
-0.097135
0.068742
-0.531848
-0.156356
0.370443
0.436422
0.254192
0.514814
0.105992
0.042713
0.385075
0.404210
0.252589
0.478208
0.390726
-0.309804
-0.392928
-0.034746
-0.102807
-0.085604
0.467613
-0.025289
-0.182287
-0.274078
-0.278640
0.204613
0.647135
0.031788
1.041465
-0.489342
0.342554
0.328881
0.474576
0.006408
-0.691579
0.028087
-0.123246
0.000506
0.146099
0.160238
0.388823
0.340184
0.080442
0.060591
0.232436
-0.159065
-0.061196
0.082661
-0.330956
0.186783
0.254864
-0.386828
-0.001833
0.231283
0.326086
0.204704
0.219759
-0.012140
0.148429
0.271287
0.334888
0.514379
0.047602
0.339972
0.512543
0.228108
0.174590
-0.357956
-0.136247
0.077223
0.325966
-0.313953
0.784659
0.171780
-0.223381
-0.249732
-0.299028
0.067272
0.250333
-0.271617
0.328563
-0.051321
-0.103127
0.098078
0.025401
0.000114
0.098369
0.443094
-0.088714
0.154226
0.213366
-0.367220
0.447072
-0.412250
-0.040197
0.547354
-0.520687
0.666612
0.216388
-0.509351
-0.594566
-0.222255
-0.106585
-0.106962
0.554171
-0.038406
0.722386
-0.235461
-0.051045
0.326529
-0.230688
-0.014464
-0.131236
-0.231648
-0.644519
0.342811
-0.243729
0.563437
-0.644487
0.044864
0.236973
0.357290
-0.099571
0.125144
0.053531
-0.330303
0.050601
0.275824
-0.181106
0.089021
0.645896
-0.373024
0.077391
-0.237822
0.331455
0.387188
-0.017612
0.118737
0.154192
0.483940
0.265276
-0.139642
0.269202
-0.051188
0.275227
-0.430614
-0.154681
0.539873
-0.193663
0.068538
-0.044915
-0.068727
-0.046517
0.466332
0.360135
-0.012262
-0.366336
-0.430749
-0.586621
0.471026
-0.095968
-0.245607
0.443099
-0.083910
-0.345902
-0.177315
-0.254569
-0.215854
0.363109
0.509362
-0.662098
-0.274692
-0.452879
-0.321053
0.595373
-0.408746
0.368656
0.124824
-0.352808
-0.261798
-0.457389
-0.591945
-0.455876
0.538040
-0.411163
0.485550
0.411450
0.322738
0.145767
-0.254036
-0.187331
-0.518483
0.214039
-0.268008
0.315848
-0.139883
0.227845
0.279516
0.343792
0.279509
0.244147
0.164740
0.243442
-0.329695
0.366835
0.021620
0.173242
0.190942
-0.601475
0.309648
-0.302862
0.310084
-0.187138
0.459508
-0.208435
-0.570826
-0.503202
0.138087
-0.250419
0.231636
0.466957
-0.118026
0.394712
0.120569
-0.191775
-0.362152
-0.219329
-0.204936
0.481994
-0.012810
-0.129788
0.031314
0.149014
-0.366531
0.248055
0.145707
0.374879
-0.286901
0.372877
-0.445863
-0.106964
-0.193890
-0.605679
0.443010
-0.355486
-0.153497
-0.324232
0.445083
-0.274827
-0.171391
0.696275
-0.364265
-0.064953
0.198119
0.412253
-0.155190
0.243932
0.030027
0.236924
0.030603
-0.533268
-0.061922
0.261258
0.188581
0.269365
0.410761
-0.416227
0.051282
-0.760530
0.641566
-0.638391
0.651596
-0.338285
-0.527190
0.175551
0.306792
0.074954
0.217056
0.170529
0.149617
-0.256941
-0.481745
-0.180313
-0.361785
0.120871
-0.009536
-0.126238
-0.539121
-0.142796
0.128523
0.234194
-0.419252
0.009296
-0.233015
0.505791
0.401075
-0.186359
0.218408
0.117005
0.280499
-0.039105
0.121315
0.512211
0.726938
0.103151
0.561009
0.215702
-0.297771
-0.267241
-0.172218
0.408886
0.187068
0.148043
0.123683
0.448814
0.149097
0.211586
0.399784
-0.170278
-0.262881
-0.084302
-0.226999
0.038069
-0.418675
0.318840
-0.334649
0.219020
0.057858
-0.008886
0.426195
0.296119
-0.159044
-0.472202
-0.762456
-0.039091
0.125260
-0.183141
-0.392421
-0.489598
-0.174300
-0.027404
-0.250800
-0.377223
0.429790
0.057517
0.030909
0.402504
-0.358681
0.700713
-0.588190
-0.106822
-0.061266
0.155735
0.200078
0.540748
-0.115647
-0.021436
0.000172
0.085141
-0.025015
0.187939
0.295748
-0.466933
0.237144
-0.620056
0.648005
0.238784
-0.176715
-0.699862
0.091268
-0.332067
0.373110
0.104428
-0.288702
0.135179
0.202157
-0.430577
0.094974
-0.472437
0.089556
-0.032278
-0.144673
0.482941
0.263833
-0.447714
0.543514
0.361870
0.177460
0.393924
-0.326737
-0.089197
-0.367763
-0.248275
-0.233763
-0.128349
0.252600
-0.030958
0.010946
-0.270669
0.327024
-0.182776
-0.060363
-0.328308
0.016515
-0.483944
0.549092
0.098100
0.023430
-0.362787
-0.533045
0.148871
0.180183
0.643075
-0.393220
0.154871
0.658621
-0.549720
0.048892
-0.115869
0.438268
0.295227
0.389762
0.196737
-0.584705
-0.337680
0.025700
-0.348958
0.299878
0.107797
0.032192
0.497862
0.134476
-0.390275
0.008779
-0.008325
-0.000821
-0.087070
-0.297052
-0.000151
0.023600
-0.369605
-0.064123
-0.286851
0.137099
-0.309914
-0.382538
-0.356390
0.626168
-0.006616
0.211881
-0.691618
-0.541802
0.240888
0.197553
0.602485
0.084979
0.492227
0.399613
-0.354025
-0.125092
-0.500484
-0.659305
-0.515771
-0.205872
0.077287
0.025367
-0.246775
0.212090
-0.261423
0.503207
0.027274
-0.257688
0.077195
-0.139539
0.077300
-0.299690
0.477702
0.174662
0.240029
0.220073
-0.047178
-0.621909
0.215671
