-0.017736
-0.276678
-0.006348
-0.563292
-0.002711
-0.425738
0.150777
0.355112
-0.277813
0.239725
0.104814
-0.287765
0.096513
-0.264440
0.448626
0.518276
-0.495423
-0.300199
-0.230170
-0.104883
0.350630
-0.384641
-0.259027
0.394117
-0.432073
-0.089289
-0.296597
-0.435096
0.223095
-0.309135
-0.114666
0.248475
-0.275037
-0.024983
0.289994
-0.193649
0.036743
-0.496970
-0.564823
0.248380
0.188949
-0.436918
-0.415093
0.540619
0.414359
0.178794
0.266173
0.314214
-0.252554
0.180266
0.406172
-0.183408
-0.108536
0.279497
0.078082
-0.286042
-0.218077
0.551596
0.326568
0.155915
-0.132111
-0.515607
-0.268714
-0.397243
-0.113248
0.362179
0.357295
-0.210138
0.344213
-0.380314
0.238975
-0.400967
0.094678
0.507388
-0.163984
0.086379
-0.291662
0.208036
0.572382
-0.496510
0.035655
-0.291689
-0.482876
0.077545
0.111173
0.386135
0.307278
0.372609
-0.221193
0.198333
0.358219
0.127098
-0.635414
0.166345
-0.030105
0.064531
-0.167344
0.240080
-0.115353
0.134744
-0.027152
-0.017864
-0.384353
0.033735
-0.034208
-0.268547
-0.358308
-0.492876
0.409391
0.388708
0.425291
-0.308476
-0.633039
0.177626
-0.107659
-0.105006
0.010631
-0.260499
-0.147686
0.538778
0.280193
0.250261
-0.118086
-0.404540
0.186807
0.577881
-0.146662
0.150333
-0.058860
-0.422722
0.567204
-0.314956
0.062152
0.106150
-0.547997
0.610382
-0.165711
0.340210
-0.396241
0.058225
0.576799
-0.179784
0.106592
-0.281719
-0.576975
0.035901
-0.501804
0.537832
-0.134221
0.012197
0.285251
-0.372611
0.526380
-0.273615
-0.441750
0.797925
-0.030110
0.153500
-0.555368
-0.139293
-0.526609
0.369274
0.746342
0.466576
-0.518870
0.018754
0.342040
0.153090
0.379659
-0.143317
0.138476
0.077445
0.112427
-0.216211
-0.586277
-0.390425
0.238096
-0.065723
0.394008
0.006223
-0.103774
-0.349270
0.206864
0.340092
0.244701
0.141733
0.044008
-0.408739
-0.055760
-0.425112
0.380150
0.388479
-0.171742
-0.241305
0.337271
0.487911
0.038404
-0.528995
-0.261467
0.047904
0.261350
-0.242258
-0.610606
-0.192869
-0.463535
-0.106965
-0.316799
-0.360332
-0.177242
0.427320
0.285454
-0.157458
-0.435475
-0.507229
-0.428680
-0.131554
-0.045830
-0.204589
-0.325198
0.302197
0.273779
-0.128557
0.159605
-0.372230
0.119329
0.349928
0.612347
-0.488104
0.096706
-0.189612
0.202228
-0.351836
-0.200562
-0.065346
-0.474044
0.180955
-0.031584
-0.079471
-0.244190
0.050027
-0.386852
0.067863
0.284016
-0.035034
-0.590464
0.025636
-0.169663
-0.271373
0.257019
0.431885
0.048379
0.876316
0.167921
-0.410627
0.368860
-0.562135
0.028432
-0.516718
0.486149
-0.029630
-0.145497
0.451959
0.638969
-0.018324
-0.235253
-0.017328
-0.464186
0.418868
-0.286933
-0.010177
0.467843
-0.444221
0.467049
0.392791
0.286434
-0.496842
0.119238
-0.167370
0.551462
-0.459042
-0.214521
0.370349
0.375595
-0.369166
0.060489
0.399829
-0.359506
0.404905
0.254153
0.037256
-0.347725
-0.505602
0.196255
0.381606
-0.000296
-0.091628
0.186582
-0.129790
0.418504
-0.044597
0.235628
0.028994
0.274573
0.066260
-0.356026
-0.335592
-0.314781
0.499658
-0.310766
0.416745
0.161278
-0.461258
0.229065
-0.238309
-0.337965
-0.115000
-0.121416
-0.179066
0.339310
0.139465
-0.309406
-0.499737
-0.421670
0.654745
-0.281385
0.221167
-0.183738
0.258906
0.005091
-0.112274
0.459132
0.652576
-0.009285
-0.200199
-0.166790
-0.213695
-0.434268
0.415986
0.436422
-0.223552
-0.813710
-0.167012
0.551652
0.097623
0.500813
0.413510
0.105000
0.368468
-0.309804
-0.447526
-0.254989
-0.102807
0.090456
-0.191025
0.124160
-0.224956
0.338149
0.324861
0.283951
-0.214045
-0.047789
0.459024
0.349837
0.257780
0.158176
-0.095982
-0.350319
0.238189
-0.093747
-0.238624
0.416234
-0.503861
0.626854
0.196090
0.340184
0.009136
-0.515308
0.339826
-0.159065
0.027638
0.033266
0.272541
0.391409
-0.102146
-0.459022
0.510295
0.571445
0.077711
0.559794
-0.230825
0.313457
-0.005415
-0.420277
-0.032582
0.305357
-0.492067
-0.337364
-0.464212
-0.116225
-0.270111
0.239696
0.394622
-0.058458
-0.035054
0.012284
0.094011
-0.228716
-0.077296
0.122518
0.290731
0.223499
0.512818
-0.130008
0.422891
-0.143944
-0.305290
0.065873
-0.118285
0.446205
0.243161
0.082119
-0.238763
0.140592
0.193540
-0.118564
-0.149450
-0.163138
-0.040197
-0.122049
-0.520687
0.504906
0.216388
-0.491995
-0.232180
-0.222255
0.187568
-0.260333
0.527585
-0.038406
-0.289321
-0.238869
-0.356725
0.030489
0.383821
-0.195074
-0.162058
-0.100477
-0.263603
-0.301211
0.186803
0.194095
0.050130
0.241234
-0.098192
-0.340484
0.242524
-0.385209
-0.146800
0.125591
0.177695
0.236381
-0.075369
0.149915
-0.413927
-0.373024
-0.644330
0.306291
-0.418562
0.387188
-0.017612
0.126446
0.337159
0.241184
-0.354437
0.228296
-0.185180
-0.239548
0.144281
-0.655081
0.653211
0.361637
0.007977
0.068538
0.062601
-0.243645
-0.549329
0.012939
0.125292
-0.317737
-0.371435
-0.415826
0.230831
0.670074
-0.117954
-0.557739
-0.187932
-0.083910
-0.235924
0.046637
0.388513
0.001637
0.175746
-0.027984
-0.322504
0.296244
0.315643
-0.087347
-0.457606
-0.390065
-0.030233
-0.155335
0.002844
-0.524570
-0.485726
0.510559
0.446129
0.214220
-0.468030
0.485550
-0.572233
-0.359864
0.418517
0.698086
-0.024816
-0.119221
0.156358
-0.268008
0.071765
-0.074432
-0.331387
0.018812
0.449007
-0.276503
0.068804
0.435515
-0.535459
0.179852
0.260285
0.021620
0.057565
0.010213
-0.449884
0.012972
0.459307
-0.223293
0.169148
-0.295905
-0.004272
0.303191
-0.621160
-0.124777
0.135674
-0.285578
-0.124899
0.461583
0.013544
-0.276290
-0.231463
-0.425337
-0.244289
0.188285
0.344039
-0.012810
0.007234
-0.390518
0.543236
0.076341
0.279623
0.007753
0.123087
-0.503929
0.634943
-0.445863
-0.106964
0.130152
0.517462
0.443010
-0.277182
-0.104554
-0.324232
0.214690
-0.273924
-0.265582
0.546353
0.401148
-0.143296
-0.217484
-0.201982
0.442154
0.354784
0.141633
0.236924
-0.252646
-0.533268
-0.387393
-0.514577
0.188581
0.408518
0.043125
-0.023392
-0.085243
0.275553
-0.333042
-0.638391
-0.187302
-0.218101
-0.195896
0.153593
0.306792
0.203210
0.217056
0.186264
0.353807
-0.078861
-0.387208
-0.367958
0.217990
0.120871
-0.009536
0.239207
0.278742
-0.417808
0.408617
0.149813
0.672877
-0.265307
-0.094153
0.470165
0.021636
0.049893
-0.480586
0.099646
0.060416
0.578151
-0.310505
-0.225158
0.726938
-0.383515
-0.333816
-0.201745
0.658362
-0.246698
0.017463
0.513066
0.657079
0.148043
0.385057
0.099680
0.337700
-0.185806
0.000935
0.517081
0.422196
-0.084302
0.352205
-0.229582
0.153679
-0.041678
-0.145385
-0.146401
-0.169156
-0.525825
0.294919
0.355967
0.230997
0.331414
0.616190
-0.491891
0.196206
0.000134
0.174172
-0.029671
-0.228290
0.691173
0.446328
0.301524
0.429790
-0.005991
0.049350
-0.554796
-0.239967
0.389617
-0.503067
-0.590699
0.127698
-0.087795
-0.159880
0.048902
-0.074134
0.369866
-0.057652
-0.196826
0.702606
-0.443580
-0.207186
-0.132471
0.261391
-0.248610
-0.494594
-0.152595
-0.026265
0.050645
-0.362860
0.310680
0.400250
-0.255517
0.250619
0.135179
0.151926
-0.498762
0.063510
0.055144
-0.011071
0.130163
0.357299
-0.173218
0.293823
0.342621
-0.123012
0.258567
0.177460
0.299385
-0.239528
0.220914
-0.300168
0.056594
-0.217505
0.256276
0.252600
0.435417
-0.368198
0.621988
0.247118
-0.546152
-0.180058
-0.360003
0.182182
0.118816
0.539538
-0.148401
-0.214182
-0.115456
0.365730
-0.608378
-0.244384
0.048395
0.127150
0.348200
-0.556902
-0.243029
-0.073083
-0.085071
-0.424750
0.602819
-0.121840
0.054342
0.147313
0.022412
0.037336
-0.302331
0.299878
0.104897
0.032192
-0.525318
-0.232645
0.630240
0.230828
0.479946
-0.000821
-0.160776
-0.656815
0.074007
-0.504119
-0.369605
-0.242798
-0.233878
-0.074048
-0.385182
-0.082968
-0.055786
0.256859
0.471762
0.473490
-0.691618
-0.600207
-0.365276
0.197553
0.232006
-0.151664
0.584831
-0.035750
-0.002148
0.258929
-0.075418
0.222401
-0.467209
0.576162
0.077287
-0.185402
-0.575989
-0.536285
0.460230
0.453111
-0.219673
0.037120
0.242232
-0.288154
0.012666
-0.023242
-0.331586
-0.109473
0.313226
0.552617
-0.115992
0.263708
-0.299188
