0.208900
-0.533389
-0.122114
-0.127035
0.174766
-0.180544
0.480527
0.380696
0.371927
0.146608
0.252145
-0.344489
-0.017462
-0.439035
-0.535793
-0.066674
-0.220071
-0.284929
0.033883
-0.525087
-0.221071
-0.358284
-0.137282
-0.203122
-0.194819
0.255241
0.758912
-0.007146
-0.274286
0.693019
-0.172050
0.292813
-0.285461
0.503117
0.518883
-0.516768
0.145204
0.277137
-0.643981
0.216493
0.177921
-0.127913
-0.566606
-0.113450
0.025076
0.178794
-0.255467
-0.107499
-0.174490
-0.479474
0.144903
0.823495
0.130888
0.190789
0.203878
-0.371313
-0.018559
0.059712
0.329086
0.602389
0.048395
-0.330337
0.380120
-0.394346
-0.388482
-0.009662
0.084889
-0.342936
0.454005
-0.101531
0.170909
0.024117
0.277012
-0.138061
0.459880
0.061612
0.176834
0.114592
-0.206140
-0.256330
-0.254464
-0.418888
-0.131445
-0.260958
-0.086388
-0.030979
0.444398
0.572335
-0.127233
-0.180318
-0.004989
0.230511
-0.321588
-0.028668
0.320419
-0.072787
0.188586
0.414061
-0.202315
0.381238
0.091445
-0.260327
-0.107681
0.272192
0.370677
-0.031654
0.456334
-0.370367
0.117986
-0.139326
0.539775
0.216773
0.076215
-0.225802
-0.098541
-0.025211
0.260782
-0.029491
0.552106
-0.625644
-0.347285
0.237903
-0.281928
-0.309100
-0.409331
0.227538
-0.250066
0.440019
-0.455216
0.112125
0.468251
-0.238949
-0.338754
0.170489
-0.466571
-0.238795
-0.149882
-0.262756
-0.120990
0.123186
-0.530770
-0.314879
-0.393189
0.363522
0.121309
-0.065322
-0.272627
0.146738
0.476317
-0.548564
-0.133248
-0.105908
-0.109130
0.170032
-0.093223
0.047607
-0.213197
0.214246
0.214117
-0.453478
-0.536059
-0.529994
-0.372915
-0.147260
0.131750
0.024403
0.469363
0.175660
-0.383155
-0.130008
-0.024340
0.403332
-0.128796
-0.259894
0.301650
-0.255388
-0.206117
0.053811
-0.248769
-0.197704
0.070405
0.683050
0.023637
-0.540903
0.058339
-0.167203
0.127362
0.119916
0.560113
-0.431321
-0.205173
-0.162744
-0.171742
-0.297896
-0.129972
-0.466505
-0.209714
-0.614704
0.104697
0.606272
-0.207393
0.106236
-0.344924
-0.038946
-0.421338
-0.174805
-0.390205
-0.273260
0.167784
0.314564
0.111256
0.015391
-0.023068
-0.150180
-0.618722
0.422445
0.129558
-0.183004
0.125972
0.142540
-0.121452
-0.089067
-0.442965
-0.343131
0.416761
0.620980
0.104972
-0.399117
-0.009827
-0.254502
-0.049847
-0.321041
-0.824406
0.376027
-0.350917
-0.485721
-0.017018
-0.021592
-0.504630
-0.353699
-0.502594
0.479109
-0.556777
0.000564
-0.599149
0.622569
-0.172507
-0.416305
-0.415763
0.078282
-0.217686
-0.006834
0.123513
0.366134
0.107901
0.273978
-0.074652
0.377570
0.544665
-0.322546
0.445953
-0.306930
-0.338024
-0.566264
0.146201
0.154006
0.032914
0.585664
0.543656
0.307542
-0.051509
-0.139079
-0.277083
-0.497912
0.042379
0.172201
0.025641
-0.070546
-0.157361
0.163028
-0.014664
0.398874
0.453393
-0.018678
-0.375092
-0.484098
0.359526
0.376162
0.679377
-0.082219
-0.244491
-0.437185
0.232098
-0.173606
0.151277
0.024183
-0.012520
0.053900
-0.274412
0.412377
0.036475
-0.149434
0.171878
0.434515
-0.136598
-0.485690
0.095055
0.030808
0.388455
-0.651416
-0.319951
0.331826
-0.519443
0.156295
0.384674
0.405456
-0.532584
-0.157105
0.454802
0.611392
0.029362
0.335116
-0.015570
0.284188
-0.080686
0.035444
0.304619
-0.118240
0.244055
-0.475198
0.322694
-0.073214
-0.024204
-0.440722
-0.264945
0.037460
-0.413767
0.406308
-0.418682
0.398531
0.036405
-0.259308
0.358952
0.035945
-0.020614
0.159415
0.040177
-0.429299
0.098966
0.353487
-0.198653
-0.229893
0.267663
-0.036708
-0.160341
0.533649
0.178573
0.223370
-0.301492
0.007275
-0.079958
-0.256487
-0.018935
-0.025136
0.324937
-0.078705
0.161978
-0.246492
0.414725
-0.215230
-0.134186
-0.542081
-0.387124
-0.078070
-0.412077
0.037579
0.327001
-0.321699
-0.601191
-0.613311
-0.104159
-0.005342
-0.612098
-0.044568
-0.324530
-0.320603
0.129148
0.241829
-0.214901
0.424718
-0.012140
-0.193678
0.331833
0.446706
0.429901
-0.538178
0.056236
0.038271
-0.026929
-0.299355
-0.004737
-0.428289
0.036112
0.235582
0.014907
0.211300
0.222826
-0.106898
0.459087
0.280237
-0.386705
0.546665
-0.146767
-0.110442
0.421633
-0.246737
-0.207195
-0.209345
0.260781
-0.072209
-0.156861
-0.110886
0.009921
0.400530
-0.119383
-0.086274
0.072931
-0.148747
0.192931
-0.014986
0.233362
0.105195
-0.638152
-0.208213
-0.346674
-0.395734
-0.039009
-0.327261
-0.153237
-0.594858
-0.297102
0.227939
0.369227
0.856382
-0.239677
-0.131520
0.022703
-0.111889
-0.253853
-0.200851
0.204066
-0.103488
0.073112
0.049020
0.240164
-0.343055
0.191385
-0.026958
-0.624859
-0.459118
-0.100781
-0.842764
0.126843
0.306261
0.390047
-0.134717
-0.139528
-0.552969
0.377245
-0.442513
-0.351805
-0.150670
-0.229813
0.118668
-0.444061
0.244112
-0.266214
0.323247
-0.191145
-0.238795
-0.351100
-0.441594
0.246063
0.188882
0.536198
-0.536992
0.123704
-0.333232
0.016769
-0.024641
-0.222878
0.036990
0.023338
0.551888
0.256454
0.089293
0.295594
0.246206
-0.087835
-0.176279
0.063549
-0.021621
-0.305018
0.234940
-0.474811
0.167936
0.366535
-0.125587
0.380739
-0.146959
-0.189921
0.101616
-0.072754
0.531822
-0.368800
-0.186727
0.228878
-0.366918
-0.445716
0.197382
0.358983
0.310904
-0.273454
-0.191335
0.039438
0.251390
0.147716
0.596678
-0.038798
0.279314
0.132710
-0.131306
-0.703710
0.008263
0.315349
-0.274559
0.423563
-0.400346
0.025250
-0.029398
-0.613196
-0.323281
0.280322
-0.523777
-0.120721
-0.205136
0.434360
0.029804
-0.446963
-0.470925
0.042061
0.542164
0.145729
-0.236784
0.275010
-0.386582
-0.121573
0.211541
0.212336
0.034495
0.188285
0.049147
0.140842
-0.354084
0.428487
0.136375
-0.590550
-0.171245
-0.406084
-0.387427
-0.286823
0.455287
0.304987
0.070293
0.583306
-0.329178
0.115635
-0.151751
0.116004
0.030166
0.329766
-0.132143
-0.273168
-0.242999
-0.557944
0.359328
0.242827
-0.577984
-0.266566
0.499434
0.006937
-0.261671
-0.115174
0.402350
0.373663
0.560100
-0.500850
-0.188139
-0.449949
-0.192214
0.153724
-0.499031
0.135508
0.530904
-0.529309
-0.549354
-0.146563
0.051565
0.348793
0.261297
-0.377195
-0.051390
0.098680
-0.186015
-0.356146
-0.125658
-0.332657
-0.456602
0.260866
0.244519
0.369648
-0.482866
0.073364
0.143944
0.160929
-0.304083
0.636600
-0.251666
0.325767
-0.055486
-0.184212
0.414641
-0.772026
-0.056363
-0.336591
-0.106780
-0.472581
0.189622
0.420201
0.725113
0.301500
0.142817
-0.416574
-0.215264
0.145923
-0.687910
-0.014755
0.167718
0.183912
0.441410
-0.185090
-0.351479
-0.229645
0.283743
-0.341980
-0.466833
-0.608247
-0.462854
-0.431547
-0.029342
0.197165
-0.516613
-0.387950
-0.113926
-0.341151
0.057533
0.534612
0.286587
0.106965
-0.424259
-0.411727
0.023723
-0.334112
-0.024012
-0.076962
0.415554
-0.068037
0.413803
0.124525
0.314048
-0.245527
0.560974
-0.469122
-0.197813
-0.427627
0.191128
-0.143643
0.503489
0.393746
0.414658
-0.054261
0.101402
-0.101080
0.165418
-0.067391
-0.441496
0.049207
0.014221
0.374038
-0.479457
0.403234
0.522624
-0.476635
0.352556
-0.230341
0.061435
-0.211708
0.274205
0.294083
0.282519
0.205754
-0.634904
0.417713
-0.074830
0.380847
0.472812
0.260260
-0.139983
-0.293081
-0.165920
0.019251
-0.002067
0.043552
-0.132159
-0.012605
-0.103556
0.178501
-0.138779
-0.054463
0.191675
0.122672
0.423051
0.470587
0.343529
-0.460104
-0.325742
0.117838
0.094328
-0.566088
-0.560522
0.009631
-0.115456
-0.356378
-0.574671
-0.191608
0.012230
0.482235
0.106495
-0.358296
0.752842
0.207491
0.174181
-0.046495
0.613901
-0.211536
0.064501
0.200309
0.134636
-0.465503
0.356538
0.529979
0.083474
0.185727
0.523779
-0.203629
0.672458
-0.267400
0.278078
-0.207618
-0.218872
-0.518206
0.046560
-0.231463
-0.394341
0.121601
-0.272670
0.302858
-0.178222
-0.091187
-0.157302
-0.105063
-0.345198
0.377132
0.350669
0.179884
-0.273001
0.472578
0.162689
0.299853
-0.339251
0.335175
0.268877
0.187728
0.119686
-0.662396
0.121056
-0.350853
0.569672
-0.376063
-0.505626
0.116990
-0.098527
-0.193052
-0.722745
-0.621609
-0.358494
-0.361927
0.515460
-0.316293
-0.004092
-0.625600
0.318494
-0.538401
-0.166717
-0.175135
-0.310585
