0.243695
-0.376897
0.038767
-0.530058
-0.301650
-0.347948
0.270530
-0.395389
-0.120205
0.387511
-0.157470
0.172750
0.059966
-0.309959
0.245268
-0.583388
-0.288546
-0.232596
-0.016993
-0.018111
-0.668018
0.041087
-0.222926
-0.514354
-0.862710
-0.086540
0.066207
0.121234
0.373500
-0.084324
0.460741
-0.500000
0.321642
-0.212798
-0.016792
-0.113745
0.443707
0.303268
-0.095000
0.197526
0.152610
-0.293161
-0.060688
0.289306
-0.566764
-0.583798
0.117340
0.188575
0.546928
0.353175
-0.271229
-0.017326
0.609769
-0.325204
-0.340338
0.185854
0.185184
0.063513
-0.313928
-0.371862
0.204311
-0.424667
0.401400
-0.390499
0.389527
0.447500
0.215256
0.016438
0.169938
-0.514127
0.404676
-0.220565
0.174457
0.332986
0.358211
0.068417
-0.486589
-0.334081
-0.430719
-0.482748
0.194617
0.540459
-0.320910
-0.219342
-0.191465
-0.359803
0.345768
-0.039129
-0.182095
0.526669
-0.161478
0.006465
-0.294155
0.331215
0.180189
-0.755127
-0.150197
-0.505972
0.744969
0.362798
0.134492
-0.247512
0.428865
-0.092155
-0.249348
-0.347720
0.451821
0.270010
-0.223321
-0.461415
0.022734
-0.188556
0.439176
-0.403266
-0.173900
-0.074857
0.040038
-0.206836
0.067038
-0.441879
-0.119212
0.002310
-0.083203
-0.274782
-0.295671
-0.024120
-0.138540
-0.082395
0.099090
-0.442646
0.208564
-0.076497
-0.040698
0.158482
0.568068
-0.409979
-0.205381
0.145233
-0.320062
0.443165
-0.348839
-0.606390
-0.271872
-0.206216
-0.525397
-0.242529
0.069214
-0.701975
0.701044
0.170239
-0.231645
-0.434616
0.222239
0.075427
-0.173608
0.450597
-0.140939
0.059310
-0.198961
-0.062010
0.197205
0.217879
0.508826
0.005028
-0.134562
-0.585747
0.242048
0.465370
-0.155206
-0.625116
-0.402222
-0.010920
-0.460739
-0.147663
0.255763
-0.066834
0.269851
0.240308
-0.227304
-0.439176
-0.036492
-0.144858
0.129217
-0.412577
-0.025801
0.246287
-0.163346
0.222464
-0.228474
0.265970
0.378693
-0.318806
0.055127
0.293067
0.342212
0.089912
0.169969
-0.745628
0.098545
0.786820
0.387018
-0.476194
0.498611
-0.553047
-0.419695
0.393200
0.536968
0.201704
0.265366
0.440080
-0.005050
-0.424271
0.237392
-0.262719
-0.226225
0.241729
0.317478
-0.171951
0.077454
-0.429829
0.269638
-0.284355
0.270471
0.104787
-0.447396
0.333758
-0.283728
-0.485814
-0.383761
0.132575
0.073439
0.058496
0.460798
-0.568722
-0.568416
-0.561588
-0.224043
-0.581166
0.326610
0.575074
0.014689
0.300179
0.323314
0.207854
0.367947
0.065810
-0.185814
-0.467023
-0.051700
0.569214
0.071573
-0.061187
0.586034
0.237563
-0.182145
-0.220204
0.274653
0.117507
0.356893
-0.371748
0.519427
0.563374
-0.172840
-0.494160
0.790952
0.216672
-0.114969
-0.082375
-0.010050
0.491522
-0.510092
-0.412292
0.419546
-0.067855
0.207455
-0.253745
-0.265498
-0.061872
0.148210
0.679004
0.234769
-0.108098
-0.342213
-0.028442
0.202939
-0.403998
-0.014219
0.095383
0.346544
0.032394
-0.707810
0.466456
0.150153
-0.416579
0.451479
-0.259641
-0.403767
0.109367
-0.237122
-0.264869
0.439139
-0.417094
0.129397
0.451324
-0.261291
-0.396119
-0.051646
-0.065233
-0.097655
-0.641425
-0.349741
-0.485390
-0.262436
-0.640171
0.257652
-0.527585
0.577924
0.327375
0.274285
-0.024771
-0.071679
0.420247
-0.091825
0.752658
-0.168427
-0.501923
0.265790
0.496502
-0.451146
-0.131479
0.191844
0.155869
0.197166
-0.527512
0.007578
-0.591032
-0.270346
0.329066
-0.476400
0.067497
-0.498491
-0.033475
0.521660
0.431250
0.193754
-0.217561
0.155266
-0.199636
0.253501
0.355826
-0.053490
0.146070
-0.375696
0.408254
0.099419
0.459862
0.217635
0.222321
-0.215035
-0.569069
0.093999
0.220114
-0.009055
-0.193917
-0.687710
0.501667
-0.440031
-0.324174
0.051522
0.137705
-0.308871
-0.314327
-0.261842
0.269647
0.124506
0.017491
0.232663
-0.003610
-0.344614
0.424907
-0.049320
-0.444239
-0.075939
0.273345
-0.373099
0.209365
-0.093755
-0.238917
-0.255797
0.159786
0.047772
0.044936
0.188030
-0.201610
-0.188498
-0.349204
0.224572
-0.249361
0.110885
-0.390325
-0.173625
-0.293902
0.477729
0.290558
0.483900
0.089713
0.030215
-0.294854
-0.162115
0.355354
-0.076657
-0.276960
0.540663
-0.149324
-0.414271
0.160455
0.043939
0.105474
-0.323321
0.382347
0.473267
0.414452
0.270550
0.650832
-0.178208
0.089049
-0.097018
0.120758
-0.332406
0.217413
0.530564
-0.263272
-0.392981
0.516559
-0.027161
-0.047797
-0.157880
-0.092605
-0.336296
-0.345730
-0.211546
0.267759
0.159300
-0.300751
0.341612
0.374593
-0.056093
0.503862
0.307443
0.200595
-0.156024
0.129840
-0.250615
-0.130471
0.203488
0.212484
-0.052847
-0.039990
0.847650
-0.182779
0.423015
-0.832655
0.074654
0.774814
0.350478
-0.205853
-0.437853
-0.096303
0.427281
-0.371668
0.144030
0.551246
0.130216
-0.000214
0.780212
-0.252607
-0.212703
0.294214
0.494307
-0.539940
-0.184173
-0.130912
-0.348925
0.517249
0.092563
-0.191743
0.312102
-0.029414
0.144161
-0.478203
-0.377235
-0.270486
0.348764
-0.641465
-0.126294
0.264110
0.030250
0.310573
-0.293631
0.081767
-0.023552
0.268703
0.584425
0.220000
-0.522897
0.119966
-0.137160
0.089938
0.316921
0.401528
-0.253970
0.298444
-0.303749
0.048054
-0.301785
-0.510438
0.516489
0.227412
0.244297
-0.158100
0.414562
-0.030787
0.048122
-0.217639
0.165321
0.212186
0.305932
0.263688
-0.353942
0.153218
-0.295050
0.216303
0.169295
0.038238
0.175626
-0.411554
0.174989
-0.167510
0.025760
-0.412280
-0.365611
0.327435
0.307926
0.416857
0.590830
-0.019098
-0.185453
0.382347
0.297001
-0.322314
-0.235401
-0.688713
0.245656
0.293713
-0.025880
0.030271
0.307914
0.164472
-0.556343
-0.635919
-0.414122
-0.199360
0.192577
-0.114131
-0.518310
0.131733
-0.439392
-0.190505
-0.378316
-0.474381
-0.189090
0.276287
0.213767
0.397227
0.251150
-0.193741
0.270169
0.184738
-0.067384
-0.173448
0.504830
0.607712
-0.235587
-0.231636
-0.207450
0.534907
-0.023060
0.478246
-0.297278
0.338246
0.214119
0.387829
0.521195
-0.582862
-0.634772
-0.196123
-0.030988
-0.174559
-0.022377
0.191394
-0.277613
-0.630251
-0.432631
0.285546
0.222326
-0.394608
-0.233771
-0.582097
-0.163236
0.284911
-0.438644
0.133861
0.308768
0.437527
0.046782
-0.102676
-0.316488
0.358102
-0.485329
0.266032
0.246015
-0.061483
-0.113258
0.443769
0.231712
-0.051693
0.414911
0.282130
0.512638
-0.479894
0.335104
0.392247
0.177066
0.427904
-0.131100
0.241606
-0.823231
-0.416420
-0.054526
0.290057
-0.218233
-0.289521
-0.104781
0.720321
0.035787
-0.000038
0.669220
-0.193905
0.279540
0.200021
0.290264
-0.688525
0.737178
-0.547552
0.100983
0.530528
0.150433
0.167917
-0.521939
-0.213393
0.160812
0.491723
-0.365427
0.407208
0.141355
0.234193
-0.305623
-0.044201
-0.452633
-0.269552
-0.471949
-0.169869
0.294956
-0.397390
0.618484
-0.023410
-0.016913
-0.329051
-0.485241
-0.082294
-0.261348
0.198901
-0.132535
-0.490559
0.260751
-0.437893
0.551364
-0.570808
-0.131941
0.137001
-0.115722
-0.106319
0.215687
-0.261336
0.315584
0.128987
-0.390461
0.111471
-0.307288
0.616044
0.362358
-0.520593
-0.197602
0.634242
0.527162
-0.011043
0.172917
-0.493813
-0.264189
0.138415
-0.039949
-0.542249
-0.080118
0.484483
-0.042552
0.636561
0.191051
-0.391056
0.665126
0.389347
-0.523929
-0.176539
-0.126691
0.343380
-0.320603
-0.213144
0.064389
0.457653
0.266760
-0.452266
-0.327688
-0.275728
0.455435
0.196525
0.026743
0.124639
-0.431685
-0.082642
0.529895
-0.128303
0.106093
0.539591
-0.068880
-0.417600
-0.589259
-0.466614
0.383508
-0.113342
-0.424705
0.142836
-0.622428
-0.157679
0.122348
0.168596
-0.099076
0.298908
-0.289492
0.260478
0.049270
0.238175
0.507867
0.377756
-0.062470
0.622781
-0.164541
-0.010500
0.089132
0.173691
-0.043196
-0.217426
0.461463
0.477561
-0.572397
-0.651963
-0.395052
-0.087824
0.332267
0.461154
-0.142945
0.230736
0.956233
0.286365
-0.265218
0.088147
0.196157
0.539553
0.043021
0.135130
-0.841627
0.143168
0.156968
-0.366566
-0.259540
0.237321
0.429526
0.035269
-0.254654
0.408690
0.063874
-0.633393
0.291479
0.100140
0.105422
-0.222071
-0.332309
0.530696
-0.578382
0.192004
0.271909
-0.200051
0.354705
0.006592
-0.182851
-0.092610
-0.038880
0.394703
