0.078729
-0.396209
0.077857
0.274913
0.064464
-0.286172
-0.740859
0.235964
-0.146230
-0.019005
0.109924
-0.194879
-0.370210
-0.215375
-0.093134
0.435971
0.009911
-0.088051
0.204123
-0.359258
0.416094
-0.043777
0.147518
0.157033
-0.034145
-0.441947
-0.198730
-0.072761
0.582386
-0.241253
-0.365148
-0.071998
0.320012
-0.229145
0.069183
0.229986
0.096185
0.122123
-0.290847
0.051813
-0.439083
-0.029286
0.548167
-0.216564
0.581562
0.335974
-0.053857
0.578678
0.172588
-0.438608
-0.073842
-0.033477
-0.156973
-0.381492
0.106137
-0.207393
0.266101
0.589674
-0.021496
0.067703
-0.227748
-0.427875
-0.555616
0.092874
0.018158
0.434996
0.248890
-0.494986
0.360026
-0.334734
0.456122
0.041247
-0.123040
-0.336280
0.507430
0.348161
-0.358027
-0.255220
0.315842
0.023709
-0.034009
-0.206309
0.442587
0.338792
-0.021247
-0.444967
-0.124070
0.413319
-0.195835
-0.165454
-0.319809
-0.296019
-0.211336
0.415853
-0.386759
0.557936
0.013697
-0.449023
0.222402
0.249452
-0.513177
-0.182095
-0.030956
0.552973
0.264911
-0.282835
-0.346282
-0.388984
0.228515
-0.162760
0.001023
-0.259120
-0.070124
-0.022619
0.150008
-0.456506
0.347058
-0.277469
-0.127231
-0.183518
-0.445168
0.089577
0.010990
0.122195
-0.135144
0.221144
0.345340
0.203917
0.598336
-0.501034
0.468251
-0.168116
0.333626
-0.623799
-0.253900
0.246172
-0.074864
-0.385514
0.014869
0.513440
-0.088624
0.419095
-0.060115
0.094619
-0.160357
0.319734
0.197853
-0.368952
0.318646
0.094926
0.265373
-0.475652
0.274688
-0.254440
0.538430
-0.383974
-0.119492
-0.066482
-0.239028
0.344990
0.112968
0.067148
0.402763
0.308166
0.049397
0.511525
-0.597679
-0.581004
-0.255291
-0.194471
-0.092115
0.380541
-0.194778
0.322006
0.424842
-0.130038
-0.774762
-0.332559
0.036603
-0.021982
-0.441691
0.139449
0.046119
0.618977
-0.078400
0.370706
0.059261
0.535064
-0.054027
-0.464595
-0.185146
0.210900
-0.192118
-0.234707
-0.143166
-0.034187
-0.013592
-0.109953
-0.301972
0.446864
0.577272
0.038786
-0.517519
0.001360
-0.146856
-0.473259
0.169978
-0.550454
-0.210948
0.381249
0.217730
-0.100552
0.084740
-0.334447
-0.384585
0.288013
0.182623
0.008624
0.166631
-0.050066
-0.460343
-0.266509
0.005712
0.339693
0.314299
0.531648
0.057918
-0.037779
-0.007291
0.020337
0.241296
0.475947
-0.425140
0.128293
0.510341
-0.196216
0.259580
-0.030178
-0.496110
0.761939
0.072328
-0.242979
-0.522026
0.164215
0.088854
0.548823
-0.528704
-0.124993
0.433489
-0.020443
-0.069845
0.127194
0.192628
0.345256
-0.185834
-0.493609
-0.255565
-0.323040
0.605883
0.412658
0.378455
0.231752
-0.138891
0.089231
-0.672920
-0.095153
-0.457038
0.727673
0.111356
-0.221277
0.047043
-0.195877
0.368958
0.556002
0.366377
-0.241349
0.204141
-0.075477
0.527022
-0.459042
-0.174507
0.153047
-0.063485
-0.083442
0.072870
0.425112
-0.185753
-0.209787
-0.402197
-0.104215
0.373214
0.553488
0.148277
-0.512698
0.202814
-0.040253
-0.063102
0.110396
0.027795
0.148129
-0.623981
-0.334578
0.390181
-0.095387
-0.265355
-0.451256
0.126684
0.300841
-0.433030
0.143483
0.061199
-0.272445
0.109700
-0.041043
0.668297
0.326439
0.432257
0.149497
-0.024156
-0.273279
0.419717
-0.052693
-0.150203
-0.117718
0.363244
0.221167
0.489285
0.027014
0.029820
0.335602
-0.345501
-0.109684
-0.102876
0.458570
0.199667
-0.218370
-0.019008
0.386251
-0.111618
0.578924
0.074185
0.122318
0.366408
0.340461
-0.115934
0.386846
-0.316541
0.052981
-0.358897
-0.278507
-0.295800
-0.163478
-0.020556
-0.399002
-0.041149
0.448138
0.142409
0.045062
-0.192556
-0.504663
0.156544
0.066579
-0.126018
-0.421776
-0.578810
-0.238183
-0.526837
-0.644109
-0.107190
-0.511560
0.487754
0.433170
0.011995
0.206581
-0.096653
-0.247944
0.404635
0.200057
0.168001
0.210398
-0.020524
-0.330956
0.347099
-0.024295
0.273462
0.285516
0.319860
-0.317863
0.050624
-0.263159
-0.289926
-0.573746
0.550502
-0.238623
-0.300268
-0.615325
0.222632
0.270903
-0.508632
0.227188
-0.199191
-0.632097
-0.025141
0.193204
0.553416
0.363883
0.222826
-0.299276
0.013624
0.713401
0.022686
-0.635656
0.651350
-0.277016
-0.467237
-0.286645
0.196375
-0.273798
0.441984
-0.419071
0.108557
0.398407
-0.193886
0.089023
0.258947
0.181811
-0.115244
-0.083603
0.256316
0.187220
0.182265
0.092826
-0.329607
-0.480328
-0.073960
0.184712
0.293775
-0.078334
0.482053
0.363095
0.366361
0.227939
-0.300900
-0.410098
-0.266592
0.303932
-0.021274
-0.167534
0.194198
-0.289770
0.336443
0.037819
0.404633
0.174484
0.321528
0.261875
0.533753
-0.468847
-0.314277
0.401703
0.161678
-0.292785
0.179768
0.105985
-0.181119
-0.404254
-0.073819
0.269145
-0.007483
-0.667706
0.060320
-0.606543
-0.405548
-0.530448
0.067909
0.125295
0.461395
0.485125
0.146965
-0.388998
0.138672
-0.010740
0.053577
-0.030417
-0.082188
-0.484572
0.013624
-0.535280
-0.454948
-0.064901
0.188532
-0.310635
0.435520
-0.065729
-0.428334
0.249483
-0.254924
-0.415829
0.415232
-0.404376
-0.434888
0.333569
0.156007
-0.076120
-0.338539
0.115047
-0.321053
0.049181
-0.333226
0.579144
0.067727
0.157206
-0.599399
-0.010364
-0.666070
-0.208641
0.331840
-0.447806
0.325855
0.224940
-0.264207
0.510172
-0.232118
-0.201677
0.185399
-0.194578
-0.267446
0.071765
-0.425387
0.035598
-0.496272
-0.526576
-0.379371
0.037303
-0.005663
0.038923
0.293353
0.317693
-0.175520
0.040284
0.284155
0.411809
0.505463
0.475492
-0.051406
-0.422174
0.267441
0.118284
0.322561
0.117953
0.279311
-0.486359
0.177831
-0.129430
0.289264
-0.275919
-0.024751
0.173575
-0.362776
-0.063223
-0.119205
0.042356
-0.080477
0.320458
0.267269
-0.465805
-0.692535
0.182724
-0.118797
0.425967
-0.552474
0.245291
-0.269621
-0.106964
-0.330572
0.424331
-0.073088
0.134179
-0.696410
-0.509760
0.021763
0.011366
0.275139
0.508454
-0.478885
-0.303152
0.274564
0.280653
0.454546
0.216241
-0.084805
0.061531
-0.295536
-0.314194
-0.467906
-0.005495
0.236110
-0.394974
0.353148
0.243093
0.273367
-0.037227
0.622043
0.344362
0.008242
0.277082
0.055660
0.361901
0.425889
-0.612251
-0.461006
0.353001
0.188865
-0.288627
0.240352
0.461551
0.520977
0.190518
0.208937
-0.357679
0.208461
-0.565568
0.201333
0.282292
0.031576
0.269398
-0.075657
-0.531541
-0.053900
-0.471406
-0.359419
-0.110665
-0.351831
-0.067453
0.408545
0.179544
-0.222918
-0.084644
0.378073
0.262731
0.401375
0.394780
-0.252712
0.184037
0.267399
0.234341
0.618477
-0.094457
0.337700
-0.449395
-0.039284
-0.081904
-0.340894
-0.429093
-0.051539
0.336842
-0.312901
-0.436694
-0.046296
0.367120
0.254635
0.749278
-0.178565
-0.305892
0.383649
0.187028
0.210085
-0.117699
-0.661812
-0.305137
0.136057
0.538622
0.258104
0.059980
-0.071092
0.477344
-0.113544
0.179630
0.050802
0.336132
-0.197548
-0.199784
-0.812285
-0.423544
-0.134116
0.222401
0.245505
-0.467919
-0.173674
0.386854
-0.103374
0.149512
0.702606
0.073601
-0.623778
-0.200920
0.459242
0.394395
0.276615
-0.548648
-0.370263
0.035104
0.274709
0.439909
-0.134878
0.539801
-0.250008
-0.338489
0.160558
-0.395839
-0.079343
0.551616
0.471177
0.009468
0.301267
0.589946
0.335497
0.390210
0.315181
0.065132
-0.147413
-0.362390
-0.190394
-0.344512
-0.435945
-0.196265
0.282709
-0.453827
-0.173433
-0.130006
-0.132136
0.040555
0.279504
-0.169527
-0.180693
0.432922
0.114948
-0.483944
-0.594703
-0.273409
-0.446712
-0.605596
-0.543236
0.105896
0.682737
-0.468029
-0.317478
0.083796
-0.164443
-0.120825
0.089569
-0.252367
-0.446928
0.613655
0.074755
0.143580
-0.418780
-0.376283
0.449055
-0.285370
0.177786
-0.051013
-0.307653
-0.307551
-0.026913
-0.171452
0.164011
0.443111
-0.346247
-0.422299
-0.205947
0.278589
-0.319306
0.060758
0.063477
-0.904888
0.244610
-0.323031
-0.135055
-0.297625
0.083289
0.371870
0.063852
-0.156716
-0.062966
-0.449396
0.197553
0.190165
-0.037787
-0.330743
-0.330100
-0.047226
0.002714
0.012495
-0.623822
-0.242035
0.552475
0.218329
0.517339
0.523597
0.183713
-0.145903
0.192022
-0.093966
-0.095465
-0.151191
-0.505833
0.313077
0.434974
0.318909
-0.198993
-0.183289
-0.208974
0.044711
0.319138
0.472984
