0.093257
0.349335
0.587817
0.046109
-0.326619
-0.018057
0.231953
0.529831
-0.040380
0.111638
-0.061218
0.061346
0.035146
-0.019374
0.164694
0.186164
-0.133958
-0.680237
-0.162445
-0.405843
-0.066606
-0.301884
-0.265637
0.109412
0.105956
-0.540046
-0.267966
-0.010154
-0.315693
0.405390
-0.082276
-0.455362
-0.469262
0.017609
-0.170761
0.081924
-0.007657
0.271834
-0.051229
-0.200291
-0.108338
0.341352
-0.655085
-0.265235
0.216162
-0.299262
0.459800
-0.006552
-0.062443
0.400438
-0.017206
-0.376774
0.394607
-0.622247
-0.154518
-0.231517
0.028317
0.026213
-0.307672
0.383166
0.012541
-0.582785
0.523070
-0.155665
0.083077
-0.700601
-0.434283
-0.195976
-0.421604
-0.567543
-0.003211
-0.284387
0.097610
0.108312
0.369906
-0.040179
-0.173915
-0.353959
-0.425204
-0.215341
-0.541694
-0.561552
0.541911
0.319036
-0.268076
0.047968
0.223283
-0.071800
-0.130386
0.526208
-0.168897
-0.758574
0.153782
-0.237621
-0.554300
-0.424943
-0.375892
-0.075089
0.240242
-0.071842
-0.354324
0.168858
0.366683
0.306504
-0.294115
-0.019400
0.411577
-0.566406
-0.344349
-0.365162
0.391060
0.594437
0.019568
-0.493873
0.218491
0.097171
0.362980
0.190700
0.495453
-0.336287
-0.354744
0.235461
0.106332
-0.141393
0.219346
0.592684
0.378870
-0.051892
0.255435
0.258733
0.046092
0.061365
-0.112807
0.152576
0.050696
-0.665836
-0.142391
-0.413912
-0.358157
-0.073463
0.299296
-0.244164
0.433746
-0.143074
-0.571440
0.034289
0.543637
-0.055024
0.319020
0.121640
0.122002
-0.238024
0.368011
0.145178
0.399069
0.656501
-0.395232
0.409092
0.507854
-0.077960
-0.018105
-0.087451
0.562790
-0.258083
0.378623
-0.192416
0.267504
0.137550
-0.329783
-0.606573
0.182675
-0.194396
-0.045551
0.091498
0.340645
0.044460
-0.208156
0.035442
-0.086248
0.374795
0.099146
-0.533620
0.361416
0.037389
0.028916
-0.202175
-0.517297
-0.037813
-0.063461
-0.148540
-0.128910
-0.206415
-0.186054
-0.218081
0.424180
0.021058
0.029448
0.242815
-0.031788
-0.321006
-0.000838
0.122732
-0.718677
0.192039
-0.318587
-0.345824
0.232832
0.555768
-0.039539
-0.197188
0.495321
-0.249867
0.455959
0.013530
0.504601
0.003918
0.132132
-0.313980
-0.135958
0.316897
0.312845
-0.367240
0.187266
-0.266531
-0.142147
0.348622
0.348161
0.168942
-0.129840
0.052829
0.438163
-0.098180
0.400931
-0.254050
0.040238
-0.605959
0.399901
-0.238095
0.424883
-0.051629
-0.196181
-0.451840
-0.151744
-0.213119
-0.583592
0.315002
-0.313517
-0.412302
-0.441408
0.015614
0.006898
-0.076103
-0.136711
0.346456
0.304885
0.120637
-0.202678
0.221498
-0.145509
0.155488
0.109049
-0.636435
-0.332575
-0.306586
0.355285
0.315145
0.245945
-0.337944
-0.257058
0.035512
-0.259687
-0.428313
0.477247
-0.070966
0.622017
-0.154843
0.333861
-0.106177
-0.472904
-0.043909
0.371077
-0.708139
0.318043
-0.033670
0.112791
-0.247062
-0.251794
0.265926
0.038706
-0.067071
-0.531873
0.112631
0.390261
0.299823
-0.228465
-0.132533
0.029683
-0.182273
-0.475985
-0.131645
0.153081
0.027893
0.173805
0.162651
-0.231811
0.412453
-0.244830
0.042635
0.045210
0.476699
-0.075841
-0.150690
-0.247559
-0.362145
0.207048
-0.045945
-0.117511
-0.213782
0.316732
-0.024176
-0.598925
0.429152
-0.119423
-0.125887
0.487217
-0.247387
0.252114
0.392487
-0.119677
-0.451289
0.443420
0.324497
0.124425
0.521552
-0.227804
0.174206
0.174861
0.420838
0.419241
0.054501
0.210250
0.479728
-0.254089
-0.056686
-0.641064
0.311480
0.284100
0.245769
-0.634711
-0.402815
-0.172892
-0.180372
-0.160139
-0.031278
-0.199846
-0.225103
0.507537
-0.290787
0.241715
0.093190
-0.143025
-0.271860
0.058174
-0.039633
0.227121
-0.398887
0.309726
0.006129
0.471860
-0.605600
0.267468
-0.452056
-0.272957
0.020084
0.538374
-0.190798
0.263965
-0.304729
0.002139
-0.417433
-0.276292
0.383660
-0.202685
-0.410320
0.298148
0.397328
-0.151723
0.549982
-0.301709
0.026011
-0.169023
-0.761156
0.327384
0.263303
0.348244
-0.494084
0.647489
0.274802
0.023554
-0.242299
-0.357956
-0.299878
-0.145809
0.078402
0.451579
-0.538749
-0.205434
-0.388702
-0.397669
0.421489
0.219140
0.512301
-0.597838
0.427896
-0.268570
0.000262
0.193429
-0.080811
0.430679
-0.117991
-0.172688
-0.280123
0.410692
0.594592
-0.133975
-0.075713
0.594403
-0.534024
-0.412649
0.384649
-0.169960
-0.016296
0.050149
-0.001840
-0.239167
0.054525
0.142128
0.012933
0.139119
0.319344
0.379696
0.298516
-0.173629
-0.420677
0.111108
-0.244144
-0.114498
-0.167534
0.277517
0.129660
0.094727
-0.012172
-0.156579
-0.122213
-0.266755
-0.138659
0.184502
0.095331
-0.444368
0.315062
0.358974
-0.342445
-0.355785
0.071579
-0.279217
-0.190706
0.309140
0.236364
-0.155661
-0.198944
0.216093
0.375747
0.433390
0.161561
0.049155
-0.160406
-0.570444
0.288531
-0.124781
-0.120172
0.126268
-0.214418
0.331576
0.238125
0.482649
-0.065745
-0.000457
0.586173
0.415828
-0.427303
0.225368
-0.153477
-0.732690
0.545880
0.111741
0.089930
-0.175160
0.315761
-0.603426
0.368955
-0.083383
0.232426
-0.081491
-0.435935
-0.247379
-0.451260
0.229961
0.555393
0.282975
0.545141
-0.468788
0.093204
0.371524
-0.109938
-0.512930
-0.216047
-0.466803
-0.535975
0.405258
0.421148
-0.135111
0.103488
0.110020
0.153163
0.084603
-0.071601
-0.469462
0.056832
0.002811
-0.161076
0.222271
-0.195735
-0.205761
-0.388091
-0.261650
0.005929
-0.158914
-0.325135
0.034649
-0.312735
0.135468
0.278414
-0.064392
0.399608
0.031475
-0.147412
-0.288877
0.270582
-0.041549
0.462755
0.133693
-0.647221
0.377296
-0.314453
-0.088696
-0.211842
-0.274061
-0.295550
0.191028
-0.156899
-0.238279
-0.127137
0.400924
-0.151784
0.337841
-0.350433
0.079252
-0.345233
-0.005941
-0.024878
0.040942
0.459580
0.188586
-0.005334
-0.493975
-0.094799
0.070882
0.246614
-0.326480
-0.509523
0.762594
0.563748
-0.536438
0.486204
-0.412719
-0.242945
-0.134088
0.397507
-0.524760
0.146703
-0.119345
0.343031
0.625068
-0.280887
0.105031
0.320256
0.204320
0.495328
0.437314
0.160272
-0.136695
0.328926
0.215597
0.283080
0.197447
-0.381737
-0.323991
-0.423604
0.651889
-0.292251
-0.118172
0.248289
0.066499
0.511533
0.201078
0.091839
0.351456
-0.187325
0.268147
0.186970
0.144544
-0.219025
-0.143355
-0.789916
0.188144
0.319956
0.511938
0.371200
0.360313
-0.559052
0.161930
-0.037569
0.362509
-0.101245
0.231686
0.009120
-0.187609
0.283762
0.256561
0.283946
-0.548605
-0.685355
0.460797
-0.471079
0.069365
-0.345982
0.556423
0.164713
0.270613
0.054879
0.709392
0.176823
-0.129806
-0.427088
-0.514209
0.503294
-0.312901
-0.182012
0.482644
0.848209
-0.315109
-0.037414
0.048792
0.178490
0.070843
-0.275848
0.343184
-0.096148
0.346765
0.563167
-0.013039
0.037112
0.018477
0.139102
0.368866
-0.028124
0.437928
-0.209455
0.388536
0.010135
0.115083
0.371510
-0.812285
0.013752
0.555717
0.483672
-0.434644
0.545293
-0.076519
0.268362
-0.130998
0.275997
0.180896
0.082947
-0.061592
-0.062516
-0.097867
-0.128776
0.441141
0.367557
0.315954
-0.056663
0.061655
-0.416269
0.007402
0.455000
-0.098701
-0.134494
0.218342
0.278871
0.102362
-0.150480
-0.276059
0.464480
0.383628
0.254119
-0.334303
0.138249
-0.467887
-0.565753
0.368510
0.355122
-0.387020
0.101905
0.407252
-0.236227
0.042528
0.369484
-0.157105
-0.610550
-0.249358
0.663909
0.451984
0.190108
-0.404563
0.455417
-0.096810
-0.204837
-0.098892
-0.226420
0.145570
-0.242695
-0.058357
-0.225231
0.056419
-0.225863
0.415476
0.097283
0.403367
0.615523
-0.555372
0.047059
-0.451537
-0.326403
-0.325776
0.142800
0.253037
-0.402145
0.095298
-0.352017
-0.309588
-0.060195
-0.522112
-0.242379
0.172589
-0.254067
-0.008899
0.171205
0.395388
-0.015457
-0.499709
0.472931
0.172522
-0.118805
-0.342230
0.158091
-0.421914
-0.427745
-0.005897
-0.488796
0.379713
0.040534
0.302652
0.310861
-0.217273
-0.164142
0.343172
0.919058
-0.292025
-0.297380
-0.170652
0.087943
-0.436462
0.239605
-0.306649
0.140507
0.072061
0.027546
0.128465
-0.358749
-0.002429
-0.669235
0.295387
0.129293
-0.080503
0.242232
-0.465438
0.522128
0.584461
-0.434615
-0.175771
-0.030015
0.072142
-0.493058
0.289063
0.322362
