0.474387
-0.098079
-0.169063
-0.693134
-0.294390
-0.229775
0.270530
-0.295235
-0.186158
-0.155887
0.265425
-0.301745
-0.494078
-0.314793
0.275655
0.119120
-0.178510
0.233084
-0.435765
-0.558502
0.310100
-0.308842
-0.505180
-0.273822
-0.412302
0.297373
-0.416857
0.386591
0.105948
-0.155394
-0.065368
-0.505644
-0.108286
-0.127001
0.265741
-0.004253
0.252280
0.361866
0.294010
-0.147594
-0.035886
0.253112
-0.329255
-0.217999
-0.566764
-0.147076
0.383761
-0.282904
-0.194139
-0.479474
0.414770
-0.041735
-0.143810
-0.325204
-0.072403
-0.266625
-0.312306
-0.179924
0.104206
-0.438735
0.119430
-0.285223
0.401400
-0.318527
-0.453865
0.396187
-0.434283
-0.376433
-0.203631
-0.163228
0.179638
-0.043025
0.174457
-0.002992
0.544091
-0.382690
0.373763
-0.186775
-0.396967
-0.447798
0.120695
-0.275343
0.150196
-0.251068
-0.483526
-0.165659
0.376494
0.768937
-0.015417
0.607838
0.053961
0.342680
-0.228057
-0.408089
-0.365944
0.136406
0.285961
0.500056
-0.234216
0.244299
-0.253190
-0.643748
-0.393075
-0.135986
0.101683
-0.552461
0.336206
0.330231
-0.457932
-0.461415
0.000085
0.111497
-0.531391
-0.032890
-0.198674
0.047828
0.065309
-0.281248
-0.498790
0.228329
0.280907
0.184306
-0.585343
-0.229730
0.326661
-0.053749
-0.399012
-0.061017
0.595419
0.196844
0.556971
0.251716
0.605405
-0.153729
-0.089849
-0.330422
0.136456
-0.438164
-0.336266
0.453157
0.003343
0.036135
-0.241285
-0.009513
0.138191
0.225404
0.246033
-0.052454
-0.349253
-0.630527
-0.340479
-0.478995
0.638407
0.075427
0.399069
0.628125
-0.167148
0.172297
0.500952
0.357405
-0.514172
0.046397
0.500200
0.252179
-0.112203
-0.585747
0.377492
-0.411360
-0.228162
-0.254665
-0.415885
0.444852
-0.560335
0.522594
-0.579253
0.210913
-0.817955
0.100795
-0.209179
-0.452611
-0.182601
-0.083553
-0.178632
-0.456056
-0.135794
0.241926
0.051491
-0.168974
-0.065433
0.175597
0.496480
0.312357
-0.049308
0.178119
-0.348900
-0.407900
0.247404
-0.418512
0.036602
0.606272
-0.025476
0.243684
0.119738
0.196164
0.373584
0.350166
0.106132
0.142015
-0.070469
-0.016629
-0.368338
-0.091286
-0.043632
0.064016
0.618618
-0.487950
0.187142
-0.301098
-0.135958
0.551928
0.312845
0.072583
0.472656
-0.103444
0.048556
0.141215
0.389342
-0.456818
0.086447
-0.476175
0.225660
-0.098180
0.297620
-0.621118
-0.091739
-0.420400
0.536508
-0.220818
0.551294
-0.344940
-0.417485
0.165449
0.276075
0.224124
0.198077
0.052709
-0.358191
0.118545
0.074238
0.477686
-0.418534
0.249082
0.134078
0.403454
0.161268
0.139049
0.309845
0.154084
0.262970
-0.339587
0.109049
-0.095103
-0.014252
-0.324175
0.187975
0.786495
-0.023420
0.412667
-0.099947
-0.149256
-0.253094
-0.323154
0.477247
-0.424818
-0.356896
0.531928
-0.265498
-0.054700
0.309436
-0.189102
0.194913
-0.108098
0.476351
0.243189
-0.243033
-0.003246
-0.209336
-0.014260
-0.033322
0.076106
-0.749495
-0.487140
0.138591
-0.410277
0.638110
-0.040130
0.050414
-0.417422
0.286179
-0.635684
-0.629902
-0.417094
0.527300
0.170642
-0.201848
-0.048503
-0.042598
0.461855
0.158030
0.050596
-0.378784
0.411496
0.317675
-0.109438
0.257652
-0.300655
0.136763
0.596104
0.231169
0.070888
-0.598925
0.406044
-0.137485
0.216061
-0.520446
-0.134112
-0.212778
0.351652
0.337209
-0.104445
0.322694
-0.029252
0.197166
-0.399841
-0.264945
-0.364630
0.434349
0.420908
0.150635
-0.072025
-0.428203
-0.100740
0.481772
0.008388
-0.337617
0.394737
-0.113517
-0.123077
0.269936
-0.476807
-0.168480
-0.291141
-0.420490
0.402563
0.214749
0.085170
0.079909
-0.139964
-0.320877
0.391951
-0.133642
-0.279025
0.327705
0.144466
0.271101
-0.250845
0.165706
-0.653578
0.390936
-0.271721
0.383377
-0.019116
-0.261842
0.227818
-0.077061
-0.261824
-0.329057
0.422816
-0.007193
0.297277
0.017430
-0.444239
0.315824
0.199194
-0.214552
0.198969
-0.098688
-0.347513
-0.319857
-0.083468
0.234768
-0.130794
0.271287
0.161932
-0.211825
-0.093104
0.345919
0.474738
0.028101
-0.330860
-0.135559
-0.024454
-0.782236
0.028917
0.049929
0.102344
0.543767
0.699471
0.515835
0.240059
-0.380220
0.456680
0.142692
-0.333649
0.229379
-0.286177
-0.148930
0.558470
-0.445533
-0.138628
0.035241
0.401740
0.223606
-0.371236
0.555661
-0.075713
-0.400883
-0.592801
0.194231
0.311735
0.248695
0.131852
-0.531334
-0.597949
0.106758
-0.116229
-0.157880
0.044949
0.139119
-0.565300
-0.136313
0.227939
-0.214513
-0.254863
-0.176303
0.479016
0.279942
-0.563819
0.249600
-0.242251
0.724243
-0.012172
0.284758
0.177387
0.182120
0.191149
-0.368089
0.234194
-0.217124
-0.128203
0.569637
-0.148669
0.173778
0.071579
-0.086421
-0.080943
-0.099336
-0.556380
0.219391
-0.293114
-0.259564
-0.258411
0.511498
0.148442
-0.368875
-0.261255
-0.704006
0.182764
-0.040665
0.263676
-0.184173
-0.197925
0.197866
0.228638
-0.356270
-0.009424
0.239161
-0.179156
-0.569411
-0.236392
-0.845421
-0.101840
-0.126637
-0.111341
0.049338
0.271130
-0.253111
-0.417424
-0.056875
0.019526
-0.499710
0.255589
-0.175521
0.518730
0.270753
-0.001610
-0.336192
-0.363123
0.193000
-0.098371
0.695243
-0.260811
0.020602
-0.056005
-0.166500
0.015099
-0.542940
-0.647198
0.018549
0.493313
0.414562
-0.095782
-0.434907
-0.064851
0.289763
0.471933
-0.003490
0.430885
0.002811
-0.420852
0.007220
0.190832
-0.106348
0.487333
0.370499
0.011717
0.196628
-0.215466
0.373324
0.132876
-0.437632
0.327435
-0.592730
-0.133490
0.119612
-0.163107
0.510262
-0.030044
0.484473
0.238764
0.325422
-0.345622
0.080892
0.458981
0.309832
-0.314156
0.227236
0.164472
-0.337899
-0.069988
0.200549
-0.060416
0.010839
0.288417
0.263425
0.250369
-0.387156
0.035901
-0.181837
0.523792
-0.253782
0.276287
0.028906
0.030082
0.368669
-0.296185
0.445732
-0.108530
-0.229265
0.114953
0.329766
0.199801
0.076086
-0.245674
-0.216608
-0.257949
0.196060
-0.328785
0.096722
0.556043
0.347044
0.181275
-0.186725
0.520802
0.400778
-0.447761
-0.200136
-0.182427
-0.022377
0.196998
-0.132113
0.402785
-0.259238
0.451759
-0.175969
-0.443075
-0.323991
-0.501951
0.202752
0.196980
0.197983
-0.288152
0.127171
0.411556
0.158802
-0.650618
-0.125465
-0.302073
0.021826
0.400650
0.380090
-0.087303
0.242049
-0.013676
0.602131
-0.265307
-0.296660
0.361680
-0.621314
0.132922
-0.106825
0.316157
-0.457859
0.511335
-0.451784
-0.396840
-0.478839
0.261563
-0.001528
0.283946
0.448460
0.500976
-0.166745
0.517903
-0.015185
0.216538
-0.042587
-0.070738
0.303608
-0.024670
0.020722
0.210388
0.538899
-0.527966
-0.101201
0.171790
-0.449423
-0.121463
0.256496
-0.211294
0.114364
0.491723
0.046701
-0.123091
-0.049252
0.212475
0.596277
0.187593
0.033663
-0.393362
0.692288
-0.418485
-0.460807
-0.424411
-0.135581
0.233919
0.460067
-0.534067
-0.052954
0.045606
-0.358062
-0.111620
-0.073415
-0.835251
0.028913
0.422148
-0.436224
0.725217
0.470156
0.223258
0.055271
0.139741
-0.131410
-0.120701
-0.046088
-0.072333
-0.390461
-0.355274
-0.273176
0.308920
0.362358
0.627174
0.023272
0.201795
0.576955
0.372347
0.367604
-0.521635
0.025001
0.259421
-0.092968
0.100482
-0.281946
-0.192585
-0.073536
-0.094410
0.191051
0.133060
-0.359850
0.388471
-0.398196
0.275153
0.157738
0.005072
0.022081
0.362303
-0.051347
0.208871
-0.141397
-0.407095
-0.355999
-0.244053
0.455435
0.319516
-0.312091
0.237243
0.289162
0.067032
-0.583786
0.700750
-0.448968
0.510280
0.112259
-0.417600
0.109909
0.586454
0.303189
-0.309705
0.405572
0.119282
-0.508762
0.302234
-0.003112
0.184689
-0.248212
0.225570
-0.349743
-0.631737
-0.143905
0.307941
0.568012
0.161232
-0.192530
-0.162511
-0.331087
-0.010500
0.387775
-0.290618
0.448036
-0.120782
0.412676
0.251041
0.010722
-0.336067
-0.207897
-0.565156
0.332267
-0.290552
-0.092235
-0.488913
1.039167
-0.460711
0.474758
-0.234350
0.060050
0.423855
0.419235
0.262580
0.095188
0.143168
0.309266
0.401935
-0.117136
0.301071
0.009921
0.121056
0.620049
-0.205611
0.049400
-0.460228
-0.002429
0.417014
0.492567
-0.222071
-0.626062
0.340713
-0.561791
0.065781
-0.046223
0.255045
-0.045664
0.006592
-0.517555
0.472042
-0.376075
0.286741
