-0.081723
0.130603
0.209627
-0.095684
-0.174986
-0.129288
-0.363030
0.023994
-0.249817
0.141043
0.193599
-0.495322
-0.072613
-0.478759
0.069859
0.382471
-0.022621
-0.358814
-0.369050
0.004695
0.264522
-0.362456
-0.168628
-0.351126
0.132668
-0.564550
0.610108
-0.068848
0.130067
-0.027354
-0.113311
-0.306525
0.274468
-0.098294
-0.568380
0.441252
-0.169952
-0.089906
-0.141983
0.396210
0.509421
-0.029585
-0.048620
-0.314889
-0.348460
-0.399431
0.019816
-0.140416
-0.344320
-0.201294
0.269233
-0.108724
0.298267
0.494872
0.034166
0.424106
0.059647
-0.359599
-0.398203
-0.304332
-0.450081
0.078392
0.142606
0.239193
-0.445379
0.683664
-0.218163
0.280879
0.030957
-0.301141
-0.287904
-0.016372
-0.250777
0.089792
0.402865
0.520923
-0.116017
0.081109
0.158194
-0.425824
-0.413706
0.437397
0.254145
0.233058
-0.175127
0.118125
0.542114
-0.101303
0.336149
0.048747
-0.030249
0.555643
-0.079486
-0.188533
0.094804
0.644624
0.334960
0.023331
-0.551596
0.304832
-0.344027
-0.193952
-0.202874
0.091836
0.091127
0.232498
0.167387
-0.631856
-0.102624
0.164396
-0.291593
0.256768
-0.213703
-0.296672
-0.053316
0.152868
0.288885
-0.248541
-0.111521
-0.377289
-0.310063
-0.525612
0.256009
-0.250346
0.333360
-0.268687
0.239665
0.278474
-0.077891
-0.284899
0.335492
0.287914
0.165800
0.311989
-0.444262
-0.771879
-0.410352
0.256863
-0.059217
-0.087916
-0.096429
-0.063853
0.082681
-0.285026
-0.463319
0.032404
-0.479809
-0.400454
-0.217863
-0.247720
0.142512
-0.180083
0.276741
0.110081
0.038742
0.700324
-0.567541
0.225202
0.021872
-0.419855
0.297860
0.146527
-0.076980
-0.318188
-0.385417
-0.337854
-0.111045
-0.423844
-0.293866
-0.516662
-0.471487
-0.054029
-0.117621
-0.553520
0.252716
0.109202
0.627019
-0.151452
-0.209717
0.304129
-0.081877
-0.250790
-0.108573
-0.399909
-0.108729
0.169079
0.213822
0.238684
-0.083437
-0.301159
0.371540
-0.285219
0.473215
-0.395746
0.150968
-0.327670
-0.155384
-0.122432
0.019432
-0.254556
0.338331
-0.201375
0.429192
0.347580
-0.151609
-0.192563
0.236075
-0.551750
-0.492507
0.157282
-0.351248
-0.221034
-0.027346
0.301903
-0.336478
-0.230092
-0.106990
-0.087556
0.077852
0.206553
0.474281
-0.276237
-0.036327
0.009487
0.285631
0.482211
-0.420954
-0.142868
0.002252
0.016177
0.083008
0.040846
-0.243652
-0.303483
-0.264307
0.506885
0.492432
-0.403391
-0.108868
-0.023862
0.080353
0.102747
-0.707131
0.198391
-0.093879
0.431211
-0.184718
-0.479477
0.348436
0.111153
-0.065804
0.127820
-0.165968
0.188730
0.142059
0.559946
0.008498
0.337207
-0.442107
-0.067708
0.115916
-0.580437
0.380408
-0.061724
-0.524662
-0.145530
-0.337834
0.296794
0.340284
0.068536
-0.220975
-0.118917
0.671318
-0.122361
0.260594
-0.030762
0.110905
0.031284
-0.520400
0.055244
0.065294
0.150352
-0.153375
0.230660
-0.049479
0.375071
0.084341
-0.160749
-0.252500
0.008778
-0.021729
-0.041780
-0.002994
0.057129
-0.243619
-0.059698
0.162811
-0.091510
0.391477
0.023721
0.296557
-0.515432
-0.333367
0.467175
0.041332
0.308566
-0.230935
-0.499271
-0.369166
-0.415098
-0.021359
0.121048
-0.252384
-0.145661
0.426691
-0.580093
-0.409049
0.124620
0.350513
0.262349
-0.099503
0.369022
0.042276
0.069182
0.043239
-0.393983
0.242871
0.187329
0.308156
-0.251449
-0.260924
-0.247822
-0.033337
-0.588272
0.107178
-0.108279
-0.205989
-0.010139
0.126045
0.172581
0.414205
0.146030
-0.009829
0.461434
-0.160152
-0.130732
0.072303
-0.105030
0.298723
-0.423726
-0.429220
-0.165069
-0.037010
-0.597185
0.024625
0.299328
-0.170258
0.006246
0.045948
0.263515
-0.131413
0.189048
0.156814
0.252436
0.239522
0.123139
0.070786
-0.105938
0.451015
-0.235312
0.867469
-0.479454
-0.020152
0.289027
0.405012
-0.615703
0.056222
-0.251803
-0.434835
-0.616995
-0.268652
-0.647057
-0.276192
0.305923
-0.324982
-0.857829
-0.203961
0.061846
-0.231403
-0.176257
-0.105170
0.271517
0.660853
0.119932
0.446341
0.261225
-0.361987
0.365830
0.275392
-0.299355
-0.085685
-0.447990
0.432676
0.510622
-0.052783
0.188097
0.115542
-0.222605
0.001406
0.466853
-0.478412
-0.700840
-0.295298
0.353282
-0.554302
-0.282068
0.198885
0.620657
0.374811
0.066470
0.131918
0.004010
-0.247402
0.026991
0.405892
-0.005082
0.041204
-0.528997
-0.004935
-0.274023
-0.107617
0.035902
-0.034469
0.531933
-0.074839
-0.459538
-0.338019
0.547989
-0.614866
0.117097
0.160893
0.335602
-0.376969
-0.629812
0.458862
-0.007645
0.029950
-0.174450
-0.263484
-0.319328
-0.036686
-0.262725
-0.369105
0.217216
0.045753
-0.105078
0.384082
-0.554478
-0.138315
-0.245865
-0.319811
-0.235494
0.098979
-0.094380
0.297148
-0.243641
-0.048082
-0.087715
0.154975
-0.253621
0.212168
0.103234
0.076830
-0.245933
0.275328
0.461210
-0.152645
0.094620
-0.260586
-0.042815
0.234157
-0.156926
0.394470
-0.167905
0.039910
-0.394518
0.020201
0.109551
-0.393765
-0.004040
-0.222878
-0.328915
-0.014175
-0.059877
0.530199
0.021354
0.050778
-0.143310
-0.097583
-0.158559
-0.423409
0.106504
0.585930
0.139239
0.131094
-0.081460
-0.105183
-0.492221
0.506193
0.174528
-0.166972
-0.159576
-0.679636
0.103706
-0.455257
0.020320
-0.344335
0.018273
0.043646
-0.463022
0.295090
0.350116
0.059256
-0.643346
0.365495
0.024206
0.545670
0.197556
0.022473
0.184572
-0.231545
-0.204427
-0.588164
0.256219
0.371742
-0.342113
0.032113
0.167252
-0.058145
-0.171870
0.297002
0.404182
0.442341
-0.830508
0.049263
-0.303340
-0.350630
0.151177
-0.091872
-0.481539
-0.383085
0.245956
0.328046
-0.301000
-0.031117
-0.307239
-0.354714
-0.691907
-0.402119
-0.004330
0.516126
0.384978
-0.568267
-0.101102
-0.599684
-0.079966
0.182226
-0.277836
-0.276416
-0.529679
0.695951
0.437680
0.091060
-0.113569
-0.423422
-0.163555
0.496943
-0.316810
-0.429242
-0.299611
-0.206330
-0.462064
-0.084197
0.207471
-0.216608
0.171666
0.380995
-0.189716
-0.671661
0.396966
0.467503
-0.050099
0.024707
0.377798
-0.467843
-0.041817
-0.115515
-0.489954
0.427993
0.374599
0.154958
-0.191174
-0.039634
0.524520
0.036735
0.381115
0.509212
0.020666
0.123272
-0.501594
0.281587
0.062876
0.265422
-0.235191
0.252571
-0.189508
-0.608854
0.430674
0.618136
-0.087157
-0.353724
0.598245
-0.145778
0.296726
0.213201
-0.407475
-0.339828
-0.459843
-0.535903
0.049942
0.325148
0.150635
-0.715922
-0.078038
-0.089541
0.287354
-0.525609
-0.313216
0.382788
0.474127
-0.004797
0.133156
-0.223088
0.481810
0.563862
0.424999
0.184727
-0.371226
-0.496040
-0.334440
0.072082
-0.463697
0.010862
-0.302447
0.586557
0.494817
0.260514
-0.031229
0.500765
-0.035956
0.037085
-0.620770
-0.347364
0.539035
-0.159044
0.332514
0.526320
0.028525
-0.273482
-0.353446
0.111280
0.216772
0.058995
0.255537
-0.104592
0.223816
0.031467
-0.065991
-0.556087
0.276019
0.405028
0.699721
-0.732396
-0.579322
0.323562
-0.619170
-0.104729
-0.154573
0.305583
0.172445
-0.317286
-0.088139
-0.660209
-0.627262
0.143750
-0.238198
0.188358
-0.136182
0.289251
-0.328230
0.248768
0.319811
0.425559
-0.058012
0.819795
-0.038231
-0.019003
-0.576834
-0.074350
-0.146241
-0.359539
-0.107463
-0.044996
0.738241
0.575195
0.063557
0.521256
0.258225
-0.174352
-0.452213
-0.242671
0.398479
-0.483029
-0.374019
-0.144022
-0.055657
0.022727
0.091875
-0.136225
-0.438326
0.132327
-0.093509
0.250089
-0.020669
-0.054274
0.342070
0.409119
-0.280675
0.009994
-0.415999
-0.156271
-0.435481
0.294022
0.079304
-0.258762
-0.121528
-0.204276
-0.051272
-0.538727
-0.596042
-0.578242
0.138271
-0.466255
-0.260542
-0.189885
0.054342
0.369096
-0.003096
-0.247962
-0.343937
-0.334281
-0.044715
-0.337697
0.240771
-0.245293
0.404751
0.219138
0.048620
0.018157
0.035078
0.300051
0.172980
-0.179373
0.405932
-0.259401
-0.655242
0.332267
0.328111
0.080938
0.294846
0.068166
-0.660514
-0.189109
0.006456
0.141254
0.680866
-0.112424
0.437641
0.296921
-0.412282
-0.283210
-0.317689
0.004253
0.288956
-0.073801
-0.171991
0.344425
0.345801
0.027965
-0.424838
0.221434
0.563893
-0.189849
-0.434193
-0.114037
-0.285767
-0.121906
0.095741
-0.588547
0.438738
0.309719
0.324370
0.562117
-0.493058
0.087193
-0.180162
