0.227052
0.415647
0.148210
-0.201439
-0.366973
0.038093
0.460487
0.585110
0.010736
-0.211686
-0.027843
0.172750
-0.144082
0.465398
-0.511057
0.666163
-0.133958
0.516795
-0.187626
-0.200455
0.428434
0.107983
-0.186212
0.294862
0.250401
0.482473
0.391174
-0.447002
0.355574
0.337018
0.309536
-0.029752
-0.483562
0.124736
0.148524
-0.278954
0.237570
0.413282
0.091531
0.154536
0.037386
-0.357628
0.001871
-0.146249
-0.654507
-0.496528
0.327525
-0.502579
0.209608
0.234144
-0.029354
-0.209954
-0.115362
-0.499988
0.225293
0.280202
0.279511
-0.017132
-0.363515
-0.189649
-0.106555
0.327417
0.205736
-0.394346
-0.384168
0.477906
-0.396891
-0.299619
-0.094006
-0.560450
0.016135
0.597900
0.428715
-0.296779
0.531684
-0.423810
0.187414
-0.342202
0.513070
-0.552501
-0.020397
0.306734
-0.787167
0.198986
0.096686
0.174715
0.218899
0.085672
-0.162243
0.117989
-0.166474
-0.045320
0.084812
-0.500266
-0.405869
-0.363099
0.048857
-0.199408
0.363495
0.473407
-0.415241
-0.407186
0.372231
-0.070530
-0.211726
0.130556
0.435926
0.225913
0.182082
0.271612
-0.348784
0.306868
0.185329
0.426163
0.284923
-0.721901
0.064614
-0.029491
-0.381105
-0.195870
-0.095318
0.229344
0.466161
-0.152177
0.207687
-0.218828
0.031457
0.162219
-0.289308
0.482605
-0.013555
-0.513981
0.252338
-0.370485
0.343408
-0.727443
0.119491
-0.375913
-0.535432
0.105361
0.084939
-0.639560
-0.250736
0.300432
-0.518357
-0.053424
0.570661
-0.316103
-0.014531
0.227528
-0.016443
-0.385103
0.080850
-0.373876
-0.226179
0.044981
0.048847
-0.130905
-0.384286
-0.426556
-0.286064
-0.095042
0.323561
0.395719
-0.031896
-0.124551
-0.006226
-0.033438
-0.342254
0.451171
-0.084892
0.296107
0.134310
0.133707
0.272483
0.057197
-0.033191
0.030068
0.484131
-0.035242
-0.159387
0.071222
-0.175218
0.429529
0.184267
-0.217818
0.029082
0.148727
0.031836
-0.304680
0.480269
-0.052700
-0.254613
-0.402647
-0.088037
-0.110128
0.293918
0.135982
-0.330132
-0.600035
-0.089049
-0.123976
-0.657394
-0.313394
-0.283938
0.118361
0.500885
-0.042163
0.037038
-0.558799
-0.153626
-0.114112
0.326329
-0.072472
0.454786
-0.119401
-0.106990
0.147058
-0.085880
0.026901
0.368739
0.448296
0.651616
-0.599755
-0.322868
0.285613
-0.424199
-0.203021
-0.117335
0.420574
0.203794
-0.224981
-0.264270
0.034033
0.169302
0.210540
-0.018354
-0.061883
0.398308
-0.020164
-0.483905
-0.382871
-0.464114
-0.351830
0.386350
-0.292721
0.102358
-0.348695
-0.434576
0.360747
-0.110488
0.319245
0.369977
0.145492
-0.463656
-0.442695
0.412871
0.202718
-0.546549
-0.152759
0.803747
-0.460418
-0.045782
-0.380526
-0.008599
0.084874
0.377435
-0.341822
-0.015221
-0.056679
-0.088766
0.506542
0.462053
-0.372314
-0.238915
0.459596
0.403267
0.161328
-0.015325
0.184547
-0.205965
-0.413838
0.265440
-0.013111
0.186158
-0.660789
-0.404654
0.386789
0.341446
-0.356028
-0.302148
0.071024
-0.098554
-0.259725
-0.030477
-0.286108
0.516721
-0.482951
-0.354810
0.190959
0.548676
0.227843
-0.422396
0.066260
-0.152354
0.643913
0.021952
0.115646
-0.052053
0.483732
-0.468543
-0.675645
0.249993
-0.110722
0.055657
-0.089140
0.303717
0.130459
-0.366731
-0.064593
0.107744
0.014609
-0.450841
0.228121
-0.208706
-0.058453
-0.140442
0.403934
0.071615
0.339417
0.314459
-0.032776
0.087179
-0.103037
-0.053583
0.275892
-0.366624
-0.188768
0.217204
0.122771
-0.590576
0.303687
-0.035948
0.119469
-0.477692
0.418744
-0.473119
-0.079972
-0.517529
0.353487
0.104769
-0.004183
0.181193
-0.408609
0.095973
0.261939
0.028085
0.108399
0.557547
-0.417906
-0.070653
-0.062360
-0.413565
-0.402267
0.296371
-0.126536
0.474570
-0.061280
0.451015
-0.204007
0.087275
-0.126095
-0.105097
0.098022
-0.251178
-0.191869
-0.039962
0.173517
0.396937
0.288121
0.105938
-0.686729
-0.058077
-0.184011
-0.552478
-0.637564
0.186778
0.200176
0.136502
0.486915
-0.205236
0.062752
0.259156
0.417925
-0.023764
0.017152
0.414326
0.512543
0.208868
0.561080
-0.370562
-0.613613
0.420194
0.042574
-0.230467
-0.101629
0.332137
-0.330040
-0.341338
0.280237
0.223499
0.182589
-0.211632
0.176347
-0.440134
0.587440
0.181912
-0.223215
0.260781
-0.059255
0.302767
0.014343
-0.025238
0.318172
-0.165195
-0.016743
-0.217682
0.075688
0.209529
-0.476813
-0.044725
0.162781
0.218905
-0.405064
-0.052188
-0.014336
0.007877
-0.234382
-0.035840
0.449978
0.351220
0.011114
-0.008542
0.393856
-0.309307
0.036193
0.041790
-0.023831
0.456107
0.640666
0.613348
0.177032
0.217779
-0.122918
0.344080
-0.131403
0.021162
-0.489188
0.880214
-0.202925
0.310291
-0.007259
-0.059754
-0.031051
-0.462143
-0.296182
-0.511716
-0.073545
0.071706
0.003736
-0.198114
0.243206
-0.298108
0.378252
-0.264277
-0.160020
-0.263309
0.270903
-0.059278
0.444038
-0.155778
-0.539119
0.093949
0.188504
0.264534
-0.034669
-0.082723
0.227603
0.420475
-0.446151
0.137333
0.158062
-0.225085
0.293437
-0.615931
0.341351
-0.218088
-0.624421
0.349305
-0.422568
-0.439144
0.104082
-0.012588
-0.164040
-0.562196
-0.186077
-0.385264
-0.391129
0.159509
-0.330197
0.280850
-0.216209
-0.152268
-0.434798
-0.043257
-0.006612
0.392233
0.161256
0.277989
0.184988
-0.145483
0.471322
-0.198857
-0.076280
0.383113
0.334889
-0.113130
0.432275
0.364187
-0.361194
0.217407
0.568845
-0.110575
0.217949
0.122042
-0.203534
-0.218889
-0.261647
0.444716
-0.289416
0.138777
0.445167
0.639516
-0.488235
0.366250
0.660099
-0.288877
0.237131
0.017738
0.644164
-0.034437
0.395505
0.060396
-0.556480
-0.023100
-0.077844
-0.275036
-0.310803
-0.355775
-0.288923
0.578347
0.600557
0.327232
0.086123
0.281160
0.194653
-0.534722
-0.194898
0.000410
0.186025
0.165249
0.410006
-0.006466
-0.137209
0.404579
0.517462
-0.042736
0.369594
-0.345116
-0.032093
0.128487
0.047124
-0.143321
0.478623
-0.167398
-0.183466
0.080677
0.530926
0.506019
0.476721
0.222353
0.175505
-0.417658
-0.095347
-0.496414
-0.620688
-0.403786
-0.161155
0.430390
-0.127515
-0.198297
-0.041579
0.107171
0.413894
-0.216772
0.446188
-0.195970
-0.516996
-0.294941
0.270107
-0.478539
0.214708
0.017294
0.199747
-0.256664
-0.374073
-0.185031
0.043656
-0.110386
0.200545
-0.459818
-0.359956
-0.011534
0.067349
-0.167808
-0.125192
-0.408842
0.276260
0.068964
0.250284
-0.253087
0.495419
0.086549
-0.179200
0.553818
0.012168
-0.129496
0.369848
0.029405
0.414909
0.280448
0.027455
0.152607
0.608924
0.649889
0.541791
0.123683
0.279731
0.093289
0.309785
0.290338
-0.217713
-0.100925
-0.175057
-0.021404
-0.499698
0.169836
0.021826
0.466424
-0.358618
0.034266
-0.672106
-0.254883
-0.075815
-0.322020
-0.208879
0.583493
-0.020167
0.024926
-0.002000
-0.221289
-0.194142
-0.429963
-0.045658
0.011800
-0.025565
0.074193
-0.181979
-0.535419
-0.441856
0.065970
0.337851
0.243674
-0.068958
-0.055208
-0.522857
-0.437055
-0.432924
-0.197934
0.444188
-0.221969
0.543127
-0.104722
0.255952
-0.182409
0.447271
-0.093533
0.600100
0.022264
-0.459109
-0.036233
0.664511
-0.236468
0.287724
-0.134878
-0.455191
0.021684
-0.422079
-0.419004
0.063359
0.023349
0.574004
0.386257
-0.467569
-0.071320
-0.544160
0.271535
0.086004
0.178850
0.065771
0.499352
-0.015513
0.277164
0.136262
-0.255399
0.015895
0.204798
0.391152
0.375881
0.066098
-0.385355
-0.000701
-0.110161
0.433395
-0.186476
0.380450
-0.045057
0.269308
0.060105
-0.377462
-0.105829
-0.419046
-0.324136
-0.441876
0.287399
-0.243830
-0.203611
0.347197
0.112814
-0.549720
0.715688
0.403777
-0.049110
0.373658
-0.499971
-0.178911
0.196852
-0.385461
-0.057786
0.095763
0.023627
0.424950
-0.517678
0.343608
-0.027806
-0.243916
0.550267
-0.258357
-0.216182
-0.039674
0.239404
0.262014
-0.061104
-0.119024
-0.216124
-0.281476
-0.483507
-0.206258
0.420503
0.371104
0.061766
-0.156686
0.176672
-0.540125
0.241466
-0.234817
0.542201
0.305724
0.186140
0.333487
0.664522
0.253642
-0.155797
0.347100
-0.497277
0.109699
0.229201
-0.052044
-0.055062
-0.403815
0.269068
-0.124657
0.333536
-0.243351
0.262208
-0.322861
-0.238864
0.256600
0.499340
0.373652
0.304106
-0.011484
0.187444
0.555188
-0.305982
0.203870
