-1.662445
1.853307
-1.791386
-1.209565
1.107332
-0.164297
-0.303756
-2.477187
2.117881
1.204446
0.973738
-1.870444
-4.571707
-2.065961
2.607252
-3.011024
0.488116
-2.158827
1.443151
1.728701
-0.676918
2.601594
1.239669
-1.688240
-2.169549
1.305179
3.302079
4.047588
0.705966
2.050534
0.998234
3.265417
-2.202902
-1.869905
1.413562
-1.266634
-4.529904
-1.862927
1.101854
0.735600
-0.734435
0.877342
1.836280
-1.565823
-3.806530
-1.949661
0.417612
-0.496039
-1.515655
-0.598705
0.355649
-1.078964
3.719381
2.220348
-2.349422
-0.463247
-0.388498
-0.655136
-2.586891
-1.777906
-1.889559
1.312741
1.617574
2.425505
1.604855
1.054344
4.003984
-0.280151
-3.942284
1.559666
2.311092
0.029731
2.812333
-0.229294
-0.786872
-2.265427
0.138657
0.367679
1.410095
-1.654350
0.862826
0.552824
-0.982090
-1.275701
1.089334
4.211077
-1.668499
1.024047
-0.662440
-2.827527
-0.541117
2.130167
-0.978863
-2.183649
-0.479900
0.677099
0.961208
2.391514
-0.154758
1.020987
-1.825690
-2.264872
2.457151
0.144226
-1.521795
-1.756695
1.713805
-0.478029
1.913945
3.483777
-3.018971
-3.181774
-0.375642
0.682380
-3.017988
-1.021023
1.425800
-3.576879
2.196516
-2.052085
-1.890022
-3.401173
-0.802390
1.576002
0.349015
0.313472
-2.423163
-2.600918
-1.958736
-1.818850
1.930205
-0.379835
2.018259
4.914800
-0.793740
-2.171868
-0.148674
-0.802303
-1.464231
2.327816
1.743586
-2.595958
0.147872
1.948019
-0.604382
0.834571
5.430300
-0.632954
0.088186
-1.945684
-0.795293
-0.097670
-0.934100
2.935982
-3.827636
-1.209304
1.077297
2.357004
1.476950
-0.664674
-1.902902
-0.976071
-0.848207
1.653991
-0.679157
4.032926
3.864285
-3.679105
0.839192
3.709721
-0.401563
-0.329974
-1.141326
0.128252
-0.377829
0.063735
0.488633
0.205712
-0.884487
0.464261
-1.471919
0.568838
-0.286617
2.314266
-1.730985
2.433412
-3.885778
3.866182
-2.508374
-0.263650
-0.651216
0.754482
1.967496
1.349953
-1.104822
1.052084
-3.781599
1.159281
-2.533039
-2.661980
0.783427
2.169430
-0.153609
-0.858766
-4.610630
-1.181541
2.557986
3.419346
0.679128
-1.312923
1.637448
-0.982345
-2.701093
0.012634
-1.087250
-0.190688
1.993034
0.534243
2.597386
-1.943776
-0.899866
-4.124217
3.816910
-1.307550
-0.909242
-0.089822
-4.609245
0.561262
-3.005281
-2.370021
-3.400907
0.344035
1.811213
0.109166
-0.028773
0.103103
-0.730045
0.262952
-3.028888
0.961242
-0.554192
0.802061
0.444367
0.483036
-0.389319
2.317810
3.693755
-5.150806
3.908756
0.400218
-1.801117
-0.065862
-1.840373
1.371436
-2.533517
-1.613946
0.289491
1.450549
-2.354091
-2.241335
-2.217692
-1.283279
0.426121
-0.748444
5.130733
-1.334625
-0.301577
1.072913
0.439619
3.322355
-3.402184
0.620252
-2.029169
-1.366713
2.783730
-1.124721
-0.149643
3.928614
-1.358762
-0.095833
0.255007
-0.862957
0.183165
1.128499
1.284649
0.307225
2.142280
-1.393075
1.566788
0.323913
-0.412930
-2.508055
1.322959
3.560747
3.415205
0.833638
0.561616
-5.228931
-4.295187
2.033054
-0.070816
-0.861133
0.944812
0.534068
3.054948
-1.578961
-3.244571
-1.436761
-0.264265
-0.464920
5.710530
-3.754219
-2.581084
-0.752500
3.429321
3.029998
0.499972
-5.785298
4.316656
-4.157051
-1.476179
-0.295143
0.109645
-1.613126
1.748181
-0.117927
-0.187466
2.291802
-3.038163
1.664397
-3.049718
-3.633016
-1.396515
-2.230118
1.161470
1.225963
0.091697
-5.334771
-0.564090
-2.614059
-0.632657
-1.338478
0.244788
0.672608
4.683103
1.582911
0.151913
1.024322
-0.689657
-2.142858
1.239921
1.911793
-3.295641
-1.497154
-0.937686
2.779021
-0.877833
-3.416252
-2.063546
-0.443834
-0.081206
-0.986784
-2.545033
3.021105
0.109976
3.098240
0.572124
0.540878
5.936938
-0.355024
-0.807308
-0.564713
-1.111752
0.881794
-0.241044
3.298801
0.104019
-2.651096
1.302126
-0.326720
2.197974
-0.517233
-0.545893
-1.388604
-1.545380
-0.362069
5.875029
2.069939
2.475672
0.215317
-1.005523
3.146382
0.584510
2.903083
2.669786
-0.446699
-3.698355
0.061485
1.696815
3.863365
-1.783463
-0.590952
2.651681
-1.785752
1.771215
-3.226821
-0.189039
1.319082
4.195150
1.214511
-2.697621
0.142216
-0.571019
-2.801302
-1.483917
0.688152
2.057426
-3.081142
0.426645
1.390829
-0.316143
-4.292165
0.919988
2.197289
0.208749
-0.225197
2.081600
-1.780070
-1.326003
-0.785725
-2.288327
2.145907
2.085273
-0.773510
-2.825381
2.724181
4.602721
1.742012
0.278537
-3.461790
3.207089
0.682718
-0.455508
0.629548
0.831138
-2.101473
-1.799815
-1.462264
0.285436
3.478682
-1.881240
1.810902
-1.337870
2.826450
1.406515
-0.867553
0.551052
-0.384084
-2.446165
1.181716
0.474721
-3.934173
-1.437454
0.062151
0.405265
1.656719
-0.730341
1.148264
3.213272
0.246645
1.350391
-2.260460
-0.425300
-0.034753
1.486340
1.216517
-1.707878
0.967272
0.900789
0.258007
1.106787
0.287065
2.332288
-2.032032
1.250198
-2.325394
-1.445870
-2.302590
-2.346091
-2.365792
-1.401742
-1.961400
-0.864448
-1.206367
1.104040
-0.936381
2.885300
2.414117
0.377594
-0.293482
1.263503
-1.343721
-0.245900
0.570765
1.134820
1.463239
-2.667501
0.674189
1.567446
0.727922
0.765662
-1.268119
-3.311143
-0.945578
-1.032303
0.658818
2.063719
0.437316
1.284489
1.569541
-1.640775
0.125408
2.980779
-1.021597
1.144482
2.041280
-0.038380
-0.389897
-1.485582
3.353307
-3.953015
1.549669
0.862867
-0.885631
-0.244963
-1.400901
-2.768838
-4.350440
1.513226
1.083172
1.278163
2.400623
0.089426
2.213364
-2.104124
2.050627
-0.786878
-3.029194
1.113310
-0.781088
-1.508272
-0.816908
-2.330501
1.180618
0.001147
-2.609055
0.047042
-1.446493
-0.299159
1.219199
2.241822
-4.046736
-1.373641
1.623092
1.384431
-1.835977
-2.162050
-0.398028
-0.067730
-0.935400
-1.071206
-0.507263
2.374878
-1.762477
1.123794
1.362237
0.884102
-0.839133
2.264089
2.346916
-1.290565
1.050699
1.330504
-0.993157
2.328837
1.356117
-1.666744
-1.102080
2.037214
0.972773
-1.740155
-2.213123
-0.502971
2.793954
-1.220553
0.560482
1.152104
-3.926548
-0.253312
1.453657
3.139455
-0.531027
-0.256715
3.087512
-1.849048
-0.178861
2.996629
1.216956
2.579714
1.822914
0.087156
3.979732
-1.198761
-2.596058
0.714620
-0.750359
0.595778
3.484001
2.340352
0.180187
2.765162
4.754447
2.760526
-0.656894
1.251934
1.755106
-0.793724
-3.585012
-0.595076
-1.392638
-1.740888
-1.541760
-2.390793
3.507679
3.141510
1.900259
1.692471
-3.351013
0.135771
-0.332431
0.166720
-2.126036
-0.552101
-0.099578
-0.854309
0.267586
1.027452
-1.605757
0.891275
-2.386539
0.361794
-1.579196
-1.277407
-0.312489
0.531292
-1.034642
-4.165704
4.326494
-0.185521
0.605611
-0.584227
1.172590
0.343608
0.586002
-0.218972
-3.265538
1.327778
0.163068
-2.166001
3.955460
1.001888
1.679659
1.197333
-2.795017
1.602966
-1.202124
-1.741064
0.833721
-0.666162
-0.153412
3.860959
1.467588
0.133552
1.304988
0.536486
-2.064483
1.176126
-0.286984
-0.962558
0.400024
-0.676551
-0.263398
0.748255
0.615625
1.261890
2.237944
0.396118
-2.054496
-1.734643
-3.017037
-0.048860
-3.272300
1.867438
0.146874
1.355009
-1.803610
0.123518
-2.463780
0.515159
0.905421
-0.927958
-3.585308
-1.383161
0.681583
0.008881
-0.558738
0.297861
-1.429793
-0.131582
-2.399535
-1.448612
3.902112
1.593600
-0.376544
-0.420616
-0.904922
0.288903
1.047211
-1.657154
-1.738080
0.533539
2.573494
-0.903650
1.646320
2.410836
-0.108625
0.293480
-0.681631
-2.715574
0.094282
-2.319820
-1.419490
-0.071723
-0.607195
-0.043045
-1.229435
-1.254663
0.304995
0.105330
-0.287711
2.067535
-1.410052
-2.356873
2.909693
2.748462
0.309908
1.487117
0.623292
0.509422
-1.007650
-1.511346
-1.684416
-1.447811
0.073096
-1.615616
0.971526
-3.326032
-0.086049
3.350380
0.552392
-1.024935
