-0.317999
-0.309154
-0.515315
-0.024828
-0.553319
-0.018057
0.066765
0.380695
-0.247988
0.214448
-0.040014
-0.267870
0.134914
-0.132791
-0.144082
0.471693
0.416943
-0.354646
0.227579
0.230537
0.423249
-0.269559
0.018042
0.014002
-0.420831
0.342970
-0.061282
-0.158268
0.090772
-0.097277
0.361983
-0.002603
-0.443013
-0.272663
-0.271610
0.330088
-0.221401
-0.566284
-0.453836
0.313313
0.127609
-0.455728
-0.491130
-0.308567
0.478738
0.101130
0.239156
-0.189548
0.224057
0.359556
0.432810
-0.155677
0.401018
-0.267810
-0.501935
-0.145178
0.355151
-0.162962
0.060168
0.247232
-0.155491
-0.155955
-0.175057
-0.441160
-0.241152
-0.530988
0.282448
-0.327837
0.509670
0.184897
0.005909
-0.547031
-0.052988
0.418922
0.214545
0.057209
0.000250
-0.441992
0.431253
-0.584421
0.418411
0.328578
-0.050196
-0.153862
-0.160015
0.408086
-0.235777
-0.085388
-0.174375
-0.028193
-0.378658
0.296474
-0.174846
0.050330
-0.034126
-0.121061
0.206311
-0.291628
-0.383485
0.341442
-0.041087
-0.210259
0.009201
0.408309
-0.161741
-0.110337
0.421782
-0.403886
0.387664
0.242844
0.014602
0.472908
-0.424709
-0.530560
0.246736
0.121246
0.290991
-0.406671
-0.377750
-0.476002
0.256401
-0.319220
0.668761
-0.129951
-0.229280
-0.382929
-0.620433
0.195114
0.355973
0.621526
-0.679726
0.270812
-0.352491
0.269536
-0.583060
0.364567
-0.101535
0.115586
0.138223
0.225940
0.210484
-0.228708
0.171827
0.000891
-0.083062
-0.057219
-0.273577
0.707632
-0.261820
-0.557994
-0.444407
-0.191340
0.496050
-0.045059
0.399069
0.469586
-0.371970
0.252328
-0.354442
-0.395309
-0.107450
0.504019
-0.406886
0.275848
0.160850
0.024900
-0.303856
0.539095
-0.090875
-0.366913
0.391265
0.394651
0.200224
0.002140
0.111210
-0.166738
0.713524
-0.115816
-0.384039
0.295152
-0.251587
0.512725
0.281854
-0.471468
0.319376
-0.475542
0.146202
0.565289
0.294162
-0.367596
0.472689
0.595625
0.263285
-0.659669
-0.006535
-0.066945
0.346981
0.365883
-0.537945
-0.671674
0.259708
-0.353369
-0.361079
0.199814
-0.246808
-0.206020
-0.047579
-0.464754
-0.177242
-0.468933
-0.244735
-0.240548
-0.058328
0.281522
0.373105
-0.335101
0.264095
0.188757
0.124719
0.010743
-0.373235
-0.267005
-0.353371
-0.557216
-0.088034
0.532327
0.390025
-0.009150
-0.329928
-0.210537
0.129696
0.273740
0.403488
0.228605
-0.354740
0.377039
0.528968
0.096549
-0.280051
-0.374116
0.124049
-0.277137
-0.477039
0.225134
-0.341929
0.025636
-0.419267
-0.335390
0.551713
0.488236
0.124826
0.904417
-0.370007
0.168321
-0.212195
0.441916
0.351433
0.505548
0.080453
-0.493815
0.085620
0.079250
0.349980
-0.343278
0.480684
0.370989
-0.157275
0.191974
-0.135365
-0.204454
-0.130038
-0.216044
0.469318
-0.101527
0.079351
-0.365688
0.138109
0.351178
-0.582215
-0.056010
0.276016
-0.321562
0.471976
0.517364
0.602920
0.420380
-0.203082
-0.006702
0.328636
0.407026
-0.686500
0.068321
0.042716
0.321892
-0.063508
-0.140557
0.093335
-0.109310
0.375827
-0.155972
0.152340
-0.004392
0.377804
-0.094605
0.386131
-0.211199
-0.270382
-0.462231
-0.192090
0.352548
-0.105651
-0.051115
0.152763
-0.300094
0.633985
0.534784
-0.245233
-0.274419
-0.014649
-0.410129
0.283965
0.056230
-0.063078
-0.140700
-0.424638
-0.394165
-0.007508
0.633911
-0.115513
0.399322
0.459132
0.210801
-0.037386
0.598228
0.260758
-0.429812
-0.194892
-0.093001
-0.564347
-0.172625
-0.100620
0.109677
-0.432847
-0.445963
-0.097498
-0.470941
0.202988
-0.091311
-0.538593
-0.185641
-0.393639
0.414739
-0.179715
-0.611381
-0.014397
0.242004
-0.112947
-0.278889
0.120938
0.002786
0.334399
0.246843
0.167207
0.433189
-0.211311
-0.603252
0.107067
0.461752
-0.040259
-0.070208
0.353724
0.015268
0.437664
-0.563958
0.340184
0.236801
-0.630122
0.192387
-0.037525
0.291588
-0.186200
0.245818
0.413357
-0.130023
-0.373523
0.271267
-0.396386
0.036762
0.484682
0.189724
0.464289
0.181309
0.244116
0.134873
-0.250882
-0.564802
0.107347
0.181108
0.255741
0.388390
0.338072
0.550876
0.350837
0.180180
-0.398814
0.107735
0.117012
-0.294854
-0.375462
-0.409980
0.064534
-0.154215
0.668945
-0.254918
-0.455156
0.496030
0.121883
-0.093495
-0.178572
0.098369
-0.074301
0.537984
-0.416331
0.571868
0.798509
0.369258
-0.285202
-0.085516
-0.253690
0.406048
0.331738
0.447195
-0.413384
-0.376020
0.316106
-0.451741
0.068945
0.402049
0.139119
0.182090
-0.327098
0.468342
0.180611
-0.479190
0.046668
-0.045148
0.074987
0.016399
0.404500
0.615304
-0.020382
-0.202941
0.421791
0.502374
-0.203162
0.218953
0.197128
0.132987
-0.244944
-0.482832
0.322192
-0.240693
-0.202410
0.600479
0.247711
-0.127874
-0.050162
-0.330663
0.221964
-0.450332
0.235870
-0.277746
-0.007225
-0.224486
-0.050571
0.156184
-0.068940
0.287940
-0.706865
0.570777
0.081487
-0.002737
-0.623312
-0.312807
-0.517464
-0.490069
-0.175582
-0.025045
-0.155968
0.036684
-0.461440
0.023278
0.389245
-0.055997
0.875600
0.253063
-0.658183
-0.203057
-0.062144
-0.377606
0.035464
0.484132
0.084668
0.332180
-0.194217
-0.412733
0.279580
0.079689
-0.108110
0.096450
-0.005980
-0.476707
0.542865
-0.195455
-0.203399
0.351352
-0.466848
-0.066721
-0.407117
0.048189
0.375960
-0.145607
-0.668938
0.339013
-0.105605
-0.213261
-0.349054
0.231800
-0.587201
0.270486
0.428893
-0.462983
0.369141
-0.095579
0.050036
-0.266916
-0.164599
0.193102
-0.288316
-0.321792
0.192783
0.370798
0.315715
-0.330152
-0.273258
-0.033645
-0.274035
0.321781
-0.505313
-0.427161
0.178364
-0.587069
0.287148
-0.405325
0.291644
0.450272
-0.047386
0.286438
0.377379
-0.244289
-0.443583
-0.246873
-0.011149
0.086123
0.614738
-0.222568
-0.216548
-0.080229
0.236436
0.262830
-0.521801
0.308834
0.203597
-0.222203
0.076027
-0.036033
0.445732
-0.315369
0.373756
-0.344351
0.695887
0.551074
-0.297115
-0.647223
0.371819
0.747778
-0.217484
-0.114217
-0.070518
0.015332
-0.431468
0.109422
0.084118
-0.219814
0.438790
-0.087731
0.155801
-0.141458
0.475994
0.324382
-0.105840
0.358685
0.393462
0.690805
0.342802
-0.365465
-0.013363
-0.387241
0.360797
0.434677
-0.492278
0.199038
0.284584
-0.030797
0.232152
-0.493280
-0.207402
0.437287
0.163019
0.210200
-0.217415
-0.436618
-0.006632
0.397737
-0.100172
-0.038740
-0.430254
-0.530655
-0.341524
0.006062
0.404139
0.044175
0.124483
0.525047
0.402169
0.260629
-0.407529
-0.283491
-0.203266
0.023691
0.520134
0.313644
-0.643860
0.519426
0.096619
0.482120
-0.299231
-0.348080
0.313879
0.369088
-0.131088
0.542009
-0.020800
-0.305869
-0.422308
0.652305
-0.486326
-0.302557
0.385208
-0.272953
-0.261402
-0.615616
-0.401761
0.222288
0.187175
0.268701
0.253892
0.492698
-0.361257
0.048047
-0.200366
-0.229179
-0.285524
-0.598201
0.401073
-0.413696
0.458505
-0.067736
-0.120364
0.091061
-0.279155
0.228193
0.083674
0.188639
-0.254498
-0.200420
0.008630
0.168769
-0.090361
-0.500221
-0.132563
-0.088139
-0.196960
-0.185874
-0.151744
-0.062516
-0.231231
-0.005255
0.009547
-0.554992
-0.008044
0.185809
-0.041564
-0.341955
-0.110575
-0.464961
0.019804
0.286520
0.133806
-0.328850
-0.180671
-0.186815
0.068336
-0.130825
0.281942
0.121104
0.200563
0.043892
0.469983
-0.258911
-0.318242
-0.635932
-0.172838
-0.001427
0.127424
-0.154472
0.489141
-0.590034
0.267236
0.329716
-0.414108
0.065094
0.446740
0.433395
-0.087334
-0.325742
0.141034
0.211091
0.178475
-0.376046
0.461592
-0.396426
0.204177
-0.513947
-0.194374
-0.489980
0.344659
-0.364915
-0.567453
-0.290037
0.343628
-0.006266
-0.071396
-0.046102
-0.300940
0.218004
-0.418292
-0.565620
0.075104
-0.120548
-0.085309
-0.689905
-0.062650
0.436524
0.107342
0.586870
0.278032
-0.054864
-0.080355
-0.491092
0.084071
-0.321513
-0.326094
0.247755
-0.270932
0.079343
0.359067
-0.263059
0.099218
0.427983
-0.167170
-0.091815
-0.114429
-0.477753
-0.224433
-0.566071
-0.664452
0.239685
-0.307248
-0.389901
0.650456
0.440141
0.127990
-0.307963
-0.131325
0.450142
0.318697
0.077287
-0.231377
-0.142994
0.278658
0.350708
0.016196
-0.291178
0.149357
0.016990
-0.223889
0.244684
-0.188591
0.456187
0.543224
-0.020271
0.187444
0.171357
0.349597
-0.552552
