0.258981
-0.125533
0.008426
0.354959
-0.113836
-0.240031
0.437313
0.231487
0.095981
0.357798
-0.134773
0.130503
0.264910
-0.304735
0.096135
0.244326
-0.024476
-0.205963
0.066320
0.429326
0.571187
-0.187689
0.042908
0.311779
0.073645
0.171112
0.434629
-0.227506
-0.487740
0.082285
0.336673
-0.129200
0.298954
-0.281326
-0.173085
0.093556
0.255890
-0.771505
0.243188
-0.382575
0.250622
0.206660
-0.132413
-0.212593
0.153586
-0.320922
-0.446419
-0.000172
-0.275483
-0.439624
0.715253
0.036954
0.776531
0.062474
-0.401953
0.100883
0.120126
-0.582308
-0.124696
0.278652
0.087003
-0.521997
0.202933
-0.524093
0.318007
-0.728268
-0.609297
-0.388545
-0.193374
-0.292910
-0.084010
-0.343338
0.342307
-0.226658
0.513252
-0.052056
0.000454
-0.119002
-0.277571
-0.690487
0.031277
0.339432
0.179109
0.523567
-0.196461
-0.065769
0.097815
0.532277
-0.173792
0.169802
-0.392070
0.343098
-0.453880
-0.155512
0.073003
-0.140485
-0.207496
-0.564856
0.503720
0.513492
-0.107731
0.332184
0.299675
0.239030
-0.468799
-0.496154
0.521097
0.246336
0.334438
-0.205689
-0.231535
0.229887
0.405751
-0.079343
-0.214095
-0.173705
0.565905
-0.241042
0.400030
0.262496
0.249227
-0.364015
0.021591
0.291420
0.252899
0.539898
-0.270283
0.450002
-0.369656
-0.297283
0.186673
-0.462347
-0.014623
0.389985
-0.492067
-0.230907
0.094832
0.160946
-0.183965
0.085190
-0.583015
-0.344881
0.072336
0.075782
0.238877
0.159925
0.117864
-0.331845
0.217864
0.296843
0.271087
-0.267156
-0.129260
0.125502
0.029299
0.488255
0.008351
0.059310
0.126527
-0.420660
-0.483204
0.007447
0.517539
-0.134817
-0.197141
-0.246430
-0.338543
0.038591
-0.326353
-0.019886
-0.402222
0.509678
-0.512785
-0.452204
0.414333
-0.660187
-0.285313
-0.357504
0.081894
0.096784
-0.084584
-0.153305
-0.002821
0.459831
0.349831
0.055665
-0.529910
-0.506840
0.362868
-0.095402
0.492478
-0.578069
-0.584902
-0.153958
0.048079
-0.292771
0.023521
0.222203
0.163186
-0.477237
-0.100017
0.077915
0.302064
-0.095076
-0.391116
0.409175
0.276789
-0.364763
-0.204778
-0.016629
0.360662
-0.011214
0.097464
0.509732
0.354374
0.388435
0.132056
-0.092628
-0.159403
-0.044188
-0.223411
0.178469
-0.581850
0.070004
0.158253
0.748069
-0.125212
-0.638278
0.374485
-0.426307
0.652797
0.350203
0.614219
0.307130
0.042251
0.212629
0.202577
-0.130667
-0.370139
-0.440769
0.177324
-0.195798
-0.262707
-0.124788
-0.442923
-0.005446
0.449907
-0.153545
0.016297
0.274433
-0.130352
0.531765
-0.030433
0.004250
-0.199228
-0.113505
-0.289126
0.573320
-0.179903
-0.532748
0.516422
-0.339990
0.043004
0.415157
-0.362611
0.071825
-0.378225
0.361420
-0.125482
0.256419
-0.300692
-0.344851
0.500756
-0.428028
0.199277
-0.228717
0.199446
-0.142340
-0.108066
-0.205186
0.220633
-0.248097
-0.354745
0.314260
0.351834
-0.519928
-0.709832
-0.637133
-0.043009
0.274785
0.434925
-0.285013
0.176882
0.018313
0.392002
-0.192207
0.454415
0.132543
-0.095974
0.037872
0.161923
0.062932
-0.235462
0.215802
-0.072140
0.019327
0.034817
0.469858
0.289420
0.568503
-0.507442
-0.147902
-0.492334
-0.014838
0.128175
0.221057
0.048799
-0.134576
0.720347
0.418431
0.105349
0.275649
-0.160147
-0.031051
-0.151290
-0.362217
0.578691
-0.645117
-0.304069
-0.104445
0.061285
-0.310520
-0.111626
-0.381455
0.168090
0.504842
-0.320416
0.118710
-0.069958
-0.298742
-0.294998
-0.061193
-0.020630
-0.042369
0.396780
0.352718
0.427989
-0.301589
-0.517529
-0.237705
0.048744
-0.239703
-0.033008
0.490350
0.095973
0.046862
0.403128
0.349397
-0.399315
0.132000
-0.183335
0.395844
0.329554
0.125361
-0.701309
0.487599
-0.184794
-0.180327
0.307109
-0.594345
-0.074601
0.323693
0.407463
0.520459
0.009710
0.290364
-0.069492
-0.130780
-0.113578
-0.006214
0.171539
-0.012569
-0.345941
0.313293
-0.682106
-0.816287
0.610788
-0.450771
0.179101
-0.411584
0.038386
-0.336397
-0.400955
0.078178
0.317337
0.084362
0.428445
0.525478
-0.087846
-0.720096
-0.183534
-0.618447
-0.152119
-0.036041
-0.018512
0.574022
0.033737
-0.170917
0.319287
0.358998
0.275198
-0.408839
0.124052
0.491151
-0.560615
-0.265431
-0.061427
-0.119344
-0.374743
-0.027414
0.567738
-0.541958
0.228112
0.611948
-0.006584
-0.030202
-0.324763
-0.491049
0.248766
-0.133348
-0.044725
-0.289997
-0.498470
0.550614
0.030535
0.009812
0.041555
-0.059592
-0.515231
-0.108751
0.330242
-0.250658
0.058797
-0.430917
-0.316566
0.413744
-0.007944
-0.038222
0.028288
0.087402
0.430621
0.252514
0.395666
0.045407
0.208235
-0.073077
-0.347759
-0.095205
-0.012072
0.091018
0.485274
0.318522
0.235213
0.605338
-0.466409
-0.161770
-0.304206
0.191911
0.216106
-0.309107
0.268455
-0.144415
0.461101
-0.515548
0.375775
0.373128
-0.695074
0.072293
-0.224796
0.066274
0.450740
0.055382
0.122774
0.290819
0.019075
0.379117
0.337078
-0.237084
0.005092
-0.081925
0.358376
0.449923
0.673234
-0.106508
-0.659343
-0.301941
-0.240860
-0.071322
-0.526630
-0.077099
-0.405647
0.244227
-0.079709
-0.236982
0.565454
-0.451260
0.421017
0.288247
-0.183536
0.311633
0.662395
-0.667205
-0.189946
0.336163
-0.295061
-0.138231
0.413295
0.246492
0.260455
0.490593
0.333798
0.389804
0.165248
-0.166486
-0.459786
0.441631
-0.578423
0.417082
-0.076600
-0.233302
-0.531488
-0.225765
0.479535
-0.469921
0.198618
-0.128634
0.183078
-0.399336
0.439803
-0.284064
0.180863
0.069838
0.201509
0.424557
0.478875
-0.423467
-0.359883
-0.370835
0.017947
0.086438
0.418692
0.408309
0.276142
-0.125646
0.327492
-0.096573
-0.363404
-0.296229
-0.227986
-0.339382
0.273994
0.069855
-0.344623
0.377395
0.378130
-0.324172
-0.498505
-0.176744
0.149440
-0.539673
0.323541
0.502667
0.155946
0.225470
-0.043353
-0.101491
-0.019386
-0.199181
-0.392543
-0.212590
0.017893
0.503920
-0.445984
0.482148
-0.483421
-0.483999
-0.327833
-0.270868
-0.097231
-0.276382
0.296463
0.172096
-0.411034
-0.456718
-0.004436
-0.852720
0.506119
-0.480954
0.358748
0.331555
-0.196823
-0.342552
0.521362
0.237034
-0.175969
0.415215
-0.674148
0.394090
-0.129305
0.318177
0.388073
-0.161430
0.537009
0.451120
0.356911
0.022689
-0.078194
0.229333
-0.107732
0.257811
0.480238
-0.429639
-0.311824
0.286542
0.386481
0.100185
-0.029963
0.153727
0.395589
0.306327
0.019505
-0.030922
0.070917
-0.175570
0.127538
0.234265
-0.043825
0.551427
-0.235827
0.123485
0.051219
-0.193131
-0.257751
-0.172071
0.633192
-0.021336
0.276994
-0.003320
0.061971
-0.094150
0.075077
0.538420
-0.202232
0.318256
-0.249544
0.553503
-0.124773
-0.719914
0.105204
0.323551
0.467926
-0.479894
0.100714
0.377516
0.110010
0.112939
-0.651558
-0.379941
-0.448751
0.048047
-0.471949
0.257760
-0.276534
0.142754
-0.538025
-0.188226
-0.276905
0.340061
0.006528
-0.042823
-0.085590
0.150754
-0.356271
0.019976
-0.253310
0.493080
-0.159776
-0.247654
-0.176135
0.356908
0.123353
0.100806
0.036898
-0.020486
0.064736
-0.547013
0.179388
0.076780
-0.325439
-0.062228
0.164485
0.136681
0.032085
0.275304
-0.200657
0.047604
-0.241200
-0.445158
0.234716
0.186938
-0.448145
-0.566692
-0.182866
-0.157380
-0.748711
-0.714278
0.175909
-0.278167
-0.413088
0.453129
0.410005
0.083377
0.185070
-0.030721
0.447375
-0.099382
0.233494
-0.674305
0.047148
-0.070635
-0.118697
-0.280339
0.318490
-0.467265
0.178364
0.114889
-0.387854
0.114655
-0.432929
-0.246393
-0.083952
-0.559097
-0.257318
0.471121
0.286635
-0.614562
0.444294
-0.097559
0.419304
0.358426
0.196486
0.386499
0.083818
0.215104
-0.239768
0.026540
-0.469344
0.163035
0.282880
-0.031581
-0.246988
-0.047803
-0.150799
0.607878
-0.147732
-0.879404
0.096061
-0.087514
0.179129
-0.274044
0.358613
-0.455024
-0.268662
0.400937
0.419274
0.424828
0.371550
0.304533
0.101071
0.205894
-0.088375
-0.263446
0.131643
-0.658193
-0.421395
0.688898
-0.423311
-0.484468
-0.103031
0.404429
-0.269547
0.180469
-0.277687
0.440268
-0.162475
0.364747
0.246381
0.445223
0.126398
-0.331561
-0.368400
0.294828
0.323236
-0.187864
-0.538535
0.195022
-0.702339
-0.594552
-0.159178
0.152440
-0.031891
0.156071
0.243452
-0.262660
-0.069928
0.316906
