0.271355
0.403481
-0.043088
-0.220969
-0.647307
-0.299711
0.190792
0.403851
-0.312305
0.332738
-0.087284
0.509759
-0.381835
0.458532
-0.475655
0.198324
0.395277
0.375750
0.305630
0.493750
-0.109367
-0.304426
-0.074499
0.131127
-0.099773
-0.344201
0.538996
0.039611
-0.324660
-0.572755
-0.293009
-0.435348
0.460495
-0.080073
0.411406
0.233845
0.120410
0.290254
0.178865
-0.320511
0.501841
-0.061263
-0.039821
-0.351168
-0.571203
-0.369084
-0.055455
-0.146628
0.068928
0.373124
-0.440391
-0.025796
0.013402
-0.455629
0.291733
-0.421327
0.285929
-0.389177
-0.254567
0.423430
-0.121371
0.168677
0.288640
-0.351648
-0.217151
0.339032
-0.161739
-0.477632
-0.397682
0.103168
-0.133559
0.115186
0.123361
-0.408066
0.251669
0.239296
0.269655
0.254348
0.208214
-0.166501
0.561978
0.053366
-0.529583
0.314847
-0.381503
-0.048391
0.432272
0.629716
-0.248093
-0.082514
0.343523
0.103723
-0.230358
0.109565
0.240201
-0.280704
-0.593471
-0.538138
0.569539
0.166538
-0.278066
0.151751
0.124101
-0.075097
0.354132
0.088355
-0.064391
0.470929
-0.157347
0.174614
0.007299
0.198938
-0.238606
-0.270466
-0.238613
-0.068716
0.203524
-0.571827
-0.226771
-0.476402
-0.402672
-0.253166
-0.228581
-0.202230
0.339147
0.576706
0.026025
0.074569
-0.262958
0.207832
0.124112
0.496364
0.227030
-0.309123
-0.583060
-0.007494
-0.148773
0.214730
-0.157595
0.046861
0.107055
-0.601306
-0.183198
0.393545
0.382268
0.018743
-0.394510
0.279587
0.335901
-0.168707
-0.047004
-0.341160
0.334494
0.070212
0.291619
-0.110385
-0.401337
0.100445
-0.506210
-0.250823
0.316652
-0.223495
0.364405
0.293043
0.292028
0.416297
0.147100
0.223253
0.197287
-0.143795
0.273335
-0.147335
-0.222814
-0.045012
0.555228
-0.079142
-0.305977
-0.188507
-0.209717
0.369539
-0.048672
-0.669700
-0.099991
-0.453244
0.141954
0.183346
-0.041383
-0.186013
-0.018216
0.187649
-0.096125
-0.583256
-0.387060
-0.267155
0.386694
-0.381906
0.247404
0.107253
0.113529
0.127425
0.300408
-0.482211
-0.057628
0.000167
-0.262067
0.066473
0.187636
0.127483
0.185712
0.199658
0.212838
0.180646
0.544571
-0.402500
0.399687
0.096659
-0.272391
0.337095
-0.156169
0.555996
-0.181369
-0.288672
-0.399004
-0.606555
0.336389
0.360054
0.131761
-0.121212
0.193882
-0.388703
0.277410
0.164298
-0.450096
-0.246352
-0.287355
-0.581233
0.043761
-0.371219
-0.462939
0.202456
-0.480218
0.122523
0.354250
0.126819
0.348230
0.240369
-0.282081
-0.535625
0.511609
0.269555
0.010136
-0.301169
0.618836
0.041526
-0.517459
-0.073599
0.235665
0.176102
0.297857
0.160178
-0.501777
-0.714931
-0.361601
0.605127
-0.178936
0.181436
-0.232232
0.239182
0.121720
-0.026415
0.310744
-0.139079
0.489607
0.098267
0.392828
-0.211123
0.071652
-0.127290
-0.299331
0.382849
0.358544
0.348355
0.053968
0.373886
-0.426758
-0.329187
0.165603
-0.307453
-0.521761
-0.168332
-0.784966
-0.239573
0.261685
-0.135763
0.460484
-0.157718
0.348277
-0.748537
0.462141
0.024201
-0.220176
0.062932
0.028051
0.084831
0.415390
0.012105
0.049257
-0.000384
-0.491399
0.743388
0.379211
-0.237236
0.127711
-0.008954
0.457370
0.148870
0.008496
0.063704
0.364966
-0.179609
0.252746
-0.442376
0.310354
0.541376
-0.388390
-0.404453
0.608221
0.401031
-0.397741
-0.127321
0.376437
-0.319643
-0.135030
0.774197
-0.017599
0.243702
-0.473707
0.482882
-0.366394
0.366736
0.130398
-0.107745
-0.087563
0.096522
0.558363
-0.302088
0.007009
-0.098072
0.250684
-0.076213
-0.237711
0.681723
-0.501223
0.278672
-0.069414
-0.129877
-0.158255
0.565285
-0.203428
0.397258
0.311536
-0.082207
0.294416
-0.305715
-0.219577
-0.456808
0.083027
-0.109217
0.375811
-0.764321
-0.202871
-0.661305
0.059099
-0.109223
-0.055679
-0.455989
0.574900
-0.428592
0.172216
0.353247
-0.331261
-0.005646
0.007001
0.524535
-0.183740
0.266993
0.303886
-0.233730
-0.129722
0.297997
-0.314368
0.088495
-0.155441
0.346783
-0.008051
0.027481
-0.352238
0.253422
-0.170781
-0.502831
0.238677
-0.289834
-0.084544
0.082793
-0.031405
0.521739
0.018656
-0.157725
0.071748
0.481976
-0.363684
0.194638
-0.107141
-0.306660
-0.212416
0.080447
0.089659
0.316200
-0.252405
0.298084
0.407558
0.114475
0.507974
0.213470
-0.178208
-0.247342
0.205731
-0.108694
0.399962
-0.203466
0.276889
0.158762
0.081190
0.230143
-0.086599
-0.038923
-0.038383
-0.013187
0.055421
0.348247
0.433992
-0.212960
-0.471558
0.634913
0.221175
-0.222430
-0.100477
-0.123131
0.212221
-0.643930
0.215616
0.128799
-0.209182
-0.486400
-0.063841
0.434344
-0.174823
-0.417467
0.049852
-0.247852
-0.607805
-0.832655
0.422983
-0.218012
-0.395242
0.497785
-0.470793
-0.303210
0.146429
-0.397992
0.164929
-0.505727
-0.621674
-0.381977
-0.096382
0.171315
-0.201504
-0.017983
-0.381026
0.194774
-0.216636
-0.100681
-0.364366
-0.207277
-0.628674
0.033404
0.300402
0.094580
0.388958
0.310878
-0.431188
-0.035151
-0.286484
0.500793
-0.049444
0.079622
0.103485
0.031640
0.394502
0.571899
0.382175
0.458741
0.284968
0.318252
-0.281579
-0.117593
0.367390
-0.199671
-0.369400
-0.182548
-0.350823
0.055762
0.171584
-0.500548
-0.706988
0.115831
-0.481105
-0.314711
0.372298
0.336747
-0.409175
0.012807
-0.299753
-0.412782
-0.620909
0.506171
-0.023600
-0.373731
-0.171464
-0.412143
0.228919
-0.046245
0.013739
-0.211784
0.248719
-0.461602
0.287773
0.218563
-0.032462
-0.325660
-0.350109
0.233300
0.164718
0.192124
-0.390893
-0.399831
-0.574053
-0.257672
0.267062
0.100579
0.097978
-0.516781
0.335591
-0.033630
-0.027710
0.612556
0.456892
0.695280
-0.404845
0.018095
-0.115409
-0.155178
-0.632048
0.485540
0.064177
-0.355405
-0.648737
-0.025296
-0.119784
0.270629
-0.196576
-0.061303
0.087773
0.403451
0.144864
0.389638
0.070882
-0.455904
-0.218510
-0.238362
0.052811
-0.303274
-0.198242
0.398355
-0.443692
-0.248088
0.499441
-0.665582
0.354789
0.464589
-0.106259
0.369494
-0.451488
0.143593
-0.100368
0.558183
-0.096828
-0.089829
-0.098360
-0.061201
0.163665
-0.098478
-0.373929
0.367968
-0.187302
-0.507798
0.042754
-0.151491
-0.082751
-0.616998
-0.435499
0.438120
0.375124
-0.190573
0.257030
-0.105644
-0.783099
-0.027603
0.084671
-0.519600
0.563707
0.078526
-0.007486
-0.380498
0.381812
0.192994
0.487800
0.429683
-0.215395
0.249151
-0.296254
-0.054369
-0.108765
-0.041329
0.263903
-0.595862
0.390399
-0.106149
0.286865
0.363574
-0.219401
0.141690
-0.125233
-0.267303
-0.108100
0.750448
0.121731
0.034910
-0.323753
0.336546
-0.208779
0.088808
0.089957
-0.089706
0.082032
-0.339176
-0.312901
-0.292675
0.040265
0.212267
-0.315109
0.065494
0.142328
-0.152627
0.040935
0.289234
-0.676079
-0.081071
-0.209404
0.342762
-0.085790
0.084198
-0.230296
0.101937
0.047632
-0.082276
-0.120402
-0.241379
0.121890
0.213700
0.069261
-0.008135
-0.380389
0.731283
-0.190192
0.635321
0.382404
0.403042
-0.144187
-0.248360
-0.084832
0.517613
0.004378
0.075487
0.064431
-0.177996
-0.107601
-0.117850
0.464478
0.300431
0.315550
-0.556855
0.004049
-0.018943
0.871740
0.804768
-0.219358
-0.211532
-0.250643
0.516608
0.105509
0.499003
-0.057650
0.484483
-0.610642
0.131874
0.255333
-0.524620
-0.049825
0.236320
-0.649808
0.029939
-0.259081
-0.266021
0.098842
-0.225827
-0.181808
-0.003325
-0.022176
0.525735
-0.283860
-0.291637
0.446278
0.168901
0.492187
-0.107061
-0.505996
-0.314827
-0.703213
0.655884
-0.200070
-0.385778
0.341944
-0.017620
0.174062
-0.131784
0.274449
0.285153
0.529149
0.141824
0.304058
0.147950
0.132713
0.135952
-0.452499
-0.154004
-0.612652
-0.631737
-0.381094
-0.269956
-0.118640
-0.598654
-0.024990
0.377137
0.349281
0.240514
0.056244
-0.218840
0.278002
-0.377293
0.161429
-0.400255
-0.501031
0.486654
-0.286307
-0.330051
-0.281070
-0.066235
-0.036143
-0.113972
0.380697
-0.303728
0.129429
-0.100475
0.273473
-0.496945
-0.114711
0.040404
-0.564286
-0.598439
-0.122326
-0.276444
-0.244295
-0.291956
0.093715
-0.128996
-0.130264
0.006281
-0.145959
-0.400314
0.057409
-0.622883
0.100628
-0.311084
0.255435
0.331397
-0.191539
-0.647824
-0.078137
-0.424717
-0.170573
0.217714
0.240700
0.294108
-0.007537
0.126717
