-1.625198
1.893012
-1.731190
-1.184984
1.027892
-0.281383
-0.303756
-2.477187
2.055423
0.776657
0.795680
-2.144343
-4.577742
-2.065961
2.783211
-3.201709
0.578238
-2.107155
1.416713
1.892941
-0.871808
2.460095
1.479883
-1.682952
-2.025130
1.304775
3.302079
4.036291
0.728954
1.974268
1.070723
3.016556
-2.078894
-1.726947
1.537510
-0.949115
-4.511144
-1.972017
1.063422
0.697217
-0.834671
1.094609
1.825166
-1.565823
-3.828653
-2.164896
0.417612
-0.085710
-1.491366
-0.490940
0.987282
-0.943258
3.700937
2.496624
-2.333182
-0.824137
-0.388498
-0.768762
-2.697012
-1.687190
-2.244811
0.767057
2.003388
2.567417
1.602700
1.034555
3.937397
-0.194378
-3.938557
1.337297
2.464517
0.553123
3.048719
-0.068996
-0.640382
-2.107759
0.325798
0.315276
1.144487
-1.502308
1.287653
0.552824
-0.892261
-1.176129
1.089334
3.874361
-1.721816
1.455348
-0.505490
-2.744995
-0.311934
2.130167
-0.982587
-2.183649
-0.434854
0.646816
0.968865
2.407789
-0.128328
0.987385
-2.178299
-2.187170
2.339780
0.073926
-1.567307
-1.152646
1.677098
-0.639279
1.809138
3.448183
-2.971604
-2.866482
-0.527618
0.817505
-3.124338
-1.336829
1.086573
-3.027178
2.044895
-2.015477
-1.737798
-3.731702
-0.639793
1.576002
0.296100
0.460241
-2.160593
-2.508727
-1.794055
-1.455651
1.597283
-0.393844
2.078433
5.026088
-0.679038
-2.175360
-0.308655
-0.958369
-1.058891
2.104853
2.349486
-2.568531
0.287150
1.735881
-0.604382
0.776415
5.255938
-0.800883
-0.001573
-2.022824
-0.775904
-0.025809
-0.934100
2.935982
-4.168228
-0.964180
0.914479
2.357004
1.393729
-0.664674
-1.745960
-0.864396
-0.804400
1.566594
-1.101201
4.140729
3.967265
-3.742981
0.627991
3.875379
-0.551011
-0.932135
-1.283655
0.663447
-0.122573
0.487976
0.488633
0.066928
-0.939981
0.451908
-1.417064
0.712103
-0.447868
2.330839
-1.732839
2.243266
-3.885778
3.638927
-2.621953
-0.307820
-0.522458
0.756291
1.976149
1.124207
-1.089055
1.052084
-3.867368
1.201754
-2.031317
-2.845604
0.783427
2.148647
-0.235366
-0.831901
-4.625897
-1.252264
2.557986
3.217559
0.566695
-1.075925
1.552126
-0.850515
-2.757699
-0.171281
-1.070398
-0.362133
1.881009
-0.496055
2.322567
-1.632453
-0.932797
-4.270954
3.550922
-1.429022
-0.629108
-0.206242
-4.609245
0.615474
-2.692798
-2.007458
-3.572089
0.661325
2.026718
0.033852
-0.037289
0.169484
-0.808253
0.030785
-2.877888
0.921623
-0.667005
0.839844
0.464466
0.456513
-0.156537
2.421677
3.792877
-5.083883
4.335501
0.293905
-1.776137
-0.005028
-1.883709
1.577673
-1.778180
-1.517689
0.556334
1.450549
-2.118772
-2.494703
-2.392298
-1.505367
0.628535
-0.438551
4.992989
-1.351994
-0.372768
1.401488
0.706904
3.318813
-3.391574
0.116355
-2.229855
-1.376648
2.827237
-1.124721
-0.543651
3.913757
-1.462623
-0.088542
0.557565
-0.888004
0.312042
1.418008
1.180012
0.494527
2.303778
-1.388463
1.724435
0.239897
-1.010341
-2.739432
1.373806
3.567281
3.415205
1.208901
0.395025
-5.231563
-4.284256
1.884731
-0.245335
-0.973186
0.950469
0.411079
3.300892
-1.806819
-3.032791
-1.215034
-0.397414
-0.720694
5.636619
-3.922581
-3.014409
-0.633779
3.526989
3.029998
0.021269
-5.804874
4.195404
-4.609339
-1.825396
-0.352154
0.263959
-1.059151
1.460052
-0.117927
-0.045382
2.291667
-3.167715
1.654973
-3.124029
-3.755053
-1.681476
-2.169097
0.755090
0.620642
-0.125036
-5.370279
-0.564090
-2.683712
-0.596346
-1.183565
-0.071664
0.672608
4.683103
1.558169
0.145786
0.940423
-1.029729
-2.116783
1.464392
1.742674
-3.158319
-1.834797
-0.780444
2.531008
-0.957518
-3.789518
-2.325487
-0.443834
0.382775
-1.249197
-2.545033
3.021105
0.120113
3.302484
0.449469
0.783431
6.029163
-0.355024
-0.489432
-0.575105
-1.251743
0.881794
-0.325815
2.961149
0.104019
-2.700410
1.239440
-0.196854
2.363190
-0.267937
-0.811322
-1.467282
-2.098156
-0.360357
5.515692
2.149941
2.561265
0.334273
-1.005523
3.146382
0.683774
2.686464
2.657457
-0.294857
-3.993374
0.567145
2.299287
3.887190
-1.748910
-0.787688
2.633730
-1.640394
1.771215
-2.608839
-0.075402
1.561153
4.113023
1.117490
-2.736769
0.086380
-0.545987
-2.878573
-1.247397
0.554890
1.555314
-3.238998
0.078255
1.477592
-0.298752
-4.292165
0.771061
2.181811
0.286901
-0.050198
2.081600
-1.837959
-1.192524
-0.805880
-2.292110
1.976698
2.090460
-0.518783
-2.944425
2.522364
4.550361
2.156468
0.340103
-3.736070
3.400029
0.878098
-0.728070
0.458417
0.882642
-2.045858
-1.799815
-1.523641
0.103268
3.478682
-2.125608
1.331440
-0.904382
2.910838
1.393809
-0.623184
0.626244
-0.078810
-2.507920
1.510026
0.474721
-3.608149
-2.046925
0.054572
0.350728
1.168285
-0.438782
1.249397
3.202743
0.303836
1.316596
-2.260460
-0.288389
-0.261701
1.486340
1.366183
-1.727185
1.234963
0.622945
0.291411
1.140306
-0.043932
2.267429
-2.066076
1.298521
-2.395970
-1.486241
-2.602710
-2.722021
-2.527794
-1.220891
-1.982578
-0.685739
-1.206367
1.191917
-0.835810
2.569253
2.422313
0.365649
-0.252791
1.370741
-0.967930
-0.183205
0.931045
1.391305
1.488024
-2.299041
0.579282
1.456965
0.782949
0.687655
-1.217373
-3.367024
-1.136410
-1.000904
1.427627
1.906471
0.418441
1.396668
1.331293
-1.789978
0.146761
2.980779
-0.936714
1.246823
2.120801
-0.022974
-0.389897
-1.248153
3.336466
-3.666253
1.185356
0.964949
-0.887905
-0.244963
-1.313516
-2.583915
-4.042653
1.580816
0.898210
1.161252
2.465569
-0.017931
2.213364
-2.083052
2.219349
-0.910785
-3.183807
1.229404
-0.919202
-1.376294
-0.816908
-2.029778
1.054694
0.034246
-2.584712
0.389683
-1.021703
-0.409990
0.565243
2.241822
-3.553209
-1.106499
1.481560
1.321199
-1.873345
-2.233673
-0.422042
-0.469964
-1.129889
-1.164947
-0.264268
2.000838
-1.888961
1.272106
2.004633
0.820744
-0.860633
2.236855
2.249840
-1.612712
0.991102
1.418340
-1.382123
2.374489
1.450074
-1.710059
-1.339202
1.655839
1.115623
-1.948181
-2.262401
-0.460789
2.722784
-1.095597
0.573091
1.459274
-3.848379
0.033792
1.679844
3.100665
-0.576200
-0.316812
3.087512
-1.726241
-0.257136
2.996629
1.293350
2.564136
1.902916
0.146328
4.468554
-1.295567
-2.537120
0.969309
-0.864291
0.179883
3.267981
2.866428
-0.156189
2.967628
4.424361
2.507948
-0.613974
1.207667
1.686728
-0.816560
-3.585012
-0.595543
-1.392638
-1.651665
-1.855747
-2.452101
3.153386
3.086068
2.150584
1.658836
-3.289922
0.180865
-0.414255
0.196620
-1.785548
-0.518146
-0.384256
-0.992033
0.362271
1.311273
-1.707137
1.384592
-2.423707
0.578845
-1.474192
-1.284100
-0.312489
0.531292
-0.676803
-3.856646
4.569902
-0.187831
0.710277
-0.671827
1.420718
1.070188
0.969145
-0.069223
-3.197930
1.192732
0.169423
-1.904309
3.873159
1.063586
1.607456
0.882355
-2.795017
1.767353
-0.904417
-1.790728
0.634939
-0.586227
-0.207965
3.670731
1.549791
0.095692
1.660173
0.711588
-1.891112
1.559104
-0.372167
-0.786071
0.075424
-0.832050
-0.351995
0.748255
0.446238
1.232211
2.070495
0.207227
-2.148279
-1.734643
-3.012070
-0.158318
-3.248550
1.722570
0.313785
1.419953
-1.831507
0.340546
-2.485418
0.600149
0.628066
-0.883078
-2.861683
-1.450772
0.668662
0.343415
-0.334076
0.170875
-1.503042
-0.109387
-2.399535
-1.398016
3.951162
1.738361
-0.414462
-0.420616
-0.671218
0.064674
1.068341
-1.782246
-1.645311
0.464053
2.594479
-0.847229
1.764933
2.374613
0.024312
0.897912
-0.664420
-2.008898
-0.076354
-2.335614
-1.401864
-0.222914
-0.298408
-0.407173
-1.268737
-1.254663
0.248711
-0.048609
-0.470706
1.759545
-1.354595
-2.219487
2.909757
2.785588
0.447970
1.300851
0.555303
0.396602
-0.856900
-1.276323
-1.226607
-1.427854
-0.506561
-1.760663
0.928220
-3.377609
0.086167
3.483018
0.526494
-1.205763
