0.362307
0.096222
-0.243912
-0.009002
-0.124946
0.077291
0.325716
-0.052846
0.402431
-0.020366
-0.024544
-0.151330
-0.241108
-0.594713
0.008568
0.043579
0.181018
-0.179690
-0.414407
0.501458
0.464996
0.642258
-0.442744
0.020528
-0.065220
-0.375029
0.725247
0.176445
0.426154
0.426028
-0.048063
0.199168
-0.451009
-0.460120
0.109945
-0.023204
-0.050442
0.365466
-0.511844
-0.064127
0.244771
-0.063830
0.304691
-0.139777
0.243754
0.345141
-0.151829
-0.107499
0.448995
-0.335136
0.169462
-0.318146
0.617248
0.318404
0.024154
-0.342189
-0.110643
0.025134
0.435934
0.402648
0.057788
0.455635
0.125834
-0.524093
0.321310
0.076402
-0.597505
-0.520593
0.551054
0.018047
0.516360
-0.294403
0.307527
-0.352193
-0.002603
0.070552
-0.066558
0.196008
0.439832
-0.296605
0.290403
-0.244919
-0.415150
-0.055960
-0.621310
0.672260
0.066731
0.682686
0.474022
0.104345
-0.133094
0.342680
-0.052421
-0.341055
-0.039065
0.031872
-0.177287
-0.140131
0.424456
-0.060179
-0.234329
0.641508
-0.121217
-0.218416
0.019815
0.071430
-0.120167
-0.566406
0.317366
0.307901
-0.035397
0.594384
0.182824
-0.044520
-0.097541
-0.150334
0.260782
-0.150630
-0.033467
0.615997
0.298664
0.762697
-0.014840
-0.382336
0.378252
0.227538
0.037115
-0.338142
-0.207310
0.404301
0.020079
0.240752
0.182686
0.221206
-0.487592
0.345259
-0.161125
0.199420
0.191159
-0.459563
0.110138
-0.401239
-0.176439
0.038482
-0.067166
0.169703
-0.334709
0.668500
0.487302
0.369345
-0.482486
-0.096638
-0.433821
-0.161022
-0.306284
-0.127645
-0.221773
0.806585
-0.135236
-0.261776
0.252495
-0.230612
0.882715
-0.128287
-0.097120
-0.109945
-0.276162
-0.229603
-0.208760
-0.183868
-0.349246
-0.118745
0.107460
-0.159805
0.257703
-0.141265
0.349230
-0.340056
-0.374093
-0.345242
-0.078054
0.598700
-0.411281
-0.514972
-0.166641
-0.299291
-0.393039
-0.226656
0.214746
-0.263090
0.068128
0.658877
-0.368439
-0.134867
0.369108
-0.420318
-0.046640
-0.187895
-0.358990
0.151942
-0.120685
0.219859
-0.292951
-0.275822
-0.684613
0.517715
-0.273282
-0.036846
-0.149138
-0.115180
0.226378
0.085177
-0.033356
-0.537512
-0.071963
0.427340
0.040970
-0.093899
-0.127971
0.213224
-0.104035
-0.128094
0.148196
-0.054752
0.862746
0.679829
0.180341
-0.600337
-0.161449
-0.000928
0.280477
0.318178
0.082474
0.283582
-0.550944
0.187866
-0.188173
-0.285711
0.026538
0.052174
-0.308442
0.141884
-0.567287
0.034882
-0.547342
0.095399
0.581250
0.304830
-0.126451
0.198638
0.075203
-0.207969
0.321550
-0.588387
-0.131948
-0.189895
-0.153361
0.295211
0.241937
0.067068
0.449716
0.096457
-0.129933
0.549036
0.018155
-0.087664
0.391734
0.652720
0.248112
0.394180
0.436650
0.222596
0.380602
-0.429031
0.233587
0.003967
0.480378
-0.276081
0.547769
0.047895
0.215092
-0.252412
0.031555
-0.345678
-0.064953
-0.269416
0.036149
0.011636
0.441994
-0.236653
-0.601053
-0.304619
0.289024
-0.855484
0.461045
-0.148856
0.358616
0.035798
-0.614271
-0.257206
0.498011
-0.136833
0.419750
0.180617
-0.208117
0.011415
0.083967
0.186570
0.058950
0.379893
-0.013344
-0.155140
-0.724391
0.150757
0.097665
-0.301907
-0.376077
-0.024259
-0.333696
0.347472
-0.485005
0.489245
0.016478
0.618053
-0.676064
-0.267755
0.121050
0.469613
-0.516573
0.430002
0.132648
0.105633
0.160203
-0.225797
0.064956
0.025022
0.046309
-0.336141
-0.310584
0.456703
0.137862
-0.033475
-0.033191
-0.326689
-0.641064
-0.477733
0.219420
0.407230
0.341121
-0.578741
0.318732
-0.112634
0.545782
-0.282848
0.001982
-0.121447
0.098499
0.279387
-0.390321
-0.633485
0.172439
0.505042
-0.175244
-0.010519
0.358364
-0.502214
0.170599
-0.407381
0.623403
-0.409094
0.419416
0.444374
-0.060715
-0.342551
-0.071361
0.031889
0.417917
-0.024132
0.086224
0.248585
-0.118299
-0.646013
-0.270759
-0.309006
-0.115646
-0.692248
0.288439
-0.367374
0.251321
0.000163
0.469653
-0.761156
0.485520
-0.019103
-0.016419
0.694325
0.093756
0.330503
-0.158992
-0.577220
-0.122920
-0.560887
-0.203642
-0.151568
-0.342869
-0.101563
-0.136984
-0.474229
-0.407338
-0.004094
-0.390948
0.425425
-0.381664
0.449064
-0.408595
0.532769
0.031343
0.419233
0.446037
-0.445710
-0.137510
0.281635
0.136729
-0.192400
0.713760
0.194029
-0.322243
-0.347765
-0.468301
0.083956
-0.029450
0.054009
-0.560679
-0.192486
-0.253333
-0.408222
-0.218483
-0.345831
-0.453082
0.194016
-0.263145
0.388606
0.077440
-0.330273
0.438599
0.081167
0.336221
0.243629
-0.236567
0.606133
0.558515
-0.206331
0.322571
0.390893
0.512619
-0.422505
0.112444
0.167707
0.776787
0.033587
0.446206
-0.277749
0.222555
-0.046638
0.342973
-0.390132
-0.170165
-0.003365
-0.686485
-0.583734
0.219151
-0.109777
0.555625
0.179703
-0.120179
0.413678
-0.083647
0.292103
0.104812
0.410231
0.386623
-0.199985
-0.063722
0.088821
-0.026894
-0.080605
-0.007170
-0.490779
0.055427
0.084921
-0.602180
0.342096
-0.253380
0.436176
0.049338
-0.520985
0.337810
0.236938
-0.177315
-0.233762
-0.374817
-0.213102
-0.036782
-0.150684
-0.502838
0.387866
-0.312153
-0.507672
-0.472016
0.743209
0.018592
0.158324
0.214991
0.066456
-0.207873
-0.448395
-0.312931
-0.260450
0.511211
0.050841
-0.030633
0.122184
-0.299753
0.715917
-0.725141
0.065897
0.145921
0.385994
0.024654
-0.497427
0.263343
-0.030344
-0.393573
0.368940
0.324919
-0.653882
0.243874
0.078132
0.376682
0.001957
-0.062067
0.589056
-0.020500
-0.467155
0.569274
-0.214239
-0.524392
-0.075973
0.063798
-0.384534
-0.029988
-0.374343
0.358402
0.503781
0.008235
0.842021
0.054251
0.000623
0.347203
-0.159010
0.491296
-0.199897
0.481419
0.124709
-0.556910
-0.576347
0.216487
-0.227425
0.015885
0.075134
0.350755
0.247734
-0.172844
-0.657952
-0.158254
0.071800
-0.139974
-0.394104
0.237112
0.134888
0.354973
-0.060619
-0.389486
-0.258440
-0.346558
-0.206739
-0.457723
-0.172996
-0.544213
0.489190
0.438536
-0.495044
-0.443708
-0.497201
0.770544
-0.764739
0.163165
-0.542796
0.372708
0.297852
-0.354800
0.366230
-0.264285
0.363675
-0.036021
0.491771
0.503780
0.130881
0.364401
0.426446
0.298530
0.412163
-0.407920
-0.135264
0.108939
-0.716338
-0.541676
0.213114
-0.557434
0.298333
-0.282937
-0.071781
0.245347
0.021973
0.254677
0.116285
0.118555
-0.152708
-0.053354
-0.114472
0.445875
0.248506
0.103342
-0.198003
0.132101
0.153268
-0.336113
-0.361825
0.332128
-0.012116
0.470759
-0.204150
0.036902
-0.471079
-0.045512
0.411503
0.268702
-0.414153
0.232406
-0.606292
0.344288
0.197354
0.010480
0.632480
-0.203766
0.125132
-0.460829
0.141378
-0.246032
0.588467
-0.535620
0.447217
0.689920
-0.234421
0.210612
-0.275848
-0.706292
-0.697395
-0.017854
-0.097569
0.522322
0.188261
0.006397
-0.490102
-0.054598
0.322597
0.150080
0.133072
0.398124
-0.116111
-0.282001
0.567668
-0.299994
0.195974
-0.275737
-0.260795
-0.169483
-0.047922
-0.191274
0.076451
-0.662857
-0.147663
-0.265241
0.171825
-0.030329
-0.550296
0.237451
-0.246558
-0.483987
0.523648
0.151581
0.058219
-0.177277
-0.377477
-0.293756
0.004322
-0.384824
-0.014797
-0.433830
0.163058
0.131790
0.122175
0.387879
0.059944
-0.038363
0.589946
-0.168242
-0.098008
0.290650
0.619972
0.205099
-0.732262
0.052213
0.482744
-0.442254
0.223264
0.371846
-0.337533
0.059857
-0.135145
-0.369596
0.172732
-0.482822
0.412535
-0.323085
-0.371324
0.420973
-0.200097
-0.111802
-0.381935
0.526549
0.207497
0.507645
0.176479
-0.534882
-0.252313
-0.338463
0.177539
-0.288470
-0.091077
0.090805
0.081286
0.202730
0.580634
-0.420680
-0.003585
0.171178
-0.623767
0.464953
-0.139204
0.509556
0.128990
0.014313
-0.188276
0.293965
0.058862
0.110186
-0.119895
-0.016562
0.299262
-0.383881
0.469224
0.079061
-0.336067
0.354199
-0.185248
0.327558
-0.355422
0.068569
-0.232343
-0.051207
0.212465
0.298541
0.167022
-0.755042
-0.217717
0.170415
0.306726
0.157058
-0.385653
-0.005509
-0.364083
-0.120369
-0.360020
-0.184917
0.211260
0.281841
0.580401
0.017989
-0.424187
-0.229171
-0.168470
0.414063
-0.172641
0.262934
-0.064810
-0.594805
0.567733
0.316275
-0.570620
0.064192
-0.395251
0.093471
-0.181738
0.202932
0.319387
