0.464662
0.337818
-0.333193
0.119223
-0.468485
-0.240209
0.321620
-0.123694
0.492718
0.146608
0.134889
-0.034009
0.073417
-0.188399
0.158954
0.042675
-0.099877
0.456925
-0.368406
0.087684
0.311844
-0.186669
-0.390043
-0.208707
0.176373
0.247324
0.671758
-0.495167
-0.026862
-0.315516
-0.036709
-0.431369
-0.108286
-0.394612
-0.222034
0.462320
0.379187
0.149698
-0.148768
0.266533
0.054344
0.433215
-0.166482
0.327210
0.603394
-0.604663
0.029204
-0.223634
-0.238177
0.468094
0.150963
-0.095623
0.144374
-0.169892
0.213458
0.211380
0.140687
0.838968
-0.466964
0.277934
-0.035056
-0.054297
0.516767
-0.276802
0.022913
-0.492050
0.469184
0.334280
-0.393174
-0.134673
0.124914
0.368119
0.200503
0.204517
0.225510
-0.155863
-0.059026
0.015058
-0.045780
0.248674
0.122365
0.284985
-0.559130
0.515019
-0.195639
0.102086
0.277052
0.510805
-0.143845
0.496791
-0.008762
0.277374
0.411563
0.039844
-0.591738
-0.317636
0.261825
0.683742
0.647871
0.393266
0.090485
0.243031
-0.299280
0.003813
0.020289
0.653971
0.033850
-0.344837
0.348461
-0.423620
0.349366
0.275422
-0.369271
0.337994
-0.627681
-0.039887
-0.225340
0.037904
0.435493
-0.356369
-0.398390
-0.232497
0.163626
-0.149482
-0.300635
-0.132000
0.174714
-0.424854
0.295572
-0.118705
0.618973
-0.405037
0.013852
0.353926
0.017428
-0.247605
0.215526
-0.197012
0.383074
-0.349601
0.092798
-0.120236
0.405449
0.117206
0.015327
0.309716
-0.393373
-0.069125
0.483330
-0.342360
-0.274020
-0.151489
0.450742
-0.263217
-0.225102
0.022989
-0.297399
0.551245
0.032673
-0.391292
-0.410426
0.188758
0.726119
0.389601
0.307340
-0.411336
-0.293475
-0.334389
0.163998
-0.194471
-0.168589
-0.043647
-0.269798
0.566709
-0.339820
-0.637522
0.116287
-0.050998
-0.262198
0.208403
-0.208369
-0.026878
-0.118835
-0.477627
-0.165409
-0.295908
-0.099415
-0.105695
-0.077208
-0.395886
0.187789
0.142185
-0.146224
-0.113574
-0.378894
-0.243940
0.286216
0.183111
-0.197994
-0.192914
0.580546
0.012671
-0.205425
0.451885
0.457072
0.356245
0.358113
-0.214992
0.475696
-0.023668
0.260509
-0.071441
0.154753
-0.335991
-0.424408
0.449276
-0.382795
-0.289918
-0.192917
-0.280157
-0.256774
-0.174795
0.062647
-0.575293
-0.509549
0.528113
0.610594
0.192908
-0.365782
0.082772
-0.313990
-0.631108
0.280225
0.331454
-0.563253
0.118719
-0.017018
-0.512838
-0.603272
-0.277217
-0.389065
-0.163630
0.035144
-0.191779
0.309046
0.503649
-0.092499
-0.127965
0.306557
-0.053081
0.500621
-0.260062
-0.227194
0.382697
-0.131563
0.391146
-0.467675
-0.388127
0.242953
-0.309058
-0.513421
-0.417766
-0.306825
-0.141796
0.055074
-0.379560
0.437842
0.448926
0.012714
0.419406
-0.237165
-0.627368
0.477638
-0.107897
-0.507789
-0.303111
0.224626
-0.075477
0.457474
-0.137043
0.519316
-0.395258
0.539583
0.240838
0.533148
0.369478
-0.138831
-0.270562
0.441854
-0.223840
-0.192640
0.035640
0.013730
0.032187
-0.311415
-0.010303
0.187402
-0.477269
-0.342897
0.453661
0.416725
-0.338079
0.515361
0.031130
0.373234
-0.142385
0.283986
0.366262
-0.059045
-0.011168
-0.813945
-0.147881
0.287308
-0.266456
0.200984
0.414800
-0.184575
0.624230
-0.057763
0.417707
-0.504286
-0.074499
-0.015570
-0.058514
-0.484360
-0.594097
-0.361374
0.152992
-0.208202
-0.373492
0.001869
-0.041561
-0.063777
0.335297
-0.273891
0.281219
0.494966
-0.128760
-0.192347
0.005075
0.052250
-0.110345
0.161084
-0.460222
0.311399
0.551925
0.253829
0.314421
-0.291243
0.413885
-0.420355
0.354206
0.551849
0.680240
0.179471
-0.017480
0.061669
-0.335873
-0.380798
-0.094259
0.184799
0.451130
0.425728
-0.177696
-0.139663
-0.034353
0.459210
-0.122046
0.163528
-0.127363
-0.474569
0.320432
-0.278066
0.437026
-0.373865
-0.422542
0.327001
-0.257272
-0.134950
0.233673
-0.501433
-0.251242
-0.118380
-0.059790
-0.499642
0.216138
0.090170
0.296428
-0.162521
0.232270
0.420763
-0.149447
-0.360673
0.251217
0.087627
0.538469
-0.214871
0.574784
0.285263
0.153689
-0.371243
0.330792
-0.021796
-0.393739
0.188394
0.669828
0.058805
-0.149901
-0.321480
0.518175
-0.543553
0.587712
0.147385
0.740416
0.103332
-0.173469
0.124901
-0.296702
0.382109
-0.053478
0.075159
0.019940
-0.167666
-0.555009
-0.043818
0.088281
-0.426327
-0.489321
-0.145540
0.364856
0.260490
-0.185696
-0.210548
0.103568
0.111936
-0.100463
0.458923
0.530651
-0.452749
0.313691
0.417493
-0.322285
-0.040744
0.657123
-0.350179
0.014519
-0.119973
-0.371531
0.205163
0.598564
0.293690
0.391298
0.014568
0.000148
-0.436891
0.054197
0.017266
-0.568420
-0.558711
-0.562343
0.447371
-0.184441
-0.336470
0.399927
-0.245097
-0.510897
-0.152373
-0.245866
0.376692
-0.474658
0.297717
0.047823
-0.016552
-0.262872
0.476655
0.229351
0.404886
0.351995
-0.207753
0.131817
-0.693653
-0.199429
0.228757
0.206165
-0.082188
0.326518
0.121117
-0.082267
-0.455974
-0.203563
-0.447054
-0.453128
-0.020743
0.084404
0.627204
-0.108627
0.231933
-0.018357
0.022833
0.455709
0.022823
0.360683
-0.027737
-0.268992
-0.552532
-0.263921
-0.143762
0.379096
0.380739
0.167505
0.077604
0.140388
-0.194886
-0.284870
-0.381606
0.353526
0.465005
-0.151844
-0.386266
-0.141674
0.358983
-0.485831
0.396544
-0.416078
0.143572
-0.508879
-0.189218
-0.351007
0.352861
0.183950
0.092485
0.040822
-0.261279
0.212597
0.192381
-0.439606
0.265805
0.498052
0.105304
-0.349775
-0.152446
-0.234891
0.388844
0.121209
0.051835
0.251378
-0.129538
0.034910
0.144962
-0.124858
0.295638
-0.507586
0.122087
-0.226498
-0.349570
-0.263074
0.145135
0.760393
-0.409634
-0.171992
0.464381
0.280535
0.585608
-0.334933
0.591795
-0.078280
-0.201876
-0.039213
0.523484
0.587577
0.085698
0.407710
0.098422
0.023254
-0.416117
0.383914
-0.135310
-0.276683
0.376581
-0.055967
0.743053
-0.077789
-0.021414
0.150579
-0.010922
-0.132984
0.260858
-0.275992
-0.096864
0.509453
-0.033838
-0.286263
0.075814
0.040730
-0.425718
-0.005495
-0.084082
0.288157
0.445822
0.304280
-0.305897
0.536418
0.441348
0.286321
-0.295517
-0.192879
0.195560
0.267433
-0.014989
-0.401401
0.169433
0.267001
-0.483468
-0.045481
0.101422
-0.543889
-0.088013
-0.302073
-0.094684
-0.519600
0.475631
-0.303721
0.098504
-0.424675
0.159667
0.165043
0.615838
0.622023
-0.055367
-0.425694
-0.220048
0.062134
0.217316
-0.102815
-0.100569
-0.245801
0.118381
0.466972
-0.235931
-0.246345
-0.699412
-0.373582
-0.197646
0.344594
-0.501692
-0.530699
0.510192
0.313779
0.221352
0.513718
0.093050
-0.073395
-0.163126
-0.043537
-0.314163
0.579855
0.428978
0.364255
-0.418094
-0.199822
0.258959
0.364769
-0.523761
-0.552559
0.626340
0.533643
-0.298425
-0.009839
0.055382
0.726579
-0.316803
-0.098412
-0.204821
0.286184
0.109998
0.042017
-0.117657
-0.079584
-0.172669
-0.340773
-0.289141
0.280656
0.627242
0.099735
0.094951
-0.387179
-0.333735
-0.134976
0.100643
0.181640
0.290756
0.033306
-0.616687
-0.412417
0.069279
-0.290190
0.049909
-0.386673
0.323620
-0.328230
0.217973
0.478728
-0.663411
-0.325524
0.422725
0.019613
0.117938
-0.481410
0.275315
-0.408786
0.379195
-0.255751
0.184317
-0.062933
0.311603
-0.085393
0.338650
-0.094444
0.076375
-0.252545
0.086779
0.208564
-0.258545
0.338637
0.327906
0.208271
-0.269061
-0.018811
0.043698
-0.360323
-0.068440
-0.005438
0.358483
0.410691
-0.540747
-0.214964
-0.040177
0.248353
-0.367741
0.580603
0.015304
0.570372
-0.225382
-0.198102
-0.316866
-0.154331
-0.175219
-0.060123
0.373000
-0.475579
-0.481426
0.250552
-0.197805
-0.520913
0.151185
-0.046372
0.218218
-0.015552
0.507252
0.002760
-0.350789
0.144554
-0.307653
-0.081711
0.166052
0.467791
0.355432
-0.019230
-0.107702
-0.403640
-0.397545
-0.282594
-0.338254
0.511606
-0.403803
-0.441672
0.097701
-0.457488
-0.346739
0.297752
-0.105981
0.185136
-0.201351
-0.071006
-0.591529
-0.157165
-0.334810
-0.358979
0.207098
0.737071
0.372253
0.262575
-0.094524
-0.119309
-0.623822
-0.452226
0.292118
0.058622
0.437391
-0.395666
0.185326
-0.560274
0.503476
-0.380533
-0.566544
-0.110129
0.484282
0.597754
0.546103
-0.479061
-0.100808
0.062824
-0.629374
0.119739
-0.098126
0.189283
