-0.239846
-0.360237
-0.094505
-0.026678
0.459069
0.018939
0.496537
-0.122650
0.258235
0.659674
-0.122044
-0.382449
-0.462188
-0.417939
-0.279997
0.099253
-0.523148
0.429345
-0.148463
0.015526
0.354123
-0.550381
-0.416695
-0.274436
0.092974
-0.147741
-0.061450
0.051015
-0.551395
-0.208133
-0.113310
0.217353
-0.243604
-0.100169
0.361789
0.214664
-0.201224
-0.357099
0.202796
-0.396753
0.157936
-0.362924
-0.175850
0.390885
-0.474709
-0.404449
-0.519512
-0.058889
0.355382
0.424632
-0.123017
-0.173206
-0.009346
0.031330
0.253141
0.599857
-0.106079
-0.078410
-0.445840
-0.522909
-0.192737
-0.394152
0.348419
-0.239196
0.477862
0.125303
-0.609511
-0.244077
0.632902
-0.140658
-0.229729
0.289330
0.400870
-0.414979
-0.072776
0.555206
-0.280295
0.107570
-0.407616
-0.417732
0.230617
-0.372881
-0.393672
-0.032140
0.279680
0.160759
-0.322763
-0.431364
-0.054677
0.260362
-0.382279
0.234944
-0.167620
0.188605
0.009405
0.502825
-0.182825
0.755369
-0.539198
0.376467
0.499245
-0.110940
-0.098589
0.128491
-0.424684
-0.243177
0.252277
0.249303
0.598354
-0.217447
0.022734
-0.466858
0.245690
-0.260676
-0.097541
-0.399697
0.010477
-0.278706
-0.069732
0.252511
-0.284814
-0.319220
-0.090243
-0.191438
0.021184
-0.073734
0.045909
0.258369
0.036792
0.320697
0.674146
-0.433224
-0.249436
0.299168
-0.434831
-0.148182
-0.357801
-0.281230
-0.164594
-0.196573
-0.040571
-0.122021
0.324140
0.062798
-0.095214
0.413062
-0.521523
0.222508
0.520025
0.109369
-0.013109
0.176166
-0.028053
-0.007853
0.304407
0.097518
-0.301425
0.406419
0.269565
-0.401860
-0.435627
0.112252
0.621204
-0.407401
-0.592854
0.313116
0.135681
-0.444936
-0.356950
-0.194471
0.427682
0.369160
-0.486997
0.460543
0.355466
-0.500561
0.063862
-0.057357
0.371858
-0.071341
0.348436
-0.148003
0.065743
0.587996
-0.138979
-0.091217
-0.324056
-0.025898
-0.047459
0.141293
0.120845
-0.463283
-0.147970
-0.301812
0.287211
0.640184
-0.052642
-0.297048
-0.448322
0.288483
0.558005
0.468299
0.326371
0.099384
0.124350
-0.390868
-0.185302
-0.650257
-0.658886
0.121067
-0.153436
0.292599
0.110853
0.319731
-0.438538
-0.044541
-0.019279
0.052481
0.105685
-0.257047
-0.213299
-0.050186
-0.392225
0.123076
-0.394564
0.310782
0.642174
-0.520842
-0.098374
-0.459021
0.125321
-0.670855
-0.333860
-0.123828
-0.471594
-0.670285
-0.043363
-0.397987
-0.415243
-0.205701
0.050192
0.350115
-0.575066
0.051348
0.845638
0.309689
-0.083660
-0.431998
-0.223696
0.072805
0.025971
-0.216971
0.126621
0.004471
-0.460185
0.385208
-0.304267
-0.365388
0.328408
0.289228
0.362246
-0.381062
-0.266101
0.353452
0.631824
-0.185648
-0.564530
0.432493
-0.252856
-0.138259
-0.029789
-0.767124
0.088542
0.484050
0.507739
-0.030762
-0.158272
0.395144
-0.142094
0.000835
0.348522
0.480847
-0.228148
0.247920
-0.336175
0.030571
-0.084090
-0.294892
0.541792
-0.082219
-0.619050
-0.304619
0.356806
0.176255
0.279035
0.009390
0.137976
-0.307983
-0.229103
0.118761
0.216843
-0.125603
0.592690
0.045238
-0.483258
-0.282599
0.173663
-0.249259
-0.056259
-0.384412
-0.528017
0.219323
-0.342501
-0.401219
0.466395
-0.201465
-0.337217
0.107197
-0.167474
0.286121
0.483751
0.130539
-0.029035
-0.542875
0.205568
0.394000
0.472919
0.081380
-0.336074
-0.411062
0.131241
-0.349032
0.482865
-0.618579
-0.030151
0.074033
-0.579655
-0.510891
-0.574027
0.264334
0.277151
-0.649126
-0.253121
0.365736
-0.001707
-0.316347
-0.014348
-0.119109
-0.047667
-0.005534
0.553891
-0.217696
0.184799
0.094146
-0.547100
-0.309150
-0.173569
0.045062
0.163211
0.058589
-0.037436
0.012772
0.184144
0.183930
-0.347987
0.477707
0.156671
-0.107657
0.295444
-0.094708
0.294281
-0.042784
-0.399701
0.262273
-0.081925
0.072974
-0.474613
-0.302950
-0.215959
0.339671
-0.239436
0.574543
0.215354
-0.293480
-0.204546
0.520020
0.635615
-0.098091
0.332790
-0.218759
0.446454
-0.565568
0.498451
-0.556309
0.375683
-0.520506
0.327858
0.059132
-0.169323
0.329414
-0.234541
0.245358
-0.007532
0.325966
-0.145352
0.371398
0.258992
-0.194254
0.136462
0.358998
-0.207616
-0.043718
-0.844003
-0.065944
-0.455715
0.120086
-0.256112
0.650284
-0.346446
-0.146566
0.212037
0.281635
0.193021
0.062403
0.715543
0.149416
-0.537977
0.032399
-0.283042
0.283601
0.310070
-0.257749
0.098894
0.103568
-0.346674
-0.103024
-0.435173
0.263591
-0.014734
0.229480
0.223506
-0.271565
0.539117
0.402948
-0.073066
0.564587
0.021891
-0.140933
0.014819
-0.618400
0.129336
0.287640
0.305682
0.163337
0.328762
0.232336
-0.326310
0.217498
0.421769
0.167840
-0.174874
0.360843
0.189685
-0.008114
-0.103482
-0.446438
-0.128438
-0.290908
0.259946
-0.782585
0.078414
-0.151440
0.111925
-0.054957
-0.229300
0.095654
-0.004407
-0.337593
0.464372
-0.143103
-0.338545
-0.252030
0.460885
0.451561
0.307059
-0.398319
0.471996
-0.386287
-0.525027
-0.200136
0.173057
-0.351522
-0.297775
0.372561
0.282390
-0.434661
0.196050
0.230380
0.038638
-0.192205
-0.083031
-0.119695
-0.029869
-0.611989
-0.511244
0.184624
0.007233
-0.379207
-0.107563
0.345155
-0.227566
0.369441
-0.294347
0.108870
-0.257642
0.445281
0.055504
0.209146
0.417490
-0.570915
-0.415476
0.016448
0.049577
-0.141802
0.361212
-0.121210
-0.364373
0.420762
0.467389
-0.277330
0.406470
0.028798
-0.104969
-0.208344
-0.241316
-0.278898
0.183911
-0.439836
-0.068098
0.154244
-0.235650
-0.218973
0.224919
-0.260073
0.614504
-0.232959
-0.523125
0.231499
-0.590071
0.236648
-0.141984
0.384735
0.143916
-0.487682
-0.489150
-0.037801
0.011379
-0.133446
0.286413
-0.143668
0.143143
-0.249700
-0.303058
-0.045171
-0.426342
0.144763
-0.089875
-0.100856
-0.329367
0.557184
-0.571395
-0.078224
0.201184
-0.441800
-0.023673
0.123261
0.169535
-0.454618
-0.519898
0.235327
-0.049304
-0.040517
-0.058709
0.474167
0.251571
-0.259750
0.841749
0.973912
0.006337
0.469937
0.469157
-0.165089
-0.195566
0.126844
-0.491335
0.129290
0.013183
0.187007
0.418728
0.383407
0.212043
-0.560425
-0.567809
-0.373681
-0.025834
0.345328
-0.710547
-0.290875
0.777073
0.308407
0.147019
-0.133937
-0.267947
0.455158
-0.093128
-0.377144
-0.380401
0.165126
-0.522063
0.232698
-0.055486
-0.083553
0.665588
0.016384
0.477511
0.151880
0.324136
-0.049088
-0.291505
-0.162842
0.179124
0.109257
0.105180
-0.499254
-0.298169
-0.266449
-0.527407
0.158768
0.342604
-0.072701
0.269873
-0.193131
-0.062263
0.555329
0.347477
0.350344
0.496028
0.204259
0.330765
-0.217296
0.174228
0.463629
-0.337166
0.144333
-0.341624
0.372107
-0.166572
-0.214577
0.056081
-0.104829
0.364243
0.576751
0.152053
-0.240084
0.449391
-0.383721
0.698137
-0.523145
0.291862
-0.093793
-0.197983
-0.253568
-0.122124
-0.451781
0.197207
-0.527181
-0.001934
0.411915
-0.076131
0.021715
-0.079770
0.480335
-0.514423
0.225499
0.326556
-0.030283
0.329383
0.615576
0.086144
0.354958
-0.140794
-0.205898
-0.429363
-0.481801
-0.077889
-0.100305
-0.414177
-0.332224
0.293237
-0.467725
-0.024285
0.536871
-0.166356
0.289652
0.556678
0.573664
-0.120405
-0.372253
0.263531
-0.188521
-0.107014
0.148810
-0.253945
0.488645
0.304284
-0.664529
0.111411
0.411928
0.062315
-0.096087
0.221327
0.105133
-0.190527
0.450527
0.025947
0.211252
0.383204
-0.466910
0.241940
0.350187
-0.107027
-0.130134
0.391169
-0.182776
-0.549333
0.077478
-0.416530
0.206548
-0.364583
0.477049
0.379881
-0.031243
0.029196
-0.459325
-0.253827
-0.147140
-0.200571
0.073543
0.355999
-0.404580
0.478046
-0.355800
-0.116546
0.397633
-0.667268
0.324855
-0.576456
-0.518046
0.401635
0.264855
-0.199674
0.447225
0.720058
-0.576662
0.096966
0.251405
0.256713
0.149327
-0.028830
-0.080578
0.491222
0.155568
0.274518
-0.378295
0.204500
-0.730645
0.489080
-0.019485
0.099501
-0.174692
0.687233
-0.416679
0.051856
-0.000599
0.075349
0.114208
-0.034957
-0.499448
0.454108
-0.129439
-0.319132
-0.403283
-0.093785
0.592919
-0.782453
0.267577
-0.343688
0.184383
-0.038268
-0.069823
-0.381652
-0.168470
0.451953
0.386816
-0.482304
0.334019
-0.467042
-0.572116
-0.325012
-0.330743
0.317304
0.143998
-0.081174
0.155652
0.132585
-0.286590
