-0.161603
-0.466951
-0.280005
-0.026678
-0.307959
-0.057851
0.341380
-0.109366
0.041345
0.150729
-0.302141
-0.268541
-0.124524
-0.207834
-0.477959
0.211654
-0.162747
0.127298
0.056333
0.069034
-0.165875
-0.229461
-0.492878
0.621944
-0.279932
0.342650
-0.071529
-0.425717
0.081459
0.019357
0.284826
-0.133672
-0.577031
-0.059618
0.073171
0.191485
-0.437325
0.148333
-0.359711
-0.407833
0.060799
-0.429938
0.532278
-0.007869
-0.504223
0.019018
0.120770
-0.415782
0.345355
0.497471
0.045595
-0.057375
-0.230888
-0.360314
-0.276286
0.597040
-0.407935
-0.001249
0.113413
0.593503
0.007483
-0.456240
0.433786
0.125247
0.513155
-0.109680
-0.133540
0.135682
0.186891
-0.216507
0.619711
-0.485051
0.054275
0.243547
0.283340
0.215346
-0.175985
-0.266020
0.269421
-0.477217
-0.118007
0.175430
-0.297034
0.074532
0.134965
0.160759
0.333189
0.768937
-0.097777
-0.216364
0.237189
-0.244334
-0.659418
-0.203553
0.126738
-0.234848
0.180610
-0.347571
0.617036
0.128987
-0.025916
0.129033
0.393273
-0.478132
0.302197
0.235103
-0.371800
0.378853
-0.013822
-0.421607
0.234344
0.272750
-0.313369
0.362076
-0.024078
-0.177670
0.035389
-0.414848
0.058582
-0.039018
-0.434592
0.540890
0.063499
-0.433026
-0.170520
-0.194515
0.224590
0.018193
-0.003804
0.450111
0.547700
0.056033
0.471417
0.163226
-0.254252
0.607787
-0.127692
-0.219001
-0.288301
-0.152525
-0.114384
-0.315127
-0.159527
0.327179
-0.272577
0.169703
-0.388506
-0.508636
0.146611
-0.737071
0.205990
-0.213924
0.070484
-0.328843
0.428796
0.589103
-0.331478
0.070560
-0.085770
-0.145198
0.126732
0.342723
0.666966
-0.289572
-0.411834
0.204090
-0.405191
0.668215
-0.317004
-0.628775
0.201594
-0.158816
0.226667
0.709288
0.391455
-0.479121
-0.197561
0.378537
-0.123447
0.303175
-0.152571
-0.137653
0.144812
-0.043184
0.425033
0.075136
0.568818
0.077101
-0.154886
-0.552484
0.558709
-0.657901
-0.231314
-0.164624
0.176958
-0.502336
0.332425
-0.505679
-0.266075
0.700858
0.239876
-0.115346
0.769502
-0.128905
0.153946
0.322664
0.156810
-0.245752
0.079541
-0.070328
-0.425777
0.337477
-0.127349
-0.414562
0.550437
-0.236479
0.205252
0.321840
-0.052265
-0.089282
-0.366796
0.488311
0.556060
-0.294807
0.205312
0.319198
0.576232
-0.399117
0.297704
-0.272485
-0.036152
0.074862
-0.196035
-0.297570
-0.090821
0.231709
0.150456
-0.228040
0.021980
-0.350820
0.541857
-0.065684
0.174587
-0.316920
0.120709
0.503133
0.001827
-0.057959
0.311165
0.429382
0.317713
0.149618
0.209862
0.124751
0.539809
-0.156837
-0.135333
0.254022
0.520946
0.405295
0.245562
-0.207467
0.031425
0.060379
0.446298
-0.044851
-0.216545
-0.133419
0.126097
0.022482
0.338483
-0.243274
-0.486294
-0.068514
0.383286
0.192919
-0.214947
0.429651
0.041077
-0.209284
0.406474
0.215366
0.020765
0.200067
0.202179
-0.262060
0.077125
-0.164488
0.437950
0.619093
-0.002415
-0.528542
0.381266
0.073201
0.531620
0.014559
0.514624
-0.046546
-0.372847
0.495866
0.266953
-0.011734
0.537460
-0.250470
-0.005054
-0.328413
0.617516
0.002834
-0.564713
-0.761107
0.073255
-0.054363
-0.337893
-0.000282
0.337227
-0.533895
0.454548
-0.330784
-0.034602
-0.054998
-0.323156
0.380701
0.481311
0.041968
0.447208
0.363550
0.318802
-0.345954
-0.195747
-0.415169
0.333838
0.173525
-0.541030
-0.169023
0.364790
0.308730
-0.411412
0.371355
-0.476400
-0.116737
-0.440940
-0.307711
-0.156379
0.069111
0.303386
-0.361916
-0.285973
-0.093449
-0.432854
0.160692
-0.138136
-0.112634
-0.046687
0.307091
-0.541793
0.074810
0.338149
0.440051
0.436690
0.000982
-0.470651
0.027822
-0.339825
0.222210
0.503735
0.263935
0.056093
0.429958
0.079038
-0.042518
-0.028097
0.372984
-0.393608
0.188876
-0.256682
-0.538885
-0.098855
0.026763
-0.502307
-0.053417
-0.110542
-0.310889
-0.222522
-0.124657
0.064659
-0.532140
0.336288
0.018429
-0.013370
-0.187458
0.137636
-0.451043
0.271287
-0.690051
-0.150544
-0.275512
0.087583
0.198264
-0.529828
0.006859
0.134362
-0.593233
0.313350
0.585330
0.258494
0.142471
-0.094599
-0.489556
0.046838
0.396701
0.131929
0.031239
0.591472
0.878748
-0.482955
-0.013685
0.162209
0.572575
0.388498
-0.192095
0.025719
-0.517003
0.390191
0.305173
0.208064
-0.375057
0.355135
-0.405224
0.399962
-0.194726
0.149480
0.003990
-0.186267
-0.598753
0.328216
0.127733
0.019887
-0.365513
-0.346535
0.270964
-0.432945
0.031099
-0.102466
-0.297130
0.084991
-0.130027
-0.039339
-0.272199
-0.067272
0.486475
0.406455
-0.222678
-0.485067
-0.782348
-0.162376
-0.754833
-0.293684
0.167235
0.948940
0.413286
0.236841
-0.248640
0.402787
0.215846
-0.376121
-0.296182
0.061960
-0.228853
0.507290
-0.348518
0.000295
-0.463364
0.479046
0.051666
-0.058938
0.040229
0.379622
0.155325
-0.040665
-0.267651
-0.302753
0.273759
-0.279580
-0.089030
-0.300367
-0.120750
-0.000457
-0.026119
-0.019282
-0.090551
-0.222878
0.201137
-0.216329
-0.080877
0.180056
0.188199
0.569282
-0.116146
0.092434
-0.370842
0.583976
0.169411
-0.395644
-0.357214
0.548457
-0.258347
-0.062146
-0.353070
-0.183536
0.021774
0.459145
0.055171
-0.111999
0.404096
-0.512476
-0.458159
0.150434
0.364966
0.125482
0.550523
0.044696
-0.051458
0.688189
-0.180514
-0.131029
-0.408633
-0.022901
0.264865
-0.552117
-0.171345
-0.045942
-0.123543
0.072525
-0.603650
0.366329
0.186970
0.229351
0.038323
-0.238993
-0.299950
0.022956
0.498844
0.524596
-0.002785
0.260808
0.079692
-0.118173
0.063911
0.036584
-0.008142
0.213663
0.456463
0.684886
-0.265359
0.414825
0.091096
-0.331945
-0.096047
-0.228358
-0.760840
0.256611
-0.027873
-0.153730
0.619414
0.080868
0.136540
-0.241039
-0.204177
0.034288
-0.434019
-0.380898
0.449224
-0.340680
0.280590
-0.258186
0.424331
-0.122423
-0.529702
0.152119
-0.528044
-0.020554
0.631529
-0.421281
-0.612629
-0.462772
0.288014
-0.357410
-0.311774
0.144432
0.417688
0.301665
0.240394
0.621559
0.214716
0.409380
-0.242425
0.402372
-0.098052
-0.283485
-0.208822
-0.153679
0.440663
-0.290814
0.577278
0.161517
-0.298773
-0.108811
-0.084273
-0.080283
0.225634
-0.640726
-0.009197
0.308182
0.579141
0.108939
-0.167935
-0.623670
-0.122241
-0.203029
0.294541
0.456370
-0.187161
0.034809
-0.764359
-0.127467
0.151880
0.601020
-0.498153
0.344461
-0.068345
-0.357978
0.213112
-0.341438
-0.805882
-0.397175
-0.370589
0.460161
0.174401
-0.372244
-0.140886
-0.480202
-0.162233
0.214066
0.492078
0.527111
-0.477239
0.086133
0.569362
0.217622
0.113237
0.727581
-0.083975
-0.283678
0.124441
0.038431
0.022435
0.203730
-0.105360
-0.646192
-0.109308
-0.415525
0.012944
-0.165765
0.378537
0.240117
0.129300
-0.395604
0.040751
-0.087189
0.037623
0.150804
-0.043699
0.087884
0.033554
0.053881
-0.260989
-0.005311
-0.125671
-0.042233
0.260959
-0.247630
0.041928
-0.760196
0.233573
-0.020915
-0.024245
-0.321298
0.070941
0.501259
0.206959
-0.449759
-0.069224
-0.115558
-0.633002
-0.410839
-0.071833
-0.022558
0.411405
-0.152412
-0.001391
-0.291821
0.131121
0.417732
-0.070447
0.195492
0.033266
0.474785
-0.422079
-0.212139
-0.309577
-0.060630
-0.165620
0.335947
0.641362
0.455000
-0.753380
0.276809
0.100618
0.138738
0.265567
0.157733
0.140283
-0.026225
0.180299
0.406587
-0.048914
-0.386480
-0.360256
-0.147587
-0.197033
-0.361863
0.036138
-0.320129
-0.958127
-0.201979
0.575117
-0.376464
0.073822
-0.574542
-0.408448
0.322515
-0.002954
-0.617600
0.549210
0.037155
0.495006
0.340253
-0.184946
-0.525198
-0.495032
-0.503382
0.218154
0.528258
0.643624
-0.496284
-0.225696
-0.558523
-0.192098
-0.326064
-0.334332
-0.262732
0.205466
-0.097041
0.488468
0.170113
-0.355259
0.254999
0.402395
0.010820
0.221517
-0.497155
-0.373940
-0.230497
0.351106
-0.112619
-0.098512
0.478473
0.318138
-0.071541
0.300286
0.469562
-0.380508
-0.474653
0.196908
0.047269
-0.370822
-0.423311
-0.296017
0.237892
0.028972
-0.130252
-0.025587
-0.443635
0.230066
-0.743901
0.161909
-0.489540
-0.400089
0.005811
-0.484308
0.209137
0.206366
-0.195228
-0.622070
0.245062
-0.051238
-0.534170
-0.594366
0.601329
-0.354462
-0.008037
0.190082
0.173721
-0.288890
-0.090402
0.470917
