0.464662
0.185244
-0.230790
0.151085
0.175506
-0.273266
0.398070
-0.420016
0.447472
0.146608
0.134889
-0.462059
0.238117
-0.188399
0.158954
0.042675
-0.113698
0.456925
-0.510760
0.087684
0.093081
0.107605
-0.327871
0.454891
0.176373
0.247324
-0.191168
-0.495167
-0.026862
-0.315516
-0.233406
-0.431369
-0.485314
0.217712
-0.222034
0.549195
0.379187
-0.148586
-0.502251
-0.337646
-0.603502
0.433215
-0.166482
0.200929
-0.314821
-0.021407
0.029204
-0.165680
-0.382743
0.468094
0.000297
-0.095623
-0.112360
0.473455
0.168944
0.211380
-0.131537
0.838968
-0.466964
0.355110
0.057697
-0.054297
0.516767
-0.217019
0.357328
-0.360770
0.308276
0.334280
-0.313452
-0.044696
0.124914
0.308512
0.172700
0.204517
0.225510
-0.155863
-0.063948
0.009430
-0.045780
-0.254607
0.122365
0.284985
-0.559130
0.511699
-0.085916
0.001649
0.277052
0.510805
-0.128748
0.496791
-0.102194
0.343244
-0.635414
0.039581
0.427389
0.527063
0.261825
0.732807
0.708349
0.381238
0.090485
0.243031
-0.318028
0.003813
-0.128388
-0.383566
0.012149
-0.402608
-0.025650
0.055228
0.349366
0.246910
-0.380637
0.571446
-0.107659
0.032227
-0.225340
0.037904
-0.285411
-0.356369
-0.014351
-0.232497
0.163626
-0.190012
-0.300635
-0.132000
-0.268073
-0.424854
0.198880
-0.497841
-0.329854
-0.321898
-0.035964
0.353926
-0.255677
-0.247605
0.215526
-0.197012
0.383074
-0.259197
-0.405192
-0.120236
0.156029
0.104874
-0.070080
0.258054
-0.393373
-0.069125
0.483330
-0.342360
0.322621
-0.269251
-0.029774
-0.263217
-0.225102
0.026824
-0.297399
0.551245
-0.016238
0.243768
-0.435627
0.340980
0.726119
0.389601
0.307340
0.237652
-0.293475
-0.292363
-0.284639
0.038328
-0.168589
-0.043647
-0.269798
0.088468
-0.339820
-0.651058
0.116287
0.339505
-0.008226
0.208403
-0.171533
-0.026878
-0.118835
-0.477627
-0.165409
-0.395089
-0.237061
-0.105695
-0.106897
-0.395886
0.245097
0.142185
-0.146224
-0.113574
-0.378894
-0.082511
0.286216
0.183111
-0.197994
-0.177534
0.570396
0.082261
-0.205425
0.451885
-0.250097
-0.209876
-0.337408
-0.296025
-0.071483
-0.023668
0.146454
-0.071441
0.154753
-0.335991
-0.424408
0.523442
0.063220
-0.289918
-0.192917
-0.280157
-0.329609
-0.721152
0.062647
-0.537334
-0.509549
-0.093329
0.610594
0.188516
-0.365782
0.082772
-0.313990
-0.631108
0.318133
0.306440
-0.563253
0.198755
-0.017018
-0.489395
-0.603272
-0.277217
-0.389065
-0.238269
0.132486
0.127970
0.309046
0.466999
-0.306675
-0.070409
0.306557
-0.053081
-0.110488
-0.260062
-0.227194
0.382697
-0.157827
0.391146
-0.522506
-0.388127
0.242953
-0.309058
-0.513421
-0.483864
-0.302306
-0.141796
0.055074
-0.096485
0.388421
0.386815
0.220612
0.038212
-0.481004
0.300687
0.477638
0.291531
-0.507789
-0.369155
-0.367293
0.067289
0.457474
-0.075917
0.519316
-0.395258
0.539583
-0.035628
0.533148
-0.330935
-0.209329
-0.027319
-0.493942
-0.223840
0.122011
0.398694
0.013730
0.032187
-0.311415
-0.048846
0.187402
-0.477269
-0.342897
0.418308
0.416725
0.250083
0.515361
-0.336696
0.326931
0.236120
0.283986
0.366262
-0.197680
-0.071484
0.278540
-0.220627
0.287308
0.349420
0.401908
0.405456
0.070811
-0.648948
-0.064068
0.324145
-0.504286
-0.074499
-0.015570
-0.058514
-0.403506
-0.594097
-0.380756
0.152992
-0.208202
-0.440895
0.083140
-0.041561
-0.022808
0.335297
-0.261708
0.281219
-0.485934
-0.370564
-0.192347
0.005075
-0.400771
-0.110345
-0.000410
-0.460222
0.311399
0.551925
0.312048
0.338510
0.025015
0.362738
-0.420355
0.297598
0.084268
-0.001814
0.171374
-0.006804
0.061669
-0.269784
0.420188
-0.094259
0.457102
0.487897
0.425728
0.201095
-0.139663
-0.034353
0.459210
0.154874
0.163528
-0.361656
-0.474569
-0.271424
-0.295716
0.437026
-0.115655
-0.422542
0.327001
-0.356608
-0.134950
0.233673
-0.469357
-0.251242
-0.118380
-0.059790
-0.499642
-0.254349
-0.005533
0.747559
-0.067954
0.232361
0.271951
0.046267
-0.360673
0.386938
0.087627
0.589745
-0.260224
0.526978
0.203975
0.119087
-0.371243
0.330792
-0.021796
-0.466354
0.021411
0.669828
-0.007777
-0.219661
0.250917
0.506634
-0.195839
-0.120005
0.147385
0.575476
0.134177
0.224106
-0.294005
-0.296702
0.382109
-0.105659
-0.083643
0.019940
-0.020012
-0.555009
-0.043818
0.369258
-0.282251
-0.489321
-0.145540
0.212443
0.260490
-0.275371
-0.210548
0.103568
-0.028338
-0.100463
0.458923
0.585249
-0.452749
0.225439
0.441249
-0.396608
0.369227
0.657123
-0.279933
0.014519
-0.119973
-0.274554
0.205163
0.598564
0.200591
0.391298
-0.233551
-0.092362
-0.436891
0.054197
0.088696
-0.568420
-0.558711
0.100333
0.447371
-0.097396
0.098505
-0.041550
-0.245097
0.502417
-0.152373
-0.186366
-0.512037
-0.474658
0.297717
0.047823
-0.016552
0.133421
0.476655
0.250531
-0.169991
0.351995
-0.252331
0.131817
-0.564698
-0.199429
0.383088
0.206165
0.225979
-0.657499
-0.412687
-0.087430
0.070420
-0.203563
-0.447054
-0.453128
-0.020743
-0.275109
0.653238
-0.087311
-0.113035
-0.018357
-0.445659
-0.319933
-0.055349
0.319522
-0.177515
-0.520795
0.399080
-0.263921
-0.143762
0.311110
0.381336
0.167505
0.077604
-0.106460
-0.280023
0.112884
-0.381606
0.353526
-0.420634
-0.376472
-0.428505
-0.141674
0.414925
-0.485831
0.440270
0.530459
-0.043000
-0.506225
-0.189218
-0.351007
-0.155228
0.343451
-0.392680
0.409568
-0.203093
0.462889
-0.303287
-0.407462
0.265805
-0.215354
0.105304
-0.326532
-0.152446
0.573781
0.369669
0.448603
0.355098
0.251378
-0.150571
0.044153
0.144962
-0.144875
0.295638
-0.507586
-0.006979
-0.305263
-0.230727
-0.201801
0.094857
0.760393
-0.409634
-0.428915
-0.559882
0.024165
0.597151
-0.334933
0.591795
0.064573
-0.121419
-0.039213
0.311941
0.576412
0.085698
0.407710
0.098422
0.023254
-0.416117
0.325740
-0.100712
-0.276683
0.376581
-0.139782
0.743053
-0.077789
-0.033189
0.293219
-0.356847
-0.132984
0.122367
0.530926
-0.096864
0.650562
0.653531
0.115887
-0.176626
-0.261834
-0.425718
-0.261597
-0.084082
0.288157
0.458127
0.304280
-0.373297
-0.064570
0.438328
-0.256713
-0.295517
-0.192879
0.357058
0.164939
-0.427820
0.159113
0.169433
0.284852
0.400718
0.050840
0.101422
-0.348982
-0.070761
0.283933
-0.094684
-0.519600
0.325149
-0.339773
0.138166
-0.424675
0.144597
-0.017166
0.615838
0.622023
-0.055367
-0.425694
-0.178299
0.101152
0.217316
-0.054313
-0.317177
-0.178974
0.164090
0.466972
0.635761
-0.246345
-0.575449
-0.314656
-0.080024
0.344594
-0.501692
-0.530699
0.510192
0.313779
0.133158
-0.058976
0.093050
-0.040104
-0.175291
-0.043537
-0.315743
0.459697
0.187936
0.364255
-0.418094
-0.247386
0.290432
-0.670361
-0.591649
-0.552559
0.626340
0.533643
-0.658529
-0.009839
-0.184544
0.726579
-0.229665
-0.098412
0.100778
0.286184
0.135803
0.042017
0.101259
0.177724
-0.172669
-0.098903
-0.283033
0.280656
0.627242
-0.480071
-0.323878
-0.318724
0.245505
-0.198455
0.100643
0.145767
0.290756
-0.052555
-0.662654
-0.412417
0.058702
-0.290190
0.049909
-0.430522
0.323620
-0.328230
0.217973
0.478728
-0.663411
-0.325524
0.201955
0.590737
0.117938
-0.481410
-0.615738
-0.408786
0.379195
-0.255751
0.184317
-0.183860
0.311603
-0.085393
0.178511
-0.094444
0.093403
-0.280162
0.581864
0.208564
-0.213516
0.255596
-0.214726
-0.498056
-0.219892
-0.077928
0.043698
0.436265
0.007821
-0.005438
0.358483
0.391467
-0.540747
-0.214964
0.213772
0.248353
-0.367741
0.580603
0.015304
0.570372
-0.145650
0.335465
-0.260658
-0.154331
-0.255939
-0.054162
0.373000
-0.475579
-0.481426
-0.313669
-0.252428
-0.520913
0.075383
-0.046372
0.273058
-0.187781
-0.118002
0.002760
-0.289323
0.144554
0.356881
-0.171605
0.166052
-0.883248
0.396134
-0.019230
-0.190586
-0.403640
-0.397545
-0.282594
-0.153134
-0.331822
-0.192986
0.157546
-0.242661
-0.457488
-0.346739
0.170534
-0.105981
0.185136
0.256635
-0.071006
-0.591529
-0.079504
-0.334810
-0.358979
0.207098
0.743788
0.372253
0.458284
-0.094524
0.094234
-0.165615
-0.452226
0.229201
0.058622
0.008782
0.670371
0.185326
-0.544826
-0.019838
-0.380533
-0.566544
-0.155229
-0.204700
0.647685
0.547400
-0.452259
-0.118349
0.006268
-0.629374
-0.130283
-0.098126
0.189283
