0.431072
0.224850
-0.016111
0.123300
-0.219983
-0.123592
0.242824
-0.146873
-0.124827
0.389839
-0.210680
-0.287765
-0.061639
0.051130
0.225466
0.204931
0.383043
0.162194
0.278854
0.100858
-0.146121
0.047861
-0.166033
0.063331
-0.495214
0.208266
-0.091564
0.439977
-0.121255
-0.058158
0.113528
0.132205
-0.187931
0.636042
-0.027855
0.237440
-0.456777
-0.144277
-0.440253
0.306192
0.261569
0.406342
-0.341291
0.308947
0.020542
0.049318
0.426261
-0.176630
-0.030463
-0.193503
0.413938
0.050372
-0.457958
-0.241417
0.354505
0.470825
-0.148401
-0.051832
-0.366465
-0.381052
0.227856
-0.504566
0.487574
-0.103356
0.189070
0.206597
0.255359
-0.277076
0.166703
0.708222
0.097951
0.268488
0.170583
0.210996
0.567611
0.213683
-0.439117
-0.063765
0.001486
-0.426615
0.082245
0.204127
-0.208767
0.074532
-0.343108
-0.041727
0.032555
0.471997
-0.070882
0.293623
-0.111367
0.096428
0.302206
-0.324852
0.072793
-0.224446
0.053369
-0.493390
-0.545327
-0.331099
0.569362
-0.312249
-0.089077
0.667263
0.374016
-0.387064
-0.171310
-0.530279
0.453880
0.313570
-0.259294
0.160930
0.139574
-0.609695
0.002385
0.282563
0.293875
0.452083
-0.136665
-0.269722
-0.463597
-0.258758
-0.430478
-0.475817
-0.495459
0.170608
0.282984
0.290148
0.091673
0.305504
-0.140843
-0.604785
0.182974
0.322936
-0.583060
0.656688
-0.101487
0.089014
-0.396241
0.270674
-0.335199
-0.523073
0.171827
0.178448
-0.603955
-0.154981
-0.228013
-0.210915
-0.384809
-0.530895
-0.283885
-0.276061
0.320628
-0.194372
0.430952
0.398182
-0.274096
0.333089
-0.142793
-0.353020
-0.429157
-0.039578
-0.158544
0.265705
-0.518870
0.537122
-0.341256
0.103534
-0.497563
-0.436750
0.163963
0.580192
-0.049342
-0.545209
0.147055
-0.107290
0.237383
-0.029619
0.124096
0.312068
-0.156848
0.058264
0.109016
-0.441080
-0.154893
-0.081938
0.192244
0.234007
-0.129201
-0.381106
0.104918
-0.007437
0.263285
-0.267669
0.282978
0.498665
-0.129130
-0.027592
0.193188
-0.282907
-0.101085
-0.003671
-0.498361
-0.185413
0.120131
-0.122290
-0.130464
0.104949
0.572033
-0.087111
0.337075
-0.064069
0.262443
0.026966
0.487660
-0.166342
0.371270
-0.232837
0.233619
-0.072661
-0.369108
-0.561901
-0.385930
0.123652
0.411610
0.668004
0.417070
-0.332241
-0.411541
0.021511
-0.331856
0.494504
-0.145021
-0.047407
-0.519372
0.380374
0.607348
-0.248575
0.156559
-0.087831
-0.506425
0.097360
0.380720
0.164215
-0.481838
0.542016
0.019439
0.039642
-0.162829
-0.146836
-0.333039
-0.018788
-0.217216
-0.705551
-0.192831
-0.016682
0.173541
-0.216528
0.406405
0.266926
0.265519
-0.070570
-0.183963
-0.178935
0.013603
-0.081772
-0.157275
0.236325
-0.407599
0.034227
-0.016477
-0.355056
0.607118
0.698790
-0.402126
-0.457948
0.230624
-0.067121
-0.247319
0.135724
0.188410
0.446890
0.063940
-0.114524
0.348916
0.370742
0.081077
0.345188
-0.385072
-0.043153
-0.076498
-0.305062
-0.121754
0.232446
-0.397198
-0.343440
-0.229823
-0.136531
0.298913
0.281680
0.247601
0.204144
0.244459
-0.617557
-0.325540
0.646092
0.554899
0.082960
-0.171667
0.514366
0.238658
-0.209376
0.155442
-0.000282
0.097001
0.210145
-0.461107
-0.049765
-0.004589
0.199733
-0.318803
0.472399
-0.625394
0.283471
-0.204872
-0.589307
-0.140442
-0.470226
-0.197577
-0.213601
0.164673
0.240774
-0.305626
-0.097135
0.092549
-0.607515
-0.219674
-0.082174
-0.202945
0.099177
0.395936
-0.055076
-0.688925
0.181784
0.408521
0.252589
0.478208
0.063738
-0.501612
-0.402568
-0.034746
-0.158215
-0.085604
0.467613
-0.025289
-0.182287
0.038949
-0.264190
-0.192556
0.647135
0.186937
0.363950
-0.038991
-0.207306
0.328881
-0.630839
-0.350319
-0.691579
0.028087
-0.198778
0.178888
0.436969
-0.006161
0.388823
-0.007207
-0.259274
0.060591
0.367401
-0.260200
-0.061196
0.082661
0.151140
0.186783
0.254864
0.578373
0.002703
0.108649
-0.227619
0.085190
0.305892
-0.012140
0.224729
0.271287
0.413479
-0.023764
0.020037
0.169875
0.512543
0.300369
0.141224
-0.028963
-0.185413
-0.611212
0.284808
-0.313953
-0.376985
0.171780
0.117202
-0.187223
-0.299028
-0.331767
0.250333
0.365123
0.328563
-0.109151
-0.103127
0.088686
-0.055674
0.059842
0.098369
0.443094
-0.128225
0.197499
0.001913
-0.399693
0.026790
0.328433
-0.136203
0.032458
-0.520687
0.666612
-0.149834
0.242169
-0.383376
-0.222255
0.267598
-0.227648
0.527585
-0.021978
0.264048
-0.307211
-0.051045
0.326529
-0.243294
-0.014464
-0.131236
-0.086131
-0.079984
0.342811
-0.164485
0.563437
-0.650999
-0.164982
0.234161
0.420237
-0.099571
0.164971
-0.372148
-0.330303
-0.034678
0.275824
-0.192324
-0.145578
0.371644
-0.402028
-0.182099
-0.237822
0.354329
0.482292
-0.692607
-0.028091
0.154192
0.483940
0.265276
-0.139642
0.311302
-0.051188
0.418339
-0.373110
-0.055253
0.539873
-0.193663
0.039109
-0.044915
-0.068727
-0.043378
0.003334
0.373138
-0.106858
-0.366336
-0.643932
-0.586621
0.379232
-0.172724
-0.243125
0.409430
-0.091474
-0.345911
-0.257319
-0.254569
-0.215854
0.439697
0.116099
-0.227201
0.675662
-0.373560
-0.308446
0.595373
0.076707
-0.419433
0.124824
-0.372135
-0.212546
-0.386839
-0.517646
-0.061440
0.555748
-0.411163
0.303285
0.411450
0.013328
0.145767
-0.156868
-0.187331
-0.493095
0.166614
0.213047
0.315848
0.013750
-0.261577
-0.341048
0.412797
0.286596
0.424785
0.164740
-0.209412
-0.347209
-0.265086
-0.399743
0.186063
0.190942
-0.593092
0.161289
-0.252205
0.306653
-0.137617
-0.109999
-0.208435
-0.559900
-0.375049
0.156241
-0.250419
-0.285578
0.316706
-0.026212
-0.380333
-0.101528
-0.117649
-0.362152
-0.247521
-0.204936
-0.115677
-0.026071
-0.129788
0.228338
0.149014
0.121042
0.248055
0.145707
0.209529
-0.286901
-0.564604
-0.063688
-0.187805
-0.193890
-0.605679
0.473687
-0.339954
0.163872
0.180491
0.035369
-0.164439
0.369087
0.559718
0.517826
-0.064953
0.203720
-0.258450
-0.155190
0.301015
-0.143721
0.175505
0.030603
-0.582862
-0.036752
0.261258
0.329654
0.088348
0.281932
-0.357947
-0.049790
0.275553
0.641566
-0.236178
-0.186656
-0.287022
-0.527190
0.175551
0.092153
-0.265011
-0.427097
0.452186
0.149617
-0.256941
-0.425783
-0.623047
-0.369359
-0.218463
0.030561
-0.144782
-0.276741
-0.053705
0.128523
0.114958
-0.370470
-0.016218
-0.098534
0.460481
0.401075
-0.261627
0.300467
0.463936
0.280499
-0.039105
0.121315
0.512211
-0.452941
0.367777
-0.069731
0.087812
-0.297771
-0.378891
-0.204539
0.146765
0.693735
-0.465624
-0.028088
0.221833
0.184662
0.267169
0.399784
-0.207468
0.377404
-0.424892
-0.226999
-0.232027
0.139139
-0.108241
-0.292910
0.148485
-0.019136
0.070716
0.426195
-0.514080
-0.214658
-0.492922
-0.721109
-0.303674
0.027541
-0.276796
-0.392421
-0.413270
-0.155691
-0.096459
0.450878
0.290445
0.065604
0.057517
0.030909
0.422561
0.146310
0.700713
-0.670072
0.036638
-0.000116
0.119764
0.241100
0.627167
-0.074134
-0.021436
-0.140794
-0.291410
-0.148618
0.182626
0.295748
-0.335531
0.106542
-0.141848
0.595129
0.141762
-0.211355
0.047737
-0.093731
0.581547
0.435525
0.104428
-0.039314
-0.363553
0.191157
0.267516
0.007152
-0.224132
0.011059
0.365638
-0.144673
0.431225
0.271535
-0.445006
0.569344
-0.471662
-0.416353
0.247322
0.053294
-0.252380
-0.367763
-0.248275
-0.233763
-0.128349
0.379573
-0.130006
-0.138186
-0.269633
0.327024
-0.071928
-0.442460
-0.288481
0.000526
-0.450430
-0.593783
0.151680
0.023430
-0.362787
-0.452720
0.148871
0.180183
0.140731
0.267023
0.271497
-0.381231
-0.549720
0.065767
0.035107
0.522330
0.295227
0.117083
0.196737
-0.550484
-0.414962
0.025700
-0.348958
0.347494
0.027609
0.720058
0.497862
-0.232645
0.350427
-0.016737
-0.121001
0.302187
-0.087070
-0.297052
0.379554
-0.519993
0.223989
0.597476
-0.315019
-0.432464
-0.309914
0.239449
0.358174
0.580889
-0.437128
0.404938
0.451560
-0.095661
0.240888
0.249389
0.602485
0.056972
-0.454913
-0.097625
-0.242535
-0.175992
-0.237425
-0.336764
-0.467209
-0.289615
-0.351264
0.006189
-0.492864
0.024865
-0.277557
0.503992
-0.089348
-0.026095
0.017922
-0.304969
0.077300
-0.204864
0.118338
0.135956
0.240029
0.081542
-0.047178
-0.563743
0.215671
