0.268907
-0.287219
-0.010135
0.119223
-0.260292
-0.408934
-0.142932
-0.217414
-0.118233
0.024125
0.200985
-0.066545
0.040111
0.659454
-0.526158
-0.217587
-0.117420
-0.139880
-0.185527
-0.523367
-0.221071
-0.145591
-0.286458
0.273271
-0.136197
-0.377433
0.395175
0.200429
-0.629428
0.535126
-0.183016
-0.347039
-0.243604
0.567320
-0.179256
0.437142
0.375287
0.127606
0.213144
0.304949
0.297990
-0.362924
-0.498282
-0.113450
-0.433429
0.055346
-0.071485
-0.169010
0.103856
0.108715
0.298408
-0.244370
-0.058437
0.101532
-0.105442
-0.285682
0.225233
-0.177348
0.397975
0.645420
0.231321
-0.062316
0.523070
-0.157386
0.236426
-0.259985
-0.133540
-0.022559
0.049876
-0.152003
-0.323615
-0.437367
0.193250
-0.403951
0.325352
-0.138841
-0.347842
-0.247367
0.606209
-0.270171
0.443076
-0.633832
-0.359950
-0.283284
-0.061531
0.317333
-0.371894
0.513002
0.226703
-0.400670
-0.188605
0.215293
-0.098598
0.383525
0.168171
0.015471
-0.254586
0.755369
-0.368809
0.381238
0.756958
-0.150073
0.372231
-0.493351
-0.053048
0.250569
-0.411800
-0.335170
0.764807
-0.197918
0.278166
0.486968
-0.325688
-0.159450
-0.190434
-0.362253
0.260782
0.433292
0.205234
-0.217349
-0.261946
0.220912
0.321883
-0.190827
-0.309775
-0.081276
-0.318764
0.280290
0.070325
0.241183
0.534381
0.655724
-0.344789
0.214258
-0.434831
-0.148182
-0.149882
-0.444010
-0.038494
0.011542
0.197632
-0.267874
-0.593040
0.024579
0.019302
0.234770
-0.135586
0.493600
0.509048
0.415645
-0.404136
-0.047646
-0.254801
-0.307902
-0.182043
0.436441
-0.055583
-0.319945
-0.488468
0.299236
-0.107905
0.100596
0.590769
-0.267215
0.331795
0.267115
0.066245
-0.137401
-0.356305
-0.230193
0.094661
0.077445
-0.258128
0.351793
0.138836
-0.295517
-0.633228
0.375536
-0.248769
-0.022131
0.174471
-0.093699
0.015199
-0.220709
-0.012299
0.449738
-0.069315
-0.303204
-0.265569
-0.416511
0.528116
0.495981
-0.133631
-0.267155
-0.245580
-0.157396
-0.052642
-0.748434
-0.278877
-0.215689
-0.100001
-0.009324
-0.308958
0.359447
0.165175
0.547076
-0.389105
-0.038329
-0.528329
0.314564
0.202934
0.401950
-0.172935
-0.185971
-0.305179
-0.594341
0.182623
-0.279931
0.166631
-0.235147
0.103724
0.032341
-0.451333
-0.120952
-0.377023
0.641136
0.169462
-0.180447
-0.073294
-0.393448
-0.059236
0.411502
-0.617947
-0.018838
-0.319357
0.230967
-0.017018
-0.101653
-0.453774
-0.284755
0.125615
-0.408895
0.301682
-0.020676
-0.418088
0.292016
0.505496
0.362780
0.433489
0.159451
-0.065520
0.249082
-0.571163
0.211262
-0.454603
-0.124819
0.070376
0.563187
-0.432289
0.151897
0.398266
-0.381062
-0.308916
-0.290493
0.549342
-0.374267
-0.204500
0.547493
-0.339489
0.793643
0.321689
-0.767124
-0.223330
-0.049162
0.332407
0.170877
0.091199
0.155906
-0.045627
-0.329207
-0.051322
-0.356587
0.515001
0.380692
-0.204952
0.354391
0.359031
-0.349115
0.405590
-0.082219
-0.091920
-0.304619
0.234279
0.339082
0.052828
0.009689
-0.711072
0.135846
-0.021171
-0.583821
0.179387
-0.114575
0.273025
-0.326939
-0.061173
-0.063061
0.095055
-0.249259
-0.077350
-0.333721
-0.308528
-0.171058
-0.444534
0.198455
-0.444354
0.405456
-0.113973
0.059499
-0.113926
0.266687
0.370730
-0.022577
-0.012548
-0.629364
-0.379783
0.057419
0.133195
0.048717
0.130631
-0.422819
0.200036
-0.523008
-0.055750
-0.542914
-0.045841
0.127221
-0.311199
0.413578
-0.252503
0.498189
0.120447
-0.706368
0.591606
0.463479
-0.115934
0.359680
-0.277565
0.133209
0.015097
0.193321
-0.258492
-0.169075
-0.345966
-0.204112
0.400432
-0.215435
0.178573
0.444924
0.321778
-0.062978
0.433741
0.012772
-0.236208
-0.209389
-0.492610
-0.749897
0.556897
-0.278488
0.194598
-0.652166
-0.134186
-0.432909
0.190125
0.262273
-0.161876
0.166514
-0.447371
-0.321699
-0.350236
-0.735984
-0.020524
-0.268484
-0.254571
-0.423793
0.292329
0.454546
-0.204824
-0.296157
-0.149820
0.413249
0.464289
-0.097202
0.395562
0.086612
-0.200780
-0.575704
-0.264314
-0.497655
0.019769
0.572118
-0.055590
-0.234230
-0.107115
0.235582
-0.225623
-0.072991
0.191479
-0.251216
0.480529
0.302697
0.495680
0.079560
0.335005
0.700445
-0.119590
-0.297009
-0.067643
-0.165674
0.271322
-0.545312
0.216254
-0.151096
0.034898
0.320657
-0.053653
-0.384867
-0.371030
-0.370691
-0.257100
-0.379989
0.167658
0.254065
-0.269904
-0.637841
-0.075380
-0.039309
0.374978
0.365461
-0.079037
0.363095
0.020665
-0.252879
0.178760
-0.330788
-0.191947
0.453019
-0.534405
-0.451568
-0.312946
-0.269070
0.259138
0.327576
0.195021
-0.758441
-0.014440
-0.422505
0.243033
-0.470312
0.049852
-0.559194
0.298908
-0.023859
0.267640
0.594640
-0.397071
-0.357834
-0.127804
-0.064088
0.412454
0.016426
0.323778
-0.276688
0.031974
-0.024075
-0.537756
0.156184
-0.240613
0.328940
0.269947
-0.357531
-0.628783
0.085253
-0.446172
0.188882
0.455031
-0.506214
0.222474
0.101916
-0.412798
-0.310574
0.155056
-0.329478
0.615043
-0.282015
0.225000
-0.268417
-0.244833
0.000181
-0.140913
-0.180975
0.076775
-0.140984
-0.045688
-0.003902
-0.548835
-0.250355
-0.529778
-0.030516
-0.252551
0.255779
0.188557
0.145283
-0.039755
-0.023241
-0.145808
0.381317
0.211010
0.209146
-0.189241
0.490593
0.482763
0.090884
-0.299371
-0.025110
0.222544
0.120529
0.793080
0.082054
-0.074230
0.242180
0.062509
-0.121274
-0.110735
0.042908
0.444711
-0.363153
-0.207779
-0.439836
0.045544
-0.242689
-0.240838
0.283196
0.333403
0.359351
-0.088754
-0.576928
0.295017
0.113423
0.069869
0.543852
-0.043592
-0.322924
-0.616768
-0.572759
-0.566772
0.024668
-0.288463
0.651985
-0.355091
-0.192121
0.464381
0.009336
-0.111381
-0.315091
-0.478389
-0.273323
-0.426566
-0.100856
-0.329367
0.218244
0.536199
0.141663
0.441024
-0.162962
-0.403119
-0.044136
0.128414
-0.509620
0.421164
-0.002825
0.545300
0.553509
0.493569
0.486204
-0.036076
0.146466
0.841749
0.877750
-0.357595
-0.206664
0.100760
-0.013194
-0.260261
0.127798
0.291783
-0.149922
0.263237
-0.005509
-0.014368
0.516655
0.224576
0.382580
-0.293362
-0.367668
0.478417
-0.580421
-0.710547
0.040226
0.572804
0.463726
0.323378
0.284852
0.293284
-0.304982
-0.321493
-0.420698
-0.198765
0.047480
0.070038
0.615431
-0.482805
-0.051727
-0.092921
0.030387
-0.521573
0.364242
0.086353
-0.205172
0.664568
0.111430
0.130100
-0.631998
0.125661
-0.562408
0.474673
0.244776
-0.110550
0.158768
-0.084107
-0.023196
0.105889
-0.259029
-0.520047
0.396136
-0.126475
-0.443147
0.049252
0.323605
0.292983
-0.001506
-0.039284
-0.647577
-0.102680
-0.728689
0.464269
-0.536925
0.253757
-0.557401
-0.368559
-0.293180
0.316510
-0.621828
-0.112165
-0.243858
0.351362
-0.320518
-0.763081
0.060588
0.110889
-0.734735
-0.352559
-0.032514
-0.062697
0.525931
0.141726
-0.114741
0.004192
0.320661
0.182693
-0.034446
-0.142192
0.026520
-0.100682
0.279676
-0.106947
-0.025915
-0.376267
-0.396000
0.264290
0.414658
-0.140794
-0.023356
0.112556
0.137098
0.064571
-0.100305
0.050756
-0.180808
-0.052858
0.574891
0.052446
0.395679
0.106576
0.067464
-0.167015
-0.106260
0.381368
0.467786
-0.334834
-0.358561
0.130594
0.148810
0.112009
-0.324640
-0.447131
0.057660
-0.573283
0.062090
0.436211
-0.556677
-0.032192
0.196636
-0.092190
-0.132703
-0.317273
0.177623
0.294870
-0.718735
-0.352343
0.177061
0.321834
0.355465
0.057541
0.108918
0.645132
-0.415235
0.312523
0.187710
-0.593783
0.425312
-0.292186
-0.220415
-0.200431
-0.486218
0.393050
0.602700
0.478643
-0.365807
-0.015862
-0.178567
0.543878
0.315197
-0.703282
0.564142
0.198274
0.326612
0.140889
-0.552240
0.392815
-0.390707
0.020488
0.377410
-0.289848
-0.645966
-0.315458
0.246638
-0.014657
0.370999
-0.468872
-0.403640
0.307758
0.060529
-0.486525
0.408790
0.027839
-0.828292
-0.387795
0.009913
0.373982
-0.226122
0.927487
-0.455710
0.197219
0.360012
-0.611656
-0.600448
-0.202048
0.403103
-0.523585
-0.339251
0.103768
-0.155562
-0.183588
0.271183
-0.026386
0.062944
0.292118
0.220897
-0.011322
-0.547929
0.087189
-0.015920
-0.207694
-0.020634
-0.385577
-0.278630
0.431751
0.035389
-0.316293
-0.098834
-0.102380
0.110663
0.402148
0.117186
-0.021859
0.230989
