0.389753
-0.337692
-0.280005
0.540121
-0.124946
0.082281
0.219232
0.025844
-0.334364
0.343742
-0.068843
-0.001107
0.662242
-0.286760
0.274457
0.093051
0.140592
-0.664923
0.295429
0.501458
0.179126
-0.209320
-0.492878
-0.407731
-0.597285
0.436201
0.026984
0.026139
0.419900
0.584576
-0.121813
-0.051035
-0.460657
0.550459
0.106273
0.480623
0.658290
0.365466
0.007129
0.225099
-0.013904
0.232336
-0.158942
-0.075234
-0.524695
-0.296159
-0.049041
0.346181
-0.019711
0.217997
0.169462
-0.025878
-0.197255
-0.479726
0.024154
0.405014
0.158957
0.313212
0.397975
-0.324711
-0.161179
-0.463600
-0.098372
-0.253833
-0.161352
0.267503
-0.200959
0.003958
0.288197
0.103087
-0.138295
-0.437367
0.260409
0.093241
0.343916
0.215354
-0.058977
0.134090
0.572382
-0.697602
-0.387541
0.223610
-0.451607
0.074532
-0.654598
0.132240
0.444398
-0.151249
0.130456
-0.335211
-0.168665
-0.460128
-0.445482
0.300524
0.645444
0.176192
0.164613
-0.416104
0.617036
0.362798
-0.110432
0.018751
-0.027272
0.576006
-0.013867
0.331752
-0.208150
0.340228
-0.381671
-0.271140
0.147909
0.594437
-0.313369
-0.210950
0.398864
-0.105006
0.267697
-0.177758
0.076816
-0.461285
-0.434592
0.453283
0.079407
0.381507
-0.101490
0.185551
0.037115
0.337436
0.445307
-0.179544
0.081327
0.306566
-0.033248
0.069866
-0.000461
-0.077352
0.470084
-0.283424
-0.470394
0.225940
0.521690
0.034465
-0.451739
-0.189328
0.065541
0.149436
0.410852
-0.508636
-0.325267
0.335334
0.284657
-0.074033
0.215658
-0.372866
-0.107360
0.640348
-0.206821
0.052850
-0.595990
0.415426
0.126732
0.187211
0.557986
-0.289572
-0.732490
0.557433
-0.405191
-0.474172
-0.428483
0.235085
-0.087880
-0.080095
-0.608143
0.034625
0.430027
-0.299692
-0.633228
-0.278202
-0.057630
0.068299
0.099008
-0.324127
-0.374490
-0.477627
-0.351648
-0.491812
0.056729
-0.310759
0.006293
0.138656
-0.325419
-0.200315
-0.214226
-0.015879
-0.245580
-0.329067
-0.231756
-0.571124
0.204628
-0.206266
-0.061210
0.414239
-0.267001
-0.128905
0.153946
0.484488
0.165288
0.243348
-0.070469
0.397169
0.290128
-0.134373
0.181767
-0.214496
0.528614
-0.249112
-0.070448
-0.323365
0.322136
0.030907
0.338123
0.628762
-0.311198
0.232146
0.175988
0.348622
0.139914
0.130104
0.164999
0.337044
0.387000
0.182404
0.181248
-0.396325
-0.265994
0.212374
-0.217236
-0.013365
0.213446
-0.137877
-0.308442
0.094665
-0.335276
0.034882
-0.476369
0.048132
-0.185814
-0.467023
-0.414639
0.112197
-0.475002
0.869627
-0.060614
0.408206
0.186183
-0.124819
0.246295
0.643888
-0.375382
0.203689
0.435242
-0.245864
0.312589
-0.034404
0.378238
0.076877
-0.489858
0.328959
-0.442782
0.022482
-0.389496
-0.281779
-0.486294
0.142868
0.316460
0.388781
-0.214947
0.446960
0.213136
-0.186080
0.420194
0.215366
0.484811
-0.279088
0.178225
-0.013740
0.109014
0.102699
-0.408221
0.549473
-0.430276
0.202426
0.209647
0.246227
0.267041
-0.171593
-0.376607
-0.362782
-0.372847
0.495866
0.232268
-0.174195
0.273025
0.549978
-0.069935
0.083162
0.686465
-0.448434
-0.613345
-0.479260
-0.148412
-0.106329
-0.643471
0.121942
0.384674
-0.155145
-0.544532
0.435698
-0.379210
0.378872
-0.113662
0.000074
-0.120031
0.201610
0.420519
0.363550
-0.057259
-0.226614
0.047926
-0.066325
0.196001
-0.154468
-0.285633
0.348120
-0.107676
-0.279944
-0.356341
0.440769
-0.487586
0.022431
-0.183270
0.129561
0.575806
-0.241252
-0.641064
0.370515
0.375150
0.368468
-0.740179
-0.375344
-0.254989
-0.018818
0.481050
0.229690
-0.086161
0.312448
0.178573
0.065832
0.374271
-0.216230
-0.034043
-0.363922
0.169188
-0.058098
0.433266
0.000643
0.104525
-0.294961
0.068182
-0.761347
0.116002
0.179645
-0.272957
-0.529024
0.584862
-0.110173
0.417917
-0.289383
-0.317619
0.468648
-0.149354
-0.292351
-0.485744
-0.111233
-0.429600
0.254686
0.318344
0.612321
0.248442
-0.215375
0.404628
-0.761156
0.230856
0.221345
-0.186332
0.527039
-0.228839
-0.464212
-0.605963
-0.340983
-0.370562
0.171951
0.083416
-0.072696
-0.374643
-0.373332
0.349323
-0.400120
0.001406
-0.470557
0.304866
-0.120847
0.540663
0.442903
-0.185081
-0.016999
-0.090051
-0.191286
0.432512
-0.468020
-0.137510
-0.096303
0.140592
0.319165
-0.086586
-0.328559
0.355135
-0.432367
0.193375
-0.177677
0.149480
-0.226018
-0.108086
-0.575278
0.005225
0.194971
0.045821
0.306132
0.313365
0.241122
-0.432945
0.326629
0.350982
-0.346590
0.438599
-0.166796
-0.094840
0.530218
-0.236567
-0.556431
-0.065294
0.213375
0.525125
0.328371
-0.155398
0.059701
-0.430123
-0.517097
0.182637
0.270285
0.157748
-0.215184
0.395601
0.371530
-0.293143
0.627061
-0.022097
-0.431814
-0.627345
0.016426
0.144030
0.721163
-0.017128
-0.277907
-0.044680
0.207358
-0.205928
-0.018683
-0.306700
-0.298581
-0.282496
0.428078
-0.215644
0.117136
0.455031
-0.209427
0.088006
-0.307262
-0.019744
-0.152861
0.156340
0.342096
-0.315163
0.281946
0.073299
0.145492
0.567887
-0.064122
0.092434
-0.245578
-0.374817
-0.107088
0.401367
0.094028
-0.294377
-0.202067
-0.477725
-0.457606
-0.208771
0.018328
-0.179694
-0.090452
0.250020
0.404096
-0.446376
-0.159769
-0.379308
0.383715
-0.109226
-0.296295
0.481491
0.292975
0.329807
0.715917
-0.409877
-0.360735
0.436382
0.160570
-0.482907
0.375413
0.010363
-0.161572
0.011792
0.325056
0.544574
-0.426244
0.290616
0.213379
-0.238993
-0.065836
0.394829
0.425169
-0.263764
-0.037791
0.815274
-0.274804
-0.100091
-0.012396
-0.154286
-0.676699
0.250316
-0.063834
-0.146480
0.333061
0.461583
-0.026455
-0.331945
0.650815
0.172110
-0.079597
-0.337095
0.271576
-0.058807
0.341926
-0.126104
0.006367
-0.241039
-0.227425
-0.363602
-0.434019
0.112950
0.359080
0.261261
-0.041608
0.353022
-0.268903
0.260669
0.187526
-0.454170
0.351419
0.195957
0.643471
-0.094733
0.629596
-0.266411
0.361102
0.846102
-0.380852
0.161384
-0.332937
0.324113
0.430910
-0.232724
-0.318921
0.726250
0.364213
0.040612
-0.268631
0.347061
-0.258834
-0.153679
0.528901
-0.290814
-0.420029
0.161517
0.014744
-0.108811
0.431211
0.343554
0.289179
-0.269552
-0.158487
0.594815
-0.033388
0.108939
0.479309
-0.343023
0.282705
-0.203029
0.338283
-0.384821
-0.585705
0.563263
-0.764359
0.586021
0.105130
0.040391
0.220005
-0.497817
-0.350330
0.367865
-0.108772
0.007984
-0.351048
-0.352495
0.225352
-0.043682
0.135945
0.729022
-0.260472
-0.630480
-0.084542
0.074367
0.492078
0.491625
-0.148050
0.447846
-0.348080
-0.015348
0.325192
0.344288
-0.543485
-0.365787
0.492511
0.462423
-0.352283
0.698755
-0.273100
-0.646192
-0.102220
-0.081501
0.036369
-0.372395
-0.190422
-0.259064
0.355840
0.533377
0.339663
0.024126
0.043874
0.141720
-0.043699
0.231688
0.519291
0.036927
-0.034302
-0.255587
-0.002716
0.178477
0.022395
0.134496
-0.015117
-0.469122
0.204454
0.001515
-0.331722
-0.288817
-0.199148
0.503347
0.076451
-0.063886
0.181452
-0.282406
-0.443580
0.231976
0.128987
-0.022558
-0.058679
0.293455
0.604597
0.001570
-0.050457
-0.157481
-0.011437
-0.215494
0.318307
0.305618
-0.279984
0.384379
0.294118
0.182954
0.005416
-0.154343
-0.074476
-0.036151
-0.581043
0.473077
-0.369682
-0.436835
0.477172
-0.271301
0.363829
0.052213
0.002962
-0.143913
-0.174509
0.651918
-0.563551
-0.116616
0.215741
-0.166610
0.621988
-0.320604
0.048805
0.805348
0.447543
-0.035434
0.430824
0.287740
-0.387198
0.293201
-0.232299
0.204083
-0.562700
-0.534882
0.115872
0.436840
-0.224033
0.435617
-0.826967
0.090805
0.041120
-0.545100
0.643624
0.239706
-0.225696
-0.362593
-0.273063
0.096310
-0.245478
-0.118944
0.245328
-0.013340
0.145857
0.293965
-0.240953
0.324748
0.067083
-0.103193
-0.018807
-0.524853
0.167081
0.542499
0.541141
0.246004
-0.342376
0.510025
-0.365215
-0.112381
-0.372376
0.388025
-0.418670
-0.284149
-0.178114
-0.465971
-0.178450
0.130671
0.102030
0.600866
0.310516
-0.035750
0.165141
-0.137617
-0.043009
0.093715
0.209083
0.121580
-0.492884
0.022047
-0.360572
0.036004
0.021905
0.222889
-0.622070
-0.210963
0.197050
-0.285249
0.293243
-0.264897
0.454769
-0.126470
0.155411
0.219986
-0.376249
-0.088746
0.264330
