0.177845
3.441521
-4.467430
-2.668680
-3.053977
1.447539
-3.951895
0.647099
-1.581313
0.720367
-1.167083
-1.037367
-1.208832
-2.435332
-3.249368
-0.441301
5.501317
-1.139473
-0.840478
-1.038445
2.400846
1.169210
-0.182413
-0.883372
-3.246293
4.829449
-1.976556
2.825596
-0.426765
2.262288
-4.939787
-5.661487
-0.000496
0.340472
0.275593
0.583643
-1.222388
-0.068954
-3.418943
-0.147052
-4.064047
-0.676829
2.678954
-0.829085
-1.433178
-0.463237
-11.573788
0.274381
12.537931
-0.468713
0.404935
-0.068269
-0.507336
0.050220
0.004187
-0.066516
-6.026136
0.264263
2.867289
-2.638482
0.568845
0.170286
-2.626836
4.420924
2.637293
1.052890
-3.808046
-1.173097
-1.402255
3.775667
0.733988
-0.779479
-1.378671
-1.641141
-0.999770
-0.192468
-2.448231
-0.881243
-0.059445
0.395274
-0.829256
-2.436467
-3.880197
-0.702344
-5.541385
-1.725403
-9.218386
-1.165351
2.947540
-2.579001
0.061513
-2.061403
1.552424
0.183079
-1.348438
6.318894
-6.760252
-2.703698
-2.598720
-1.867969
-2.983502
-1.342817
3.784059
0.306548
-0.328242
-0.790596
0.022949
2.680415
-0.072316
-3.172394
-2.103428
2.150468
1.519262
-3.360172
0.479723
-6.233049
0.444942
1.030794
1.913803
0.732231
7.339739
2.404160
-2.067460
0.920611
7.212862
1.764249
0.589004
1.817458
-2.528098
-1.495448
-2.602830
-2.605865
-0.331800
0.762023
2.904817
1.063249
-2.798603
-0.969884
-2.868186
-0.453098
4.055477
1.415988
-2.687091
-3.210478
2.452512
3.350744
-3.412793
-0.659819
2.883203
6.095704
3.418691
-0.676718
2.093328
-0.484158
3.443585
1.851723
1.191638
1.616436
7.955392
2.991832
-0.054616
-3.421826
5.221161
-3.132002
-1.005236
-0.897213
0.778644
4.282703
-1.855589
1.195532
0.655448
-0.664877
3.178149
6.469522
-1.988010
-2.179407
2.469630
-1.889035
2.087700
4.593417
-1.890280
3.129741
0.332785
1.845732
-2.515312
1.371536
1.195725
-1.233243
-0.516823
1.050474
1.529210
1.692809
3.335208
-0.959915
-5.832114
-0.692877
3.641787
0.884464
-4.590472
1.204068
4.713771
-2.661667
-3.042726
-2.713776
-4.255086
1.756097
-2.403380
-2.932598
-0.554585
2.288203
0.834336
4.219630
2.571371
5.071009
-3.249587
-5.217817
-2.948039
2.037043
-3.075112
-0.048522
4.838260
-1.309532
-4.457897
-3.792164
-0.899736
-7.285447
3.993609
-5.374770
-2.804036
0.285783
-3.773394
5.110954
-7.181159
-0.776774
-5.675203
-2.690876
1.289964
2.620050
-2.116185
4.386636
-1.881310
-0.640024
-0.752420
-0.369537
-4.600809
4.112636
1.972921
-10.153558
-2.160849
-2.462864
2.592729
2.970124
-0.512408
0.051637
4.454083
3.251297
2.107342
0.553396
-2.298941
-0.806585
2.870747
-1.083111
6.820727
2.424745
-8.621093
0.383334
-5.624372
5.609960
0.145599
-2.876055
-4.566083
0.475708
1.687603
4.563759
3.453013
4.940574
-4.685106
-1.112514
-4.013360
-4.907601
-2.877864
-4.094206
6.772401
0.034022
-0.232885
-3.576411
4.086367
0.335343
1.136483
-0.125237
-2.813301
3.875919
2.107826
5.519314
2.454625
2.854554
-1.010398
1.790212
-0.034546
3.178171
14.485860
2.281774
3.318476
-0.084704
1.173061
-0.919353
-2.478713
2.504686
-3.134218
-0.020780
0.440187
2.760269
-5.259201
-0.772289
-0.029771
-1.923902
1.978165
-2.025897
0.468002
1.948652
0.495168
0.605645
-1.288711
-2.760042
-6.638960
1.340511
-6.280452
3.554030
-2.619437
0.637173
0.682508
-1.254383
-8.675675
5.402898
4.512613
-0.890305
-2.362435
-3.179690
-1.879068
-2.923143
2.178432
-1.726803
0.927126
1.895342
-1.212604
4.223801
0.754081
1.658123
0.377637
3.989527
-4.310549
-0.129882
-1.665793
-5.526554
-2.389490
-0.709736
4.913128
3.054567
4.020279
-4.804500
-1.346804
-2.639602
1.403661
-1.943457
2.816043
1.440032
1.670786
6.230396
-4.810967
1.593872
1.656447
-2.318643
0.871589
3.341823
5.033164
-2.314715
-0.208144
-3.179717
-1.863969
-2.317159
3.284208
1.379566
1.617543
-4.038968
-2.073838
2.654644
-1.171262
1.583511
-0.799611
-2.135402
-4.893647
-0.650632
0.440884
0.662420
-7.411839
1.293126
-0.648640
1.123250
-5.725384
-2.960043
0.715757
3.342378
-3.471766
-3.460156
1.926440
0.523560
-6.557429
-1.701752
1.398613
-1.507239
-1.235316
-0.125607
-0.613435
-3.117005
-8.079349
4.790071
5.673171
4.880848
-0.877480
2.087712
0.587029
5.589140
2.078416
-1.222816
-4.726836
-5.964415
-8.181072
-3.173616
-6.849025
-1.525713
2.061452
0.925102
-4.319430
9.256717
2.763174
-9.255676
-0.342115
-2.623632
-2.189123
2.551845
3.141057
-1.604246
1.155988
3.895321
1.787784
0.162176
5.448906
-2.606111
1.447841
-2.374248
2.922829
0.679068
4.668924
0.446960
-2.816846
-1.941731
3.956407
-3.233075
-0.151303
1.316566
2.868918
-3.254097
4.542561
-4.659010
-2.959422
-2.992768
5.937223
-4.223806
0.185345
-2.251545
-1.711185
-3.855159
-4.181922
-1.146190
-1.084704
1.132295
-1.762034
-1.785113
5.023622
-2.353266
-0.371870
-1.510652
5.564609
0.014187
-6.960947
3.217954
-1.621730
5.600697
-0.933816
1.292699
-0.468520
3.732988
1.885562
-1.029079
-5.689378
1.391144
1.556975
0.143901
2.944156
-0.424294
-3.433855
1.862742
0.205199
2.712602
0.448384
-2.923803
-1.176007
4.512228
3.563057
2.093581
1.285707
-0.232803
-0.661283
2.316004
6.572050
-1.479604
1.392051
1.388211
1.894333
5.016874
1.588262
3.138185
2.939404
-0.463154
-3.970187
-0.950697
-3.873679
-2.707886
3.418661
5.156251
-1.201031
1.790200
4.797654
-2.064683
7.360247
2.171804
-5.861846
-2.417332
-4.834677
1.273563
-4.340854
-1.584847
-8.575828
-4.552625
-1.326528
0.955301
-4.890008
3.399458
5.183155
-1.809424
-6.296312
2.103221
-4.887445
-9.614477
2.300601
4.834868
-6.080405
-0.869951
2.229378
-0.941108
5.187772
0.109015
-2.823015
4.262654
-1.053097
2.337754
-3.393391
2.066453
2.248365
0.464688
-0.871158
3.543320
1.834562
-5.904019
4.145955
-1.002078
1.362650
-3.499234
0.027164
-1.049755
-0.789377
1.893104
-0.810095
-0.544623
2.257672
-1.874344
-9.829934
-0.902616
-3.925220
-3.661345
-6.118203
-0.843270
-2.584033
4.670272
0.476813
4.054371
-4.607053
1.146671
-0.268811
1.332087
-5.846888
1.134150
0.364442
0.570588
-1.774917
3.155052
3.490916
2.399288
-1.429971
1.876174
2.388011
1.367557
0.982685
0.932362
-0.194396
-0.001507
-0.503936
-0.239831
-2.885601
-5.933999
-4.374642
-2.386906
2.479801
4.324947
-1.505049
1.325575
-0.713525
-1.747958
-2.922647
-0.197784
2.892017
-0.281609
4.611330
-3.209124
-4.771679
2.009707
0.152731
-2.103648
-1.147915
-1.689561
0.408269
-0.522368
-0.390389
8.108385
-2.841742
-1.295713
3.440675
-1.504963
1.195342
-2.777807
-2.206432
5.072431
0.470781
3.282145
-0.002898
0.419767
-1.580364
-2.598505
-1.086797
1.761500
9.660823
-0.381558
2.379635
-1.428419
-2.043937
-0.305989
-2.241900
-0.798235
-0.672411
-1.392219
2.206972
4.242274
-2.969763
3.300981
3.271878
2.518500
4.332450
5.083929
-2.714440
-6.485743
2.309095
2.100130
-1.196281
-3.512253
-2.113060
4.090110
-4.076378
-3.370675
3.216740
2.330163
-8.025379
0.841520
1.751710
-0.845616
2.068818
3.532751
5.263613
2.123139
6.136897
2.935280
-3.530685
5.009111
-0.145188
-6.596466
3.407316
-1.552418
-1.089831
-2.160959
-4.886015
-2.250002
2.052526
-0.585472
-4.428132
3.982618
1.806478
2.665224
-3.178251
-7.631524
7.516143
-0.638376
-3.311758
3.152168
4.509533
3.247522
-0.513527
-3.486346
4.111501
-4.028019
-4.827035
2.824502
-1.255333
-8.021351
0.431820
-0.395050
0.289168
-0.801609
11.156694
-0.699052
2.172562
4.233428
-1.643344
-0.774180
1.972913
-3.182435
-1.894666
2.897910
-3.963110
-3.231323
-2.855198
-1.190508
5.805695
6.197212
2.498254
-2.741428
-1.176324
-0.306846
0.739263
2.143768
-3.190660
0.327872
4.550109
-0.445998
2.279479
2.661393
-2.385519
-5.022285
2.147768
2.055253
-1.347384
-1.171045
-5.301568
