0.011600
-0.465342
-0.453216
-0.083589
0.326012
-0.076476
0.195315
0.130035
-0.341932
-0.116598
-0.233039
-0.381731
0.081955
-0.202663
-0.102547
0.377941
0.010018
-0.037622
0.233806
0.087684
0.460730
0.183387
-0.470874
-0.283635
-0.609377
0.297292
0.707712
-0.326133
-0.370528
-0.103939
0.024191
0.532985
0.215731
-0.281326
-0.123111
0.176661
0.405375
-0.218132
-0.058300
-0.101223
0.189629
0.019489
-0.570254
0.341435
-0.387450
-0.497575
-0.142063
-0.033021
-0.349124
-0.043518
0.060790
-0.057375
-0.008650
-0.382647
-0.170401
0.509079
0.144532
0.051499
0.311186
-0.418207
-0.192737
-0.437014
0.191441
-0.087281
-0.162048
-0.642994
-0.259909
-0.473375
0.288197
-0.395753
0.108027
-0.344575
0.079240
-0.385729
0.411760
0.115392
-0.159707
0.186963
0.356305
-0.468033
-0.168213
-0.286218
-0.538859
-0.473213
-0.708860
-0.161812
0.002446
0.516720
-0.679205
0.171658
-0.124276
0.079082
0.223156
0.182977
0.024230
-0.245376
0.123423
-0.184519
0.821007
0.051181
0.642065
0.165038
-0.041981
-0.254332
0.097345
-0.074499
0.161191
0.452158
0.094426
-0.327712
-0.149372
0.247220
0.053242
0.288595
0.385131
-0.151319
0.190290
0.369124
-0.174292
-0.488438
0.467864
-0.316711
-0.281269
-0.347507
-0.326373
-0.238713
0.319779
0.112469
0.098864
-0.310256
0.596902
-0.190127
0.066234
0.280857
0.805225
0.692349
0.278496
-0.443143
0.525487
0.020974
-0.606205
-0.155315
-0.285606
0.366252
-0.201875
0.188629
0.153472
-0.368952
0.307889
-0.498627
0.345564
-0.507428
0.248068
0.194571
-0.486664
-0.119273
-0.508052
-0.249706
0.375837
-0.382934
0.142244
0.103746
0.105535
-0.048140
0.147801
-0.137292
0.028349
-0.002981
-0.286631
-0.377123
0.150179
0.508780
-0.400286
0.435271
0.283810
-0.352831
-0.079961
-0.117117
-0.168156
-0.263093
-0.095593
0.201665
0.370887
0.625551
-0.379600
-0.011685
-0.457112
-0.543221
-0.096457
0.212472
-0.337169
-0.125108
-0.540691
-0.293047
0.055438
-0.420318
0.184186
0.190504
0.108879
0.208533
0.289714
-0.481159
0.304066
-0.014020
-0.310253
0.568621
0.274767
-0.457139
-0.121985
-0.118713
-0.416670
-0.236543
-0.176705
-0.434973
0.252824
-0.634834
-0.464409
0.034674
0.006542
-0.284793
0.221953
-0.103086
0.190070
0.093644
0.198078
0.035385
-0.380644
-0.056376
-0.159364
0.158349
-0.321045
-0.136166
0.005019
-0.252113
0.578825
-0.472706
-0.116120
-0.052502
-0.534901
-0.304173
-0.506549
-0.003463
-0.621612
0.044455
0.201279
0.194062
-0.145852
-0.297979
-0.369295
0.100985
-0.409339
0.193142
0.123513
-0.114883
0.291567
-0.595082
0.299419
0.535936
0.373708
0.202852
-0.069947
-0.625372
0.599687
-0.223128
0.175448
-0.258376
0.028584
0.430861
0.209856
0.711785
0.338483
-0.528908
-0.231060
-0.122361
-0.411011
-0.443859
0.077251
0.468923
0.066047
0.051183
0.330303
0.173015
-0.293542
-0.009006
-0.301196
0.200995
-0.774231
0.372693
0.414549
-0.533949
0.331471
-0.494217
0.198414
-0.002883
0.586511
0.371425
0.280033
-0.111215
0.303654
0.357754
0.309372
-0.047636
-0.428582
0.143217
0.387232
-0.337668
-0.189733
0.002753
0.037245
-0.660343
-0.161980
0.579446
-0.373357
0.040654
-0.450583
-0.317358
-0.084509
-0.039106
0.319825
-0.175142
-0.071397
0.312577
-0.681270
0.216469
-0.520446
-0.194505
-0.297818
-0.307727
-0.173537
0.098238
-0.096085
-0.231543
0.110832
-0.029726
-0.010662
-0.054080
-0.363661
0.118710
0.037386
0.181707
-0.557194
0.186238
0.203348
-0.056686
0.014263
-0.465572
-0.181881
-0.037001
-0.456218
0.232640
-0.399083
0.628504
-0.415492
-0.143048
0.286487
0.197994
-0.497765
-0.076560
0.076688
-0.339520
-0.143176
-0.176705
0.142086
-0.187803
-0.260296
0.438748
0.115164
-0.406929
0.181577
-0.476003
-0.303165
0.343879
0.493170
-0.006270
0.441127
-0.071180
0.552195
-0.221301
0.119981
-0.088600
0.094957
-0.695337
-0.075939
0.453557
-0.524580
0.521734
0.145388
-0.322325
-0.319937
-0.100000
-0.181401
0.299340
0.273081
-0.248177
0.299328
0.458334
-0.473643
0.129939
0.382287
-0.586866
-0.220917
-0.424937
0.488317
0.077647
0.502828
0.083362
-0.094599
-0.378861
-0.267906
0.295341
-0.336237
0.188875
0.332625
0.588042
-0.361765
-0.233581
-0.120899
0.164118
-0.332249
0.426124
0.113426
-0.180201
0.359304
-0.013013
-0.105939
-0.187605
-0.433248
0.253941
0.250320
-0.110153
-0.176287
0.311376
0.174222
-0.148106
-0.476536
-0.428573
-0.491896
0.682818
-0.004171
-0.299435
0.162886
-0.040004
0.347325
-0.484441
-0.111238
0.044409
-0.254913
-0.226094
-0.500366
0.093104
-0.247859
-0.245812
-0.369105
-0.478930
-0.617900
-0.038640
-0.404178
-0.630286
0.048198
-0.111261
0.516313
0.145465
0.177457
0.182505
-0.409750
0.132215
0.116649
-0.081043
0.325436
-0.416839
-0.260065
0.399124
-0.095623
0.225300
0.270944
-0.005689
-0.152645
0.237420
0.565484
-0.095083
-0.459362
-0.192201
-0.569728
0.025314
0.094285
-0.065745
-0.034333
-0.563817
0.316805
0.256042
0.225368
-0.095877
0.156460
-0.110331
0.535937
-0.087517
-0.374593
0.041690
-0.061862
0.571899
-0.322514
0.058078
0.404410
-0.311382
0.490676
-0.346317
-0.377187
0.031694
0.353774
0.378149
0.073802
0.298444
-0.447486
-0.012090
0.584044
-0.159769
0.113843
-0.047240
-0.421840
0.459117
-0.387056
0.039781
-0.212697
0.383251
0.491165
0.218773
0.213047
-0.181224
-0.756804
0.229113
0.076040
-0.039189
0.323273
0.026241
0.321680
-0.269057
0.113995
0.295646
-0.109313
-0.362447
0.282611
-0.487253
0.348258
0.104517
-0.175935
0.162820
0.229267
0.391256
0.192073
-0.137667
-0.047630
0.348159
-0.006111
-0.033630
0.031687
-0.360890
-0.737479
-0.679684
0.191028
0.064063
-0.344797
0.423616
0.037564
0.024443
-0.582275
-0.396305
-0.594676
0.053309
-0.405578
-0.451626
0.323541
0.244007
0.334801
-0.005334
-0.036108
-0.008690
-0.472597
0.522254
-0.132382
-0.307735
0.053285
-0.336907
0.160416
0.135068
-0.330020
-0.159425
0.254122
0.663100
0.109231
0.447570
0.621913
0.296842
0.214459
-0.023327
0.075361
0.418383
-0.083891
0.508359
0.363586
0.237827
-0.277613
0.229563
0.461284
0.715831
0.197447
-0.350425
0.055660
0.380160
0.000286
0.376563
-0.637473
-0.074687
-0.177176
0.603442
-0.056167
-0.256410
-0.232884
0.110214
-0.049796
-0.087791
0.553074
0.042064
0.308668
-0.032021
-0.530844
-0.200533
-0.384683
-0.627874
-0.150846
-0.298414
-0.045434
-0.046084
0.203634
0.407683
-0.092323
0.009120
-0.102754
0.593437
-0.021289
0.021947
0.051048
-0.059400
-0.125649
0.536730
-0.045492
-0.014764
0.457893
0.085353
0.499797
0.314909
0.255615
-0.429723
-0.041607
-0.175763
-0.514209
0.189371
0.345920
0.061852
-0.441675
-0.071508
-0.153908
0.365747
-0.345566
0.331474
0.095040
0.127645
-0.174685
-0.257763
-0.469836
0.497285
0.136057
0.190165
-0.057884
0.181100
0.256288
0.423973
0.042518
-0.008614
0.036414
-0.389432
0.384111
0.620449
-0.322110
0.226438
0.058561
0.158034
0.462079
-0.453209
0.007943
0.383962
-0.162676
-0.278537
-0.060516
-0.167126
-0.182183
0.280030
-0.420208
0.120642
0.138289
-0.358635
0.403784
0.273577
-0.158711
0.089970
-0.442623
-0.075711
0.313107
-0.332123
0.148917
-0.148576
0.076500
-0.150480
0.386970
0.455340
-0.668085
-0.293058
-0.435155
0.029555
0.614906
0.065132
0.402226
-0.001976
0.359127
0.159021
0.233522
-0.436543
-0.088250
-0.545064
-0.470338
0.646733
0.120602
-0.401380
-0.191478
0.335923
-0.043460
0.388482
0.009060
0.133519
0.285261
0.075414
0.011792
-0.534925
0.206171
0.533826
-0.159880
-0.303069
0.438763
0.338602
-0.099680
-0.465224
-0.407223
0.026056
0.381626
0.215104
-0.096991
0.358486
0.171178
-0.261428
0.189829
-0.334332
0.508910
0.028029
0.193615
-0.170146
0.459624
-0.010500
0.248708
0.055555
0.471967
-0.305502
0.235259
-0.615634
-0.250562
0.060758
-0.259170
-0.132820
0.224882
-0.332941
-0.076994
-0.392858
0.585095
0.408652
0.404938
-0.429735
-0.428394
0.003724
0.400800
0.230711
-0.487361
0.028972
-0.042386
0.062619
-0.293283
0.385238
-0.188511
-0.084839
-0.308024
0.010416
-0.257577
-0.642987
0.209137
0.526492
-0.182518
-0.806483
0.379411
0.135822
-0.469336
-0.038663
-0.219679
0.444776
-0.135547
0.161675
0.105992
0.257716
-0.027983
0.387596
