0.464662
-0.276678
-0.232701
0.119223
-0.129342
-0.123388
0.400118
0.460531
0.458228
-0.049502
0.134889
-0.278775
0.783660
-0.336793
0.076754
0.204931
-0.207509
-0.386031
0.208414
0.191234
0.409225
-0.359445
-0.344309
0.463763
0.444599
0.292460
-0.130035
0.037807
0.138012
-0.315516
0.335571
-0.477683
-0.475061
-0.367902
-0.222034
0.524614
0.450741
-0.202243
-0.506818
0.104618
-0.603502
0.433215
0.226965
0.207729
-0.395656
-0.021407
-0.053629
-0.165680
-0.007663
0.477299
0.007076
-0.074109
0.144374
0.420988
0.082002
0.278452
0.368049
0.802233
-0.512180
-0.336460
0.057697
0.406849
-0.023007
-0.296122
0.056201
-0.544540
-0.354662
-0.251297
0.161866
-0.499959
-0.026926
0.427697
0.125181
-0.536898
-0.090882
0.167322
-0.067490
-0.298672
-0.045780
-0.612503
-0.560889
0.139345
-0.602534
-0.178558
-0.361308
0.086949
0.259023
-0.139099
-0.207267
0.496791
-0.135933
0.104385
-0.276430
-0.025615
-0.420342
-0.032162
0.261825
0.732807
0.453807
0.381238
0.209897
0.195986
-0.318028
-0.128229
-0.430961
0.655483
0.077170
0.340228
0.385603
-0.171066
-0.269754
0.275422
0.007953
0.284193
-0.258407
0.419541
-0.207796
0.144508
0.468703
-0.419472
0.530166
-0.232497
-0.117218
0.142012
-0.363055
-0.250579
-0.178360
0.056532
0.070325
-0.118705
-0.302709
-0.364093
-0.035964
0.373092
0.367545
0.112600
-0.230557
-0.424297
0.383074
0.485051
-0.006656
-0.339581
-0.176630
0.104874
0.016421
0.300353
-0.356402
-0.069125
-0.111041
0.313690
-0.159403
0.499748
-0.080468
-0.263217
-0.243580
0.553142
-0.245714
0.461933
0.032673
-0.425630
-0.393457
0.163525
0.764873
-0.163912
-0.161805
-0.411336
-0.196646
-0.239252
-0.069359
0.215576
-0.040464
-0.184632
-0.283543
-0.244212
0.273239
-0.637522
0.116287
-0.122249
0.348017
0.224475
-0.058717
0.026408
-0.116266
-0.460673
0.062989
0.119742
0.688969
0.591123
0.149474
0.360677
0.208480
0.549363
-0.131480
-0.296360
0.379517
-0.374483
-0.255438
0.235372
-0.197994
-0.544925
0.422988
0.042894
-0.301627
-0.464798
-0.419695
0.281144
0.358113
-0.214992
-0.414334
-0.661997
0.181120
-0.276218
0.154753
0.301526
-0.279363
-0.295228
-0.142817
0.240965
0.118756
0.348451
0.269638
-0.040480
0.144393
-0.466904
-0.464954
0.473133
0.630744
-0.290135
-0.315240
-0.448056
0.231245
0.036161
0.121523
-0.249027
-0.269576
-0.312392
-0.017018
-0.594011
0.279890
-0.277217
-0.445287
-0.163630
-0.440910
-0.050809
-0.472267
0.354977
-0.092499
-0.127965
0.040343
0.117952
0.212862
-0.260062
-0.342847
-0.032909
-0.300059
0.430793
-0.467675
-0.435597
0.145714
-0.403193
0.118882
-0.203529
-0.302306
-0.098271
0.493191
0.221589
0.437842
0.294547
0.160157
-0.541181
-0.169672
-0.652034
0.477638
0.522793
0.547730
-0.369155
0.127070
0.134748
0.457474
-0.075917
0.493016
-0.291809
0.539583
0.177790
0.112402
-0.315158
-0.524797
-0.321558
0.362995
-0.195870
0.122011
0.319229
0.508803
0.235770
-0.330168
-0.002466
0.579072
-0.468278
-0.347368
0.003558
0.416725
-0.329726
-0.519038
-0.367102
0.080958
0.314603
-0.167866
0.382691
0.372902
-0.071484
0.099399
-0.147881
-0.219009
-0.269838
0.234534
0.289364
0.036027
0.104586
-0.185475
0.324145
0.078043
-0.085956
-0.494469
-0.111940
-0.162450
-0.488217
-0.377201
-0.366488
-0.208202
0.405903
0.313348
-0.336610
-0.395063
0.318390
-0.261708
-0.312742
0.569317
-0.336158
-0.200901
0.033383
0.052250
-0.167631
-0.159381
-0.506777
0.228984
0.549600
0.159189
0.338510
-0.314237
-0.354261
-0.078924
-0.274615
0.009878
0.596819
0.179471
-0.240562
0.178573
-0.368229
0.495031
0.245193
0.379406
0.513191
-0.426038
-0.293967
-0.146023
-0.524662
0.370832
0.154874
0.163528
-0.477986
-0.474633
0.031974
0.402319
-0.120928
-0.373865
-0.387264
0.400512
-0.287049
-0.134950
0.466610
-0.200175
-0.285152
-0.192588
0.573458
-0.499642
-0.182851
-0.105872
0.675804
0.090659
-0.079758
0.309406
-0.588270
0.351478
0.251217
0.424504
-0.236697
-0.032699
0.182688
0.237940
0.171547
-0.328487
0.345245
0.633311
-0.529845
0.160963
-0.469673
0.676289
0.132017
0.028650
0.428993
-0.460982
0.138750
-0.502641
0.590748
0.103332
0.229729
-0.375536
-0.296702
0.304696
0.427002
0.509248
0.019940
-0.278467
-0.555009
-0.043818
0.369258
-0.299986
-0.489321
-0.029333
0.212443
0.293800
-0.049642
-0.324563
-0.489868
0.414826
-0.100463
-0.228970
-0.183261
-0.452749
-0.102965
-0.007484
-0.313643
-0.098063
0.657123
-0.363389
-0.234388
-0.100477
-0.371531
-0.490334
0.598564
0.293690
0.157046
0.407744
-0.037753
0.092833
0.055632
0.088696
-0.099870
-0.338923
-0.281071
0.464494
-0.153762
0.181710
-0.350767
-0.300125
-0.527792
-0.226093
-0.240007
-0.187811
-0.276351
0.047793
-0.364710
0.053372
-0.023955
-0.256916
-0.255595
-0.113820
0.351995
0.103451
0.123629
-0.366486
-0.252030
-0.200640
0.271058
0.087987
-0.490802
0.389594
-0.670987
-0.080284
0.004633
-0.638184
-0.502713
-0.024732
-0.101353
0.139495
-0.267440
-0.100351
-0.018357
-0.445659
0.630583
-0.393174
0.271895
-0.087896
-0.360751
0.399080
-0.195490
-0.143762
0.024810
0.442855
-0.354450
0.044222
0.169706
-0.230511
-0.082708
0.255639
0.404837
-0.248422
0.227412
-0.511240
-0.311757
0.437274
-0.139747
0.396544
0.662335
0.053707
-0.281717
0.049928
-0.302141
-0.139689
0.358469
-0.486264
0.040822
-0.316201
-0.039176
0.458454
0.077627
0.265805
-0.263785
-0.035023
-0.281713
-0.069174
0.196189
0.284807
0.430055
0.507709
0.168026
-0.113525
0.423206
0.053337
-0.124858
0.320974
-0.515347
0.246335
-0.226498
-0.320771
-0.470151
0.123569
0.760393
-0.450917
-0.507823
-0.473417
0.207030
-0.335372
-0.181676
0.243737
-0.159417
0.252346
-0.100856
0.523484
0.105206
-0.288055
0.404783
-0.561759
-0.488420
-0.416117
0.285696
-0.188921
-0.276683
0.376581
-0.419852
-0.423923
-0.518263
-0.152775
0.150579
-0.443093
-0.232930
-0.331062
-0.512995
-0.096864
0.550923
0.164510
0.375075
-0.352463
0.211663
-0.407549
-0.131881
0.263002
0.362972
0.367262
0.215785
-0.176594
0.550497
0.160035
0.340315
0.095689
-0.135861
0.063506
0.197932
-0.372402
-0.002949
0.169433
0.350022
0.170165
0.022285
-0.079057
-0.553901
-0.088013
-0.321665
0.008314
0.343760
0.304008
-0.303721
0.092524
0.163298
-0.377443
0.313004
0.157730
0.567990
-0.475570
-0.425694
0.179124
-0.349524
0.075862
-0.192615
0.268437
-0.124026
0.459669
-0.181680
0.162327
-0.022157
-0.573361
-0.286112
-0.370557
0.344594
-0.501692
0.187859
0.510192
0.308984
0.213701
0.214310
0.093050
-0.063917
-0.163126
0.012796
-0.066011
0.433266
0.428978
0.248087
-0.418094
0.431070
0.313703
0.264504
0.358194
0.283569
-0.259064
0.363813
0.610593
-0.592950
-0.452633
-0.758308
-0.523700
-0.162694
0.165569
-0.180452
0.279658
0.042017
0.004192
-0.033095
-0.153516
-0.071687
-0.561624
0.167278
-0.604793
-0.463543
-0.118114
-0.532094
0.245505
0.254289
0.255066
0.295031
0.290756
0.033306
-0.226697
0.431637
-0.262878
-0.420470
0.077651
0.042909
0.475211
-0.273349
-0.045932
0.084981
-0.643506
-0.325524
-0.209282
0.085978
0.018572
-0.481410
0.343155
0.061161
0.535169
0.244939
0.151728
-0.334915
0.311603
-0.068846
0.263624
0.468510
0.154185
-0.234344
0.743698
0.168592
-0.296820
0.285588
-0.344082
-0.193184
-0.564530
0.188612
0.043698
0.556851
0.137130
-0.005438
-0.216782
0.340213
-0.572572
0.414920
-0.026388
-0.243442
0.506878
0.060228
0.012207
0.570372
-0.202648
-0.306551
-0.376037
-0.281763
0.078683
-0.078283
-0.156636
-0.112749
-0.538861
-0.137625
-0.197805
-0.463804
-0.505335
-0.030438
0.273058
-0.271596
-0.233929
0.002760
-0.177366
-0.123338
0.356881
0.028747
0.487450
0.390554
-0.239406
-0.019230
0.365972
-0.403640
-0.431335
-0.539869
-0.389509
0.150787
-0.293382
0.285689
0.050982
-0.457488
-0.114255
0.104545
-0.179486
0.426339
0.279768
-0.123845
-0.540699
-0.202711
-0.508391
-0.358979
-0.295975
-0.374119
-0.057473
-0.512992
-0.270714
0.609390
-0.254977
-0.467209
0.191343
0.011066
0.152888
0.375008
0.123499
-0.662756
0.671024
0.183661
0.114054
-0.301448
0.524302
-0.726117
0.547400
-0.392610
0.643608
0.058731
-0.073132
-0.166717
0.033793
0.196396
