0.186541
0.085277
0.012738
0.486779
0.321550
0.077291
0.195315
-0.070560
-0.165823
-0.213788
0.054287
-0.436629
0.153806
-0.100251
0.225466
0.404163
0.242483
-0.117016
0.224565
0.051680
0.326345
0.527515
-0.031616
-0.379238
-0.512915
-0.136050
0.534935
0.087342
-0.443271
0.504826
0.303909
0.508486
0.248091
-0.219305
-0.137952
0.240731
0.085787
-0.167842
0.207115
-0.451099
0.026800
-0.161710
0.314562
-0.195627
-0.336847
0.144983
0.174605
-0.145188
0.229398
0.719776
0.079910
-0.105059
-0.237820
-0.725616
-0.107510
0.245113
0.132009
-0.470283
-0.249069
-0.373614
0.031257
-0.195115
-0.289835
0.279390
-0.225329
-0.642994
-0.143999
-0.036555
-0.328219
-0.273521
0.255692
-0.353420
0.187316
0.395495
0.356855
0.127871
-0.403011
-0.027378
0.327139
-0.516879
-0.437684
-0.623740
-0.393886
0.580856
0.227413
0.184572
0.268171
-0.258338
-0.358463
0.221200
-0.140547
0.133298
-0.215397
-0.245512
-0.400989
0.393761
0.023298
-0.596230
-0.478837
0.292178
-0.132663
-0.379475
0.175002
-0.019616
-0.294115
-0.363756
0.115437
0.540112
-0.081353
-0.185312
0.478061
0.249980
-0.166019
-0.485233
-0.399723
-0.388778
0.314280
-0.279774
0.056270
0.188191
-0.463597
0.195163
0.234221
-0.312106
-0.369847
-0.042459
0.138225
0.190662
0.514537
0.554253
-0.544637
0.496410
0.304798
-0.047685
0.642274
0.135865
0.244072
-0.059686
-0.480743
-0.681590
0.009200
-0.118778
0.446459
0.025439
-0.097389
0.311995
-0.293287
0.410920
0.118583
0.283626
-0.225564
-0.129728
0.592764
0.117980
-0.374085
-0.433002
-0.342785
-0.217118
-0.424493
-0.355374
-0.391499
0.223186
0.182574
-0.047737
0.212482
0.329442
0.059716
-0.421864
-0.194630
-0.283465
-0.083548
0.452138
-0.387627
0.407840
-0.082537
-0.387004
0.260107
0.061736
-0.389224
0.085581
-0.090109
0.633403
-0.172313
0.436038
-0.099998
-0.419183
0.268075
-0.543221
0.123232
-0.043207
0.453969
-0.102806
-0.593382
-0.165693
-0.047995
-0.097693
-0.256522
0.203172
-0.512423
-0.439902
-0.011000
0.546819
-0.220010
-0.177144
-0.312844
0.006862
0.108070
-0.465930
-0.257224
0.357663
-0.334695
-0.202298
0.218006
0.532908
-0.514688
0.198063
-0.439599
-0.227447
0.492926
-0.028168
-0.177079
0.579505
0.342275
-0.075620
0.200556
0.285613
-0.438218
-0.407299
-0.047966
0.069465
-0.170089
0.265549
0.419055
-0.161252
-0.589165
-0.337181
-0.153370
-0.259858
-0.090929
-0.001459
0.469499
0.252601
0.104106
-0.208236
-0.550044
0.255550
0.057834
-0.289024
0.281068
0.043931
0.447319
-0.340807
-0.227194
-0.499138
-0.495642
0.052978
0.518116
0.373640
-0.554916
0.405295
-0.432362
0.019463
0.543730
-0.474204
-0.285676
-0.109982
-0.162843
0.347223
-0.342401
-0.500777
-0.109405
-0.252579
0.400976
0.457968
-0.175609
-0.654870
0.147446
0.385063
-0.074007
-0.318973
0.065906
0.413197
0.494571
0.036246
0.167619
0.207106
-0.185623
-0.048553
0.342630
0.531381
-0.365980
-0.088046
0.207937
0.285664
0.197128
-0.657464
-0.304710
-0.589812
0.333446
0.100563
0.021418
-0.281878
0.258394
0.060054
-0.072140
-0.141956
0.457840
-0.289753
-0.348940
-0.415218
0.087140
-0.632602
-0.423254
-0.575190
0.077279
-0.102655
0.621648
0.023271
0.145942
-0.008623
-0.064883
0.476422
-0.254203
-0.523086
-0.098486
0.495992
-0.104060
0.017684
-0.304081
0.563124
0.330962
0.007620
0.229163
-0.652176
0.250195
0.272197
0.520915
0.101370
-0.068450
0.089025
-0.275329
0.454203
-0.227019
0.494255
0.488403
0.252771
0.214800
0.298962
-0.509588
-0.615848
-0.214452
-0.097042
0.043308
0.364417
-0.320481
0.423157
0.237861
0.145792
-0.539933
0.054720
-0.143025
0.256399
0.339439
0.196548
0.029825
0.017717
-0.116608
0.282539
0.122211
-0.275936
0.040371
0.403443
0.342302
0.339865
0.257296
-0.201169
0.330024
-0.337593
0.255758
0.393536
-0.092534
0.413514
-0.150775
0.053616
-0.207274
0.196930
-0.247246
-0.234731
-0.200013
-0.261201
0.344957
-0.233896
0.193138
-0.407079
-0.203582
-0.574869
0.118851
0.490239
-0.092014
-0.589028
-0.535974
-0.537422
-0.160616
0.355442
0.774429
-0.232684
0.688906
-0.172152
-0.238960
0.062293
0.068892
0.113755
-0.249449
0.293471
-0.215929
0.142895
0.052000
0.296944
-0.540567
-0.072782
0.094506
-0.525905
-0.139680
0.232368
0.131542
0.011247
0.393579
0.199870
-0.223482
-0.618847
0.281453
-0.383373
-0.053310
0.463693
-0.458119
-0.282749
0.571833
-0.133816
0.061233
0.403033
0.597843
0.208218
0.152024
-0.499779
-0.079855
0.511658
-0.410685
0.074782
0.388200
0.290078
-0.326038
0.430829
-0.278244
-0.002567
-0.785530
-0.041254
-0.156956
0.194796
-0.524070
0.167519
0.275824
-0.331090
-0.092280
-0.189727
-0.564034
-0.386057
-0.139455
-0.381632
0.159390
-0.347718
0.341903
-0.031959
0.053372
-0.114651
-0.101776
0.159672
0.069837
0.448672
-0.314063
0.172175
-0.509974
-0.391018
-0.261259
0.001070
-0.253657
0.539272
0.443665
0.051650
-0.389067
-0.166775
0.111898
0.295768
0.399329
-0.357189
0.384113
0.080837
-0.206084
-0.555584
-0.175998
-0.156188
0.011822
0.500888
0.407879
-0.164061
-0.369071
-0.416474
-0.321053
0.061766
-0.529500
-0.316954
-0.061393
0.217662
0.100692
0.489467
0.085092
-0.120363
-0.481105
0.267650
0.613610
0.185791
0.413121
-0.349182
-0.030435
-0.175023
0.125590
-0.466486
-0.034954
0.142798
-0.568619
-0.301256
-0.320869
-0.026001
0.202373
0.510479
0.041432
-0.357056
0.290994
-0.193178
0.122297
-0.368626
-0.047040
0.274633
-0.464063
-0.287584
-0.255565
0.008169
-0.398233
-0.428026
0.129583
0.367277
0.398583
0.363357
0.410005
-0.113301
-0.049568
-0.404617
-0.638080
-0.371671
0.358469
-0.690334
0.195790
0.209590
-0.213618
0.634544
0.804940
-0.109107
-0.223887
-0.185285
-0.326927
0.448927
-0.488532
0.295493
-0.559189
-0.315447
-0.378099
0.457282
-0.339316
-0.504761
0.408649
-0.324232
0.214690
-0.192516
0.298424
0.465186
-0.380562
0.536929
0.104680
-0.315820
-0.155253
-0.125342
0.126204
-0.386627
0.276721
0.173404
-0.365055
-0.297360
-0.095226
0.563763
0.045795
0.638100
-0.379508
0.194539
0.282285
-0.440203
-0.187302
-0.150583
-0.266450
0.188323
0.124504
-0.352825
-0.257102
-0.033923
0.285472
0.812632
0.039774
-0.119495
-0.634730
-0.524137
-0.263605
0.031145
-0.307811
0.000435
0.059979
-0.106697
0.160929
-0.117421
-0.057585
0.409829
0.379392
0.410437
-0.181547
-0.384440
-0.259832
-0.069516
0.461521
-0.419376
0.295199
0.348315
-0.644088
0.127947
-0.630480
-0.014746
-0.124690
-0.378794
0.085753
0.062023
0.592016
0.288005
0.330637
0.067290
-0.074453
-0.767715
0.377404
-0.380081
-0.131733
0.498714
0.260287
0.040385
0.244556
0.220504
-0.478773
0.070716
0.230320
-0.696331
0.191156
-0.179455
0.657390
-0.296041
-0.620923
0.057846
0.469450
-0.088757
-0.069065
0.664412
0.190035
0.642127
-0.068037
0.276819
-0.016660
0.376427
-0.262383
-0.101271
-0.358555
0.281561
-0.320148
-0.426661
-0.114689
-0.371293
0.112271
0.244022
-0.195558
-0.295307
-0.414963
-0.511968
0.167494
0.139409
0.222077
-0.277235
0.391295
0.342777
-0.347159
0.519139
-0.041493
0.583558
-0.402732
0.011027
0.024702
-0.178813
-0.451042
0.267516
-0.007535
-0.003478
0.496149
0.411213
-0.616190
-0.000622
-0.553685
-0.223783
-0.049825
-0.461351
-0.451213
0.156184
-0.352204
0.288453
-0.031660
0.393922
0.010385
-0.198959
-0.573938
-0.434251
0.497272
0.283393
0.337602
-0.119155
-0.180058
-0.072647
0.327514
-0.329394
0.326732
0.253851
-0.426678
-0.227604
-0.449807
0.185531
-0.018145
-0.172080
-0.110441
0.463284
0.457215
0.575227
0.386100
-0.240953
-0.178905
-0.441205
-0.310445
-0.437857
-0.438197
0.286271
0.027518
-0.378868
-0.359996
-0.335973
0.294110
0.460099
-0.072627
0.570401
0.212458
0.324059
-0.148450
-0.320174
0.084942
-0.709719
0.301028
0.032572
-0.286307
-0.065513
0.490971
0.301879
0.424877
-0.312647
0.915660
-0.013757
0.167896
0.673974
-0.053346
0.017543
-0.395676
0.332721
-0.581094
0.077913
0.057071
-0.070865
-0.080001
-0.310069
0.361820
0.793266
-0.207281
-0.518920
0.006189
-0.256301
0.507114
-0.168028
0.304938
0.078772
-0.238835
-0.236829
0.454082
0.307697
0.448779
-0.008212
0.289548
0.249162
0.191024
0.423642
-0.131208
-0.449631
