-0.156025
0.004418
0.025759
0.498766
-0.429292
-0.179443
0.053123
0.195818
-0.107058
0.050617
-0.370889
0.268275
0.138610
0.288288
0.348887
0.405108
0.242483
-0.401178
0.237460
0.098607
-0.634825
-0.457770
-0.276169
0.595948
-0.175214
-0.133478
0.743232
0.162226
0.202444
0.536457
0.210677
-0.184510
0.297702
-0.165194
-0.073918
-0.224470
0.613286
-0.169354
0.082336
-0.521337
-0.236171
0.191649
-0.330391
0.209321
0.121867
-0.048454
0.293282
0.326767
-0.031333
0.390368
-0.279545
0.051835
0.628966
0.502748
0.284631
0.062833
0.225233
-0.012149
0.366192
0.695875
0.384053
-0.186469
0.059544
-0.270289
-0.523806
-0.428171
0.363441
-0.532286
-0.332707
-0.281471
-0.039696
0.516295
-0.136235
0.422343
0.263685
0.371128
-0.500039
0.025094
0.371252
-0.454756
-0.525849
0.014552
-0.336205
-0.280306
-0.435907
0.062888
0.026267
0.616073
-0.507273
-0.152154
0.404697
-0.270088
-0.262465
-0.495044
-0.049148
0.223550
0.270408
-0.185081
0.493650
-0.192632
0.642065
0.036466
-0.001469
0.263875
-0.068860
-0.540721
0.799882
0.119559
0.118513
-0.535882
0.091658
0.013334
-0.515329
0.073576
-0.095659
-0.294905
-0.662725
-0.357590
-0.027431
0.533790
0.408168
0.420895
0.625793
-0.152118
0.044050
0.687490
-0.035070
0.243717
-0.174934
0.428594
0.311252
-0.331888
0.108967
0.147331
0.034755
-0.505147
0.206939
0.379428
0.431265
-0.087916
0.044972
-0.490371
-0.167055
-0.048867
-0.099660
-0.454053
0.652555
0.260275
-0.169759
0.235644
-0.178283
-0.246062
-0.247427
-0.275467
0.051868
0.079596
-0.210378
0.122395
-0.162341
-0.250823
-0.619854
0.175615
0.208479
0.341835
0.206647
0.185215
-0.341256
-0.137401
-0.174929
-0.552057
-0.375842
0.255554
0.017120
-0.407921
0.035468
-0.385039
0.310020
0.760331
0.546099
0.200535
-0.305306
0.110868
0.200319
0.550181
-0.515896
-0.180842
0.183087
0.266812
0.214746
-0.222276
0.568303
0.199731
0.265966
-0.304696
0.246865
-0.310991
-0.458538
-0.656916
0.373673
-0.099044
0.429012
0.229217
0.166156
0.021593
0.522008
-0.218300
-0.379217
-0.300683
-0.393269
0.164782
0.376212
0.290093
-0.172835
-0.487289
0.519434
0.103607
-0.317151
-0.061761
0.550410
0.372683
-0.191462
-0.683796
0.233766
-0.669359
0.292777
0.345234
-0.397850
-0.494321
0.777772
0.062551
0.022993
0.345053
0.310030
0.054637
0.088577
-0.351965
0.190163
-0.195029
-0.395768
-0.128177
0.638468
0.203332
-0.536716
-0.465330
0.008696
0.169187
-0.115648
-0.293564
-0.467801
-0.143588
-0.649976
0.374960
-0.217216
-0.348775
-0.162906
-0.630075
0.123103
-0.029824
0.390609
0.325937
-0.023568
0.254216
-0.224184
-0.520209
-0.359527
0.048977
0.200703
-0.107890
-0.102688
-0.162848
0.573010
0.428832
0.473786
-0.050121
0.213261
0.434225
0.215547
0.381739
0.349715
0.263940
0.028115
-0.231454
0.669319
0.254767
-0.438415
0.064243
0.324816
-0.378392
-0.518438
0.405848
0.437603
0.143649
0.068566
0.019675
0.343124
0.564785
-0.051498
-0.389725
-0.353004
-0.077764
0.105844
-0.417320
0.346023
0.073741
-0.330545
-0.395945
0.015558
-0.193345
-0.103651
-0.297501
0.489174
-0.553064
-0.341213
0.141221
-0.547318
0.666997
0.121701
-0.087957
-0.234519
0.139465
-0.055763
0.446612
0.058072
0.681345
0.007737
-0.139268
-0.505730
0.625359
0.282238
-0.152059
-0.043169
-0.125489
-0.021489
-0.169023
0.121447
-0.391518
-0.259462
0.008088
0.104669
0.181707
0.244253
0.003134
-0.741582
0.488403
-0.167421
-0.529184
-0.085314
-0.056127
-0.495808
-0.392928
-0.590926
-0.432691
-0.389003
0.181139
-0.241113
0.312448
0.575062
0.229168
0.283696
0.232677
-0.326757
-0.284353
0.224663
0.343813
-0.492117
0.006735
-0.040790
-0.416430
0.025103
-0.022016
-0.091048
0.395852
0.024310
-0.258976
-0.078815
-0.144331
0.352268
-0.197608
-0.074125
0.446388
-0.205365
-0.099927
0.144412
-0.224854
-0.524580
-0.532140
0.210022
-0.450771
-0.001394
0.129558
0.150746
-0.013774
0.271287
-0.093768
0.383730
-0.010851
0.467635
0.496169
-0.219430
0.428031
-0.028330
-0.097630
0.176282
0.227815
0.424535
0.271061
0.175256
-0.095442
0.192847
0.324291
0.049014
0.086391
0.453458
0.256187
0.046911
0.030729
0.095605
0.242553
0.446037
0.099055
-0.007399
-0.098930
0.236864
0.319165
0.257811
0.532972
-0.052565
-0.476649
-0.439531
-0.132188
-0.116283
-0.020934
-0.793597
-0.000743
-0.431157
-0.238672
0.386068
-0.394001
0.058448
0.160728
-0.105591
0.063479
-0.102727
0.471120
0.131768
0.426065
0.231995
0.241762
0.323453
-0.299896
0.177222
-0.342601
0.538454
0.190102
0.004052
-0.082677
-0.443240
-0.574622
0.553261
0.186187
0.569637
-0.076829
0.222289
-0.147541
-0.156215
-0.055303
-0.109666
-0.402751
0.302820
-0.017612
0.037629
0.415297
-0.017128
-0.071559
0.017222
-0.406381
-0.419017
0.411746
0.020007
0.155829
0.278175
0.221499
0.053577
0.153509
-0.011945
-0.487086
0.036915
-0.265121
0.210246
-0.484282
-0.496959
-0.534677
0.447453
-0.108658
0.086035
-0.090027
-0.171979
-0.049371
0.121263
-0.074140
-0.548358
0.484132
0.452027
-0.178927
-0.492893
-0.401904
-0.708729
-0.501549
0.505533
0.251035
0.219838
0.182789
0.480357
-0.066249
-0.382324
-0.010704
0.039747
-0.287335
-0.121502
0.594920
-0.190809
0.369646
0.582097
-0.381421
0.424595
0.422847
0.633633
0.342058
0.349678
0.232892
-0.259838
0.391479
0.594616
0.474693
0.262609
-0.370564
0.416558
-0.326969
0.274106
-0.259660
-0.264847
0.477216
0.540226
0.711531
-0.241306
-0.172994
0.527156
-0.287644
-0.022606
-0.020284
0.295638
0.518133
-0.133447
-0.184396
0.095463
0.338581
-0.200732
-0.413253
0.316006
0.064063
0.251887
0.377838
-0.556931
0.363080
-0.035244
0.248561
-0.166941
0.091361
0.604949
0.390694
-0.040997
0.268419
-0.119581
-0.041608
0.586537
-0.123208
-0.084649
0.376676
-0.005819
0.259216
-0.063012
-0.143500
0.373762
0.255830
-0.219547
-0.249927
0.295771
-0.428366
0.004200
0.298417
-0.001369
0.244760
0.172027
-0.463242
-0.284504
-0.074462
0.250166
-0.283145
0.066248
0.002800
-0.297696
0.086503
-0.104359
0.367968
-0.361222
-0.171420
0.034406
-0.054673
-0.323663
0.453179
0.893877
0.113607
0.017331
-0.373361
-0.079057
-0.285775
0.067917
0.224131
-0.548400
-0.422174
0.260285
-0.350355
-0.217993
-0.130469
-0.445467
0.274298
0.003864
-0.233125
0.575015
-0.193698
0.258182
-0.113330
-0.145552
0.390082
0.133949
-0.219769
-0.080989
0.268179
-0.527148
0.010962
0.072528
0.317110
0.265390
0.467366
-0.010198
0.462728
0.293945
0.141636
-0.296656
-0.220481
0.160692
0.284600
0.483345
0.080277
-0.407153
0.632557
-0.754979
-0.058827
-0.228439
-0.102325
-0.504407
0.171551
0.024784
0.466014
0.072781
0.308624
-0.230127
-0.018485
-0.169964
-0.104981
0.506412
-0.149634
-0.168565
0.422309
0.031163
-0.533595
0.090662
0.141194
-0.574734
-0.025345
-0.260699
0.148945
0.080246
0.198364
0.010369
-0.361341
-0.142245
0.460692
-0.128871
0.214579
-0.142473
-0.267281
-0.070662
0.095699
0.475341
-0.241142
0.339518
-0.047669
-0.100042
0.082337
-0.138020
0.091408
0.062035
0.420692
-0.564137
-0.039645
-0.021938
-0.302670
-0.059517
0.047343
-0.011132
-0.620476
-0.286847
0.114847
-0.426125
-0.569827
-0.527375
-0.080061
0.254100
0.163058
0.281028
-0.428037
-0.325421
0.142046
-0.201263
0.435205
0.406313
-0.552127
-0.419231
0.444941
-0.192602
0.005099
0.405299
0.412535
0.425395
-0.258135
0.100844
-0.477696
-0.552901
0.090731
-0.166149
0.558950
-0.549299
0.476709
-0.127920
0.038211
-0.179800
0.229051
-0.328100
-0.285777
-0.272954
-0.346801
-0.208983
-0.241389
-0.269927
0.177719
-0.463266
-0.591516
-0.208968
0.187509
-0.022536
0.074511
-0.060248
-0.237838
-0.380512
0.008322
-0.142572
0.489079
0.033848
-0.432742
-0.030279
0.262014
-0.362214
0.031982
-0.201167
-0.271745
-0.421751
0.416590
-0.274654
-0.223562
0.476746
0.373421
0.413670
-0.271773
-0.227515
-0.275664
-0.203044
0.389161
-0.202288
-0.409081
-0.077379
-0.452715
-0.031488
-0.271144
0.232853
0.364747
0.236951
-0.142476
-0.390650
-0.676733
0.005508
-0.498083
0.350118
0.256086
-0.598101
0.171534
0.058235
-0.298548
-0.845824
-0.343856
-0.205234
-0.277426
-0.208164
0.581338
-0.006023
0.169179
