0.021121
-0.007131
-0.424699
-0.088351
0.002146
-0.222490
-0.078239
0.530882
-0.202314
0.079086
-0.410825
0.107619
0.077946
-0.639763
0.205007
-0.141072
0.445217
-0.185338
0.290683
0.527285
-0.590221
-0.405884
0.177144
-0.203122
0.237285
0.016292
0.737370
0.526403
-0.149452
0.280800
0.372086
0.144611
-0.274611
-0.472395
0.384137
0.429998
0.304881
-0.508663
0.531395
-0.435840
-0.309893
-0.145760
0.325638
-0.070418
-0.385869
0.163891
-0.260696
0.118634
0.376193
0.489587
-0.306750
-0.132174
-0.147279
0.050512
0.262703
-0.371313
0.140687
-0.284569
0.213117
-0.308779
0.213441
0.336189
0.238992
0.429509
0.312194
0.270498
-0.500852
-0.054448
0.212196
-0.284630
-0.059790
0.012896
0.023996
-0.138061
0.430458
0.128525
-0.249910
0.060069
-0.205220
-0.131471
-0.248411
-0.441936
-0.131445
-0.004401
-0.168023
0.729315
0.395212
0.576409
-0.634502
-0.180318
-0.051440
-0.309929
0.257228
0.304651
0.461573
0.607542
-0.156426
-0.258614
0.493650
0.402461
-0.088169
0.118936
0.167441
0.084816
0.487953
-0.308837
0.063913
0.309881
-0.139180
-0.211082
-0.030922
0.071134
-0.376041
-0.248649
0.106623
0.011355
0.318729
-0.106029
-0.060029
-0.304493
-0.271469
0.037080
-0.145296
-0.346459
-0.490896
-0.276896
0.171390
-0.016464
0.644626
0.264848
-0.252152
-0.238949
0.176388
-0.163732
-0.308609
0.207095
-0.026833
0.060923
0.513096
0.030945
-0.473298
-0.096158
-0.480420
-0.381023
0.298864
-0.161428
-0.272627
-0.305150
-0.310600
-0.148870
0.209323
-0.128379
0.207616
-0.281364
-0.507556
0.525053
-0.028240
-0.454172
0.124285
-0.474028
-0.536059
-0.008888
-0.341082
-0.470109
0.129101
0.267585
-0.434676
0.234535
-0.172494
0.586418
0.322970
-0.297816
-0.092619
-0.105622
0.318487
-0.387004
-0.615874
0.101047
-0.678498
0.031495
0.522960
0.678106
-0.486584
-0.169502
0.099503
-0.178924
0.091353
0.154815
0.560113
0.094651
0.272476
0.063202
-0.159654
-0.190894
0.186616
-0.043828
0.374350
-0.046608
0.406867
-0.557010
0.447292
-0.542687
-0.482483
0.375090
0.437835
0.383619
-0.166365
-0.541668
0.167784
0.357663
0.056228
-0.210487
0.135464
0.339634
-0.032969
0.148068
0.391349
-0.376807
-0.230595
-0.401803
-0.186099
-0.640831
0.168420
0.247455
-0.074363
-0.057206
-0.238167
-0.027838
0.505468
-0.351166
0.010836
0.162393
-0.363503
0.450138
-0.462567
0.246509
0.052444
-0.078572
-0.527004
-0.314948
-0.359246
0.278801
0.207092
-0.050259
-0.425696
0.209184
-0.393275
-0.369045
-0.317138
0.465689
0.420334
0.001335
0.057940
0.321757
0.217208
-0.500641
0.307797
0.179111
0.141793
-0.200716
0.445953
-0.580437
-0.024183
-0.340575
-0.174610
0.217055
-0.261777
0.566281
0.199209
0.307542
-0.109405
-0.416823
-0.277083
0.498645
-0.440192
0.442696
0.458386
-0.070546
0.275988
-0.033913
0.342265
-0.385995
0.591187
-0.194377
-0.375092
0.378806
-0.303223
-0.501413
0.312699
-0.360586
-0.797128
-0.210850
-0.041512
0.376218
0.602874
-0.108414
-0.021581
-0.082239
-0.066163
-0.107754
0.236675
-0.719361
0.373410
0.245682
-0.175844
-0.052447
-0.025402
-0.016401
0.110044
-0.412455
-0.619992
-0.070926
-0.312301
0.055297
0.016176
-0.580042
-0.562529
-0.027205
0.120289
0.260864
0.128161
0.166334
-0.584938
-0.437950
0.346953
-0.238855
0.219651
0.223677
-0.564865
0.163441
0.272469
0.403095
0.320727
-0.516351
-0.040188
0.154032
-0.550959
-0.131876
0.121417
0.038140
0.331699
0.543640
-0.134226
0.091448
-0.579267
-0.723036
0.068705
0.461472
-0.477295
0.230103
-0.059436
-0.385185
-0.031086
0.094180
0.013500
0.135978
-0.007709
-0.186265
0.109605
-0.048859
0.160596
0.235573
0.154644
-0.455636
-0.572431
-0.220264
0.161978
-0.629029
-0.044154
-0.215230
0.094904
0.353287
-0.333595
-0.368634
-0.162348
-0.065710
-0.593642
0.216554
-0.522625
-0.163729
-0.090410
0.644700
-0.019384
0.503939
-0.212145
0.263299
-0.267319
0.448849
0.079877
0.618181
0.076167
-0.052925
0.489118
0.446706
0.429901
-0.477339
0.254849
0.230714
0.402430
-0.604347
-0.282211
-0.428289
0.036112
0.394112
0.342691
-0.195216
0.200437
-0.058157
0.390513
0.453119
0.389791
-0.098381
-0.242317
-0.329756
0.232285
0.120303
-0.236190
0.116702
0.493750
-0.123885
-0.337276
-0.071072
-0.171735
0.280948
0.566530
-0.070430
0.462947
-0.462034
-0.423068
-0.104484
0.180037
-0.289997
-0.003108
0.214805
-0.304867
-0.395734
-0.042006
0.503134
0.037460
-0.576769
0.453721
0.199474
-0.105293
0.804315
-0.187934
-0.109855
0.256425
-0.632771
0.286236
0.009635
-0.184876
0.164292
0.478278
-0.021031
-0.180503
0.424942
0.039459
-0.635998
-0.075549
0.242039
-0.218556
0.214527
-0.127895
0.236175
-0.490006
-0.084569
-0.048082
-0.399302
0.074153
-0.463668
0.164929
0.166474
-0.368019
-0.304675
0.583175
-0.367770
0.254678
0.266603
-0.354298
0.471355
0.055861
-0.029848
0.053577
0.500495
-0.129439
-0.491669
0.333636
0.130357
0.021546
0.165465
-0.601443
-0.656795
0.463514
-0.357984
0.334008
-0.059052
0.295594
0.246206
-0.450207
-0.100871
-0.461934
0.008318
-0.164254
-0.136475
-0.520918
-0.309676
-0.490483
-0.431972
-0.276966
0.034329
0.685240
0.176831
-0.594058
0.147394
-0.228829
-0.156885
-0.059929
0.144887
-0.335118
0.197382
0.171577
0.380944
0.647459
-0.305357
-0.468194
0.259976
0.079698
-0.371594
0.590437
0.121521
0.345192
0.119127
0.252751
0.086767
0.300837
0.368221
-0.200511
0.242696
0.035163
-0.093370
-0.533751
-0.127881
-0.020926
0.387393
0.085032
-0.373061
-0.501465
0.400563
0.100902
-0.384534
0.316593
-0.640063
-0.483999
0.338910
0.388486
-0.303957
-0.295889
-0.394848
-0.035214
0.034495
0.204413
0.257984
0.041272
0.210276
-0.108038
0.136375
-0.336657
0.219232
-0.078007
0.318735
0.084910
0.165843
0.300761
-0.267290
-0.131162
-0.200053
-0.353541
-0.353971
-0.324267
-0.169099
0.327754
0.484783
-0.488217
0.551654
-0.205906
0.302230
0.242827
-0.296290
0.375186
-0.027342
0.092037
0.369494
-0.041134
-0.352005
0.205354
-0.245443
0.129676
-0.084955
-0.103970
0.254464
0.153724
0.052532
-0.286088
0.554480
-0.164880
0.497897
-0.248983
0.351155
0.856663
-0.414705
-0.495268
0.559400
0.600437
-0.154585
0.135476
-0.373167
-0.055973
0.126121
-0.127968
-0.436306
0.030848
-0.196936
-0.514662
0.172984
0.160929
-0.341254
0.583028
-0.030867
-0.436539
-0.549589
0.259466
0.121744
0.542266
-0.398807
-0.587464
0.330011
-0.130668
-0.041734
0.292034
0.128153
-0.151769
-0.202648
0.678738
0.557261
0.077947
0.150149
-0.042587
0.302182
0.183912
0.441410
0.075077
0.624059
0.017296
-0.232222
0.040917
0.411564
0.371093
0.550267
0.117921
0.057359
0.744884
0.252823
0.012726
-0.225843
-0.383069
0.057533
-0.526366
-0.121063
-0.432581
-0.422860
-0.265847
-0.111388
-0.334112
0.104211
-0.191494
0.113481
0.071677
-0.581987
-0.355959
-0.091937
-0.260834
0.055146
0.042911
0.240364
0.435674
-0.674113
-0.282571
-0.286489
0.125600
0.031941
-0.262093
0.341129
-0.308593
0.117577
-0.225218
0.252409
-0.298458
-0.102698
0.374038
-0.070145
0.420147
0.468765
-0.476635
0.256191
-0.284672
-0.379050
-0.888589
0.218860
-0.608796
0.221815
0.142497
0.354213
-0.022150
-0.360295
0.575195
-0.055496
0.490440
0.306141
-0.310764
-0.483356
0.499519
-0.002067
-0.230748
0.052658
-0.048722
0.189665
0.164218
-0.537095
-0.573938
-0.178537
-0.303041
-0.135940
0.237996
-0.262775
-0.534105
0.393247
0.153722
-0.575878
0.315248
-0.158418
-0.096773
-0.492447
-0.356378
0.295964
-0.317038
0.080684
-0.157970
0.167453
0.191403
0.682710
0.048508
-0.219485
0.188058
-0.332146
-0.375695
-0.212957
0.350732
-0.592509
-0.334473
0.331442
-0.129821
-0.221035
-0.382303
0.116985
0.291510
0.014155
0.007378
0.311682
0.201473
-0.310584
-0.333012
-0.336596
-0.338718
0.278248
-0.116157
0.219930
0.322107
0.009446
-0.500433
0.171550
0.106927
0.006990
-0.763393
-0.642641
-0.490666
0.733139
-0.178150
-0.511962
-0.090200
0.472238
0.350678
-0.452265
-0.050007
0.076818
0.048541
-0.466527
-0.186149
0.246185
0.195842
-0.192570
0.399413
0.096183
0.469990
0.126651
0.102704
0.183785
0.448953
-0.176790
-0.189930
0.103807
-0.625600
0.560070
0.188054
0.026167
0.244448
0.231494
