-0.161603
-0.466951
-0.203244
-0.026678
-0.307959
-0.057851
0.341380
-0.109366
0.094856
0.288794
-0.302141
-0.268541
-0.124524
-0.207834
-0.477959
0.211654
-0.241788
0.127298
-0.372729
0.069034
-0.126188
-0.345030
-0.464916
0.621944
-0.279932
0.358644
-0.071529
-0.425717
0.081459
0.050302
0.284826
-0.133672
-0.577031
0.020549
0.073171
0.191485
-0.437325
0.148333
-0.359711
-0.315304
0.060799
-0.429938
0.573487
-0.007869
-0.504223
0.019018
0.120770
-0.125065
0.345355
0.406663
0.060790
-0.156604
-0.120130
-0.293214
-0.276286
0.597040
-0.407935
-0.001249
0.113413
0.593503
-0.094050
-0.456240
0.433786
0.125247
0.513155
-0.234628
-0.175836
0.135682
0.186891
-0.216507
0.619711
-0.566387
0.054275
0.243547
0.283340
0.122187
-0.175985
-0.266020
0.104723
-0.477217
-0.151905
0.175430
-0.297034
0.412827
0.134965
0.160759
0.333189
0.768937
-0.171129
-0.216364
0.324680
-0.244334
-0.659418
-0.203553
0.126738
-0.234848
-0.478823
-0.347571
-0.243939
0.518092
-0.025916
0.129033
0.393273
-0.478132
0.302197
0.202325
-0.312206
0.378853
-0.013822
-0.421607
-0.267401
0.272750
-0.394953
0.362076
-0.024078
-0.177670
0.035389
-0.197893
-0.016448
-0.039018
-0.406718
0.540890
0.063499
-0.466899
-0.170520
0.352504
0.264866
0.018193
-0.003804
0.450111
0.547700
0.056033
0.471417
0.073504
-0.254252
0.607787
-0.127692
-0.219001
-0.288301
-0.152525
-0.024652
-0.315127
-0.208391
0.327179
-0.318220
0.169703
-0.388506
-0.196306
0.077195
-0.823279
0.089944
-0.213924
0.104844
-0.328843
0.428796
-0.178918
-0.331478
0.065011
-0.085770
-0.145198
-0.046529
0.342723
0.666966
0.199943
-0.411834
0.204090
-0.340922
0.668215
-0.317004
-0.628775
0.034723
-0.158816
0.226667
0.738597
0.391455
-0.479121
-0.197561
0.378537
-0.123447
0.303175
-0.152571
-0.137653
0.355856
-0.043184
0.425033
-0.224219
0.568818
0.136454
-0.154886
-0.552484
0.558709
0.449041
-0.231314
-0.164624
0.176958
-0.502336
0.332425
-0.505679
-0.302045
0.741178
0.239876
-0.115346
0.827430
0.282541
-0.359307
0.322664
0.156810
-0.245752
-0.145733
-0.070328
-0.376117
0.337477
-0.159651
-0.395514
0.550437
0.170269
0.208436
0.354386
-0.052265
-0.089282
-0.366796
0.488311
0.556060
-0.117623
0.205312
0.260399
0.576232
-0.399117
0.297704
-0.272485
-0.036152
0.074862
-0.196035
-0.166007
-0.090821
0.231709
0.150456
-0.228040
0.021980
-0.350820
0.583949
-0.116936
0.174587
-0.316920
0.120709
0.503133
0.001827
-0.057959
0.311165
0.429382
0.317713
0.645604
0.209862
0.124751
0.539809
-0.160439
-0.135333
0.185578
0.520946
0.463185
0.245562
-0.150591
0.031425
-0.328880
0.446298
-0.044851
-0.216545
-0.133419
0.126097
0.370114
0.338483
-0.243274
0.391415
0.502073
0.383286
0.192919
0.195347
0.429651
0.041077
-0.209284
0.131563
-0.626046
0.020765
0.200067
-0.164971
-0.262060
0.055320
-0.164488
0.437950
-0.033035
-0.002415
-0.389660
0.381266
0.073201
0.531620
0.014559
0.514624
-0.046546
0.333446
-0.167146
0.266953
-0.011734
0.537460
-0.250470
-0.005054
-0.348623
0.245742
0.002834
-0.438551
0.421783
0.073255
0.192426
-0.281346
-0.000282
0.337227
-0.459240
0.454548
-0.264723
-0.034602
-0.114649
-0.323156
-0.040549
-0.410878
-0.013430
0.389761
0.028306
0.318802
0.670736
-0.195747
-0.415169
0.333838
0.173525
-0.541030
-0.169023
-0.184078
0.308730
-0.411412
-0.583077
-0.036788
-0.116737
-0.440940
-0.307711
-0.156379
0.069111
0.303386
-0.430429
-0.330517
0.406166
-0.432854
0.160692
-0.138136
-0.112634
-0.046687
0.307091
0.247930
0.074810
0.338149
0.285605
0.436690
0.000982
-0.470651
0.027822
-0.339825
0.222210
0.458166
0.263935
0.056093
0.429958
0.079038
-0.042518
-0.028097
0.488720
-0.393608
0.188876
-0.204808
-0.538885
-0.125302
0.026763
-0.502307
-0.053417
-0.110542
-0.308641
-0.222522
-0.124657
0.064659
-0.532140
-0.131848
0.018429
-0.013370
-0.157480
0.137636
-0.358172
0.271287
-0.690051
-0.150544
-0.273898
0.087583
0.198264
-0.529828
0.006859
0.134362
-0.593233
0.277198
-0.111928
0.258494
0.142471
-0.044913
-0.429260
0.119824
0.396701
0.131929
0.031239
0.591472
0.819741
-0.437901
-0.009048
-0.090051
0.572575
0.388498
-0.192095
0.019291
0.567743
0.390191
0.305173
0.668385
-0.375057
0.454089
-0.405224
0.399962
-0.279704
0.216463
-0.000385
-0.186267
-0.569197
0.328216
0.127733
0.019887
-0.365513
0.354080
0.267366
0.358702
0.031099
-0.102466
-0.297130
0.084991
-0.130027
-0.039339
-0.272199
-0.067272
0.486475
0.406455
-0.010871
-0.485067
-0.760020
0.330867
-0.754833
-0.293684
0.263960
0.948940
0.413286
0.236841
-0.248640
0.402787
0.215846
-0.376121
-0.296182
0.131804
-0.228853
0.692815
-0.348518
0.000295
-0.463364
0.479046
0.046202
-0.058938
-0.381126
0.379622
0.155325
-0.040665
-0.267651
-0.295951
0.273759
-0.279580
-0.089030
-0.300367
-0.120750
0.517256
-0.026119
-0.019282
-0.229240
-0.222878
0.201137
-0.216329
-0.080877
0.180056
0.188199
-0.238263
-0.116146
0.253948
-0.370842
0.583976
0.268464
-0.395644
0.050643
0.515928
-0.258347
-0.106434
-0.353070
-0.183536
0.021774
0.459145
0.055171
-0.111999
0.047085
-0.512476
-0.458159
0.053115
0.364966
0.125482
0.550523
0.044696
-0.006099
0.640446
0.568184
-0.086415
-0.315983
-0.022901
0.211406
0.516117
-0.181097
0.157190
-0.123543
-0.214223
-0.603650
0.366329
0.186970
0.229351
0.038323
0.369077
-0.385551
0.022956
0.424220
0.524596
-0.295538
0.260808
0.079692
-0.118173
0.063911
-0.085222
-0.008142
0.213663
0.367290
0.684886
-0.265359
0.433348
0.168475
-0.151259
0.550428
-0.228358
-0.760840
0.256611
-0.027873
-0.153730
0.619414
-0.371014
0.136540
-0.445432
-0.204177
0.034288
-0.396533
-0.380898
0.414222
-0.419243
-0.051656
-0.258186
0.424331
-0.122423
-0.529702
-0.527587
-0.528044
-0.020554
-0.194037
-0.421281
-0.612629
-0.462772
0.288014
-0.415166
-0.311774
0.238201
0.284902
0.301665
0.240394
0.561959
0.271823
0.409380
-0.242425
0.402372
-0.098052
-0.283485
-0.208822
0.293994
0.440663
-0.498586
0.171850
0.421751
-0.298773
-0.569175
-0.084273
-0.080283
0.225634
-0.640726
-0.009197
0.398690
0.579141
0.476104
-0.347213
-0.623670
-0.122241
0.098882
0.294541
0.456370
-0.187161
0.034809
0.043791
0.575758
0.203772
0.601020
-0.498153
0.344461
-0.445754
-0.357978
0.213112
-0.321740
-0.805882
-0.397175
-0.370589
0.460161
0.174401
-0.372244
-0.140886
-0.480202
-0.279790
0.214066
-0.378794
0.527111
-0.477239
0.086133
-0.240210
0.217622
0.113237
0.727581
-0.083975
-0.283645
0.124441
0.038431
-0.634127
0.203730
-0.127684
-0.532459
-0.110991
-0.576818
0.012944
-0.196190
0.378537
0.240117
-0.315898
-0.395604
0.040751
-0.087189
0.037623
-0.598448
-0.043699
0.087884
0.033554
0.053881
-0.331840
-0.005311
-0.125671
-0.042233
0.260959
-0.162047
-0.134325
-0.762970
0.274855
-0.020915
-0.024245
-0.321298
0.070941
0.501259
0.206959
-0.449759
-0.069224
-0.132109
-0.633002
-0.410839
-0.071833
0.049365
0.411405
-0.152412
-0.001391
-0.291821
0.131121
0.417732
-0.070447
0.195492
0.085978
0.474785
-0.422079
-0.275579
-0.309577
-0.060630
-0.165620
0.335947
0.641362
0.455000
-0.753380
0.276809
-0.254663
0.138738
0.265567
0.136435
0.180246
-0.026225
0.180299
0.484956
-0.048914
-0.386480
-0.360256
-0.224895
-0.168489
-0.361863
0.036138
-0.320129
-0.958127
-0.283868
0.575117
-0.376464
0.073822
-0.574542
-0.390913
0.100195
-0.002954
-0.617600
0.549210
0.037155
0.495006
0.340253
-0.184946
-0.525198
0.265582
-0.503382
0.294864
0.528258
0.534368
-0.496284
0.290665
-0.445606
-0.192098
-0.326064
-0.334332
-0.262732
0.202914
-0.097041
0.433767
0.170113
-0.231042
0.017141
0.402395
0.010820
0.221517
-0.497155
-0.373940
-0.316926
0.351106
-0.112619
-0.169410
0.478473
-0.320360
-0.071541
0.300286
0.469562
-0.354994
-0.474653
0.196908
0.047269
-0.370822
-0.423311
-0.296017
0.237892
0.028972
-0.130252
-0.025587
-0.443635
0.230066
0.254184
0.145241
-0.489540
0.116159
0.005811
-0.484308
0.209137
0.206366
-0.195228
-0.508651
0.245062
-0.051238
-0.534170
-0.594366
0.589941
-0.354462
-0.008037
0.190082
0.173721
-0.189278
-0.090402
0.560391
