0.208900
0.347091
-0.483231
0.004075
0.020385
-0.086634
0.127900
-0.119110
0.331945
-0.009292
0.067817
0.079354
-0.231968
-0.462867
-0.438296
0.263811
-0.264165
-0.188533
0.176561
0.087684
-0.126188
-0.286257
-0.251562
0.621944
-0.123585
0.358644
-0.448387
0.176445
-0.140410
0.405390
0.098186
-0.099741
-0.435697
-0.472395
0.142323
0.082799
0.174030
0.072105
0.285408
-0.315304
0.275248
-0.514550
-0.345433
0.151058
-0.385869
-0.498474
0.510932
0.194408
0.387440
0.062005
-0.355598
0.533144
0.394607
-0.317621
0.178768
0.693357
0.203350
0.342425
0.232619
0.330438
0.042444
-0.334425
0.205871
-0.033031
-0.446327
0.304900
-0.344987
0.001978
0.200943
-0.022114
-0.036333
0.319880
0.097610
-0.240816
0.399282
0.244257
-0.421659
-0.247367
-0.041953
-0.164569
-0.423565
-0.475294
-0.358216
-0.423116
-0.411611
-0.006685
0.113278
0.768937
-0.014033
0.573839
0.043323
0.342680
-0.085076
0.299291
-0.000093
-0.424943
0.248019
0.734514
-0.610379
-0.071842
0.778190
-0.377279
0.389785
-0.162187
-0.178741
-0.383566
-0.094252
0.188738
0.055053
-0.388714
0.045139
-0.391890
0.105692
0.042590
-0.180976
-0.168455
0.035389
-0.038712
0.052381
-0.039018
-0.133160
0.377406
0.063499
-0.181195
0.219346
-0.233100
-0.189176
0.349474
0.193412
0.270836
0.171978
0.176047
0.242665
0.008308
0.117071
-0.665836
-0.136782
-0.309364
-0.358157
-0.180731
-0.529854
0.449202
-0.230607
0.351341
0.145175
-0.423901
0.543637
-0.370435
-0.290149
-0.476379
0.341405
-0.301067
0.196322
0.070317
-0.251750
-0.052877
-0.281724
0.252328
0.376905
-0.077960
0.208160
-0.546909
0.562790
0.194319
0.255178
0.429518
-0.016490
-0.321153
-0.138738
-0.381289
-0.179759
0.452138
0.123129
0.053366
0.333811
0.646831
0.529385
0.522382
-0.086248
0.439261
-0.273036
0.362124
-0.423340
0.037389
0.075391
0.068850
0.489099
-0.402169
-0.154886
-0.483284
-0.301437
-0.162994
-0.231314
-0.072316
0.566908
-0.056915
0.332173
-0.043787
-0.348110
0.430330
-0.048955
0.229949
0.503892
-0.372004
0.274434
0.337290
0.156810
-0.135226
0.499201
-0.035860
-0.362249
-0.677200
0.617596
0.307449
0.411476
-0.214205
0.008193
0.282745
0.214301
-0.344064
-0.421869
-0.416516
-0.295326
0.068631
-0.079263
0.220217
0.390025
-0.544550
-0.446585
0.052829
0.138452
-0.351083
0.248221
-0.166007
-0.086075
0.231709
-0.138369
0.030020
-0.370139
0.030352
0.141769
-0.383293
-0.556777
-0.128655
-0.508439
0.292016
-0.186475
-0.499692
-0.680371
0.015614
0.005365
0.009310
-0.395963
0.383663
0.161268
-0.156837
0.226300
0.201582
0.438234
-0.430142
0.025376
-0.102107
-0.233626
0.414719
-0.202732
0.158069
-0.556687
0.341187
0.160157
-0.477251
0.398125
-0.583499
0.625589
0.273938
0.294894
0.094784
0.042731
0.226207
0.041077
-0.043909
-0.022651
-0.020614
-0.071370
-0.159505
-0.404734
-0.246695
0.302571
0.127302
0.038706
-0.181912
-0.564451
0.553488
-0.563712
0.381606
0.189194
-0.057421
-0.574583
-0.533673
-0.491357
0.055698
-0.538583
-0.247602
-0.168344
0.451324
-0.072140
0.016210
-0.402553
0.042635
0.164553
-0.700755
0.147223
-0.029705
-0.286917
0.408145
-0.264097
-0.337362
0.390056
-0.516905
-0.130463
0.471528
-0.175274
0.447096
-0.048595
-0.470642
-0.017145
-0.022238
-0.181161
-0.197952
-0.083128
-0.123701
-0.489443
0.184194
0.061290
-0.232763
-0.227804
0.086922
-0.019008
0.007816
-0.022685
-0.267051
-0.147464
0.270602
0.428337
-0.036823
-0.389898
-0.361916
0.026240
0.406166
-0.380830
0.130692
-0.138136
-0.178069
-0.199239
0.251130
-0.007241
-0.205297
-0.149298
0.121671
-0.301813
0.000756
-0.143025
0.447592
0.276843
-0.045337
-0.584183
-0.081236
0.291651
0.571059
0.476597
-0.720528
0.558219
-0.454438
-0.095323
-0.201420
0.542363
-0.191869
0.264980
-0.286787
0.020186
-0.053417
0.033266
0.468431
-0.475926
-0.531284
-0.024235
-0.182485
-0.020897
0.018429
-0.301709
0.095984
-0.377763
-0.137583
-0.506079
0.616022
0.219468
-0.383009
0.647489
0.070526
-0.459060
0.006859
-0.351821
-0.414804
0.313350
0.073627
0.108466
0.256403
0.548451
0.207906
-0.260257
0.472193
-0.417786
0.522632
-0.049229
0.589646
0.525801
0.388543
0.381706
-0.087434
-0.385757
-0.030059
-0.042192
-0.198522
-0.050102
0.305173
-0.236393
-0.173700
0.594403
0.005637
-0.180356
-0.289226
0.445905
0.016516
-0.413384
-0.637841
-0.356943
0.105848
0.165499
-0.224282
0.007591
0.153422
0.300398
0.398502
-0.427492
-0.348510
0.185817
-0.167298
0.139076
0.386022
0.321691
0.029901
0.335141
0.519078
0.470083
-0.180857
0.008000
-0.038640
0.112258
0.317768
-0.276442
0.413286
-0.462774
-0.262318
0.222555
0.605338
-0.636729
-0.398242
0.345051
-0.260597
0.221964
0.303220
0.235870
-0.306924
0.433390
-0.333504
-0.134459
-0.045475
-0.238453
0.360209
-0.203145
-0.115405
-0.307432
0.249551
0.331576
0.238125
-0.272827
-0.440741
-0.149988
0.129837
-0.389067
-0.489650
-0.249186
0.092988
0.806523
0.392226
-0.223107
0.188199
-0.236005
-0.185292
-0.062144
0.531547
-0.083383
-0.372614
-0.140169
-0.435935
0.548152
-0.451260
-0.078189
-0.084749
0.202666
-0.189286
-0.126821
0.074345
-0.209488
-0.500127
-0.369410
-0.446395
-0.351756
0.318751
-0.145883
-0.509979
0.497198
-0.607252
0.096447
0.045040
0.379886
0.328165
-0.620761
0.247767
-0.138091
-0.380318
0.258998
-0.247423
0.081151
0.031655
0.087197
0.137005
-0.138734
-0.246411
0.369077
-0.551146
-0.394616
-0.320530
0.019346
-0.357063
0.518321
0.079692
0.227271
0.216012
0.054474
-0.150191
-0.083140
0.316755
0.304688
0.342441
-0.201709
0.033509
-0.065724
-0.379125
0.191028
-0.264826
-0.449927
-0.095472
0.036040
0.245917
0.316703
-0.350433
-0.319773
-0.210836
-0.674889
0.105206
-0.441362
-0.271089
0.138417
0.253876
0.188063
-0.094799
-0.026320
-0.454449
-0.113468
0.386322
0.574962
0.022690
0.162971
0.016502
-0.441523
-0.483816
0.235797
-0.535182
0.234484
-0.122205
0.296463
-0.298622
-0.260577
-0.391949
0.220278
0.364213
0.263237
0.366039
0.390067
0.297852
-0.200342
0.121681
-0.400882
0.005751
0.171728
0.456512
0.074735
-0.168947
0.119356
0.425831
0.448624
0.499875
-0.388842
-0.113652
-0.417128
-0.412121
0.553622
0.151042
0.042008
-0.045751
-0.399118
-0.036171
-0.476712
-0.231721
0.247117
0.364242
0.636600
-0.850665
-0.189022
-0.344500
-0.004679
-0.414995
0.121027
-0.061536
0.408403
0.305446
-0.623217
0.511335
0.367100
-0.066540
0.218354
0.057580
0.557097
-0.328252
0.628231
-0.450477
0.150743
-0.206310
0.218562
0.330704
0.334635
-0.545082
-0.042481
-0.427088
-0.347572
0.238201
0.199517
-0.140128
-0.058240
-0.109308
0.034266
-0.204568
0.002841
-0.559904
0.224729
0.129300
-0.482146
0.040751
-0.067830
0.023094
-0.042033
-0.146969
-0.234585
0.009625
0.401073
-0.167757
0.622370
-0.209455
0.027896
0.150472
-0.300640
0.312194
-0.812285
-0.361035
0.419652
-0.285206
-0.345148
0.545826
-0.293089
-0.187820
-0.234748
0.197724
-0.027267
0.149553
-0.646604
0.384997
0.348046
-0.290433
0.256961
-0.091804
0.583486
-0.829958
0.061655
-0.098797
-0.153181
-0.082723
-0.125400
0.176426
0.297832
0.180073
0.563334
0.388073
0.149066
0.572119
0.383628
0.699285
-0.659811
-0.308618
0.350505
0.265567
-0.156856
-0.410114
-0.306803
0.298744
0.406587
-0.498056
0.082250
-0.360256
-0.372497
0.186892
-0.142448
0.443347
0.475148
-0.071928
-0.443603
-0.363761
0.141034
0.453661
-0.608423
0.133807
-0.051749
-0.071202
0.209574
0.017794
-0.396824
-0.390095
-0.017853
0.273579
0.463329
-0.495032
0.127753
0.286370
-0.363672
0.742039
0.120129
0.027332
-0.558523
0.377307
-0.465503
0.300505
-0.181211
-0.060195
-0.034268
0.429332
-0.283277
-0.073260
-0.210001
0.641240
0.022800
0.386801
-0.263122
0.043292
-0.230497
0.300698
-0.340769
-0.281089
-0.301629
-0.413281
-0.071541
0.170534
-0.334503
0.301912
0.211021
0.099019
0.053892
-0.106289
-0.307681
-0.296017
0.470162
-0.297380
-0.074261
0.349632
0.060741
0.189280
-0.597796
0.169136
0.409851
0.220897
-0.280560
-0.305259
0.106392
0.206366
0.530968
0.129293
-0.591855
0.242232
-0.272142
0.522128
-0.296763
-0.395679
-0.013968
-0.339489
-0.541927
-0.090213
-0.094605
0.223633
