0.296780
-0.135876
-0.060791
0.020410
0.179544
0.081238
-0.163630
-0.110948
-0.223700
-0.014831
-0.108658
0.101282
0.039851
-0.318069
-0.582869
-0.293098
-0.237197
-0.188533
0.170633
0.152445
0.311844
-0.508871
0.050978
0.424837
0.181326
0.369189
0.380418
0.476375
0.269974
-0.088108
0.304547
0.361940
0.153388
0.136602
0.180174
0.282796
0.595113
0.317438
-0.713621
0.140562
0.095637
0.522100
-0.142783
0.210973
-0.385869
0.380837
0.362980
0.262419
0.313516
-0.345508
-0.465223
0.583647
0.298267
-0.181308
-0.044533
-0.303273
-0.345508
0.141111
0.278209
-0.365664
-0.469118
0.073562
0.167557
-0.159990
0.318007
0.060829
-0.587952
-0.065046
0.364645
-0.225214
-0.156676
-0.448499
0.314180
0.388038
0.480933
-0.031826
0.211768
-0.337052
0.065211
-0.020255
0.328490
0.326556
0.167701
-0.063832
0.515038
0.003196
-0.092965
0.496321
-0.045542
0.138448
-0.452340
-0.075543
-0.755492
-0.260290
-0.293854
0.195018
-0.057622
0.271819
0.658596
-0.157197
-0.449718
-0.183078
0.238194
0.281355
0.450458
-0.387064
0.536754
0.211391
0.072757
0.286241
0.139580
-0.356481
-0.092987
0.047683
-0.111252
-0.173705
0.221303
-0.278706
0.322968
0.454845
0.076165
-0.329234
-0.592376
-0.067605
0.281476
-0.308990
0.483928
-0.075303
0.291721
0.282767
0.118307
-0.440499
-0.352491
0.279213
-0.582540
-0.451192
-0.115053
-0.063899
0.558113
0.012996
0.028306
-0.396596
-0.014407
0.067971
-0.054182
0.071156
0.344152
0.632004
0.503713
0.455055
-0.320713
0.161726
0.041481
-0.127213
-0.340438
-0.408879
0.100017
0.126881
0.394392
0.020483
-0.186497
-0.222573
-0.158695
0.550928
0.474957
-0.249919
-0.381259
-0.058030
-0.132958
0.348954
-0.150169
0.046956
0.117330
0.566709
0.176030
-0.223789
-0.290150
-0.172456
-0.130623
0.089015
-0.167315
-0.446581
-0.001620
0.450351
0.384982
-0.263270
0.042100
-0.465835
-0.296739
0.223597
0.515717
-0.071442
-0.251188
-0.508762
-0.286124
0.123532
-0.331090
-0.337633
-0.364962
-0.500184
0.281607
-0.443345
-0.294883
-0.174796
0.333639
0.194725
0.207238
-0.544133
0.346133
0.296158
0.552751
-0.377512
0.065463
-0.478009
-0.037191
-0.216280
-0.076449
-0.155264
-0.135958
0.229437
-0.177079
-0.616415
0.100115
-0.435552
-0.547611
0.170848
0.706363
-0.350513
0.245138
0.094257
0.561726
-0.744445
0.194197
0.288284
0.585350
0.298273
-0.122641
0.030020
-0.646814
-0.300897
-0.478721
-0.277137
-0.619318
-0.258245
0.845638
0.049611
-0.112585
-0.140174
0.106931
0.240773
0.484614
-0.454920
0.571540
-0.177539
0.571176
-0.227589
-0.374180
0.208128
0.513368
0.440989
0.516422
-0.417766
0.478806
0.443879
0.501375
-0.270296
-0.609705
0.342544
0.160157
0.403923
-0.045509
-0.220675
-0.259361
0.273938
-0.441397
0.052704
0.094351
0.005288
0.138772
0.275464
0.197705
-0.361309
0.549941
-0.178020
-0.206903
0.000847
-0.562768
-0.297216
-0.356265
-0.375075
-0.131740
-0.427930
-0.417095
-0.010319
0.123627
-0.149433
-0.309876
-0.705488
-0.021171
0.466895
0.187341
-0.041334
0.287886
0.413935
-0.575611
0.348250
-0.198352
-0.499271
0.213684
-0.162525
-0.502183
-0.058358
0.292898
0.121088
0.094093
-0.278760
-0.050739
-0.326164
-0.305553
-0.030513
-0.168336
0.155141
-0.188975
0.144610
-0.104673
0.199679
0.729290
0.006229
-0.083128
0.136989
0.039606
-0.037235
0.254915
0.452076
-0.553606
-0.311819
-0.426614
0.333524
-0.331380
-0.045697
-0.373748
0.270602
0.251872
-0.020646
0.038900
0.363550
0.086974
0.037144
-0.531874
0.032990
-0.346373
-0.241045
-0.415492
-0.207347
-0.190949
-0.353811
-0.289114
0.024945
0.061278
-0.400724
-0.221629
0.371447
-0.281950
-0.051883
0.239522
-0.155677
0.197661
-0.374523
-0.068999
0.160157
-0.169259
0.290440
-0.007455
-0.340384
0.527669
-0.003091
-0.173197
-0.247044
-0.182284
-0.185732
-0.237822
-0.237368
0.637279
-0.188644
-0.498581
-0.063291
0.165985
0.296428
-0.245724
0.104766
0.333318
-0.409700
-0.360673
0.433977
0.295370
0.526371
-0.148606
0.315999
0.055713
0.623329
0.307990
-0.175608
-0.227131
0.280513
-0.304355
-0.542065
-0.041787
-0.450769
-0.004769
-0.339427
-0.390948
0.007679
-0.246560
0.434893
-0.557016
0.035603
-0.116843
0.312777
-0.237091
0.337913
0.216661
-0.151663
0.049428
0.058983
0.566530
0.099199
-0.717023
0.077169
0.153247
-0.309582
0.398133
-0.043526
-0.608561
-0.227143
-0.047046
0.039574
0.092028
-0.012717
0.146740
0.122885
-0.217634
0.465578
-0.495814
0.398177
-0.187934
-0.037650
-0.263210
-0.111889
-0.428004
-0.188753
0.590972
0.481698
0.304843
-0.481171
0.164478
0.372066
-0.351673
-0.042612
0.189585
0.243592
0.251154
-0.249618
-0.274688
-0.184193
-0.507347
0.504532
0.347580
-0.422840
-0.471060
-0.636068
-0.130028
0.217379
-0.068866
-0.599216
0.592270
0.070629
-0.235135
-0.504764
0.225961
-0.043917
-0.153537
-0.307860
0.302458
0.158544
-0.282252
0.402942
0.335458
-0.566270
-0.301262
-0.151631
0.194061
-0.388845
-0.040967
0.402042
-0.515268
-0.276935
-0.114847
-0.076062
-0.170538
0.340702
0.539135
0.064465
-0.445224
0.284919
0.349797
-0.653303
0.274434
-0.024466
0.284040
-0.462983
-0.124778
0.046325
-0.237598
-0.007380
0.639464
0.468110
0.422396
-0.365652
-0.157051
-0.148688
-0.168455
0.402371
0.259065
0.138933
-0.377813
0.260627
-0.397095
0.577934
0.074279
-0.409220
0.103515
-0.252199
-0.090076
0.436605
0.219165
0.364989
0.218944
-0.163490
-0.142214
-0.092366
-0.427013
0.196189
-0.043088
0.353393
-0.103425
-0.147412
-0.674289
-0.003842
-0.621089
0.279331
0.367082
0.298703
0.369639
-0.064611
0.202806
0.381374
0.360441
0.436166
-0.388044
-0.358609
-0.449927
-0.310007
-0.063440
0.656628
0.252935
-0.323345
-0.269725
-0.030182
-0.432541
0.010390
-0.254962
-0.089960
0.412680
-0.104657
0.200879
0.479385
-0.167308
-0.180536
-0.226983
0.010847
0.257894
-0.096616
-0.223925
-0.032157
-0.340588
-0.403121
0.196177
-0.422969
-0.072034
0.346503
0.145429
-0.673636
-0.305998
-0.448206
-0.182780
0.415944
0.458146
0.473856
-0.145954
0.330196
-0.266400
-0.152613
-0.398443
-0.090723
0.134678
0.462197
-0.670817
0.304653
0.118604
0.347438
-0.329829
-0.294886
-0.110123
0.011264
0.166986
-0.412121
-0.724738
0.101564
-0.184702
0.153458
-0.207189
0.069373
0.375182
-0.280492
-0.605920
-0.349186
-0.005132
0.209456
-0.197965
0.242349
-0.045769
0.108487
0.083103
0.573542
-0.477757
0.632018
-0.492793
-0.093168
0.635761
-0.233653
0.482737
0.109092
-0.104272
-0.065470
0.380975
0.078072
0.425778
-0.288945
0.427426
0.245051
0.526495
-0.624506
0.667660
-0.534457
-0.347572
-0.178400
-0.174108
0.153170
0.032734
-0.060416
-0.203912
0.088468
0.064850
0.068085
0.187175
0.222325
0.413691
0.028444
-0.083510
0.048047
0.309038
-0.559966
0.061172
-0.545784
0.047689
0.659016
-0.285787
-0.046454
0.535447
-0.098319
-0.405189
0.280656
-0.484608
0.050062
-0.139950
0.341929
0.163412
-0.024232
0.126066
-0.508157
0.194240
-0.021292
-0.540032
-0.613995
0.286698
-0.122533
0.415205
-0.225321
-0.645809
-0.085477
-0.431397
-0.009828
0.008535
-0.352502
0.387769
-0.067805
0.097748
0.271475
0.482047
-0.267298
-0.066036
0.013128
-0.043004
0.224417
0.183732
0.366600
-0.501223
0.127340
0.089232
0.170870
-0.398196
0.309977
0.268557
-0.154123
-0.456454
-0.057761
0.010385
-0.453827
-0.141019
-0.098493
0.245725
-0.283713
0.167157
-0.069782
-0.061233
-0.363761
-0.344351
0.256966
-0.631481
-0.308198
-0.232124
-0.218283
0.128988
0.082848
-0.310916
-0.028090
-0.135462
-0.432903
-0.060129
-0.465224
0.231718
0.175741
0.472701
-0.450991
-0.248212
0.045274
-0.375321
0.035358
-0.282898
-0.544002
0.629017
-0.481912
-0.482328
-0.078678
0.487450
0.114409
0.137830
0.193017
0.665425
0.238314
0.055485
-0.143693
0.111928
0.545295
0.163679
0.153900
-0.297210
-0.464221
-0.116244
-0.277201
0.459513
0.102963
0.107775
-0.525636
0.284179
-0.253020
0.111631
0.412147
0.033765
-0.351540
-0.253028
-0.242535
-0.194299
0.186890
-0.668469
-0.251341
0.236951
0.553104
0.147995
-0.477597
0.259994
0.319882
-0.187789
0.247559
0.239976
0.013342
-0.828539
-0.047517
-0.205934
0.192202
0.038595
0.281780
-0.199338
-0.131563
-0.027983
0.426991
