0.522281
-0.528044
0.168843
-0.571313
-0.210873
-0.559649
0.142715
-0.197304
-0.269788
0.103867
0.123763
0.195831
0.033351
0.534262
0.393571
0.602756
-0.485603
-0.213391
0.392693
-0.672170
0.470103
-0.175535
0.216889
-0.390294
0.395393
0.351768
0.842874
-0.348476
0.459346
-0.178723
0.538363
-0.544707
-0.341415
-0.203278
-0.177305
0.119710
0.354755
0.004074
-0.068028
0.154536
-0.033959
-0.068905
-0.320541
-0.450861
-0.311442
0.237720
0.395622
0.073268
0.160853
-0.348460
-0.102923
-0.216270
-0.711775
-0.528289
0.012043
-0.416010
0.240339
-0.406399
-0.347698
-0.359933
-0.296388
-0.179969
0.342953
-0.476291
0.234257
-0.339590
0.286153
-0.306641
0.224498
-0.428610
0.084267
0.219459
0.225774
-0.340266
0.496805
0.152370
-0.363037
0.389620
0.296554
-0.581702
0.152619
0.075344
-0.334025
0.195414
-0.119411
-0.173587
-0.524757
-0.148639
-0.219674
0.259828
-0.062494
0.616686
-0.157591
-0.178443
0.382656
-0.654020
0.097739
-0.411980
-0.506674
-0.257054
-0.187272
0.662166
0.052268
-0.160333
0.331062
-0.262038
0.450918
-0.181733
0.413641
-0.307557
-0.254034
0.173042
-0.332974
-0.153959
0.210136
-0.232319
0.209201
0.100108
0.111927
-0.280057
-0.389645
0.341842
0.041187
-0.496155
-0.367923
0.336854
0.066715
0.115858
-0.170574
-0.554403
0.714087
-0.288062
0.357547
-0.008125
-0.343047
0.355466
0.192138
-0.089789
-0.166937
0.585715
0.082120
-0.070550
0.361904
0.400406
-0.382906
-0.137121
0.519950
-0.519205
-0.117996
-0.678397
0.091740
-0.247209
0.649363
-0.133560
-0.168841
0.436511
0.121005
-0.227810
-0.404563
0.498132
-0.435627
0.010586
0.515025
0.152984
0.367669
-0.321035
-0.353509
-0.544877
-0.234466
0.288927
0.297784
0.360261
0.107467
-0.079707
0.118350
-0.099720
0.188063
0.317312
-0.222444
-0.279556
0.585546
-0.349270
-0.249996
-0.376049
-0.532932
0.231345
0.509165
0.339001
0.294575
0.279888
0.508573
0.414974
-0.542001
0.000512
0.314868
-0.563433
0.140961
0.031714
-0.460445
-0.445392
0.045769
-0.193710
-0.566423
-0.272077
-0.343092
0.004051
-0.368244
-0.531985
0.164545
-0.092268
0.061551
0.325897
-0.041822
-0.420339
0.418433
0.505566
-0.060187
-0.041203
-0.109241
-0.411172
-0.394164
-0.496040
0.589066
0.168442
-0.160957
-0.059271
0.237290
-0.391250
0.505445
-0.459021
-0.250724
-0.117178
-0.334186
-0.143183
0.713468
-0.298925
0.144882
-0.243987
-0.178438
0.132156
0.371396
0.005305
0.103786
0.252278
0.738826
-0.257403
0.574533
0.001092
-0.292952
0.080968
0.127097
-0.359224
0.231867
0.271406
-0.514826
0.287854
0.521873
-0.202445
0.470780
-0.333427
0.098533
0.241126
-0.417888
-0.083678
-0.337329
0.371536
-0.465909
0.659503
-0.009192
-0.349011
0.070743
-0.572490
0.029282
0.263339
-0.531316
-0.443007
-0.206512
0.156368
0.005608
-0.099479
-0.416550
-0.327704
0.196754
0.207811
-0.111595
-0.241079
-0.247765
-0.075638
-0.588443
0.141205
-0.212719
0.627157
0.178066
-0.479609
0.332749
-0.051167
0.287192
-0.472704
0.416718
-0.499408
0.295395
-0.229069
-0.141961
-0.250470
-0.346614
0.050452
0.048048
-0.020263
0.139555
-0.685897
0.550033
-0.528380
0.216781
-0.012690
0.601107
0.062836
-0.068463
0.142571
0.122127
0.008715
-0.055503
0.521679
0.022142
-0.137375
-0.145538
0.406044
-0.056911
-0.197952
0.010029
-0.462970
0.249952
-0.120880
-0.228298
0.636368
-0.044605
-0.048515
-0.047815
0.181776
-0.391453
0.462231
-0.318388
0.325911
0.007044
0.163576
0.503493
0.031724
-0.178454
-0.478385
0.284262
-0.100181
-0.237697
0.181070
-0.077813
-0.513759
0.061025
-0.041077
-0.211030
0.037653
0.568000
0.118573
0.166654
0.344203
0.243691
0.220201
0.397798
0.252174
0.098522
-0.207710
-0.117226
-0.018420
0.568018
0.497406
-0.368932
-0.311619
0.049666
0.185919
-0.600229
-0.142378
-0.538169
-0.578318
-0.022662
-0.025154
0.190502
-0.135636
-0.135366
-0.443826
0.472397
-0.509792
0.196034
0.033699
-0.064613
-0.358172
-0.245319
0.446706
0.308948
-0.059183
0.172488
0.583380
0.403135
-0.340315
0.239696
-0.224445
0.158688
0.004036
-0.019182
-0.486818
-0.283059
-0.515121
0.052050
0.346313
0.077014
-0.171589
0.463514
0.348986
0.096583
-0.296810
0.124901
-0.165674
-0.228771
-0.354758
0.221169
-0.145085
-0.020012
0.193540
0.551536
0.061980
-0.339377
0.223956
-0.223482
0.247493
0.439244
0.320494
-0.531909
0.329792
0.331185
-0.006779
-0.068563
0.788422
0.073203
0.067590
0.300398
0.048003
-0.382325
-0.333582
0.038329
0.344392
0.113025
-0.022030
-0.165909
0.100048
0.230364
0.114473
-0.477961
-0.108697
0.110817
0.206663
0.228400
-0.429245
-0.129875
-0.161653
0.522000
0.352339
0.074654
0.299193
-0.241597
-0.379286
-0.126068
-0.135319
-0.052223
0.329095
-0.019836
0.012803
0.313965
-0.134217
-0.631759
0.043592
0.167135
0.200320
0.420511
-0.358421
0.348318
0.488418
0.252837
0.289771
-0.188793
-0.455231
-0.082723
-0.284104
0.137223
-0.102114
0.211575
0.274157
-0.211397
-0.117954
0.724940
-0.583280
-0.147149
-0.213732
-0.146358
0.368449
-0.204936
0.324956
-0.308123
-0.133396
0.264794
0.586299
-0.646946
0.598475
-0.243404
0.235378
0.367083
0.134557
0.056166
-0.114382
-0.404701
0.388675
-0.486934
-0.369820
0.380253
-0.306624
0.381798
0.645570
0.047935
-0.123166
-0.173513
-0.375572
-0.264962
-0.204869
-0.016922
0.089775
-0.059744
0.042075
0.496075
-0.415719
0.311631
-0.316271
0.107288
-0.406678
0.025760
0.381685
0.064605
0.397850
-0.160115
-0.134832
-0.385239
0.030764
-0.094353
0.039390
-0.085222
0.609630
-0.012676
-0.285391
0.101315
0.742274
0.311095
-0.380333
0.349886
0.367742
-0.479923
-0.216726
-0.368517
-0.545797
-0.319764
-0.005367
-0.366826
0.169760
0.237880
-0.269101
-0.666227
0.184429
0.045851
0.233284
-0.522764
0.310537
0.488149
0.471984
0.369366
-0.449273
-0.457903
-0.296482
0.652605
0.135485
0.380346
0.610494
-0.200714
0.187484
0.458529
-0.287067
0.607179
0.534994
0.269904
-0.273008
-0.306238
0.032654
0.679915
-0.283375
0.722900
-0.077362
-0.103970
0.281402
-0.089247
-0.303910
-0.188470
0.367968
-0.382939
-0.473393
-0.592594
-0.421463
0.782071
-0.431030
-0.553923
-0.276694
-0.267947
0.451120
-0.644471
0.370780
-0.539642
-0.220474
-0.522063
-0.070663
0.431146
-0.181941
0.025386
0.071620
-0.686906
0.350997
0.085962
0.348084
-0.381974
-0.093891
-0.480586
0.117005
0.327697
0.138937
-0.114181
-0.127911
-0.240243
0.302491
-0.207108
0.325890
0.364788
-0.134022
-0.086816
-0.168444
-0.098452
-0.528464
0.263909
0.290212
0.130370
-0.400296
0.303803
-0.518206
-0.197658
-0.659137
-0.490475
-0.611603
0.277819
0.144321
0.061671
0.562660
0.314167
-0.085228
0.328594
0.300441
0.096730
0.036611
0.501823
0.302701
-0.465564
0.046634
-0.125946
-0.173784
-0.385050
0.084041
-0.116119
0.150551
0.083984
-0.016692
-0.032426
0.489384
-0.316899
-0.319820
-0.512426
0.250545
-0.142517
0.725047
0.460965
-0.321807
-0.418063
0.331831
0.266479
0.094298
-0.296888
-0.015899
-0.134072
0.416194
-0.713197
-0.422600
-0.023873
0.131055
-0.198703
-0.630581
0.301003
0.693073
0.683888
0.133928
0.219938
0.353499
-0.179157
0.435696
-0.136078
0.338064
-0.332417
0.037350
0.434819
0.701424
0.317447
-0.042043
-0.136464
-0.147369
-0.587427
0.450743
0.127668
-0.127925
-0.621408
-0.141366
0.040762
-0.228585
-0.083699
-0.414247
0.025873
-0.039117
0.318856
0.304285
-0.442460
-0.251734
-0.052859
-0.307650
-0.246377
0.601429
-0.363052
0.593184
-0.352419
-0.540665
0.116338
0.080684
-0.127869
0.271497
0.062911
0.264166
0.368292
-0.203922
-0.668387
-0.410621
-0.114405
-0.337891
-0.376436
-0.710889
-0.434226
-0.409236
0.073294
0.129931
-0.237180
0.342777
-0.094951
0.012327
-0.033604
0.367876
0.436097
-0.004932
0.154826
-0.258082
-0.506557
0.505688
-0.020881
0.554187
0.494856
0.360397
-0.054560
-0.588617
-0.200507
-0.319106
0.545699
-0.156128
-0.095661
-0.343042
0.185236
0.264081
0.349736
-0.423560
-0.064586
-0.424513
0.343668
0.523423
-0.728236
-0.083637
0.487954
-0.138718
-0.059509
-0.469548
-0.284943
0.296697
0.589926
0.095264
0.072349
0.015490
-0.629579
0.240471
0.341304
0.111515
0.023406
0.318494
0.654388
-0.189499
-0.071302
0.261625
