-0.052181
-0.133990
0.011067
-0.629785
-0.219433
0.046499
0.409493
0.349441
-0.019979
0.492810
-0.454393
-0.247016
-0.142814
-0.060146
-0.246920
0.505412
0.125674
-0.073285
-0.230170
-0.088005
0.331012
-0.268038
-0.049590
0.463763
-0.376741
-0.308341
0.187329
-0.541709
-0.279130
0.447931
-0.016880
0.248475
-0.187693
-0.284616
-0.360907
-0.086624
0.383960
-0.127563
0.023232
0.057277
0.054344
-0.141178
0.111488
0.360665
0.326516
0.382990
-0.373338
0.187875
-0.271648
-0.383370
-0.154899
0.034127
-0.230570
0.241563
0.446087
0.361391
0.272102
0.149099
0.141090
0.507943
-0.218850
0.110213
0.424118
-0.443059
-0.264404
-0.380207
-0.259909
0.149079
0.273745
-0.160784
0.389191
-0.364725
-0.463432
0.682664
-0.182896
0.101519
-0.434445
0.164012
0.572382
-0.358683
-0.250875
0.659038
-0.582955
-0.381910
0.349748
0.408086
-0.001520
0.521412
-0.025558
-0.027048
-0.202335
0.286385
-0.423020
-0.282516
0.009122
-0.189426
-0.560959
-0.399624
-0.471836
0.272058
0.461026
-0.329251
0.160871
-0.083729
-0.494117
-0.516648
-0.343294
0.284329
-0.022369
-0.325918
-0.060835
-0.284611
-0.308830
0.297447
0.143320
0.475503
0.290991
0.127153
-0.110124
-0.189760
0.375838
0.484094
-0.092724
0.433695
-0.816327
0.301131
-0.154844
0.471937
0.371483
-0.254339
0.121297
-0.125722
0.700180
0.285644
0.568068
-0.265061
-0.048310
-0.586176
-0.245623
-0.018073
-0.095875
-0.003847
-0.165401
-0.140551
-0.046294
0.045639
-0.142302
-0.445889
-0.137124
0.287990
0.153716
-0.330233
0.402410
0.025115
-0.278030
0.454242
-0.291741
-0.252314
0.388214
-0.435107
0.056573
0.198364
0.689792
-0.218958
0.401056
0.523432
-0.386756
0.667083
-0.278595
0.263064
0.023792
-0.033428
-0.445178
-0.214278
0.221735
-0.172768
-0.206117
0.229567
0.497586
0.088400
0.328870
-0.136110
0.103255
0.216486
0.244701
0.193477
-0.480649
0.283016
-0.077208
-0.367596
0.457342
-0.154186
-0.218973
-0.402647
0.342212
-0.384010
-0.387374
-0.518876
0.385532
-0.594354
0.530077
0.554564
-0.201557
-0.060627
0.500869
0.258125
-0.167592
0.057730
-0.385754
-0.468933
-0.347007
-0.059190
0.257962
-0.355554
-0.458044
-0.166342
-0.209192
-0.277497
0.438035
-0.142124
-0.100336
-0.192114
0.763150
0.086323
0.125976
-0.528671
-0.203793
-0.364472
0.191055
-0.189612
0.129696
-0.492387
0.351164
0.302729
0.593092
0.310157
-0.142248
-0.191472
-0.671653
-0.446258
-0.494846
0.350321
-0.347572
-0.437565
-0.449497
0.277898
-0.252878
0.329512
-0.625699
-0.080792
-0.090312
-0.340378
0.649191
0.244859
-0.048128
-0.562135
0.229635
0.014393
0.080453
0.502848
0.576932
0.135219
-0.196275
0.616956
0.051648
0.159980
-0.207834
0.438012
-0.102388
0.353303
-0.178681
0.161129
0.449516
-0.125119
0.383286
0.386956
-0.036573
0.055227
0.496939
0.171611
-0.560133
-0.051548
0.523139
0.164022
-0.323590
-0.250047
0.328314
0.064360
-0.191647
0.394888
-0.292785
-0.291593
-0.121754
0.306294
0.224453
0.028446
0.314053
-0.691520
-0.506541
-0.276028
0.186754
-0.595048
0.184015
-0.027084
-0.267274
-0.043664
0.110626
0.294429
-0.113580
-0.531603
0.198747
-0.023460
-0.300389
0.448898
0.801394
0.685554
-0.233743
-0.371006
0.240188
0.185648
0.319046
-0.573650
-0.153466
0.178636
-0.357553
-0.461080
-0.376819
-0.617931
0.266560
0.057703
-0.495108
-0.284479
-0.767422
-0.440722
0.457832
-0.098106
0.186548
-0.474828
0.217204
-0.243821
0.270011
-0.423517
0.471019
0.431250
-0.416244
-0.412114
-0.428370
-0.125459
-0.519937
0.243759
-0.554954
0.048705
0.126685
-0.072220
0.375631
0.017818
-0.376919
0.346917
0.057797
-0.233678
-0.084582
0.288424
0.222053
0.443812
-0.662903
0.268840
0.049787
-0.739137
0.416174
-0.091274
0.224642
-0.203481
0.061155
0.234279
-0.110680
0.009136
-0.356304
-0.197608
-0.187929
0.147024
0.082661
0.216178
0.413357
-0.372897
-0.524580
-0.417091
0.169772
-0.446428
-0.486966
-0.352273
0.076008
-0.502834
0.271645
-0.802770
-0.270540
-0.322029
-0.124200
0.188652
-0.142259
-0.085868
0.039157
-0.259025
-0.223736
0.407909
-0.057792
0.573461
0.261654
-0.292341
-0.003319
0.507911
-0.114684
-0.556709
-0.692976
0.203417
-0.491879
-0.419989
-0.037408
0.391258
-0.137735
0.272020
0.581393
-0.160199
0.349272
-0.614936
-0.394735
-0.074861
0.129326
-0.136203
0.149277
-0.146506
0.427699
0.272076
-0.039852
-0.407285
0.096302
-0.288244
-0.007435
0.515255
-0.600723
0.416152
-0.301491
0.468342
-0.410575
0.274734
0.519283
0.362167
0.137182
-0.261777
0.189850
0.009635
0.554777
0.114473
-0.185472
0.411993
-0.370233
-0.407510
0.082347
0.594203
-0.518078
0.270084
-0.280752
-0.154127
0.275728
0.262498
-0.576452
0.024903
-0.153067
-0.472125
0.223713
-0.635061
-0.017398
0.549564
0.546738
-0.324388
-0.177552
0.202212
-0.115839
-0.337800
-0.164611
-0.207010
0.081487
0.114382
-0.138221
0.129482
-0.514237
-0.490902
0.322159
0.038964
-0.468819
-0.435508
-0.061633
0.067343
-0.223223
0.013981
-0.155313
-0.493362
-0.549656
-0.114354
0.202020
0.383422
-0.274570
-0.258480
-0.261373
-0.232794
0.349624
-0.165342
0.585752
-0.501549
0.316921
0.516022
0.374820
0.156747
-0.238154
-0.586523
-0.366243
0.141298
0.516489
-0.066721
0.108973
-0.152912
0.439463
0.384398
0.638278
-0.154024
0.007196
0.069458
0.490855
0.134151
0.374123
-0.513633
-0.484969
0.156886
0.315810
0.036084
0.273469
-0.293169
0.502530
-0.334548
0.039009
-0.574347
-0.342921
0.393604
0.412526
-0.659827
-0.043961
-0.274804
-0.252123
0.164318
0.190585
-0.004272
-0.025552
-0.413132
0.498348
-0.225053
0.023580
0.187527
0.235733
0.286438
0.683989
-0.219035
0.150275
-0.259788
0.364776
0.474550
-0.543982
0.346588
0.349264
-0.047579
-0.635434
0.209529
-0.404391
-0.021249
0.482065
0.372121
-0.222368
0.172841
0.484207
-0.369935
-0.184781
-0.344351
-0.188790
-0.207859
0.181794
-0.136983
-0.443093
0.240293
-0.019660
-0.190004
-0.100588
0.300958
0.228904
-0.571869
-0.493619
-0.118098
0.076222
-0.189291
0.460059
0.367497
-0.013960
0.131897
0.567810
0.592546
0.116331
0.119364
0.555078
0.106924
0.311050
0.291027
0.162898
-0.464944
-0.154432
0.180725
0.013215
0.200552
0.352722
-0.554320
-0.102721
0.120871
0.354894
0.275288
-0.412872
-0.361843
0.060154
-0.049390
0.335916
-0.372188
0.782768
0.166987
0.420890
0.147687
0.342000
-0.091481
-0.328320
0.140836
-0.602626
0.500330
-0.477003
0.249606
-0.571234
-0.127829
-0.567926
0.115054
0.371291
0.519426
-0.026169
0.424999
0.683383
0.170856
-0.105330
0.054879
0.183456
0.089116
0.505396
-0.714879
-0.083929
-0.225708
0.307350
0.073848
-0.623394
-0.028665
-0.203985
0.468030
-0.357290
-0.359568
0.059792
0.308673
-0.202051
0.227524
0.025184
0.425971
-0.460442
0.302239
-0.285524
-0.551199
0.025281
-0.503625
-0.066201
0.428994
-0.207291
-0.015259
0.146310
-0.008866
-0.520495
0.041367
-0.405097
-0.313961
-0.066737
-0.388197
0.374440
-0.303918
-0.272839
-0.644173
-0.299313
-0.224231
0.159210
0.434691
0.460049
-0.038059
0.318623
-0.271400
0.403234
0.131121
0.466190
0.275477
0.226176
-0.452204
-0.456765
-0.333567
0.072476
-0.688644
-0.070540
0.604391
0.188294
-0.130825
-0.465755
0.014681
0.663752
0.102824
0.089232
-0.483356
0.349741
0.142601
0.220183
0.041331
0.016603
-0.228767
0.468956
0.422955
0.311398
-0.259179
-0.474116
-0.235292
0.269905
0.008289
0.106975
-0.260938
0.497211
0.166746
-0.176725
-0.390017
-0.077414
-0.060051
0.454019
-0.184283
-0.683065
-0.036521
0.150551
0.165067
0.544765
-0.426204
0.472432
-0.080989
-0.070974
-0.338613
0.082752
0.205420
-0.348175
-0.459790
0.037336
-0.334332
0.550453
-0.774851
0.009974
-0.008268
0.096966
-0.210099
-0.008822
0.358921
-0.184193
-0.204562
0.490434
0.134462
-0.246638
0.306979
-0.153064
0.138923
-0.396949
-0.842435
-0.340002
-0.307811
0.447642
-0.417617
0.038563
-0.624805
-0.475840
0.572651
0.247824
0.533938
-0.307248
0.348552
-0.108171
-0.468133
0.258929
-0.057053
-0.202147
0.035269
0.394283
0.128058
0.219689
-0.332044
-0.289268
0.100140
0.472637
-0.222071
-0.306991
0.314266
0.378425
0.280155
0.007766
-0.367658
0.512075
-0.459465
0.187444
0.228340
0.143803
0.502900
