0.138629
0.415647
0.148210
-0.201439
-0.282952
0.038093
0.011572
0.597488
0.010736
-0.141600
0.243923
0.172750
-0.144082
0.465398
-0.511057
0.666163
-0.133958
-0.213391
-0.187626
-0.523367
0.428434
0.091705
-0.286458
0.212212
-0.042926
0.482473
0.391174
-0.447002
0.355574
0.337018
-0.092793
-0.029752
-0.483562
0.124736
0.153410
-0.278954
0.268610
0.480145
0.091531
0.154536
0.037386
-0.357628
-0.491792
-0.146249
-0.654507
-0.560684
0.327525
-0.577501
0.209608
0.234144
-0.029354
-0.209954
0.366865
0.121451
0.225293
0.375007
0.279511
-0.017132
0.043635
-0.189649
-0.106555
0.327417
0.205736
-0.394346
-0.384168
0.477906
-0.396891
-0.599748
0.298095
-0.560450
0.016135
0.597900
0.341990
-0.296779
0.531684
-0.374918
0.187414
-0.342202
0.513070
-0.552501
-0.020397
0.306734
-0.787167
0.198986
0.066017
0.174715
0.218899
0.085672
-0.120388
0.117989
-0.166474
-0.045320
0.084812
-0.500266
0.491404
-0.363099
0.048857
-0.199408
0.363495
0.473407
-0.415241
-0.075433
0.372231
-0.070530
-0.211726
0.130556
0.435926
0.225913
0.182082
0.223419
-0.348784
0.306868
0.185329
0.426163
0.284923
-0.654260
0.064614
-0.029491
-0.381105
-0.187273
-0.095318
0.229344
0.466161
-0.245446
0.207687
-0.165394
0.031457
0.162219
-0.274674
0.482605
-0.013555
-0.513981
0.252338
0.246467
-0.550229
-0.727443
0.119491
-0.375913
-0.535432
0.105361
0.084939
-0.639560
-0.141512
0.363522
-0.518357
-0.053424
0.570661
-0.391978
-0.014531
0.130695
-0.016443
-0.385103
0.088261
-0.373876
-0.270290
0.044981
0.048847
-0.130905
-0.384286
-0.426556
-0.286064
-0.058412
0.323561
0.395719
-0.031896
-0.141950
-0.281364
-0.033438
-0.342254
-0.194471
-0.084892
0.296107
0.134310
0.133707
0.272483
0.057197
-0.155440
0.040605
-0.248702
0.060365
-0.159387
0.071222
-0.175218
0.429529
-0.212605
-0.217818
0.253438
0.148727
0.031836
-0.304680
0.480269
-0.052700
-0.189573
-0.402647
-0.453849
-0.230605
0.293918
0.239504
-0.330132
-0.600035
-0.089049
-0.123976
-0.657394
-0.313394
-0.283938
0.118361
-0.377381
0.065306
0.072851
-0.558799
-0.153626
-0.114112
0.128975
-0.072472
0.436460
-0.119401
0.126991
0.147058
-0.085880
0.026901
0.026397
-0.045486
0.651616
-0.599755
-0.322868
0.285613
-0.424199
-0.203021
0.390607
0.420574
0.285511
-0.224981
-0.264270
0.034033
0.169302
0.296897
-0.018354
-0.061883
0.448880
-0.020164
-0.483905
-0.482187
-0.464114
-0.351830
0.386350
-0.292721
0.102358
-0.348695
-0.499903
0.360747
0.599115
0.012897
0.369977
0.194965
-0.463656
-0.442695
0.412871
0.202718
0.259655
-0.152759
0.803747
-0.460418
-0.045782
-0.380526
-0.008599
0.171216
0.263998
0.412512
-0.015221
-0.056679
-0.088766
-0.767124
0.462053
-0.317007
-0.238915
0.469931
0.110905
0.161328
0.504326
0.184547
-0.184870
-0.413838
0.265440
-0.110953
0.186158
-0.660789
0.359031
0.386789
0.341446
-0.356028
-0.302148
0.071024
-0.073866
-0.259725
-0.030477
-0.286108
0.516721
-0.420596
-0.354810
0.190959
0.548676
0.229129
-0.444467
0.105100
-0.152354
0.643913
-0.042598
0.115646
-0.052053
0.513601
-0.468543
-0.675645
0.249993
-0.110722
0.000584
-0.089140
-0.176870
0.130459
-0.366731
0.350584
0.107744
0.014609
-0.478906
0.228121
-0.208706
-0.271472
-0.140442
0.403934
0.071615
0.408172
0.264492
-0.032776
0.087179
-0.103037
0.037508
-0.517937
-0.366624
-0.128760
0.217204
0.122771
-0.590576
0.257938
0.182886
0.119469
-0.477692
0.418744
-0.221429
-0.079972
-0.517529
0.353487
-0.100058
-0.004183
0.109521
-0.408609
0.095973
0.261939
0.055688
0.105354
0.557547
-0.345937
0.235890
-0.062360
-0.413565
-0.402267
0.135946
-0.126536
0.474570
-0.363362
0.196323
-0.729546
0.087275
-0.126095
-0.105097
0.098022
-0.251178
-0.191869
-0.039962
0.088053
0.396937
0.288121
0.105938
-0.686729
-0.108435
-0.184011
-0.455003
-0.552416
0.186778
0.007439
0.136502
0.486915
-0.205236
0.062752
0.385323
0.417925
-0.023764
0.017152
0.414326
0.512543
0.208868
0.561080
0.034888
-0.613613
0.420194
0.042574
-0.230467
-0.101629
0.332137
-0.120036
-0.341338
0.280237
0.223499
0.182589
-0.284634
0.176347
-0.666215
0.587440
0.181912
-0.223215
0.260781
-0.059255
0.302767
0.083020
-0.055602
0.318172
-0.165195
-0.016743
-0.289630
0.075688
-0.300516
-0.563856
-0.112862
0.162781
0.218905
-0.347101
-0.052188
-0.012582
0.007877
-0.234382
-0.035840
0.449978
0.351220
0.227939
-0.008542
0.393856
-0.309307
0.036193
0.041790
-0.451568
0.456107
0.668484
0.563437
0.177032
0.217779
-0.122918
0.418862
-0.131403
0.082347
-0.489188
0.046397
-0.185453
0.310291
-0.007259
0.181710
-0.031051
-0.558874
-0.296182
-0.511716
-0.168255
0.071706
0.003736
-0.269383
0.243206
0.686552
0.378252
-0.264277
-0.160020
-0.263309
0.270903
-0.059278
0.444038
-0.155778
-0.519638
0.093949
0.129482
0.264534
-0.034669
0.223401
0.227603
0.420475
-0.446151
0.137333
0.158062
-0.225085
0.293437
-0.615931
0.313959
-0.218088
-0.624421
-0.047004
-0.422568
-0.439144
-0.196159
-0.012588
-0.164040
-0.563329
-0.186077
-0.385264
-0.391129
0.424728
-0.330197
0.291331
-0.216209
-0.181981
0.539290
-0.043257
-0.006612
0.082437
-0.207411
0.277989
0.184988
0.381798
0.471322
0.200616
-0.076280
0.165163
0.334889
-0.455524
0.004590
0.364187
-0.361194
0.217407
0.659644
-0.110575
0.297406
0.152842
-0.203534
-0.251016
-0.261647
0.444716
-0.222607
-0.240838
0.445167
-0.136025
-0.537381
-0.200705
0.660099
-0.288877
0.230016
0.017738
0.195519
-0.034437
0.395505
0.060396
-0.556480
-0.023100
-0.077844
-0.275036
-0.310803
-0.355775
-0.690334
0.578347
0.600557
-0.034721
0.086123
0.281160
0.194653
-0.597631
-0.194898
0.000410
0.535768
0.165249
0.410006
-0.006466
-0.106964
-0.428909
0.517462
-0.042736
0.153017
-0.345116
-0.115487
0.128487
0.047124
0.060069
0.478623
-0.264123
-0.183466
0.874990
-0.509162
0.506019
0.476721
0.222353
0.175505
-0.417658
-0.095347
-0.496414
-0.521725
-0.403786
-0.161155
0.430390
-0.127515
-0.198297
-0.041579
0.107171
-0.377887
-0.142558
0.446188
-0.195970
-0.464406
-0.294941
0.196323
-0.478539
0.214708
0.019193
-0.476291
-0.256664
-0.374073
-0.185031
0.043656
-0.110386
-0.016441
0.369648
-0.381162
-0.011534
0.067349
-0.167808
-0.125192
0.636600
0.276260
0.068964
0.250284
-0.253087
0.495419
0.074675
-0.179200
0.553818
0.012168
-0.129496
0.369848
0.320374
0.414909
0.375277
0.027455
-0.392327
0.608924
0.735039
0.626140
0.123683
0.253953
-0.247173
0.367253
0.290338
-0.217713
-0.100925
-0.175057
-0.021404
-0.499698
0.169836
0.021826
0.466424
-0.358618
0.263762
-0.672106
-0.254883
-0.111737
0.268486
-0.208879
0.206750
-0.020167
0.024926
-0.002000
0.119710
-0.194142
-0.429963
-0.045658
0.011800
-0.025565
-0.221826
-0.181979
0.181019
-0.441856
0.065970
0.337851
0.243674
-0.068958
-0.055208
0.111999
-0.388992
-0.432924
-0.197934
0.444188
-0.221969
0.537858
-0.104722
-0.470683
-0.144367
0.482597
-0.093533
0.600100
-0.052858
-0.459109
-0.036233
0.339993
-0.236468
-0.008262
0.236078
-0.455191
0.021684
-0.422079
-0.419004
0.063359
0.004910
0.574004
0.386257
-0.467569
-0.071320
-0.544160
0.271535
0.086004
0.320102
0.065771
0.499352
-0.015513
-0.095041
0.136262
-0.255399
-0.030615
0.204798
0.391152
0.408117
0.066098
-0.385355
0.001529
-0.015443
0.433395
-0.258874
0.320990
-0.045057
0.269308
0.060105
-0.377462
-0.105829
-0.419046
0.037052
-0.441876
0.287399
-0.254551
-0.203611
0.379273
0.112814
-0.549720
0.543878
0.403777
-0.261723
-0.245040
-0.499971
-0.087190
0.196852
-0.385461
0.053271
0.095763
0.023627
0.350238
-0.246369
-0.601214
-0.027806
-0.243916
0.550267
0.370999
-0.216182
-0.106797
0.239404
0.262014
-0.061104
-0.119024
-0.216124
-0.377067
-0.483507
-0.245212
-0.022063
0.291504
0.061766
-0.156686
0.176672
-0.540125
0.288216
-0.234817
0.542201
0.218469
0.209339
-0.401834
0.664522
0.238880
-0.155797
-0.375514
-0.497277
0.109699
-0.112587
0.088465
-0.055062
-0.403815
0.269068
-0.124657
0.333536
-0.243351
0.262208
-0.322861
-0.238864
0.256600
0.499340
0.417004
0.363998
-0.013048
0.187444
0.555188
0.192644
-0.299188
