0.421381
-0.252010
-0.122114
0.089816
-0.352716
-0.001663
-0.409709
0.220129
-0.019979
0.343742
-0.131402
0.186966
-0.423940
-0.499407
0.274457
-0.367331
0.140592
0.169209
-0.047452
-0.137591
0.179126
-0.152764
-0.203563
-0.407731
-0.169924
-0.212170
0.026984
-0.090078
-0.376449
0.440195
0.255828
0.522932
-0.286941
0.550459
0.037503
0.344508
0.174030
-0.211206
-0.007478
0.226316
-0.084763
0.118399
-0.279158
-0.124252
-0.291439
-0.083086
0.269498
0.068459
0.331827
-0.172788
0.367535
0.443053
0.050080
0.095405
0.045782
0.106696
0.106592
-0.123911
0.336099
-0.324711
-0.164946
0.273269
-0.098372
-0.557778
0.189070
-0.544934
-0.297618
-0.558163
0.224498
0.199978
-0.088836
-0.635278
0.257461
0.006428
0.482652
0.204454
-0.250615
-0.125702
0.572382
-0.485275
-0.387541
-0.100340
0.399553
0.076798
0.172669
-0.055389
0.444398
0.258908
0.197200
0.083991
-0.079050
0.153457
0.431472
-0.237621
-0.024049
0.095735
0.263852
0.553394
-0.424672
0.475791
0.672190
0.018751
-0.100351
0.156693
0.271842
0.217910
-0.443969
-0.402608
-0.243998
0.221774
-0.081312
-0.374033
-0.159900
0.165278
0.384183
-0.186336
0.079759
0.100317
0.357390
0.438932
-0.529998
0.133855
0.011495
0.234196
0.319454
0.219320
0.387519
0.357677
0.428156
0.143564
-0.532503
0.311107
0.180865
0.130379
-0.466295
0.567075
0.322002
-0.105138
-0.379846
0.122591
0.386926
0.259947
-0.251291
-0.230817
0.212803
0.277699
0.476856
0.465935
0.146817
0.335334
0.268844
-0.180083
0.192197
0.048369
0.633850
0.576935
-0.256846
-0.077031
-0.284658
-0.145489
0.265234
-0.353904
0.353004
-0.291761
-0.050968
0.288856
-0.111336
-0.151257
-0.530494
0.235085
0.195204
-0.155412
-0.608143
-0.286287
0.212621
-0.113335
0.204615
-0.041035
0.034822
-0.088897
0.053508
0.598182
-0.195439
-0.102886
0.177506
-0.010699
0.509165
0.253870
-0.180238
0.409218
-0.424554
-0.043216
-0.424425
-0.282469
0.501683
0.347632
0.213570
-0.309306
-0.366196
-0.355399
0.382832
0.300947
-0.267001
-0.037088
0.136916
0.282235
0.036700
-0.241996
-0.070469
0.373173
0.334252
0.021289
0.087496
-0.214496
0.416705
-0.228494
0.028791
-0.410405
-0.331598
0.069011
0.292650
-0.167340
0.144477
0.202295
-0.055520
0.238595
0.139914
-0.099166
-0.161917
0.162772
0.258171
0.455959
0.755728
-0.055167
-0.395461
0.182528
-0.259913
-0.230305
-0.579941
-0.297018
-0.497660
0.128029
0.180771
0.004847
-0.481978
0.002665
-0.581557
-0.158101
0.539705
0.112197
-0.388128
0.251740
-0.060614
-0.485033
-0.318231
-0.058989
0.150200
0.332252
0.450602
-0.099999
0.705412
-0.344752
0.479078
-0.444065
0.807289
0.089801
-0.189261
0.564218
-0.347166
-0.036883
-0.138487
-0.512792
0.612728
-0.109012
0.319325
0.006300
-0.025035
0.466852
-0.380499
-0.024498
0.130403
-0.406960
0.484811
-0.041119
-0.069710
-0.013740
0.373461
-0.044378
0.156594
-0.206547
0.166946
0.066498
0.015531
0.206121
0.074047
0.322209
0.215289
-0.059850
0.378962
-0.099602
0.250487
-0.186119
-0.394740
0.089302
-0.178222
0.013496
-0.030519
0.150379
-0.391570
0.124409
-0.210089
0.135815
-0.374182
-0.241362
0.471699
0.506743
-0.596256
-0.482823
-0.184376
-0.228485
-0.173318
0.140175
-0.494560
0.403427
-0.561003
0.292296
-0.057259
-0.311884
-0.493815
0.039843
0.063759
-0.456638
0.222045
0.162621
-0.014098
-0.475762
-0.319728
0.421219
-0.342082
0.022431
0.326783
0.705546
-0.314644
0.469827
0.357381
0.231235
0.374666
0.368468
-0.405356
-0.424434
-0.267333
-0.257368
-0.038698
-0.107035
-0.149284
-0.414522
0.178573
0.131668
0.290436
-0.178986
0.547209
-0.363922
0.336625
0.535316
0.291028
-0.207594
-0.277252
-0.305161
0.025740
-0.674609
0.084629
-0.016960
0.452285
0.068092
-0.033524
0.461312
0.327001
-0.047301
0.127848
0.389866
-0.079170
-0.144249
0.468296
0.147893
-0.569414
-0.587741
-0.498381
-0.392458
0.039330
-0.173488
0.038386
0.376463
0.349391
0.520267
0.583665
-0.530353
0.063403
-0.048125
0.314914
-0.090363
0.400376
-0.675188
0.176282
0.178723
0.029946
0.184093
0.385905
-0.220353
-0.021634
0.284297
-0.290859
-0.196441
0.465554
0.593317
0.372756
-0.258320
-0.177767
0.364242
0.105344
0.018633
-0.065193
-0.305277
-0.147229
-0.201681
-0.360760
0.328658
0.415629
-0.429077
-0.163526
-0.467328
0.343273
-0.305007
-0.128752
-0.177491
-0.090291
0.194971
0.351778
-0.344406
0.046473
0.305281
-0.009811
-0.042920
-0.353540
-0.353399
0.380425
-0.166796
0.013048
0.530218
0.349371
-0.108073
-0.423381
-0.453422
-0.364047
-0.026732
-0.394777
-0.167708
-0.434697
0.042422
0.644996
0.186187
-0.076446
-0.832655
0.098174
0.543019
0.296983
-0.441786
0.341681
0.146411
0.354032
-0.130632
-0.130976
-0.198773
0.293585
-0.024075
-0.047274
-0.058533
-0.144945
0.053051
0.069457
0.244528
0.317769
0.428078
-0.215644
0.126925
0.233497
-0.490802
0.103153
-0.307262
-0.559779
0.056662
0.156340
0.333605
-0.374798
0.126493
0.282390
0.110121
-0.193942
-0.064122
-0.220866
-0.302064
-0.239860
0.171182
0.408836
-0.540309
-0.294377
-0.009518
-0.706204
-0.037324
-0.208771
0.590142
0.659276
-0.041883
-0.076798
-0.463357
0.157750
-0.094448
-0.375944
-0.158958
-0.109226
0.444330
0.511584
-0.752496
0.659544
-0.128229
0.008914
0.314243
-0.329182
0.011638
-0.522790
0.375413
0.182599
0.436256
-0.042183
-0.013830
0.341561
-0.407462
0.271884
0.353210
-0.005538
0.057565
-0.072381
0.196189
-0.263764
0.069498
0.500582
-0.031169
-0.100091
-0.323200
-0.234760
0.365438
0.334589
0.146771
0.409433
-0.220994
0.226173
0.136580
0.413527
-0.028374
0.173274
-0.079597
0.130605
0.240091
0.076121
0.158095
0.539814
0.006367
-0.674696
0.013569
-0.728297
0.511282
-0.019900
-0.182570
-0.189274
-0.284380
0.080296
-0.301938
0.026739
0.303844
0.541215
-0.456348
0.266692
0.478876
-0.474646
0.662754
-0.469693
0.325421
0.047037
0.219520
-0.573856
0.557521
0.172740
0.430910
0.232254
-0.039231
-0.354042
0.364213
0.227059
-0.484854
-0.093498
0.225977
0.321169
-0.466934
-0.373929
-0.167150
0.097411
0.402522
-0.870877
0.468804
0.343554
0.361887
-0.479623
0.341859
-0.430226
0.897074
0.129534
-0.381712
0.091681
0.215614
0.014738
0.437735
-0.201560
0.217766
0.652647
-0.628529
0.183713
0.086348
0.136564
-0.459951
-0.197965
-0.387941
-0.339421
-0.467632
0.040761
-0.173323
0.332669
0.080961
-0.097078
-0.204929
0.729022
0.170255
-0.603296
0.421224
-0.190983
-0.083402
0.088577
-0.398380
-0.099996
-0.259366
0.570085
-0.505075
-0.320464
-0.149281
-0.365787
0.492511
0.442559
0.592058
-0.312901
-0.074954
0.285496
0.503401
-0.310885
0.036369
-0.024314
-0.184610
0.268486
0.212095
-0.314073
-0.271567
-0.017059
-0.758308
0.485629
-0.522382
0.243862
-0.462598
0.036927
0.475446
-0.081504
0.002853
0.259718
0.314048
0.067567
-0.015117
0.062937
0.118260
0.012243
0.051618
-0.095449
-0.099552
0.027776
0.340850
-0.017592
0.209428
0.155639
0.342911
-0.182183
0.230029
0.229735
-0.058679
0.439072
-0.220374
-0.270249
-0.515878
-0.404906
-0.647954
0.014792
0.318307
0.401322
-0.182889
-0.502003
0.013601
0.006586
0.002908
-0.011071
0.308156
-0.211650
-0.377283
0.072571
-0.188560
0.284452
0.477172
-0.324401
0.233559
0.037696
-0.301070
0.215088
-0.361744
0.651918
-0.697297
-0.170737
-0.002744
-0.160995
-0.304620
-0.372586
-0.328782
0.316530
0.081206
0.141034
-0.081925
0.133623
-0.234025
0.293201
0.737084
-0.120461
0.001850
-0.460406
0.009947
0.142792
0.090457
0.568265
-0.826967
-0.504378
0.233567
0.080885
0.192486
-0.340130
-0.318837
-0.514015
0.053218
-0.118836
-0.370855
-0.118944
0.245328
-0.422089
-0.601680
0.283442
-0.213241
0.028433
0.067083
0.117515
-0.310799
-0.270997
0.235682
0.684192
-0.232520
-0.158397
-0.342376
0.510025
-0.112474
0.108915
0.170534
0.447642
0.275891
0.113883
-0.124376
-0.395361
0.075899
-0.270835
0.243837
-0.164691
0.537435
-0.007079
0.064697
-0.131418
0.421307
-0.084323
0.383045
-0.080421
0.423130
-0.103060
-0.360572
0.071870
0.123231
-0.265794
-0.069460
0.114054
0.350758
-0.273589
0.097458
0.419765
0.160555
0.002378
-0.122259
-0.343158
0.190453
-0.088746
0.264330
