-0.186665
-0.165284
-0.224720
-0.470097
-0.237830
0.205714
0.390547
0.170983
-0.299080
0.146608
-0.029531
-0.158255
-0.516364
-0.168529
-0.074256
0.204931
-0.507133
-0.591280
0.000824
-0.129039
0.243961
0.179296
0.047374
0.153313
0.267512
0.439640
-0.511213
0.135076
0.291180
0.013990
-0.180962
-0.296078
-0.307737
-0.254185
-0.263367
0.475713
-0.159292
0.089339
0.108247
-0.412386
0.436501
-0.455728
0.033006
0.052927
-0.041186
-0.000790
0.445867
-0.430500
0.179602
0.017566
0.014550
-0.218127
0.119812
-0.001227
0.208091
0.538442
-0.174410
0.200877
0.415753
0.353217
0.436997
-0.331830
0.120466
-0.231715
0.008989
-0.544562
-0.461499
-0.237766
0.348407
0.100062
-0.094452
0.093568
0.175609
0.221247
0.253415
-0.032054
-0.126600
0.020233
0.491677
-0.418750
-0.289591
-0.089916
-0.571379
-0.345410
-0.479480
-0.160883
-0.292463
-0.038991
0.464257
0.495588
0.085302
0.262123
-0.809922
-0.528340
0.415078
0.007744
-0.393104
-0.140131
0.188198
0.518419
0.662667
-0.216323
-0.013304
0.611444
-0.219115
0.540128
-0.054257
-0.420558
-0.079145
-0.496213
0.204079
0.582530
0.276219
0.099165
-0.201468
0.339714
0.215762
-0.254675
0.153962
-0.352025
-0.350238
0.091975
0.359896
-0.435223
0.445103
-0.317365
0.069146
-0.082395
-0.042538
0.571491
-0.653922
0.313455
-0.167609
0.159471
-0.325052
-0.304569
-0.055277
0.223585
-0.416734
0.115285
0.604773
-0.287326
0.126935
0.164168
-0.367899
-0.180652
0.133200
0.394845
0.124711
0.072543
0.091525
-0.367862
0.004406
-0.285264
0.252880
0.577858
0.607151
0.387364
0.141724
-0.409519
0.171699
-0.005480
-0.199536
-0.924611
0.217446
0.555133
0.239109
0.091253
-0.625576
-0.214064
0.134234
0.077445
0.311130
-0.395115
0.084584
-0.632436
0.397722
0.054870
-0.042792
0.011066
-0.405043
-0.148794
0.254547
-0.335246
-0.794908
-0.495955
-0.545434
0.695277
-0.037107
0.022468
-0.314360
0.478493
0.190403
-0.186757
0.007069
-0.513783
0.068427
0.175513
-0.592517
-0.549279
0.339912
0.224930
-0.347300
-0.065003
0.089098
0.155399
0.057754
-0.025181
0.214987
0.314564
0.505381
0.209169
-0.212775
0.295929
0.004064
0.185606
0.226589
0.353874
-0.154046
0.286857
-0.400947
0.428243
0.380038
-0.823453
0.349247
0.604690
0.159538
0.169298
0.208066
0.087889
0.138452
-0.357525
-0.187724
0.213307
-0.545182
-0.346976
0.327694
-0.238095
-0.638117
-0.395374
0.402283
-0.524704
0.391433
-0.191557
-0.426546
-0.006575
-0.325507
0.134667
0.106931
-0.170798
-0.022922
0.464319
0.499513
0.324043
0.217208
-0.325540
-0.144162
0.010357
-0.170324
-0.246324
0.171619
-0.030167
-0.360997
-0.018324
-0.220044
0.335602
-0.530882
0.032992
-0.108804
0.053665
-0.143318
-0.205876
0.214944
-0.455945
-0.303516
-0.419476
0.063650
0.539803
-0.614818
0.485294
-0.206748
-0.023054
-0.054732
0.335677
-0.035441
-0.403998
0.369792
-0.111627
-0.435024
0.142209
0.268920
-0.279304
-0.090884
-0.503023
0.514995
-0.124866
0.350285
-0.425985
-0.361260
0.356944
0.293011
-0.585962
0.180596
0.520741
0.052122
-0.063061
-0.486600
0.209474
0.166826
0.080730
-0.211508
-0.102287
-0.481789
0.070690
0.090554
-0.422733
-0.456678
-0.049036
0.186740
-0.123335
-0.022529
-0.075376
-0.207682
0.017017
-0.351210
0.028990
-0.069601
-0.199093
0.218365
-0.077619
0.080695
-0.658684
-0.220197
-0.609222
-0.080778
0.006889
-0.355503
-0.471052
0.268067
0.004012
-0.414472
-0.053744
-0.017467
-0.348958
-0.115934
0.536077
-0.156571
0.380992
-0.307109
0.277534
-0.157045
-0.321053
-0.113830
0.193365
-0.271338
0.168523
-0.199470
0.074347
0.415611
-0.149849
-0.116115
0.385043
0.103092
0.346981
0.083177
-0.019287
0.154267
-0.684324
0.040762
-0.469152
0.345904
-0.038443
-0.109646
0.208947
-0.140454
0.172397
0.297989
-0.145777
0.368579
0.044301
-0.213411
0.535228
-0.105146
-0.004671
-0.614345
0.404778
0.213390
-0.270869
0.130909
0.311354
0.521610
-0.401136
0.417446
0.127835
0.331784
-0.135024
0.183375
-0.023357
-0.288394
0.002672
-0.440589
0.414760
-0.203642
0.329494
-0.266299
-0.033107
0.209785
-0.518036
-0.211509
0.402316
0.064534
0.407115
-0.308037
0.836515
-0.333114
-0.349296
-0.095530
-0.209345
-0.396393
-0.124509
0.444983
0.303598
0.270550
0.568121
0.356147
0.400162
0.295983
-0.128444
0.558121
-0.505274
0.015363
0.196002
0.434974
-0.360503
-0.197702
-0.550440
0.069269
0.061402
0.006717
0.652473
0.180140
0.199474
0.432863
-0.316528
0.357281
0.409817
0.015257
-0.550590
0.399596
-0.183042
-0.360173
0.069739
0.071874
-0.197659
0.374157
-0.009908
0.321540
-0.680850
0.034448
0.041603
0.423002
-0.216892
0.222555
0.368538
-0.316258
0.513738
-0.610295
-0.359884
0.088786
-0.483786
0.219151
-0.059923
-0.085795
-0.201000
-0.212461
-0.123506
0.325853
0.147202
0.252918
0.026638
-0.619442
0.250034
-0.145760
0.145254
-0.026894
0.260689
0.400309
-0.646018
0.053942
0.084343
0.451022
0.391377
-0.011644
0.281946
0.180688
0.201946
-0.266849
-0.413529
-0.151502
-0.503639
0.017421
0.382029
-0.301527
-0.008668
-0.255147
-0.032307
-0.196999
0.170466
-0.628737
-0.219318
-0.496131
-0.040765
0.329053
-0.477796
0.155966
0.008369
-0.188028
-0.038532
0.121755
0.140065
0.380822
-0.369016
-0.300850
0.063193
-0.315759
0.258432
0.219382
-0.036591
-0.175487
0.159592
-0.434292
-0.223219
0.014916
0.264469
0.218944
-0.521470
-0.290722
-0.261229
0.160639
-0.593321
0.446908
-0.601475
0.338636
-0.410637
-0.085582
-0.565670
-0.021133
-0.017825
-0.114252
-0.398073
0.325422
-0.230376
-0.574079
0.438177
-0.162671
0.099031
0.120569
-0.092718
0.210072
-0.266241
-0.192101
-0.033419
0.145581
0.076874
0.306445
0.463933
-0.316034
-0.279775
0.392353
0.308511
-0.167712
0.585357
0.211544
-0.157409
-0.128427
-0.019040
0.121153
-0.199910
-0.412690
0.489474
-0.159901
-0.145163
-0.421281
0.478700
-0.482808
-0.057197
-0.510925
-0.286985
0.442237
0.192856
-0.223669
-0.361731
-0.200254
0.200161
0.270570
-0.858780
-0.405561
-0.249147
-0.362386
0.342376
0.461480
-0.751361
0.166221
0.813903
0.535033
-0.305226
-0.550719
-0.227273
-0.449131
0.503939
-0.191817
0.028296
0.091338
0.193281
0.105598
-0.152003
0.574912
0.175577
0.558791
0.246601
0.483473
-0.066060
-0.440892
0.254758
0.253814
0.047894
-0.002019
-0.726147
-0.354859
-0.230940
-0.244383
-0.554892
0.377617
0.400477
0.423486
-0.139254
-0.234287
-0.253175
0.561009
0.154363
0.179214
-0.041197
-0.228471
-0.078880
-0.045512
-0.268716
0.118902
-0.326276
-0.548236
0.333064
-0.313036
-0.500389
-0.357209
-0.614779
-0.025963
-0.614400
-0.285805
0.318840
-0.419148
0.472276
-0.650055
-0.131688
-0.493795
-0.390526
-0.195888
0.339461
-0.583216
-0.277484
-0.174353
-0.548906
-0.300473
0.431383
0.270736
-0.051454
0.265755
-0.009729
0.383448
-0.448289
-0.006542
0.209317
-0.282001
0.123818
0.147822
-0.061010
-0.427627
-0.030283
-0.305714
-0.320456
0.280568
0.409150
-0.033307
0.067303
0.026683
-0.182715
-0.152730
-0.070026
-0.225641
0.423000
-0.656102
0.137881
-0.045314
-0.740555
0.483212
0.201795
-0.169397
0.161339
0.408891
-0.076979
0.312231
0.285160
0.031807
0.225451
0.124838
-0.003225
0.143136
0.377431
0.257079
-0.158829
0.057205
0.128012
-0.562454
-0.418024
-0.050630
0.152506
-0.064165
-0.054408
-0.578978
0.093076
-0.186389
-0.003812
-0.517554
-0.105442
0.005802
0.492821
-0.060363
-0.167897
-0.023609
0.405460
-0.328827
-0.488640
0.065664
-0.095365
-0.244392
-0.424095
-0.644298
0.136297
0.300724
0.222777
0.288488
-0.093688
-0.277093
-0.120308
-0.539795
0.287191
-0.300940
-0.251453
-0.601526
-0.369784
0.025145
-0.133260
-0.304604
-0.066636
-0.242589
-0.601214
-0.208744
-0.681554
-0.428821
0.017556
0.342704
-0.045229
0.622528
-0.217557
0.079061
-0.238690
-0.098392
-0.277289
-0.182168
0.238477
-0.391648
0.539095
0.910790
-0.453477
-0.195813
0.500477
-0.552343
-0.240507
-0.139413
0.141305
0.081137
0.197578
-0.097506
0.169503
-0.048279
0.115201
-0.092778
0.121550
0.394380
0.056827
0.043466
0.312321
0.023199
-0.085281
0.473797
0.270945
-0.202224
0.234641
0.343160
-0.907392
-0.053394
0.477702
0.001541
0.072899
-0.190395
0.355947
0.434074
0.395819
