-0.185669
0.375711
-0.010135
0.119223
0.459069
-0.448675
-0.074845
-0.274631
-0.280378
0.473618
-0.160788
-0.278775
-0.137192
-0.074639
0.440659
0.105265
0.562910
0.430099
-0.245145
-0.558502
-0.016788
0.638843
-0.494273
0.440815
0.247799
-0.069903
0.068487
-0.015586
0.028247
0.466268
-0.396367
-0.246247
-0.252591
0.517567
-0.073918
0.126038
0.304995
0.358064
-0.710646
0.171109
-0.013360
0.227075
0.278675
-0.036738
0.379593
0.141481
0.003728
-0.238181
0.388333
-0.246846
0.442713
0.087749
-0.170879
-0.167321
-0.154528
0.157668
0.384371
0.686220
-0.316135
-0.055380
-0.283488
-0.353409
-0.406457
-0.140995
-0.154374
0.602881
0.151498
-0.268262
0.044273
-0.032334
0.525837
-0.267415
-0.391146
0.496167
0.325722
0.459581
-0.049672
0.025563
0.281420
-0.358610
0.014777
0.429802
0.518325
0.121821
0.540435
-0.338612
-0.390807
0.539794
-0.079004
-0.680461
-0.049448
-0.026211
0.430736
-0.022425
0.097189
-0.033679
0.506006
-0.603604
-0.153501
0.295033
0.661200
0.290787
-0.131079
-0.513381
-0.032486
0.657004
-0.090179
0.250277
0.436932
0.084545
-0.091600
0.031377
0.290073
-0.178935
0.119737
0.022085
0.255767
0.407756
0.550783
0.335689
-0.553505
0.429153
-0.068812
-0.050436
0.447561
-0.094947
-0.271003
0.433166
0.098864
-0.377190
0.633204
-0.135372
0.240418
0.230075
-0.487318
-0.577100
-0.529959
-0.110725
0.593513
0.160016
0.161027
-0.108745
0.050507
-0.289863
-0.171199
0.656061
0.162108
-0.323196
0.401158
0.350438
-0.494895
-0.269251
0.588094
0.074865
0.058579
0.508024
0.156881
-0.119100
0.193385
-0.577701
-0.417825
-0.104116
0.049567
0.015757
0.286687
0.523432
-0.019441
0.037208
-0.437059
0.298940
-0.290186
0.445673
-0.135592
0.489138
0.351356
-0.544859
-0.572815
0.317312
-0.106640
-0.036078
0.268015
0.018203
-0.375046
0.178668
-0.598820
-0.526160
0.376691
0.524444
-0.187061
-0.332116
0.378339
0.023514
-0.380700
0.586188
0.424345
0.374511
0.345984
-0.553104
-0.312351
0.106404
0.422143
-0.370327
-0.572361
0.010602
-0.478331
0.448870
-0.267633
-0.212683
0.413872
-0.133022
0.413335
0.494367
0.544571
0.076020
0.150982
-0.256438
-0.508985
0.023580
-0.008331
0.538654
-0.092992
-0.051970
0.057973
0.457774
0.158838
0.320352
-0.460669
-0.227090
-0.146763
-0.013894
-0.119181
-0.061760
0.163636
-0.415631
-0.384482
-0.330389
0.292095
-0.418493
0.213446
0.396076
-0.560664
-0.256180
-0.090100
0.223800
-0.367002
0.372055
0.115039
-0.300284
0.319153
0.439654
0.192400
-0.055518
0.206033
-0.491380
0.077784
-0.205657
0.139259
-0.119277
-0.371677
-0.282887
-0.123297
0.075838
-0.255876
-0.259506
-0.030885
-0.019280
0.051530
0.515406
0.275168
-0.116139
0.228061
-0.155615
0.438933
-0.374355
0.409134
-0.482708
-0.048837
0.365394
0.522953
0.491405
-0.155659
-0.263186
-0.056885
0.224384
-0.317200
-0.420568
0.014895
0.112392
0.312699
0.090692
-0.756733
-0.090520
-0.348808
0.052694
0.404505
0.263290
-0.586828
-0.067885
0.397495
0.069487
0.080245
0.250083
-0.126876
-0.063350
0.203645
0.408767
-0.559196
0.222015
0.655055
-0.349677
0.340837
-0.101616
0.228175
-0.549044
0.165889
-0.247428
-0.346230
-0.607264
0.369091
0.208225
0.440314
0.583250
-0.317998
0.336505
-0.479884
0.242324
-0.231690
0.048836
0.194567
0.250628
0.023600
-0.189538
0.304524
-0.192271
0.125773
0.136056
-0.060730
0.460572
0.296785
-0.376984
0.343615
-0.175496
0.591606
-0.362416
0.148455
-0.571455
-0.175714
-0.278382
-0.552103
-0.028536
-0.338354
-0.666074
-0.394442
0.065425
-0.053840
0.567992
0.284230
0.341825
-0.301787
0.218995
0.027637
0.067445
-0.413565
0.093973
-0.346483
0.429583
0.041246
-0.638411
0.476465
-0.094708
0.095168
-0.569597
0.185611
-0.269076
0.334294
-0.335987
-0.102346
0.338708
-0.202133
0.342787
0.183147
-0.420070
0.079073
0.748278
0.304580
-0.583278
-0.283916
-0.262505
0.223147
0.228076
-0.063461
-0.338246
0.280883
-0.289717
-0.136271
-0.521812
0.370853
0.012271
0.185835
0.508856
0.417957
-0.291663
0.040988
0.049460
-0.129369
0.162223
0.200437
-0.251216
0.306165
0.277377
-0.169794
-0.058510
0.350303
0.256477
0.189407
-0.031948
-0.064596
0.173743
-0.178572
0.184213
0.357574
-0.137718
-0.280709
-0.719143
0.340492
0.086763
-0.056699
0.039335
0.396659
0.204927
0.363497
0.102087
-0.344650
0.155506
0.305834
-0.271048
-0.022303
0.481743
-0.024611
0.511376
0.005585
0.614857
0.310394
0.441945
-0.016826
-0.093633
-0.161375
0.180149
0.234260
-0.521116
-0.266717
-0.200868
0.232923
0.219410
0.211786
0.376557
0.316554
0.340822
0.049852
0.225104
-0.025084
0.193112
0.102167
0.093079
-0.440516
0.082037
-0.248382
-0.087715
0.304251
-0.359373
0.430539
-0.080544
-0.044428
-0.478441
-0.041483
0.231884
0.128683
0.884044
0.337428
-0.090633
0.242671
0.281296
-0.396334
0.154254
0.302020
-0.524788
0.423066
-0.303147
-0.111762
-0.433566
0.317775
0.547786
-0.225526
-0.285575
-0.527986
0.046366
0.224225
-0.428788
0.242993
-0.249394
-0.191976
0.172101
-0.574657
0.430073
-0.342102
-0.472395
-0.511753
-0.222516
-0.386069
0.432366
-0.040781
-0.225717
-0.045038
-0.508498
-0.486324
0.069707
0.164084
-0.388555
-0.330043
0.135881
-0.278181
0.090884
-0.060097
0.240469
0.199571
0.187075
-0.106256
0.094200
0.243845
-0.485500
-0.300898
0.059012
-0.110735
0.140547
-0.444982
-0.022217
0.409944
0.066480
-0.045572
-0.616286
-0.095301
0.344131
-0.245452
0.359351
-0.320097
-0.012067
-0.608757
0.445901
0.069869
0.543852
-0.680260
-0.263863
-0.171353
-0.346303
-0.568434
-0.161873
0.223700
0.023323
-0.439693
-0.276712
0.445869
0.473054
-0.161471
0.407864
-0.467028
0.189604
-0.225573
0.329134
0.126384
-0.208829
-0.242814
0.181169
0.208910
0.157622
0.356206
0.058874
0.050006
-0.100285
0.202539
-0.378944
0.091897
-0.272091
0.581681
0.514779
-0.311433
-0.407150
-0.128060
0.321198
-0.357595
-0.220769
0.361135
-0.526699
0.228434
0.278570
-0.430183
-0.101805
-0.238235
-0.072438
0.404352
0.528131
-0.505621
-0.059510
0.459863
0.261552
0.196032
0.294762
0.197934
0.068814
0.464429
0.463726
-0.151059
-0.195935
0.322270
-0.300581
0.230136
-0.407940
0.597857
-0.049946
-0.384586
-0.551169
-0.447390
0.441016
0.267480
0.048342
0.195393
0.116555
-0.074434
-0.125361
0.126569
0.081243
0.098641
0.228522
-0.030660
0.386490
-0.411659
-0.427412
0.156252
0.540974
-0.130097
0.305208
0.257236
0.317110
-0.639006
-0.481493
-0.528596
-0.268492
0.385057
-0.348080
0.095342
0.248480
0.231436
-0.000787
-0.102680
-0.622123
0.561828
0.709279
-0.008326
-0.294098
-0.362104
-0.012094
-0.281173
-0.127910
-0.391671
-0.243858
-0.330233
-0.281019
0.827019
0.218576
0.063155
-0.048225
-0.515928
0.325464
0.127144
-0.216380
0.141726
0.039389
0.351505
0.353503
0.206016
0.218991
-0.172101
0.072032
-0.383056
0.542064
-0.419612
-0.570206
-0.358739
0.689595
-0.162277
-0.122591
-0.306365
-0.008031
-0.612163
0.023696
-0.011692
-0.436722
0.125078
-0.092776
0.572153
-0.300108
0.263196
-0.322424
0.375990
0.235395
0.419339
-0.221010
-0.184945
-0.043779
0.095386
-0.668455
0.563334
0.148810
0.093383
-0.036746
0.025035
0.559281
-0.573283
0.227802
0.284029
-0.521882
0.283489
0.335534
0.183813
0.283760
-0.130871
-0.246663
-0.171639
-0.557575
0.426382
0.077267
0.340226
-0.408243
-0.287145
0.108469
0.393338
0.478938
-0.338455
-0.041913
-0.066036
0.053071
0.035591
-0.294435
-0.047454
-0.100014
0.522219
0.086827
0.431378
-0.095541
-0.045656
-0.103345
0.355893
-0.341631
-0.629815
0.335104
-0.614561
-0.059920
-0.470090
-0.181820
0.194788
-0.366035
-0.149415
0.147699
-0.209681
-0.161746
-0.392095
0.226313
0.113262
-0.016162
-0.195480
-0.131102
-0.019666
-0.200451
0.229396
-0.378295
0.275290
-0.235129
-0.478039
0.009913
-0.022190
-0.104463
-0.152866
-0.411362
0.282012
-0.114919
0.138300
0.425876
0.151266
-0.110148
-0.134609
-0.269261
0.322653
-0.332906
-0.105507
-0.150339
-0.531271
0.398448
0.205855
0.602977
0.042499
-0.489552
0.142637
0.283521
-0.220454
-0.330051
0.255435
0.340713
-0.128197
0.467714
-0.209134
0.241693
-0.093946
0.299691
-0.213021
0.181449
0.098807
-0.358378
