0.093257
0.349335
0.587817
-0.231798
-0.085435
-0.018057
0.016525
-0.216448
-0.202314
0.115267
-0.150435
0.061346
0.157750
-0.019374
0.164694
-0.002780
-0.077299
-0.098660
-0.162445
-0.405843
-0.066606
-0.469233
-0.265637
0.109412
0.111495
-0.540046
-0.267966
-0.010154
-0.315693
0.008932
-0.174968
-0.358517
-0.452869
-0.171964
-0.180504
0.081924
-0.007657
-0.207165
-0.030979
0.180964
-0.108338
0.341352
0.546592
-0.265235
0.178709
-0.267400
0.459800
0.051636
-0.083173
0.449909
-0.017206
0.066435
-0.282111
-0.463958
0.600642
-0.231517
0.506580
0.026213
-0.054779
0.568606
0.020384
-0.468918
0.523070
-0.155665
0.019039
-0.630193
-0.119449
0.418334
0.439719
-0.573639
0.067018
-0.284387
0.226070
0.108312
0.369906
-0.040179
-0.173915
-0.353959
-0.425204
-0.152669
0.082245
-0.214683
0.621138
0.350790
-0.306179
0.136641
0.286750
-0.071800
0.130456
0.116569
-0.104965
-0.758574
0.153782
0.144125
-0.554300
-0.095593
-0.375892
-0.061051
0.235936
0.152442
-0.389310
0.168858
0.366683
0.306504
-0.228618
-0.109008
-0.343294
0.374788
-0.344349
-0.209057
0.480267
0.594437
0.019568
-0.105068
0.218491
-0.084703
-0.410179
0.254805
-0.477361
-0.336287
-0.635334
-0.592535
0.031289
-0.141393
-0.319263
0.691489
0.078074
-0.575312
-0.003804
0.077476
0.046092
0.061365
-0.112807
0.056218
0.050696
0.050048
-0.118821
-0.361397
-0.391964
-0.073463
0.299296
-0.039409
-0.374749
-0.076198
-0.571440
0.034289
-0.281564
-0.055024
0.476955
0.118546
0.130564
-0.238024
-0.612673
0.044387
0.399069
0.656501
-0.395232
0.409092
0.102621
0.357405
-0.088371
0.565182
0.403657
-0.258083
0.427779
-0.192416
0.267504
0.052823
-0.329783
-0.606573
0.182675
-0.156009
-0.045551
-0.439299
0.408860
0.044460
-0.208156
0.071485
-0.110259
0.374795
0.099146
0.432751
0.361416
0.341429
0.028916
-0.303154
-0.517297
-0.116822
-0.102012
-0.148540
0.124949
-0.136872
-0.235577
-0.205007
-0.258729
-0.009037
0.029448
0.266038
0.063771
-0.387230
0.030530
0.193240
-0.718677
-0.174796
-0.318587
-0.345824
0.232832
0.555768
-0.240230
-0.227044
0.495321
-0.249867
-0.010111
0.026030
0.504601
0.003918
0.326475
-0.217088
0.134529
0.349264
-0.178539
-0.339910
0.151963
-0.327962
-0.077215
0.578729
-0.404246
0.106060
0.031111
0.413231
0.438163
-0.098180
0.400931
-0.504859
0.040238
-0.605959
0.399901
-0.238095
0.488203
0.625282
-0.196181
-0.451840
0.185171
-0.148134
-0.198746
0.503276
-0.313517
-0.412302
-0.441408
0.122332
0.006898
0.034195
-0.215722
0.346456
0.304885
0.226569
-0.202678
0.221498
-0.145509
0.155488
0.109049
-0.580476
-0.323686
-0.306586
0.355285
0.309682
-0.528485
-0.337944
-0.190457
-0.541181
0.261233
0.665701
0.477247
-0.070966
0.620014
-0.154843
0.333861
0.620882
-0.603271
-0.360079
0.314937
-0.708139
0.318043
-0.096120
-0.012769
-0.247062
-0.190761
0.257585
-0.348475
-0.108544
-0.531873
0.066502
0.416026
0.299823
-0.228465
0.186781
0.029683
-0.182273
-0.431572
-0.131645
0.153081
-0.194210
0.080579
0.435627
-0.231811
0.461370
-0.120985
0.292899
0.045210
0.476699
-0.075841
-0.150690
-0.316453
-0.045244
-0.356535
-0.232300
-0.599689
0.115584
0.316732
-0.088971
-0.598925
0.462916
-0.067580
0.432832
0.487217
-0.381007
0.261412
0.392487
0.014020
-0.475693
0.443420
0.296490
0.124425
0.542897
-0.016210
0.174206
0.174861
-0.520243
-0.180840
0.025059
0.197668
0.479728
-0.159381
-0.109810
-0.329646
0.232729
0.271044
-0.391390
-0.634711
0.403719
-0.336358
0.455212
0.506690
0.012367
-0.195046
0.255943
0.231305
-0.290787
0.241715
0.019570
0.335349
-0.271860
-0.324422
-0.324004
-0.461373
-0.398887
0.289212
0.006129
0.471860
-0.555388
-0.091048
-0.364173
0.028604
0.020084
0.514077
-0.336057
0.263965
-0.291940
0.002139
-0.417433
-0.276292
0.308285
-0.202685
-0.344037
-0.086220
0.021805
-0.276732
0.549982
0.315935
-0.265833
-0.169023
-0.761156
0.327384
0.263303
0.348244
0.575211
0.274379
0.038271
-0.027132
-0.060426
-0.023121
-0.299878
0.548622
0.173999
0.451579
0.047595
0.097508
-0.373435
-0.397669
0.421489
0.219140
0.512301
-0.561326
0.203417
-0.268570
-0.336567
0.187278
0.408371
0.430679
-0.117991
-0.172688
-0.304343
0.508965
-0.184189
-0.133975
-0.075713
0.368011
-0.534024
-0.412649
0.384649
-0.169960
0.074370
0.050149
-0.001840
0.096302
0.011048
0.142128
0.044949
0.139119
-0.299934
0.242975
0.152070
-0.091290
-0.381304
0.143759
-0.244144
0.022703
-0.111889
0.277517
0.129660
0.204066
-0.012172
0.014568
-0.122213
-0.266755
-0.291200
0.184502
0.023778
-0.444368
0.370469
0.358974
-0.331090
-0.355785
0.071579
-0.279217
0.082037
0.405334
0.300154
-0.223747
-0.198944
0.216093
0.375747
-0.484465
-0.018326
0.035816
-0.160406
-0.570444
-0.268407
0.175107
-0.152523
0.072597
-0.071798
0.299851
-0.116676
0.436033
-0.065745
0.473895
0.617399
0.512361
-0.427303
0.225368
-0.234846
-0.672851
0.570625
0.076487
0.089930
-0.175160
0.315761
-0.604372
-0.201263
-0.426984
0.232426
-0.161081
0.158435
-0.247379
0.157261
-0.286935
0.503757
0.282975
0.545141
-0.465618
0.070183
0.371524
-0.104663
-0.430718
-0.514341
-0.466803
-0.534618
0.405258
0.397191
-0.149593
0.047814
-0.056901
0.153163
0.084603
0.380135
-0.469462
0.108713
0.002811
0.128204
-0.486264
-0.195735
-0.205761
-0.388122
0.261072
0.156264
-0.158914
-0.325135
-0.042011
-0.350184
0.192783
0.278414
-0.064392
-0.747613
0.031475
-0.192048
-0.288877
0.337248
-0.041549
0.462755
0.334619
-0.651599
0.092076
-0.335291
-0.088696
-0.211842
-0.274061
-0.295550
0.191028
-0.156899
0.207547
-0.127137
0.433368
0.385572
0.641674
0.284506
0.079252
-0.345233
-0.005941
-0.006835
0.041570
0.143540
-0.156951
0.077615
-0.493975
0.503973
0.070882
0.419401
-0.383744
-0.504343
0.939996
0.563748
-0.188829
-0.242545
-0.475209
-0.306866
-0.134088
-0.382052
-0.524760
0.078777
-0.080532
0.343031
0.208338
-0.087168
0.105031
0.273308
0.204320
0.495328
0.201068
0.160272
-0.136695
0.307221
0.448670
-0.392328
0.197447
-0.281310
-0.297382
-0.381981
0.168908
-0.197101
-0.118172
-0.237399
0.269352
0.511533
0.118890
0.136513
0.351456
-0.187325
0.268147
0.438916
0.144544
-0.219025
-0.143355
-0.789916
0.222289
-0.330083
0.511938
-0.501012
0.450712
-0.559052
0.179692
-0.037569
0.362509
-0.155296
0.231686
0.009120
-0.187609
0.283762
0.159102
0.283946
-0.494872
-0.636266
0.460797
0.554524
0.069365
-0.345982
0.556423
0.189593
0.270613
0.005362
0.709392
0.176823
-0.129806
0.082223
-0.514209
0.438290
-0.312901
-0.160655
0.401714
0.817367
-0.315109
0.255081
0.048792
0.273141
0.070843
-0.103600
0.343184
-0.096148
0.371551
0.472083
-0.013039
0.089794
-0.151189
-0.545642
0.405978
-0.028124
0.375250
-0.032686
0.388536
-0.044490
0.115083
-0.004799
-0.322110
-0.035044
-0.336858
0.483672
-0.465468
0.545293
0.243523
0.268362
-0.238735
0.275997
0.180896
0.181919
0.029560
0.209589
-0.003052
-0.128776
0.085322
-0.329743
0.315954
-0.117144
-0.566946
-0.592816
0.007402
-0.338634
-0.098701
-0.134494
-0.232169
0.331686
0.102362
-0.150480
-0.276059
-0.074830
-0.038720
0.254119
-0.334303
0.876591
-0.375543
-0.565753
0.368510
0.337815
-0.387020
-0.068204
0.407252
-0.236227
-0.186084
0.369484
-0.157105
-0.608269
-0.249358
0.663909
0.457376
0.221767
-0.404563
-0.212506
0.533585
-0.204837
-0.098892
-0.646149
0.106093
-0.242695
-0.058357
-0.225231
0.137669
-0.225863
-0.115377
0.052461
0.461641
0.560411
-0.577438
0.047059
0.186092
-0.390027
-0.325776
0.199212
0.200989
-0.376283
0.157717
-0.352017
-0.309588
-0.200669
-0.013960
-0.314553
0.060533
0.112670
-0.008899
0.193431
0.404568
-0.015457
-0.499709
0.472931
0.602352
-0.118805
-0.284902
0.138510
-0.421914
-0.392162
-0.005897
-0.092309
0.479421
0.063118
0.302652
0.310861
-0.335971
-0.068698
0.343172
0.690552
-0.292025
-0.621118
-0.170652
0.087943
-0.409167
0.239605
-0.306649
0.398448
0.072061
-0.054096
0.127387
-0.358749
0.216432
0.231486
0.295387
0.024327
-0.396912
-0.054423
-0.465438
0.248313
0.584461
0.410741
-0.194414
-0.030015
0.072142
-0.493058
-0.098775
0.404311
