-0.019667
-0.235349
-0.134159
0.109455
-0.069840
-0.186113
-0.567568
0.104450
-0.636210
-0.097192
0.199971
0.039707
-0.590459
0.321468
-0.296964
0.162223
-0.254715
0.013439
-0.077341
0.190737
0.328767
-0.139076
-0.093050
-0.247741
0.244431
-0.407613
0.199783
-0.573732
-0.126994
-0.249785
-0.111989
0.033876
0.407401
-0.090367
0.115802
0.252530
0.018762
-0.231558
-0.156990
-0.009728
0.226380
0.075549
0.081686
0.392151
0.022000
-0.012032
0.079669
-0.051041
-0.569696
0.311918
-0.262184
-0.224872
0.552075
0.266422
0.248876
0.217557
0.159849
0.401008
0.577742
-0.207882
-0.181123
-0.571156
0.410154
-0.153698
0.519973
0.456577
-0.220300
-0.199197
0.341346
0.067906
-0.236550
-0.264694
-0.550525
-0.234073
0.116448
0.215354
-0.393061
0.213280
0.153513
-0.446086
-0.254464
0.285938
-0.164728
0.188925
-0.027222
0.194282
0.026892
-0.101303
-0.460635
-0.060344
-0.158091
0.138344
-0.241671
0.117812
-0.491456
0.065164
-0.356060
-0.719071
0.537323
0.381238
0.316596
-0.343301
0.375866
-0.427884
-0.013867
0.207809
-0.279240
-0.647742
-0.003678
-0.291748
-0.220841
0.464957
0.132152
-0.020348
-0.186037
0.195479
0.399480
0.299510
-0.296016
0.103780
0.201943
-0.566942
-0.306911
-0.459556
0.276176
-0.275599
-0.018311
0.120706
0.043123
0.234504
0.535636
-0.091092
0.221630
-0.071943
0.083354
0.620345
-0.520297
0.488387
-0.345510
-0.061568
-0.006656
-0.617785
0.098080
0.143699
-0.322763
0.123735
0.413613
-0.438324
-0.171355
0.362413
0.129972
0.457168
0.297016
0.516609
-0.072975
-0.522795
-0.304377
0.461933
-0.302531
-0.425630
0.311171
0.257542
0.748220
0.075272
0.485014
-0.503642
-0.197117
0.454080
0.346939
-0.106315
0.112328
-0.155412
-0.032665
-0.318618
-0.093501
-0.375381
0.483910
-0.146520
0.034822
-0.354928
-0.312105
-0.064282
0.254547
-0.049080
-0.421017
0.196610
-0.548843
0.142472
0.149474
-0.566845
-0.220197
0.513666
-0.492804
-0.296360
0.039510
-0.052041
-0.397293
0.235372
-0.197994
-0.522402
0.320972
0.101969
-0.634543
0.040004
-0.424928
0.510220
-0.160226
-0.300864
-0.031823
0.180265
-0.274023
-0.071441
0.136930
0.356586
0.412243
0.273781
0.077427
-0.497542
-0.211665
0.062505
-0.455801
-0.627602
0.545991
0.634392
0.360915
0.320352
0.056810
-0.135494
-0.161449
0.561606
0.135071
0.183817
0.441893
0.094826
-0.485629
0.089293
-0.183281
0.118742
-0.567331
-0.277217
0.175270
0.030132
0.165752
-0.139295
0.049565
0.194062
-0.185814
0.429394
0.504165
-0.465514
-0.337890
-0.153435
0.109247
0.004015
-0.634693
-0.457291
0.329355
0.316893
0.175080
-0.403193
0.360818
0.539574
-0.041047
0.258189
-0.524662
0.084123
-0.363371
0.432493
0.601468
-0.189239
0.466266
-0.139079
-0.235074
-0.114215
0.124402
0.485449
-0.045308
0.430562
0.457474
-0.007313
-0.010340
-0.300407
-0.510031
0.146485
-0.114803
-0.026220
-0.332804
0.475236
-0.508227
-0.373192
-0.274817
-0.076227
0.263075
0.605060
0.619962
-0.010303
0.097212
-0.042355
0.233334
0.263420
0.416725
-0.366726
-0.303184
-0.367102
-0.047192
0.021409
0.283986
-0.434284
0.047085
-0.381286
-0.045231
0.037003
0.549822
0.060588
0.409278
-0.244464
-0.475538
0.251247
-0.358404
0.116068
0.299631
0.024808
-0.276427
0.012463
0.390116
0.614976
-0.349757
0.289891
0.076785
-0.492952
-0.400656
0.032442
0.154390
0.321227
0.001744
-0.459882
0.592321
0.229098
-0.416272
-0.205688
0.405062
-0.395710
0.139461
0.100696
0.006717
-0.375806
0.648540
-0.218761
-0.543939
-0.180161
-0.319593
-0.160323
0.054702
-0.448919
-0.215425
-0.128414
-0.089551
0.427392
0.245963
0.234216
0.155489
-0.120033
0.433118
0.039659
-0.149689
-0.215882
0.058868
0.154874
0.143900
0.258382
-0.027680
0.204052
-0.352414
-0.359676
-0.373865
-0.031202
-0.334859
-0.032655
-0.194868
0.221528
0.001735
-0.426948
-0.222162
-0.222762
-0.535394
0.254686
-0.165904
-0.206863
-0.027422
-0.061604
-0.071447
-0.213528
0.084766
-0.257952
0.344586
-0.179971
-0.123829
0.303836
-0.314837
0.407948
0.111631
0.344682
-0.306056
0.360811
0.488608
0.172880
-0.141536
-0.187603
-0.093568
0.013039
-0.380220
-0.248054
0.332625
0.356119
-0.666215
-0.043966
-0.020930
-0.246688
-0.426040
0.015873
-0.082910
0.019940
0.384980
0.635074
-0.181490
-0.170923
-0.262850
-0.046372
0.399962
0.201540
-0.128346
-0.141749
-0.373769
-0.414490
0.414826
0.415621
-0.166201
-0.146577
-0.452749
0.252833
0.201900
0.426282
0.338575
0.524625
0.250356
0.466034
-0.133712
0.296638
0.085750
-0.618400
-0.068913
0.431322
0.161042
-0.229847
-0.274441
-0.205412
-0.494235
0.234207
0.262376
-0.032535
-0.316711
-0.045398
0.052505
-0.139051
-0.140318
0.053873
-0.609426
-0.240007
-0.479791
0.369156
0.186436
0.048657
0.639642
0.213752
0.155179
-0.153793
-0.212703
0.195312
-0.655081
0.099354
0.012433
-0.026722
-0.470078
-0.074935
0.030727
-0.394342
0.402314
0.160446
0.070420
-0.503916
-0.538650
0.120510
0.591942
-0.101353
0.139495
-0.155390
0.332910
-0.245239
0.053249
-0.035560
0.583976
-0.539952
-0.017855
0.530457
-0.232014
0.061117
-0.496824
-0.274272
-0.274542
0.283742
0.077604
-0.110607
0.439877
0.246842
0.387007
-0.481788
-0.424425
-0.144046
-0.198699
-0.318420
-0.000307
0.334142
0.124258
-0.269540
0.081426
0.259391
-0.328331
0.152793
-0.024558
0.186630
-0.496086
0.203636
0.397410
0.203856
-0.241316
-0.224925
0.373675
-0.263785
-0.027921
-0.123774
-0.370258
0.000735
0.366626
0.106187
0.614504
-0.041388
-0.199368
0.055522
0.327322
0.302931
0.316593
0.115656
-0.134911
0.323702
0.671565
0.432446
-0.159693
-0.080486
-0.340775
-0.436961
0.438337
0.179098
-0.224970
0.373323
0.358753
0.397967
-0.339356
-0.319916
-0.326927
-0.195238
0.181189
-0.070046
-0.015628
-0.416050
0.483735
0.306187
0.247894
-0.313281
0.523831
0.068812
0.669298
-0.037063
-0.389004
-0.045548
0.000788
0.279217
0.192435
-0.143954
-0.097231
-0.172104
0.470786
0.062616
-0.172266
0.355521
-0.407549
-0.199074
-0.116629
0.278720
0.291851
0.200567
-0.212336
-0.459745
0.461284
0.138693
0.380315
-0.517329
-0.220396
-0.189635
-0.218757
-0.352825
-0.267889
0.125889
-0.262153
0.572803
0.093884
-0.632470
-0.071776
0.127856
0.008314
0.120971
-0.432311
0.049830
0.483434
-0.307549
-0.521573
-0.486331
0.750154
-0.410220
-0.136418
0.202389
0.337702
-0.349524
0.631812
0.226490
-0.298169
-0.257204
0.459669
-0.182155
-0.323428
0.077628
0.555562
0.103429
-0.190983
-0.182973
-0.288179
-0.357306
0.184727
0.418586
-0.105731
-0.127388
0.139561
-0.164256
-0.215456
-0.127826
-0.389343
0.365146
0.037701
0.176502
0.320816
-0.745020
0.286791
-0.757439
-0.280429
0.283569
0.210612
0.294040
-0.547341
0.189679
-0.191592
0.401414
-0.164446
-0.337982
-0.385050
-0.373416
0.052707
-0.167864
-0.148507
-0.060187
0.253682
0.347332
-0.334591
0.042956
-0.277669
-0.297952
0.060937
-0.514455
0.292647
0.856041
0.458528
-0.404413
-0.167515
-0.189950
-0.303877
0.191174
0.165126
-0.290190
0.254045
-0.097447
0.427829
0.199960
-0.045932
0.084981
-0.663411
-0.039504
0.587399
0.012858
-0.363987
-0.190852
0.196099
0.647789
0.090860
-0.245074
-0.023996
0.373958
-0.466400
-0.028805
0.276638
0.012766
0.150116
0.058607
0.069881
-0.608583
-0.325899
0.303913
-0.284772
-0.193184
0.468097
-0.042194
0.227966
-0.109802
0.207316
0.224218
0.451984
-0.275034
-0.088739
0.414920
-0.346532
-0.243442
-0.225346
-0.021766
0.358875
0.310167
-0.076300
-0.496912
-0.357393
-0.044091
-0.145550
0.041674
-0.293200
-0.261272
-0.404870
0.153558
-0.685060
0.442925
-0.478877
-0.303226
-0.384009
-0.058551
0.112680
-0.178915
-0.238817
0.093657
-0.139235
0.435743
0.096966
-0.104681
0.206259
0.137563
-0.427178
-0.004538
0.618356
0.389458
0.293076
0.017362
0.648871
0.285689
0.585917
-0.419706
0.507105
0.371104
0.031449
-0.381159
0.408814
0.285392
-0.693354
-0.489199
-0.256432
0.266348
0.391933
0.025152
-0.289006
-0.690302
-0.166315
0.690062
-0.438209
0.034162
0.229201
0.624820
0.292815
-0.678213
-0.186844
-0.184054
-0.305859
0.394952
-0.374308
0.028774
-0.477534
-0.282493
-0.015725
-0.095341
-0.341218
0.622079
0.434511
0.279549
-0.212007
-0.071945
