0.011600
-0.184085
-0.150931
0.294525
-0.434568
-0.324011
-0.361243
0.027767
0.096574
0.422378
-0.444298
-0.384580
0.201145
-0.309959
-0.573228
-0.460043
-0.226860
-0.280809
-0.294843
0.527285
0.291466
-0.144232
0.144835
-0.316299
-0.000887
0.044045
-0.036951
-0.304020
-0.418896
-0.270433
0.345990
-0.540151
0.028728
-0.215856
-0.016792
0.155666
-0.392407
0.124438
-0.047676
0.339940
0.189545
-0.145760
-0.193773
0.515449
-0.281145
-0.362741
0.636983
0.022083
-0.088796
-0.421377
-0.342538
0.072779
0.035999
-0.251464
0.046887
0.488260
-0.025781
0.069136
-0.455890
0.274520
0.092033
0.376275
0.046413
0.544348
-0.582002
0.277446
-0.435575
0.025611
0.180235
-0.338689
0.374856
-0.429868
0.491526
0.574018
0.251939
-0.382690
0.063356
0.060069
0.001486
-0.574628
-0.161752
-0.109958
-0.079582
0.252190
0.111736
0.159935
-0.250196
0.509015
-0.047838
0.177377
-0.264308
-0.020903
0.101381
0.207595
-0.072606
-0.141738
0.075228
-0.534322
0.572215
0.365551
0.215423
-0.471766
-0.057424
0.264241
-0.431984
-0.255409
-0.054257
0.306038
0.410023
0.235772
-0.130892
0.203399
-0.063606
-0.350663
0.012029
-0.348816
0.336393
-0.119175
0.129086
-0.319249
-0.249405
0.542035
0.150070
0.645179
0.088919
0.356581
-0.124818
0.452701
-0.392348
0.284197
-0.252152
0.163976
-0.040698
0.404884
0.379394
-0.148182
0.422810
-0.403707
-0.183965
0.213615
-0.039838
-0.122021
-0.143890
0.000599
0.090102
0.040598
-0.135639
-0.480323
-0.344523
0.252414
0.250487
-0.331899
0.234469
-0.281364
-0.426138
0.447454
-0.278107
0.059310
-0.261077
-0.277064
-0.160932
-0.164753
0.090788
-0.134812
-0.680440
-0.320202
0.279179
-0.504632
0.083909
0.284120
0.537780
0.518543
-0.168439
-0.090287
0.414333
-0.142668
0.429109
0.603798
-0.005122
0.093652
-0.173676
0.597543
0.153542
0.492945
-0.025801
0.347761
-0.046063
0.271939
-0.129830
-0.013458
0.415883
-0.414217
-0.080519
0.293067
0.400924
-0.276358
0.208020
-0.488343
0.072928
-0.394844
0.082786
-0.301928
-0.051264
0.296920
-0.419695
0.035319
0.106132
-0.333356
0.360149
0.295883
0.230176
-0.149698
0.270430
-0.004981
-0.213500
0.313826
0.349629
-0.432720
0.690402
0.479071
0.210375
-0.057834
-0.496593
-0.671418
0.037184
-0.158996
0.226783
0.056718
-0.208929
0.042300
-0.337710
-0.051753
-0.243156
0.317590
-0.159447
0.108029
-0.069731
-0.257741
-0.485394
-0.351276
0.456950
0.213270
0.050247
0.073993
-0.174653
0.548823
0.414399
-0.458843
0.348436
-0.669164
-0.022922
0.184517
0.115030
-0.550549
-0.092535
0.622073
-0.273895
0.594415
-0.362650
-0.520600
0.082145
0.051155
-0.359313
-0.445095
-0.327592
-0.171710
-0.521809
0.338587
-0.163012
0.114287
-0.132339
-0.279387
0.419546
0.484050
0.199277
-0.434036
-0.018423
0.015889
-0.026370
-0.089608
0.310356
-0.384849
-0.298015
0.407524
0.219445
-0.346564
0.006157
-0.285621
0.237519
-0.249343
-0.466853
-0.351849
0.271892
0.112162
-0.170761
-0.034186
-0.337536
0.178995
-0.317747
0.108202
0.130079
-0.286572
0.001914
0.082404
-0.088640
-0.348316
-0.026938
0.321012
-0.155977
0.509265
0.311797
-0.088265
0.074025
0.058707
0.165889
-0.213150
0.592669
0.060720
-0.187987
-0.254015
-0.098275
0.627224
-0.091063
0.141776
-0.465636
-0.587489
0.223864
-0.117324
-0.645781
0.068770
0.141400
-0.331740
0.385113
0.533079
-0.016933
0.037460
-0.406624
-0.321291
-0.303650
0.268489
0.237744
0.168261
-0.290030
0.288013
-0.411031
-0.395447
0.358352
0.040125
-0.398344
0.367676
0.393231
-0.347856
0.221587
0.490350
-0.634557
0.374578
0.195919
0.547910
-0.431492
0.037157
-0.241788
0.390148
0.296950
0.463290
-0.316969
0.213813
0.025343
0.366543
0.003322
-0.391347
0.112957
-0.181827
0.540457
0.525869
-0.185592
-0.010966
-0.028338
0.354978
0.287789
0.246372
0.141910
-0.430662
0.084775
0.045754
-0.610380
-0.110650
0.270124
-0.282843
0.202146
0.618181
-0.046426
-0.206441
0.458535
0.228243
-0.141743
-0.477339
-0.061929
0.323070
0.027216
-0.450440
-0.265606
0.391313
-0.350484
-0.004183
0.429081
-0.178060
0.110728
-0.354670
-0.307273
0.344552
-0.327477
-0.093652
0.037550
0.312924
-0.388193
-0.287157
-0.076364
0.080837
-0.365138
0.377415
0.041988
-0.447652
-0.053877
0.096921
-0.102295
0.047236
0.090802
-0.458221
-0.436931
-0.155238
0.319072
0.283868
-0.396208
0.100866
0.591858
-0.283117
0.137108
0.359683
-0.301756
0.009338
-0.181843
0.437192
-0.025929
0.425522
-0.183360
-0.176988
-0.061742
-0.281547
0.414272
-0.352911
0.345262
0.195231
0.187638
0.282601
-0.383336
-0.376498
-0.663361
0.138341
-0.251297
-0.114376
-0.430085
0.218819
0.214095
0.290372
-0.521328
0.132354
-0.570745
-0.366930
-0.450742
-0.643477
0.218307
-0.114783
0.368654
0.218491
0.649662
0.420575
0.479459
0.033814
0.097990
-0.233758
-0.129292
-0.115033
-0.361181
-0.195138
0.020169
0.187162
-0.285603
-0.190934
0.018742
-0.436454
0.096262
0.378035
0.318232
0.154441
0.152403
0.113292
-0.186420
-0.464004
0.381730
0.379556
0.305525
0.032515
-0.076072
-0.479477
-0.197496
0.080798
-0.196999
0.188865
0.329249
0.590142
-0.295468
0.111903
0.192210
0.404721
-0.466318
-0.370604
0.382109
-0.152073
0.325803
-0.164359
-0.446777
0.388753
-0.378882
-0.559365
-0.502998
0.263263
0.143981
-0.038458
0.321899
-0.503068
-0.445966
-0.029659
0.477152
-0.145003
-0.110610
-0.366250
0.187288
-0.080031
0.418832
0.058099
-0.165890
0.340943
-0.213996
-0.258943
0.312727
-0.365887
-0.562935
-0.003842
-0.518039
-0.313400
0.226242
0.455978
-0.459606
0.409511
-0.311919
-0.379401
0.129568
-0.133446
0.106098
-0.091459
-0.108068
0.552893
0.045754
-0.023327
0.220146
-0.626647
-0.291333
-0.219513
-0.150974
0.171677
-0.466021
0.324658
0.298662
-0.360496
-0.208332
0.264361
0.134748
-0.489390
0.612758
0.397960
-0.186152
0.617551
-0.381467
0.250087
-0.473494
-0.078363
-0.386760
0.826288
-0.153201
0.252706
0.208298
0.387829
-0.387853
-0.143476
0.634726
-0.343542
0.264127
0.179721
-0.084336
0.256067
-0.090841
0.287114
-0.226797
-0.482533
0.008617
-0.633701
0.436619
-0.486381
-0.183583
-0.383303
0.357475
-0.161430
0.445363
0.405671
-0.011874
-0.577702
-0.119204
0.353012
-0.788250
-0.519600
0.355576
-0.073721
0.208012
0.143413
0.238668
-0.486167
0.487800
0.448302
-0.641355
-0.255079
0.211536
0.405691
-0.035492
0.646831
-0.471647
0.198736
0.867688
-0.416420
0.311006
0.205736
-0.009959
-0.193131
-0.497479
0.557261
0.064425
-0.006387
-0.006508
-0.045057
-0.213405
0.100646
0.046953
0.319135
0.413767
-0.383376
0.116832
0.190966
-0.483417
0.044554
-0.421571
0.448336
-0.160679
-0.656874
0.031519
0.094848
-0.313877
-0.469017
-0.010279
0.174482
0.233953
-0.054169
0.312621
-0.111388
0.068186
-0.400526
0.105433
0.139953
0.014313
0.057285
-0.006542
-0.607504
0.490287
0.186596
0.165181
0.428721
-0.245534
-0.293512
0.679225
-0.099552
-0.103705
0.076451
-0.020102
0.092702
-0.162058
-0.035749
0.064736
0.162933
-0.385979
0.019402
-0.036379
0.636140
0.676210
0.172374
0.096618
0.034098
-0.445746
0.149134
-0.243200
0.254646
-0.249992
0.183335
-0.180671
-0.229188
0.327528
-0.112513
-0.349655
0.783162
0.410867
-0.213911
-0.038934
0.432351
0.567949
-0.078652
0.075308
0.409127
-0.075093
-0.234082
-0.044784
-0.545575
-0.142769
-0.034339
0.122672
0.352756
0.274990
-0.328782
-0.332976
-0.358821
0.280478
0.528582
-0.344701
-0.042067
-0.187246
-0.069499
-0.057233
-0.023056
-0.391617
0.106700
0.337545
0.045185
-0.265124
0.096196
0.366256
-0.329076
-0.397426
-0.332146
-0.224081
0.228865
-0.322555
-0.179491
-0.281057
0.300505
0.002695
-0.061174
0.076036
0.085439
0.152979
-0.132525
0.101635
0.262353
0.219506
-0.259624
-0.115578
0.056676
0.260965
-0.232520
-0.290369
-0.042618
-0.310441
0.117848
-0.477420
-0.223460
0.015698
-0.457225
0.215024
-0.065846
-0.095689
-0.543425
-0.232087
0.296673
-0.020988
-0.515655
-0.011996
0.033283
0.016815
0.398373
-0.051172
-0.120986
0.529120
0.569672
0.525968
-0.443313
0.305732
0.116895
0.283360
0.381735
-0.270328
-0.192042
0.073507
0.302464
-0.432212
-0.447893
-0.182415
0.076340
-0.560534
0.030345
-0.158940
-0.189343
