-0.239697
0.048583
0.056469
-0.048469
0.273818
0.148246
0.496537
0.018595
0.258235
0.146608
0.035368
-0.612344
0.102455
0.560548
0.039893
0.505412
-0.344672
0.585124
-0.359101
0.530712
0.179691
0.354714
-0.199762
-0.215304
-0.175686
-0.377433
-0.163943
0.123124
-0.274286
-0.299870
0.219609
-0.122911
-0.160434
0.502020
-0.228325
-0.045393
0.194858
-0.134221
-0.054934
0.313514
-0.161975
0.005447
-0.371410
-0.249257
-0.035234
-0.397568
0.176607
-0.353629
0.345355
0.305111
0.349929
-0.386058
-0.114110
-0.516251
0.527099
-0.236996
0.098765
0.709935
0.249478
0.596062
-0.281174
-0.427753
0.497410
-0.303037
0.422615
0.345673
0.060044
-0.055113
0.394719
-0.510204
-0.057525
-0.284387
-0.434361
0.006722
-0.047530
-0.221875
-0.417358
-0.147347
0.183760
-0.270171
-0.314522
0.454422
-0.406436
0.514420
0.097092
0.107908
-0.164969
0.329413
0.306547
0.219419
-0.649334
-0.175483
-0.364420
0.066645
-0.028153
-0.258729
0.549149
0.755369
0.560685
0.402944
-0.109683
0.298917
-0.101958
-0.350122
-0.114263
-0.460109
0.590457
0.060158
0.621129
-0.238244
-0.049847
0.114814
-0.308733
0.042590
0.177578
-0.138477
0.200481
-0.047141
-0.290904
-0.169245
-0.133160
0.345439
0.234050
-0.256665
-0.310743
0.301131
-0.234624
-0.128898
-0.478365
-0.020180
0.159546
0.455615
-0.352491
-0.171124
-0.131630
0.188764
-0.074864
0.332120
-0.297968
0.105094
-0.320327
-0.093778
0.078822
-0.039147
0.063700
0.294775
0.543637
0.072832
0.005551
-0.679643
-0.315152
-0.191340
0.270591
0.139007
-0.187415
-0.051808
-0.201348
0.117557
-0.152345
0.329337
-0.521963
0.045161
0.612228
-0.147260
0.315084
0.338593
0.078895
-0.138634
0.143915
-0.271122
-0.037585
-0.094341
0.134840
-0.094969
0.339779
-0.239364
0.004136
-0.046541
-0.275964
-0.126276
-0.257649
-0.578217
0.005801
-0.377552
0.412197
0.181374
0.461144
0.325417
0.358099
-0.408786
-0.245112
-0.564612
0.357573
-0.209677
0.381338
-0.101427
0.324402
0.283515
0.033673
0.669695
0.262341
0.043181
-0.576747
0.202910
0.391495
-0.174555
0.373307
-0.300773
-0.076436
0.347535
0.178804
0.421939
-0.176705
-0.458793
-0.270137
0.030186
0.081421
-0.627753
-0.234911
0.213398
0.306349
0.174877
0.648125
-0.498416
0.077786
0.162534
0.060846
-0.323270
0.145216
-0.612359
0.062787
-0.329219
0.044600
-0.098232
0.510341
0.099850
-0.014695
0.075390
-0.605324
-0.297018
0.009108
0.005761
-0.411052
0.038682
-0.369376
0.513916
-0.186475
0.137762
0.596522
-0.492456
0.501235
0.034203
0.179442
0.318360
-0.242989
0.187487
-0.343618
-0.193661
0.360369
0.160274
-0.214138
0.316881
0.134042
0.031782
-0.469157
-0.484786
0.137717
0.465983
0.209361
0.097200
-0.173512
-0.187924
0.384367
-0.014400
-0.625051
0.164443
0.022670
0.527249
-0.210042
-0.146422
-0.021058
-0.403125
-0.662720
0.174310
0.341072
0.600560
-0.381878
0.377775
0.389498
0.012565
0.315039
-0.047118
0.100454
-0.480530
0.504807
-0.086525
-0.142265
0.010377
-0.334541
0.143594
-0.609599
-0.033152
-0.296198
0.143217
-0.165881
-0.068566
0.095055
0.155493
0.081583
-0.257538
0.021728
0.113862
-0.415993
0.065552
0.120255
-0.438898
0.091504
0.313102
0.180236
-0.024690
0.088897
0.247401
-0.340540
-0.389658
-0.512974
0.489966
-0.314712
0.150254
-0.008620
0.399322
0.443420
-0.158669
-0.585034
0.347548
0.286035
-0.194443
0.360538
0.176926
-0.072686
0.588842
0.120447
-0.198607
-0.094991
0.408450
-0.385183
-0.115099
-0.080777
-0.553312
-0.373796
-0.404359
-0.418866
-0.258741
-0.543849
-0.540298
0.061658
0.448043
0.291489
0.270321
0.601785
-0.504663
-0.143025
0.135349
-0.106622
0.443812
0.160035
0.256442
-0.072897
-0.631705
0.061208
-0.149132
-0.059534
0.212902
0.160238
0.375742
0.016897
-0.356544
0.352472
-0.254873
0.315882
-0.070888
-0.023882
-0.541274
0.135596
0.294058
0.063783
-0.288072
0.179023
0.505592
0.052681
-0.165579
-0.013473
0.142948
0.472534
-0.597946
-0.269735
-0.656253
-0.361689
-0.293376
-0.205707
0.307460
0.141220
0.385130
-0.312000
0.101342
0.312137
0.004016
0.455795
-0.202919
-0.435991
0.184594
0.000723
0.512301
-0.367610
0.590748
0.273602
0.064682
-0.227530
0.697626
0.327277
-0.491319
0.419743
0.047831
-0.169299
-0.405539
-0.186141
-0.139435
-0.032719
0.052300
0.380694
0.145859
0.433297
-0.117088
-0.493903
-0.394061
-0.080555
0.023977
-0.407852
-0.224282
0.106037
0.365329
-0.236381
0.335602
0.157868
-0.420677
0.100562
-0.181317
-0.035291
0.463591
-0.283153
0.303325
0.055691
-0.456053
0.382100
0.166921
-0.025838
-0.205412
0.460008
0.256176
-0.242060
-0.290750
0.171149
-0.104955
-0.252490
0.605338
-0.178357
-0.255573
-0.439338
-0.027148
-0.090247
0.486671
0.124508
-0.262891
0.423782
0.062825
0.615257
-0.275219
-0.267127
0.421212
-0.200559
-0.200712
-0.060069
-0.197398
-0.318300
0.219582
0.266417
-0.411477
0.250797
0.070203
0.404900
-0.283396
0.096620
-0.333928
0.069722
0.202892
0.282390
-0.023012
0.368751
-0.227416
-0.073496
-0.440236
-0.381157
0.227230
0.055989
-0.300489
0.297775
-0.716428
-0.065532
-0.565745
-0.018015
0.387389
0.267407
-0.015048
-0.459566
0.192906
-0.312943
-0.446395
0.046754
0.034475
0.252363
-0.494548
0.357072
0.635791
-0.121764
-0.558344
0.150040
-0.110247
-0.654835
0.059696
0.290109
0.369125
0.233465
-0.124170
0.100036
0.255572
-0.093865
-0.036755
-0.224607
-0.408663
0.021018
0.456947
0.156311
0.403607
-0.355515
0.427085
-0.209631
-0.446650
0.190625
-0.287644
0.228675
-0.295219
-0.083140
-0.337409
0.446298
-0.410252
0.126702
0.572193
0.049979
-0.279147
0.213258
-0.104562
0.220434
0.311180
0.111659
0.021377
-0.369694
-0.219564
0.016044
-0.370512
-0.286773
-0.086330
-0.133832
0.195490
-0.128701
-0.091889
0.057430
-0.438955
-0.240232
0.509473
0.408649
-0.055967
0.162190
0.022690
0.356338
0.508454
-0.134586
-0.350832
0.031538
0.877750
-0.419656
0.436942
0.531812
0.246924
-0.142537
-0.668286
0.252179
0.261258
0.028345
-0.124376
0.089542
0.208231
0.215151
0.086293
0.389341
0.811026
0.458154
-0.026971
-0.182835
-0.203178
-0.300273
0.092157
0.176144
0.366787
0.197670
-0.189205
-0.242143
-0.209207
0.287723
0.285756
-0.509265
-0.194773
0.247967
0.046813
-0.664206
-0.409295
0.004518
-0.047251
-0.297253
0.567990
-0.110519
0.185321
-0.030315
-0.449197
-0.071681
-0.405650
0.205130
0.291854
0.452823
-0.105729
-0.175269
-0.566776
0.056693
0.101930
0.158793
-0.264631
0.628231
0.340745
0.435443
0.258003
0.267492
-0.085295
0.042679
-0.203568
0.565070
-0.346169
0.128461
-0.247446
-0.331115
-0.094109
-0.706372
0.031794
-0.011832
0.025842
0.086571
0.361746
-0.510932
0.187028
0.467639
-0.216105
-0.141705
-0.222057
-0.293164
0.685028
-0.234585
0.069478
-0.237855
-0.432633
0.673710
0.179630
-0.037670
-0.030742
-0.224567
-0.302807
-0.812285
0.306097
0.010369
-0.072296
-0.199577
-0.496779
0.233953
-0.307096
-0.130998
-0.575493
0.016985
-0.471108
-0.037322
0.122094
-0.215316
-0.073572
0.186142
0.344020
0.261972
-0.817573
0.061655
0.567152
0.268714
-0.150395
0.389724
0.052208
0.517291
-0.389057
-0.221052
-0.257728
0.468327
-0.481312
-0.784423
-0.077364
-0.117073
0.098265
0.569344
-0.610776
0.216368
0.142601
0.574026
0.283057
-0.267266
-0.092653
0.164218
0.352700
-0.234588
-0.059321
0.658059
-0.070500
0.267496
-0.644888
-0.067031
0.151806
0.021143
-0.322264
0.351538
-0.281871
0.433658
-0.036836
-0.007813
-0.115711
-0.423626
0.576235
0.395381
0.120735
0.682018
0.595376
-0.538996
0.278719
-0.361167
0.440682
0.673982
0.004975
-0.133433
-0.513784
0.413032
-0.371147
0.031711
0.379938
-0.300780
0.400022
0.412384
-0.340619
0.082879
0.277298
-0.126056
-0.452282
0.533312
-0.319998
-0.162475
-0.462973
0.106666
-0.564388
0.758440
-0.277381
-0.481978
-0.199498
-0.284926
-0.612306
0.401766
-0.649802
0.304215
-0.303791
-0.136365
-0.187765
-0.530927
-0.404327
-0.151115
-0.110272
0.041936
0.076818
-0.687699
0.140766
-0.001813
0.067570
-0.245118
-0.496946
-0.118601
0.123231
-0.157683
-0.466209
-0.671747
0.236160
-0.095541
-0.618470
0.473577
-0.434303
-0.257323
0.550599
0.618549
-0.166717
-0.104181
0.391242
