-0.011712
-0.125533
-0.344068
-0.101057
-0.232204
-0.052534
-0.128460
-0.230336
0.382397
0.033928
0.230734
0.079205
-0.474323
-0.042071
0.358888
0.369533
0.389488
0.039448
0.500061
-0.289796
0.416727
-0.131757
-0.463664
-0.257970
-0.035039
-0.392033
-0.021820
0.307100
0.536805
0.413715
0.612485
0.268916
-0.773397
0.288404
0.194013
-0.156554
0.592346
-0.132141
-0.052381
0.175839
-0.048510
-0.405998
0.205215
0.286182
-0.536538
-0.346026
-0.139559
0.385732
-0.078777
0.415678
-0.148832
-0.066603
-0.368784
-0.380421
0.398843
0.436881
0.252114
0.003061
-0.441898
-0.216061
-0.285049
-0.297776
0.240851
-0.378727
-0.444329
0.002836
-0.475858
-0.310609
-0.269025
-0.587879
-0.064292
0.245310
-0.144717
0.177468
0.326139
-0.340708
-0.358779
0.060167
-0.355205
0.216815
0.578021
0.272076
-0.453191
0.483766
0.631837
-0.281972
-0.496243
0.378838
-0.262333
0.398310
-0.335225
-0.339616
-0.167461
0.188605
0.611964
-0.502944
0.015582
0.111205
0.363650
-0.314315
-0.507615
-0.153832
-0.360860
-0.113700
-0.096707
-0.325906
-0.267705
-0.302212
0.334438
-0.484071
-0.030728
0.187110
-0.576692
-0.706329
0.049355
-0.443833
0.389816
-0.226959
0.021835
-0.276179
0.497228
-0.318954
-0.072601
-0.417987
-0.010528
-0.345777
0.458145
0.533154
0.015742
-0.422394
0.315116
0.406644
0.000816
-0.416410
-0.415358
0.470056
-0.140607
-0.391850
-0.348878
-0.395022
-0.441866
-0.050992
-0.388493
-0.530563
-0.354216
0.004069
-0.390326
-0.513100
0.451438
0.151978
0.056951
-0.124370
-0.089152
0.143878
-0.269251
0.760995
0.269896
0.206899
-0.103867
-0.417955
0.220424
0.416712
0.633858
-0.015675
0.214669
0.458830
-0.414738
0.038591
0.147958
0.150821
-0.255910
0.368014
0.010499
0.573439
0.095288
0.128466
0.216887
-0.057357
-0.041518
0.013267
0.492824
-0.326091
0.072944
0.638560
-0.170420
0.518826
-0.163346
0.078369
-0.050739
-0.009028
0.377766
0.526248
-0.481758
0.510800
-0.259061
0.479990
0.162305
-0.568110
-0.625258
-0.350867
0.650968
0.274319
0.732955
0.297982
-0.242700
-0.112337
-0.261451
-0.233411
-0.385754
-0.227459
0.220363
-0.018078
0.205129
0.227496
0.317735
0.500613
-0.434555
-0.169462
0.442454
0.604560
-0.258608
-0.668351
0.508883
-0.444778
0.433857
0.565066
0.534181
-0.246208
-0.105531
-0.357448
-0.057752
0.475947
-0.235223
0.120110
0.609061
0.398227
-0.171182
-0.133330
-0.558538
-0.099726
0.073672
0.023765
-0.352408
-0.076740
-0.206452
0.195424
0.406356
0.175666
-0.457992
0.072805
0.532614
0.403667
0.403405
-0.058983
-0.532677
-0.571984
-0.344026
0.284736
0.487292
0.558653
0.267497
-0.014254
-0.104507
-0.304124
-0.446440
-0.006486
-0.365000
-0.424967
0.342643
-0.265466
-0.375085
0.286409
0.498396
-0.297170
0.445834
-0.459320
0.116560
0.106975
0.070483
-0.180431
-0.084935
-0.090714
0.617046
0.316731
0.439217
0.024113
0.202032
0.004923
0.084900
-0.377625
-0.024334
-0.388773
-0.131407
0.290701
0.057921
-0.256698
-0.329553
-0.625255
-0.567798
0.398673
0.323398
-0.231347
-0.247867
0.579440
-0.072140
0.292368
-0.308376
-0.241739
0.654715
-0.333721
-0.464460
0.171021
-0.543113
-0.346510
-0.356535
-0.716872
-0.148056
-0.326164
0.251722
-0.118192
-0.305501
-0.256989
-0.139430
0.065088
-0.142262
-0.186982
0.017036
-0.560637
0.006951
-0.559498
-0.340010
-0.366423
0.730567
0.373988
-0.148971
-0.421997
-0.314875
0.046690
-0.307396
0.021296
-0.058861
-0.126521
-0.108106
-0.289466
-0.122137
0.330063
0.221787
-0.184293
0.219178
0.353751
-0.490243
0.630338
-0.323512
-0.396739
-0.076361
-0.225665
0.356043
-0.112536
0.268719
0.302779
-0.248510
0.843337
-0.413565
0.110539
0.132441
-0.288359
0.213755
0.285420
0.021234
0.015709
0.050521
0.245218
0.073570
-0.523924
-0.213405
-0.650916
-0.681950
-0.316386
0.612060
0.580223
-0.246793
-0.288093
-0.249397
-0.393854
-0.220303
-0.069552
-0.059509
-0.293444
-0.183280
-0.583164
0.232352
-0.271866
0.083722
0.598499
-0.086665
-0.157644
0.140660
0.512543
0.171698
-0.531269
-0.208186
-0.441195
0.467292
-0.225966
-0.121720
0.475942
0.270600
-0.243823
-0.306670
-0.391636
0.102730
-0.407112
0.000769
0.702329
0.387552
-0.293447
-0.014361
-0.229420
0.356964
-0.390416
-0.061210
0.417423
0.044056
0.571868
0.141776
0.012117
-0.056699
-0.513106
-0.168610
-0.179943
0.160537
-0.289997
-0.470376
-0.416646
-0.018087
-0.265705
-0.122569
-0.371552
-0.212705
-0.142476
0.568811
0.439766
0.333354
-0.376152
0.681565
-0.003707
-0.161375
-0.261777
0.247184
-0.294979
-0.084979
-0.154806
-0.095682
-0.434648
0.347370
0.086795
0.162673
0.056311
0.003741
-0.559194
0.446206
-0.298426
0.160612
-0.334520
-0.582917
-0.390132
-0.313429
-0.253679
0.039505
0.246796
0.021749
0.321998
0.586442
0.356499
0.375775
0.063209
0.343406
-0.011608
0.167097
-0.261656
-0.301304
0.047688
-0.414917
0.413331
0.363917
-0.230714
-0.324152
0.160341
0.061198
-0.427303
0.153801
-0.337656
-0.546705
-0.149666
-0.076315
-0.172355
-0.242584
-0.345911
0.175831
-0.179700
-0.450132
-0.089954
-0.505167
0.009749
-0.528237
0.133900
-0.422686
-0.118808
0.397267
0.422444
0.430003
-0.196476
0.127707
-0.093341
-0.640042
0.049722
-0.688294
0.140305
-0.444947
0.210264
-0.079356
0.126328
0.111924
-0.403844
0.402038
-0.078856
-0.166156
0.082054
-0.074230
-0.188418
0.096295
0.439709
0.278946
-0.405516
-0.059080
-0.013616
0.443690
-0.364936
-0.004956
-0.066797
0.265224
0.482511
0.280322
-0.037926
0.492031
0.076184
-0.164181
0.073433
-0.328426
-0.449096
-0.025103
0.403080
0.326804
-0.327998
-0.268695
-0.319830
0.359425
0.670060
0.403520
-0.409601
-0.328063
-0.352401
0.357866
-0.206848
-0.521406
-0.076152
-0.487742
0.046326
-0.177222
0.218244
-0.285900
-0.062148
-0.122091
-0.226755
0.315922
0.496693
-0.009001
0.219817
0.408649
-0.297801
0.771818
0.672028
-0.116785
0.023237
-0.173374
0.258658
0.206013
-0.317174
-0.150331
0.389651
-0.170651
-0.013194
0.405206
-0.542930
-0.346093
-0.369023
-0.533709
0.026202
-0.068298
0.157651
0.145963
-0.509274
-0.149693
0.681039
0.043228
-0.307666
-0.319077
0.020666
-0.016473
-0.648872
0.946783
0.453803
-0.202369
0.485083
0.155557
-0.149958
0.599957
-0.161539
-0.055344
0.334881
0.190047
0.205917
0.199045
0.089546
0.517079
-0.004038
0.759522
0.498097
-0.602420
0.228861
-0.168645
-0.209500
0.324175
0.426854
-0.220952
0.074777
0.119418
-0.162270
-0.262900
-0.579656
0.489205
0.359977
0.343440
0.467936
-0.625235
-0.358118
0.268702
-0.263921
0.110144
0.475573
-0.248468
-0.163281
0.613360
-0.189099
0.508768
0.311780
-0.309244
-0.435714
-0.413549
-0.095717
0.535844
-0.586083
-0.198335
0.377516
-0.194621
0.017938
-0.346817
0.070021
0.083559
-0.287471
-0.595259
-0.626072
0.045109
0.107709
-0.062952
0.454448
-0.257449
0.364612
-0.080814
0.325724
-0.176041
0.265109
-0.796493
0.536564
-0.216600
-0.374906
-0.376267
0.135770
-0.049778
-0.483074
0.322547
-0.216968
0.702606
-0.554760
-0.005371
-0.034481
0.430074
-0.188701
0.133830
-0.245802
0.485377
0.016335
-0.178699
0.275304
-0.120771
-0.012537
-0.067005
-0.038584
0.191157
0.409502
0.385852
-0.302757
0.284350
0.374912
-0.488252
-0.308373
0.190284
-0.225697
0.569384
0.347205
-0.181931
0.073779
0.053862
-0.295856
0.581777
-0.099382
0.172237
-0.540096
0.091861
0.463015
-0.085600
0.450331
0.455224
-0.270036
-0.425868
0.203504
0.380837
-0.460461
0.161904
-0.196149
-0.211554
0.480381
-0.181899
0.510357
-0.422404
-0.562940
-0.271088
0.231735
-0.458447
0.222197
-0.475765
-0.029061
0.437486
0.207118
-0.076919
0.405517
-0.468200
-0.097762
0.245914
-0.462063
0.006859
-0.230586
-0.103658
-0.658079
-0.260646
-0.005728
-0.225818
0.242149
-0.591289
-0.252638
-0.290803
0.553467
-0.100828
0.504937
-0.327093
0.430610
0.331726
0.315831
0.496194
-0.355080
0.055974
0.186812
0.096939
0.453797
0.017279
-0.378577
-0.548866
0.253412
0.790663
-0.294469
0.467123
0.396670
-0.035536
0.353914
-0.668574
0.073094
0.418482
0.283395
-0.053720
-0.343145
0.202102
0.231827
0.715450
-0.197888
0.189538
-0.170926
0.519183
0.225426
0.054425
-0.439238
-0.510946
0.069144
-0.262617
-0.185088
0.096492
0.280367
