0.278185
-0.115141
0.046850
-0.097449
-0.378252
0.229074
0.291207
0.436978
-0.189699
0.386736
0.104814
-0.479711
0.088541
0.576769
-0.526158
0.159655
0.223005
-0.145415
-0.334749
0.458568
0.382051
-0.623635
-0.104737
0.387578
-0.193855
0.413540
0.008557
0.030855
-0.147816
-0.000981
0.306002
0.056952
-0.430110
-0.092320
-0.100487
0.188999
0.637083
-0.120348
-0.166769
0.304949
-0.454736
-0.384203
-0.464864
0.209141
-0.615155
-0.394431
-0.078429
0.579833
-0.209683
-0.448505
-0.064154
-0.144392
-0.280132
-0.140957
-0.044775
-0.289335
0.385666
-0.005330
0.078443
-0.292693
0.072673
-0.494362
-0.062445
0.253148
-0.478003
0.298867
-0.636482
-0.516332
0.249330
-0.343608
0.043469
-0.510954
0.090727
0.082161
-0.014159
0.008747
-0.245152
0.238276
-0.267601
-0.045261
0.443076
-0.310285
0.661483
0.523567
-0.463252
-0.124102
-0.124133
-0.291813
0.348828
0.226350
0.104098
-0.695673
-0.085076
-0.220405
0.353024
0.079504
0.281910
-0.459790
-0.368809
0.139571
-0.281341
0.265087
-0.150348
0.346259
-0.480460
-0.453456
0.301756
0.445548
-0.041688
-0.093739
-0.072635
0.304056
-0.474653
0.517505
0.106868
-0.015023
0.486163
-0.036006
-0.086233
0.297871
0.301852
-0.577466
-0.050398
-0.184814
-0.047222
0.016919
0.360923
0.052504
-0.456313
0.287633
0.273700
0.610491
0.176388
0.008308
-0.581387
-0.226801
0.352041
-0.266322
0.168949
-0.019526
0.171146
-0.264022
0.002888
0.181190
0.251411
0.250340
-0.390326
-0.290900
0.454256
-0.616657
-0.088421
-0.303267
0.286093
0.190509
-0.393005
0.347625
0.183578
-0.458548
-0.045490
0.409987
0.213788
0.160609
0.228766
-0.012887
-0.472417
0.252329
0.469363
-0.151076
-0.358694
-0.197205
-0.171216
0.078733
0.113123
-0.222867
0.120555
-0.033449
0.476742
0.400479
0.085348
0.026362
-0.206676
0.268854
0.277935
0.384721
-0.265625
0.152297
0.133555
-0.053733
0.038787
-0.306281
0.133327
0.043271
-0.034361
0.130148
0.381792
-0.231463
-0.387374
-0.707175
-0.159626
0.481116
-0.299498
0.210900
-0.594235
0.034762
-0.357048
0.372184
-0.358693
-0.423034
-0.119160
0.114503
0.601845
0.518968
-0.285523
-0.207351
0.441698
-0.413324
-0.342711
-0.347477
0.006858
-0.489025
-0.464582
-0.500718
0.131484
0.202295
0.522635
-0.057206
-0.335229
-0.482532
-0.226542
-0.426565
-0.057815
-0.331942
0.310489
-0.123119
-0.546349
-0.638753
0.017162
-0.065131
-0.231196
-0.472817
0.629354
0.397435
-0.575066
-0.137114
0.116302
0.034403
-0.275536
0.129357
0.111652
0.082815
0.539814
0.026497
0.118500
0.411224
-0.019856
-0.205657
0.077828
-0.293912
0.349965
0.067068
-0.039452
-0.283201
-0.290852
-0.401894
-0.228329
-0.017328
-0.521809
0.501791
-0.188674
0.594697
-0.440544
-0.244555
0.080694
0.175657
0.337440
-0.034457
0.083735
0.385857
-0.012154
0.286500
-0.745033
-0.292377
-0.093295
-0.180219
0.012481
-0.403998
-0.203082
0.404803
0.312699
-0.164023
-0.577708
0.176440
0.060062
0.330870
0.432232
-0.110669
-0.583600
0.041799
-0.001159
0.247738
-0.076544
-0.268974
0.440164
0.084831
-0.341514
-0.415714
-0.443026
-0.171615
0.495569
0.365044
-0.159252
-0.225659
-0.211594
0.504032
0.488500
-0.611613
-0.136809
-0.196172
0.265758
-0.395241
0.217819
0.048290
-0.162369
-0.532990
-0.527458
-0.097712
0.423369
0.462532
-0.009708
-0.488692
0.272062
-0.266889
0.067312
-0.244233
-0.112350
0.238089
-0.298833
0.377476
0.418161
0.433139
-0.291231
0.466422
-0.167862
-0.218356
0.023368
0.295372
0.372107
0.003606
0.103179
0.086032
0.259436
0.732016
0.530587
0.400009
-0.310311
0.135978
0.067751
0.211396
-0.280597
-0.551711
0.453854
-0.333097
-0.287781
0.170674
0.330989
-0.398887
0.177364
-0.378347
0.451015
-0.236931
0.112957
0.225950
0.152343
-0.305979
-0.139317
-0.027768
-0.123472
0.123322
0.321583
0.475941
-0.036449
0.265427
-0.063751
0.442840
0.505860
-0.016209
0.072269
0.065897
-0.211538
0.088807
-0.116625
0.339175
-0.077155
-0.548325
0.262373
-0.125783
0.139494
-0.497655
0.255741
0.510464
-0.569352
-0.234230
0.319886
-0.128725
0.547758
0.091549
0.424423
-0.393829
-0.168946
0.371779
0.064534
-0.227559
-0.004618
0.314562
-0.302529
-0.145830
0.381706
-0.259605
-0.265833
-0.064001
-0.062575
0.717247
-0.171735
0.144577
0.229046
-0.122357
0.496406
-0.061111
-0.129153
0.002496
0.175349
-0.318350
-0.117382
0.208273
0.314550
-0.038900
0.058444
0.815147
-0.066244
-0.482750
0.263684
0.233939
-0.244865
-0.245096
-0.159457
-0.400485
0.185816
0.384919
0.289520
0.183807
0.326376
0.117805
-0.024343
-0.692830
0.208086
0.254081
-0.385505
0.135170
0.161432
0.186310
-0.566407
0.459813
-0.451227
-0.448885
0.315217
-0.243746
-0.048082
-0.372882
0.444646
-0.267216
0.460224
-0.090317
-0.605257
0.355728
0.780212
-0.275219
-0.105108
0.304008
-0.479594
-0.162324
0.267011
-0.169872
0.607664
0.055863
0.219774
-0.203192
0.126681
-0.284104
0.027748
-0.469897
-0.490889
-0.574476
0.045393
0.086689
0.108530
0.123835
0.115393
-0.136174
0.314574
0.572325
0.115391
-0.117809
0.114621
0.411756
-0.043807
-0.251691
-0.242165
-0.420933
-0.418163
0.708442
0.052509
0.055762
0.500436
0.627753
-0.549980
0.226112
0.374935
-0.107110
0.277468
-0.404029
0.474032
0.559050
-0.301079
0.240469
-0.510795
-0.006837
-0.464799
0.648923
0.533288
0.243916
-0.230834
0.518182
-0.476333
-0.280754
0.062256
-0.203534
0.444934
0.086496
0.421559
-0.284064
0.081514
0.488627
0.033751
-0.577792
0.388530
0.076403
-0.386795
0.066407
-0.073541
0.543852
-0.240483
-0.649257
-0.176252
0.387806
-0.322645
-0.245660
-0.484831
-0.094830
-0.322303
-0.219809
-0.068485
-0.302095
0.086911
0.422420
-0.666839
0.584147
-0.121043
-0.018255
0.194279
-0.150004
-0.491056
0.411568
0.264559
-0.058632
-0.644881
0.148622
-0.338737
-0.187933
-0.418327
0.362200
-0.533869
-0.540544
0.631855
0.266163
0.008110
0.040204
0.149295
0.152036
-0.113832
-0.089954
-0.023780
-0.319195
-0.325633
-0.244562
-0.676138
-0.459271
-0.001207
0.548183
-0.069752
0.193308
-0.261782
0.023843
0.642512
0.450072
-0.030673
0.383981
0.028182
-0.238001
0.568261
0.364641
0.401609
-0.305589
-0.415541
-0.050768
-0.261424
0.483710
-0.037943
-0.104786
-0.669570
0.479057
0.681462
-0.479208
0.316049
-0.308176
0.078440
0.370667
-0.113092
0.343769
0.512638
0.157075
-0.789573
0.336266
0.172043
-0.115911
0.216754
0.420802
0.213000
0.477969
-0.456062
-0.201040
0.164849
0.122488
0.051336
-0.106613
0.077947
0.030960
0.137587
-0.320196
0.183912
0.305403
0.145371
0.517363
0.541204
0.443969
-0.347572
0.422207
0.201744
-0.360671
-0.211035
0.548263
0.658843
-0.019739
0.046701
0.294906
-0.141061
0.280365
-0.623023
0.189679
-0.372887
-0.396374
-0.436757
-0.300048
-0.173991
-0.411721
0.328513
-0.094636
0.115936
-0.123697
-0.013172
0.126632
-0.262383
0.207305
-0.361680
0.254657
0.495445
0.345550
-0.154282
-0.055742
0.245278
-0.453537
-0.191851
-0.282910
-0.297468
0.127320
0.097053
0.343904
-0.628692
-0.102698
-0.544019
-0.633369
0.485705
0.093220
-0.057014
0.287724
-0.322996
0.381816
-0.355509
-0.413374
0.191157
0.320352
0.580594
0.347450
0.037068
0.279525
0.575195
-0.403067
0.242862
0.270615
0.087046
0.036360
0.083346
-0.441349
-0.128443
0.254263
-0.544756
0.203269
0.126892
-0.641365
-0.223216
0.419286
0.122672
-0.254041
0.159818
-0.261408
0.042469
-0.299105
0.094150
-0.163046
0.248597
0.421200
-0.456598
-0.221239
-0.321446
0.245447
-0.427152
-0.183538
-0.429129
0.275428
0.467723
0.658382
-0.611580
0.273213
-0.049110
0.397633
-0.275526
0.138967
-0.505125
0.052557
-0.239919
-0.248706
-0.115620
0.460814
-0.443570
-0.237838
-0.246061
-0.362022
0.266852
0.020097
-0.366363
-0.147254
0.472902
-0.463919
-0.486525
0.346061
-0.333462
0.244401
-0.236474
0.089841
-0.083547
-0.456372
0.348905
-0.008957
0.411648
-0.701403
-0.228201
0.637497
0.197553
-0.049884
-0.028295
0.590021
0.457600
-0.166833
-0.221570
-0.075418
0.105426
0.286829
0.156896
0.075676
0.012923
-0.185061
-0.181164
0.369154
0.566432
0.338226
-0.143138
0.242232
0.374597
0.444559
0.447218
0.477702
0.033824
0.004987
-0.208974
-0.014792
0.008151
-0.398886
