0.056500
0.376908
-0.526956
-0.013025
0.094778
0.452166
-0.570256
0.103898
-0.192996
-0.096388
0.225065
0.034623
-0.025963
-0.366811
-0.118091
0.029797
-0.357308
0.500470
0.384780
0.548602
0.192574
-0.358557
-0.307746
0.557376
0.270045
0.378561
0.725247
-0.281204
0.036698
0.048690
0.255828
-0.134636
-0.357476
-0.281326
0.098180
0.365367
-0.356500
0.361866
0.032175
0.167215
0.282715
-0.056331
-0.157117
-0.347795
-0.619601
0.380837
0.218645
-0.109647
0.044068
-0.416087
-0.068997
-0.069193
0.587324
-0.314236
0.081287
-0.302266
-0.234876
0.007351
0.263740
0.197774
0.074894
0.515170
0.228204
0.038275
-0.446327
-0.385464
-0.576896
-0.048868
0.378884
0.075123
0.046245
0.295950
-0.465952
-0.285189
0.569139
-0.291766
-0.352240
-0.533487
0.561841
-0.378054
0.159837
0.244153
-0.570724
-0.423116
-0.363664
-0.422942
-0.235948
0.133734
0.280543
-0.032285
-0.100244
0.320231
-0.049478
-0.156115
0.196273
0.296068
-0.018272
-0.372578
-0.032663
-0.236013
0.605773
0.365416
0.033067
0.384295
-0.212967
-0.489578
0.477903
0.136566
0.736924
-0.357960
0.072732
-0.666420
0.122979
0.025542
0.325247
0.323555
0.057079
0.011732
-0.131211
-0.120747
-0.406718
0.346601
-0.529470
-0.242562
0.338773
0.068420
-0.081381
-0.381462
-0.359127
0.347355
0.362879
0.069743
0.575387
0.279213
0.123086
-0.463463
-0.214933
-0.476698
0.388232
0.553438
0.122408
-0.160089
-0.593040
0.024804
-0.576975
0.143695
-0.480922
0.119425
0.208488
0.172865
0.290167
-0.301067
0.196322
0.090078
-0.262982
-0.303480
-0.244140
-0.334428
0.373435
-0.361148
-0.815454
-0.013097
0.571672
-0.184677
0.297342
0.500795
-0.080566
0.465370
-0.266547
-0.580761
-0.080612
-0.349649
0.059973
-0.094407
0.285888
0.074570
0.060870
-0.062102
-0.076630
0.369539
-0.181681
-0.595878
-0.393743
0.124457
-0.128943
0.150248
0.461144
0.195043
-0.094581
0.111439
0.015546
-0.162744
0.125253
-0.198469
0.160005
0.116608
-0.310352
0.069822
-0.035397
-0.285432
0.184614
0.085414
0.504984
0.286013
0.274434
-0.149999
-0.457503
-0.079589
0.031724
0.124544
0.309636
0.421939
0.617596
0.295929
0.497368
0.288013
-0.076449
-0.481183
-0.125031
0.229437
0.535008
-0.047160
-0.392225
0.068631
-0.197938
0.651615
0.685375
-0.175121
0.286576
-0.156683
0.494774
0.399838
0.248221
0.105042
-0.425148
0.054935
0.270946
0.030020
-0.446206
-0.496593
0.539385
-0.379220
0.213243
0.052673
-0.408612
0.135659
-0.077503
-0.261809
0.389279
-0.330791
-0.278168
0.454484
-0.560358
0.316538
0.419803
-0.346598
-0.223566
0.586980
0.306125
-0.318234
0.013656
0.588291
-0.313727
0.659335
0.372218
0.163881
-0.631381
0.436706
-0.010050
-0.458759
-0.088766
-0.477506
0.061904
-0.049162
0.583894
0.652920
-0.199218
0.011819
-0.813900
-0.002746
0.245130
0.388103
0.541896
0.520149
-0.001063
-0.272519
-0.010613
-0.196602
0.213216
-0.234444
-0.502669
-0.227337
-0.483655
-0.262293
0.179946
-0.209427
0.093335
-0.563783
-0.413087
0.342747
0.320919
0.456898
0.563497
0.457914
0.142350
-0.327227
-0.445645
0.215806
-0.275108
-0.680450
0.124439
-0.787287
-0.286917
-0.208706
0.048437
-0.315058
0.390056
0.579966
-0.357117
0.057974
0.231711
-0.032372
-0.386453
0.516104
-0.006548
-0.126704
0.406934
-0.197952
-0.144564
-0.363508
0.131530
-0.369924
0.011890
0.266105
-0.054249
-0.046300
-0.537040
0.393887
-0.171636
-0.208085
0.252277
0.270602
0.383676
0.079943
-0.379674
-0.170514
-0.146873
-0.523103
-0.553427
-0.096379
-0.406504
0.568199
-0.355573
-0.060910
0.109987
-0.145690
-0.042875
0.255998
-0.434036
-0.151074
0.133661
0.371447
0.248304
-0.033250
-0.515882
-0.054897
0.319930
0.465758
-0.063218
-0.062353
0.628994
0.265144
-0.263183
-0.194909
0.112945
-0.147155
0.264980
-0.254873
-0.476716
0.037193
0.181439
-0.237368
0.226010
0.349418
-0.133442
-0.245193
0.189435
-0.291934
0.049076
0.062947
0.073087
-0.516447
-0.346950
0.292322
0.385722
-0.479025
0.667609
-0.181976
-0.198527
0.283622
-0.226904
-0.052892
-0.333571
0.282891
0.108466
-0.529120
0.381076
0.207906
0.031048
0.438209
-0.372629
0.601388
0.385836
0.117913
0.145163
0.272118
0.226320
-0.242664
-0.354964
0.293574
-0.234338
0.100427
0.065298
0.453589
0.436613
0.051900
0.464984
-0.033734
-0.231875
-0.266809
0.502264
-0.553299
-0.068205
-0.240020
-0.339044
0.140133
-0.006539
-0.146577
-0.079037
0.076736
0.543416
0.465578
0.058718
0.722893
0.403342
0.453019
0.115558
-0.560706
-0.044714
0.279662
0.150012
-0.404757
0.393731
0.290604
0.394483
0.319079
-0.232586
0.209720
-0.025898
-0.059198
0.120513
-0.331090
-0.274688
-0.173848
-0.576452
-0.170605
-0.103688
-0.280579
-0.623093
-0.348518
0.164902
0.145401
0.503365
-0.355588
-0.025689
0.101711
-0.372866
0.183513
-0.195634
-0.143103
-0.119084
0.077148
-0.586940
0.120405
-0.338135
-0.517646
-0.370905
0.125292
0.632652
0.153898
-0.437360
-0.295410
0.166762
-0.042896
-0.221583
-0.155390
0.016929
0.027897
-0.207062
0.053854
-0.020897
0.336008
-0.131448
-0.469280
0.265896
-0.022238
-0.148627
-0.212119
0.127713
-0.396770
-0.298677
-0.064807
-0.237598
0.039323
-0.404049
-0.543394
-0.451459
0.200155
-0.145883
0.517051
0.338532
0.044715
0.218889
-0.545843
0.204275
0.320660
0.780401
0.567511
-0.138091
0.061031
0.181044
-0.151522
-0.107642
0.392692
0.566135
0.223886
-0.466904
-0.291807
-0.010508
-0.170092
-0.394616
0.593560
-0.198710
-0.715986
0.589814
0.086838
0.233160
0.419421
-0.617610
0.259675
-0.482897
0.246392
0.478277
-0.039016
-0.058882
-0.024707
-0.093089
-0.193608
-0.524339
-0.382015
-0.381682
-0.214545
0.087002
0.245917
0.372099
0.205687
0.463944
-0.049407
-0.271985
0.181918
-0.032354
-0.228859
0.224795
0.116597
0.155587
-0.209387
-0.073070
0.030868
-0.290881
-0.239964
0.325413
-0.123287
0.232642
-0.011955
-0.119807
-0.226654
-0.451477
-0.372807
0.237974
-0.189850
0.296463
-0.115481
-0.291574
0.739538
0.432174
-0.534971
0.370644
0.351461
0.393919
0.164615
0.149329
-0.152263
0.104858
0.041809
0.134678
0.147813
-0.756380
-0.188569
0.119356
0.326091
0.484112
0.010775
0.059545
0.390138
-0.505808
-0.362475
0.625374
-0.417817
0.435837
0.027762
0.436032
-0.030428
-0.371905
0.113636
-0.083315
0.252440
-0.360642
-0.024829
0.490243
-0.046240
-0.283370
-0.414995
0.212252
0.150685
-0.487452
-0.266449
-0.574197
0.045170
-0.405706
0.136296
0.177210
0.000367
-0.055452
-0.521978
0.546057
0.522243
0.468223
0.308930
0.285773
-0.494682
0.334635
0.088428
-0.279857
-0.602600
-0.393079
0.581326
0.203730
0.089395
0.193707
-0.062144
0.255406
-0.024224
-0.374117
0.406908
0.198597
-0.109439
0.113771
0.037094
0.354041
0.035415
-0.117894
-0.639927
-0.294220
-0.014990
0.247679
-0.053145
-0.176674
-0.074900
-0.535419
-0.521988
-0.191574
-0.443785
-0.466995
-0.361035
0.337456
0.125328
-0.553877
0.684343
0.257112
0.329554
-0.181474
-0.231728
-0.619667
-0.693774
-0.129855
0.299197
0.497042
0.026985
-0.342470
0.491909
-0.182153
0.167900
0.071663
-0.007406
-0.068715
0.215177
-0.125400
-0.348542
0.338979
0.134897
-0.223841
0.315860
0.292506
-0.032155
-0.830478
0.526534
0.141311
-0.369682
0.208723
-0.610776
-0.156856
0.385445
0.321068
0.361394
-0.492610
0.131706
0.259762
0.044687
0.289533
-0.122507
0.067910
0.439461
0.368385
-0.290059
-0.129388
0.095919
0.141034
0.518638
0.336319
-0.208263
-0.061261
0.453769
0.057317
0.085722
-0.482968
-0.390095
0.141791
0.170446
-0.461084
-0.215263
0.033998
-0.102175
0.085259
0.390981
-0.221695
0.011218
0.217720
-0.567658
-0.469754
0.291036
-0.156720
-0.025920
-0.078228
-0.238681
0.487450
-0.023247
0.006458
0.641240
0.109400
0.394711
0.206800
-0.297697
-0.061104
0.264646
-0.268008
-0.523404
-0.249393
-0.075085
-0.440811
-0.322372
-0.224595
0.400604
0.595036
0.553219
-0.595528
0.102392
-0.090172
0.356671
0.185092
-0.171092
0.116353
-0.310597
-0.290090
-0.446499
-0.699116
-0.290436
0.466032
0.220897
-0.323469
-0.647842
0.061754
0.268024
-0.105935
-0.379955
-0.381621
0.013342
0.423851
-0.282493
-0.138924
0.232763
-0.001648
0.174814
-0.614577
-0.017267
0.137059
0.480201
