-0.110724
-0.180061
-0.095683
0.635972
-0.244960
-0.225507
-0.399325
-0.139548
0.471870
0.253345
-0.308266
-0.274038
0.004376
-0.057148
-0.605451
0.204931
-0.262440
-0.284929
0.033883
0.468061
0.398949
-0.209797
-0.170088
0.139384
-0.134687
0.351768
0.711902
-0.215340
-0.216664
0.489426
-0.182742
0.200914
-0.285461
-0.120495
0.518883
-0.109535
0.126087
0.083812
-0.609005
0.197028
0.135044
0.161371
-0.478763
-0.172738
0.000422
-0.543204
-0.218380
-0.107499
-0.205017
-0.556358
0.545420
0.681341
0.569393
0.190789
0.020708
-0.234564
-0.041220
-0.066064
0.066762
0.596062
-0.004016
-0.215777
0.227683
-0.394346
-0.378845
0.453681
-0.331030
-0.583618
-0.308362
-0.398499
0.083612
-0.412366
0.277012
-0.451199
0.325352
0.152370
0.234817
0.137388
-0.217309
-0.276419
0.202019
0.207939
-0.208574
0.074532
-0.086388
-0.019159
0.353372
0.372609
-0.141410
-0.377622
0.294942
-0.114322
-0.321588
0.063344
-0.109483
-0.383564
0.188586
0.375682
0.622074
-0.448035
-0.088809
-0.456400
0.372231
0.309913
-0.013867
-0.268547
-0.269132
-0.492876
0.240704
0.184339
-0.196951
0.171768
-0.536667
0.391462
-0.052563
0.260807
0.256807
-0.018233
0.552106
-0.188764
-0.035736
0.279522
-0.281928
-0.568759
-0.435014
0.227538
-0.211123
0.224257
0.651568
-0.401223
-0.745488
0.540408
-0.526115
0.190168
-0.384858
-0.274714
-0.067559
0.411662
-0.330822
-0.371213
0.071345
-0.174866
-0.447438
0.324420
-0.051700
-0.075830
0.069214
-0.499559
0.553706
0.014939
-0.218803
-0.416919
-0.109130
-0.161044
0.129558
0.340716
-0.198037
0.312090
-0.589296
0.264000
0.508849
0.281777
-0.246101
0.318250
0.166067
-0.038118
0.469363
0.220347
-0.323871
0.368969
0.484420
0.403332
0.019710
0.101593
0.314466
-0.255388
-0.066918
-0.023040
0.005176
0.131347
0.107490
0.731150
-0.041016
-0.405089
0.363061
-0.337273
0.302184
-0.408739
-0.121482
0.415135
0.559278
0.326455
-0.171742
-0.277789
-0.062643
-0.216803
-0.224218
-0.021238
0.078726
0.658032
-0.207393
-0.481159
-0.299610
-0.057666
-0.443924
0.098755
-0.373858
0.003018
-0.377951
0.248402
0.058076
-0.194795
0.131697
0.414204
-0.534296
0.098877
-0.009158
-0.224545
0.126155
0.213398
0.500462
0.404756
-0.442965
-0.661528
0.119329
0.588950
0.009486
-0.330711
0.175427
-0.417032
0.171695
-0.374425
0.248221
0.009815
-0.503135
-0.485721
0.300709
-0.267347
0.234637
-0.453648
0.311889
0.721594
0.107126
0.209302
-0.558618
0.156294
0.277183
0.225956
-0.347605
0.098025
-0.217686
0.340391
0.365863
0.366134
0.585958
0.273978
-0.221269
0.366658
-0.242503
-0.378084
0.409725
0.085524
-0.297042
-0.251797
-0.384866
0.209746
0.111896
0.555753
-0.149385
0.776910
-0.078689
-0.150185
0.410492
0.232428
0.383286
-0.321012
0.110905
0.539574
-0.072606
0.194637
0.143252
0.245012
-0.457791
0.424941
-0.397373
0.798315
0.407021
-0.374717
0.204552
-0.032216
0.105893
0.362866
0.354496
0.018482
0.177769
0.067002
-0.055821
0.053900
-0.588830
0.308332
0.005786
-0.114575
0.171878
0.434515
0.075316
-0.335592
-0.415687
0.355738
-0.134812
-0.397967
-0.060542
-0.106919
-0.514852
0.156295
0.384674
0.471108
-0.532584
-0.059355
-0.100028
0.323205
0.029362
0.335116
0.069266
0.284188
-0.055521
0.035444
0.337173
-0.074712
-0.035662
0.341461
-0.404654
-0.007947
-0.024204
-0.769979
-0.264945
0.058313
-0.408880
-0.336158
-0.418682
0.518744
0.045705
-0.259308
-0.073123
0.271561
0.335596
0.159415
0.142762
0.368468
-0.340530
0.628765
-0.139408
-0.472169
0.020421
-0.161394
-0.054990
0.560964
0.178573
0.080232
-0.379159
0.036273
-0.019397
1.013452
0.057155
0.512058
0.345321
0.501667
0.419000
-0.300454
0.196323
-0.039044
0.000643
-0.542081
-0.019714
0.340848
-0.316751
0.037579
-0.495606
-0.096636
-0.027585
-0.050490
0.062720
-0.064348
-0.612098
-0.044568
-0.053647
0.210130
-0.182499
-0.367374
0.114567
0.413249
-0.012140
-0.572497
0.269030
-0.746287
0.354044
-0.520506
0.439051
0.330567
0.095469
-0.299355
-0.269772
0.433678
0.307441
0.189572
0.617543
0.181801
-0.186710
-0.089735
0.459087
0.238861
-0.386705
0.477739
0.041396
0.338422
0.421633
0.171183
0.197775
-0.108723
0.181729
-0.608772
-0.271696
0.431144
-0.009316
-0.527790
0.396486
-0.041235
0.147825
-0.292197
-0.230349
-0.209425
0.276636
0.162291
-0.531334
-0.376020
-0.346674
0.224960
0.019887
-0.449530
0.125041
-0.479873
-0.372224
0.227939
0.150851
-0.288760
0.200937
-0.086236
-0.035718
-0.484459
0.485847
-0.321589
-0.155179
-0.178573
0.257748
-0.255789
0.423661
0.163819
-0.400584
0.533003
0.262663
-0.486711
0.186051
-0.842764
0.203965
-0.101495
0.475463
-0.045307
-0.048082
0.366325
0.315304
-0.365170
-0.351805
-0.262891
-0.274362
-0.469371
-0.460162
-0.197478
0.176614
0.310321
-0.253326
-0.123293
0.349251
-0.349304
-0.317367
0.584773
0.573439
-0.195234
0.315291
-0.411841
-0.039008
0.056662
-0.253862
-0.122405
-0.014175
-0.013569
0.281599
0.169336
-0.514037
-0.556352
0.039397
0.670849
0.128255
-0.506475
-0.301049
0.658772
0.199170
0.103090
-0.632060
-0.499362
0.380739
-0.194475
-0.158730
0.469820
-0.555605
0.551623
-0.573580
-0.023239
0.228878
0.200157
-0.368268
-0.263151
0.438895
-0.187919
-0.232646
-0.215668
0.314844
0.251390
0.147716
0.342058
0.378922
0.104486
0.342403
0.462133
-0.560244
0.008263
-0.577524
-0.042003
0.303192
-0.282734
0.074011
0.040284
0.495653
-0.408000
0.363330
0.377172
-0.305349
-0.092632
0.295017
0.029804
0.066981
-0.470925
0.398270
0.395505
-0.458908
-0.415036
0.406682
-0.484732
-0.276290
0.009708
0.245704
-0.271850
0.200185
0.133747
-0.308791
-0.319655
0.435015
-0.092825
0.580722
-0.192630
-0.391640
-0.523504
-0.146003
0.184929
0.383476
-0.263055
0.339830
0.492216
0.352610
0.341873
0.236051
-0.055967
-0.153952
-0.032376
-0.213944
0.510416
-0.473308
0.110621
-0.021076
-0.634164
-0.390678
0.367805
0.078194
-0.272631
-0.303689
0.340314
0.583757
-0.332222
-0.096828
-0.393215
0.488386
-0.220849
0.214639
-0.559379
-0.353751
0.407815
-0.256593
-0.450158
-0.146563
0.241374
0.353911
0.020145
0.364089
0.116582
0.353807
-0.212318
0.076341
-0.143850
-0.353818
0.133759
0.551345
0.153458
0.330015
-0.482866
0.073364
0.045134
0.256404
-0.304083
-0.254289
-0.205172
0.325767
-0.055486
-0.184212
0.495295
0.084174
-0.452512
-0.336591
0.021732
-0.472581
0.413454
-0.174128
-0.100081
0.314975
0.134915
-0.264794
0.244859
0.105163
-0.497561
0.575342
0.377034
0.161457
0.366094
-0.166982
-0.560458
-0.318958
0.207952
-0.019588
-0.666063
-0.317708
-0.220630
-0.431547
0.117540
0.225365
-0.516613
-0.481421
-0.224144
-0.278093
0.167873
0.351554
-0.305106
0.106965
-0.516724
-0.644674
0.010942
0.240751
-0.140375
-0.051551
-0.227613
0.504876
0.310746
0.110517
0.238701
-0.403032
0.560974
-0.012350
-0.197813
-0.506108
0.191128
-0.143643
0.437033
0.354224
-0.396028
-0.206088
0.101402
-0.551485
-0.559950
-0.255964
0.239772
-0.357375
-0.099972
0.259841
-0.487507
0.405940
0.150715
-0.297103
0.614170
-0.230341
0.085978
0.419490
0.303918
0.119791
0.282519
0.165742
-0.634904
0.408572
0.063162
0.545714
0.051172
0.055739
-0.158829
-0.293081
-0.554916
0.095381
-0.361569
0.043552
-0.127925
-0.195519
0.007857
0.178501
0.263278
-0.054463
-0.098598
0.146537
0.105189
0.504713
0.179975
0.209130
-0.218347
0.216801
0.269308
-0.650667
-0.308979
0.361717
-0.056660
0.125342
-0.540597
-0.644298
-0.009768
-0.313836
0.106495
0.572542
-0.144802
-0.053701
0.174181
-0.507839
-0.053650
-0.057606
-0.173168
0.250290
0.134636
-0.465503
0.331442
0.529979
-0.341190
0.142087
0.459717
-0.203629
-0.715327
-0.198040
0.532920
-0.468872
-0.494326
0.164070
-0.183881
-0.230497
-0.025489
-0.019253
-0.267919
0.302858
-0.112474
-0.091187
-0.167428
-0.105063
-0.251405
-0.298515
0.016948
0.179884
0.160533
-0.281239
0.327897
-0.452722
-0.404361
0.335175
0.268877
0.082281
0.191802
0.016796
0.121056
-0.350853
0.448482
-0.231377
-0.060211
0.116990
0.040067
0.492808
-0.692281
-0.665093
-0.358494
-0.429391
0.035389
-0.316293
0.251914
0.723261
0.090884
0.597888
0.062527
-0.151819
-0.302915
