-1.569100
1.644723
-1.731190
-1.180781
1.259818
-0.281383
-0.441648
-2.270312
2.117881
1.166089
0.891689
-2.093894
-4.542506
-2.281537
2.778294
-3.086001
0.366398
-2.018859
1.386356
2.070279
-0.528520
2.341859
1.077753
-1.574956
-1.925895
1.269417
3.114982
4.167180
0.897984
2.050534
0.816881
3.293373
-2.000036
-1.758498
2.027932
-1.318880
-4.511144
-1.824357
1.176148
0.520028
-0.505499
0.956434
1.764208
-1.766582
-3.822801
-2.322250
0.829101
-0.165009
-1.525188
-0.701059
0.987282
-0.666360
3.816916
2.382225
-2.336394
-0.828533
-0.569553
-0.827905
-2.789573
-1.296444
-2.102570
0.767057
1.989323
2.161483
1.657000
1.081117
3.981559
-0.647401
-4.016139
1.500422
2.228606
0.084632
2.740403
-0.255779
-1.052162
-2.113706
0.460052
0.499540
1.140889
-1.471311
1.315118
0.424338
-0.786977
-1.151310
1.068992
3.809667
-1.821832
0.563662
-0.598822
-2.775841
-0.472788
1.154448
-0.982587
-2.258897
-0.537117
0.629335
0.918191
2.265871
-0.193488
1.025484
-1.893825
-2.187170
2.315816
-0.103762
-1.373583
-1.420609
1.721359
-0.562866
1.810449
3.902508
-3.028234
-3.264307
-0.463538
0.881171
-2.542706
-1.371410
1.512681
-2.911013
2.286752
-1.689561
-1.786460
-3.717156
-0.695266
1.319871
0.339148
0.260419
-2.185156
-2.483485
-1.811962
-1.455651
1.668976
-0.484470
2.156254
4.900365
-0.665200
-2.367322
-0.038698
-1.064623
-1.595395
2.443043
2.168519
-2.415646
0.213039
2.006966
-0.459411
1.061001
5.126183
-0.725659
0.168670
-2.107247
-0.838531
-0.097670
-0.835616
2.896601
-4.134808
-0.976701
0.889239
2.250674
1.387761
-0.420057
-1.929578
-1.121286
-0.804400
1.566594
-0.962463
4.082526
3.904035
-3.647157
0.747211
4.154029
-0.275668
-0.835538
-1.283655
0.256391
-0.033031
0.874528
0.876626
-0.219717
-0.721878
0.315516
-1.504621
0.568838
-0.362896
2.152558
-1.651447
2.333921
-3.977419
3.820277
-2.523173
-0.309991
-1.307077
0.845078
1.899684
1.193845
-1.078002
1.225055
-4.058456
1.184150
-2.031317
-2.809490
0.501894
2.136466
-0.073851
-0.759495
-4.704741
-1.178004
2.666859
3.381658
0.659542
-1.131646
1.757152
-0.849104
-2.462953
-0.398226
-0.851959
-0.340314
1.875275
-0.341768
2.431641
-1.831922
-0.817766
-4.018367
3.597828
-1.394756
-0.729708
-0.036831
-4.609245
0.598557
-2.692798
-2.327987
-3.733325
0.741134
2.090394
-0.014705
-0.028773
0.115359
-0.808253
0.128867
-2.999988
0.945359
-0.432085
0.531061
0.351199
0.700995
-0.223398
2.363371
3.717355
-5.039404
3.939076
0.389689
-1.780854
-0.242383
-1.830972
1.628303
-1.828062
-1.926651
0.442236
1.475889
-1.998230
-2.488176
-2.211013
-1.385396
0.416038
-0.719310
5.070127
-0.992225
-0.398899
1.322336
0.406488
3.126874
-3.470256
0.622217
-2.239827
-1.338073
2.815738
-1.355123
-0.543651
3.733097
-1.514845
-0.091111
0.533443
-0.681702
0.313057
1.100702
1.278543
0.494527
2.228003
-1.456086
1.498821
0.281632
-1.010341
-2.432367
1.347406
3.513481
3.344569
0.712658
0.745701
-5.243092
-4.294625
2.036495
-0.234564
-1.456014
1.001604
0.346272
3.304281
-1.772862
-3.378440
-1.642608
-0.347886
-0.649653
5.279514
-3.819652
-3.211900
-0.734526
3.529720
3.160504
0.263666
-5.577733
4.814262
-4.219054
-1.710784
-0.331595
0.263959
-1.233013
1.218010
-0.239903
0.163252
2.332546
-3.022754
1.654973
-3.134733
-3.423089
-1.728625
-2.256296
0.800365
1.579344
0.288804
-5.311474
-0.592685
-2.704739
-0.617361
-1.214163
0.260258
0.841918
4.748554
1.558169
-0.007104
1.275603
-0.955661
-2.147126
1.464392
1.850829
-3.159039
-1.724718
-0.798622
2.650913
-0.907003
-3.789518
-2.159184
-0.548283
0.056920
-1.224196
-2.719908
3.098113
0.233521
3.129916
0.434174
0.776223
6.127089
-0.105588
-0.752237
-0.645320
-1.133330
1.082653
-0.330836
2.347226
0.255439
-2.164469
1.591539
-0.217234
2.253644
-0.872212
-0.881135
-1.692479
-2.017078
-0.280600
5.775724
2.012272
2.594885
0.241499
-0.886382
3.254567
0.847617
2.763553
2.612907
-0.345524
-3.984425
0.172984
2.390470
3.747257
-1.933685
-0.700929
2.729368
-1.796906
1.689837
-2.775492
-0.081452
1.283735
4.129660
1.221696
-2.702466
0.152407
-0.345095
-2.791909
-1.435814
0.530683
1.632870
-3.047631
0.604671
1.584312
-0.089448
-4.357122
0.711302
2.078494
0.291481
0.008021
1.830072
-2.027961
-1.167872
-1.004613
-2.267003
1.891684
2.144724
-0.804127
-3.101637
2.758422
4.199598
2.057989
0.041637
-3.651872
3.467497
0.570486
-0.553907
0.391795
0.890122
-2.053918
-1.907949
-1.787323
-0.047393
3.492688
-2.030862
1.253193
-0.720733
2.936296
1.515850
-0.641728
0.672133
-0.232024
-2.444072
1.510026
0.157340
-3.922910
-1.474367
-0.047152
0.316179
1.183477
-0.586750
1.275771
3.185327
0.149392
1.374783
-2.332661
0.019533
-0.026297
1.560512
1.310977
-1.727185
1.038760
0.550853
-0.187660
1.161073
0.053781
1.908027
-2.142978
1.297927
-3.268955
-1.291768
-2.517987
-2.281115
-2.574649
-1.047322
-1.959296
-0.660656
-1.165969
0.656057
-0.775722
2.779637
2.468613
0.285462
-0.335781
1.285878
-1.112533
-0.287499
0.492644
1.483597
1.745769
-2.352654
0.662483
1.567446
0.700944
0.835846
-1.217373
-3.179468
-1.106536
-1.102146
1.340134
2.086613
0.899695
1.485343
1.334103
-1.853564
0.177887
3.041644
-0.766680
1.070850
2.142653
-0.193664
-0.318085
-1.330565
3.286137
-3.528821
1.486386
0.984204
-1.308216
-0.273400
-1.379898
-2.487734
-4.173747
1.417150
0.940580
0.854008
2.536616
0.045536
2.130603
-1.548894
2.219349
-0.848987
-3.029194
1.253722
-0.551634
-1.471409
-0.858956
-2.138285
1.054801
0.155495
-2.658102
0.389683
-1.110298
-0.548387
1.337383
1.928889
-3.792491
-1.058880
1.438483
1.057617
-1.833659
-2.189981
-0.791705
-0.353851
-1.103134
-1.080439
-0.669351
1.908265
-1.635961
1.272106
1.750520
0.984482
-1.007235
2.206159
2.429955
-1.593643
1.300514
1.293201
-1.422893
2.411514
1.477912
-1.710059
-1.320386
1.594916
1.026392
-2.046076
-2.262401
-0.422224
2.818989
-1.096646
0.762996
0.951675
-3.828976
0.023172
1.622381
3.195459
-0.452035
-0.425956
3.104850
-1.670955
-0.257136
3.221333
1.284596
2.586090
1.834447
0.129638
4.466847
-1.298873
-2.777757
0.718515
-0.836597
0.534215
3.350227
2.398193
-0.093097
2.651516
4.589026
2.525248
-0.626220
1.226862
1.676326
-0.880716
-3.631952
-0.537988
-1.038617
-1.744414
-1.590811
-2.326122
3.194840
3.079660
2.150584
1.987299
-3.252937
0.320984
-0.448417
-0.177883
-2.181075
-0.452413
-0.391142
-1.046822
0.393884
1.250659
-1.848016
0.854015
-2.344691
0.520299
-1.165289
-1.003134
-0.458098
0.178415
-0.612350
-3.939086
4.397643
-0.085709
0.670428
-0.642491
1.315984
0.872043
0.879146
0.347889
-3.304138
0.762255
0.252247
-2.514501
3.458062
1.202047
1.558249
0.713377
-2.958738
1.767353
-0.980694
-1.876910
0.603968
-0.488253
-0.130111
3.670731
1.441980
-0.033674
1.660173
0.485832
-1.942986
1.016644
-0.205595
-0.995799
0.349024
-0.867483
-0.424811
0.767980
0.318061
1.470753
2.284746
0.362989
-1.795304
-1.871623
-2.903479
-0.330704
-3.127003
2.063843
0.182126
1.388252
-1.760125
0.367588
-2.511800
0.691807
0.840270
-0.824841
-2.980945
-1.540048
0.740468
0.122711
-0.322807
0.133701
-1.344273
-0.064014
-2.263464
-1.448612
3.968334
1.738361
-0.177889
-0.598571
-0.700491
-0.024128
1.014016
-1.802390
-1.757956
0.346586
2.337670
-0.847229
1.794054
2.374613
0.024312
0.268539
-0.681631
-1.930767
-0.045477
-2.522756
-1.420290
0.037072
-0.739661
-0.455349
-1.268737
-1.231111
-0.237368
-0.052093
-0.260792
1.733197
-1.513785
-1.918406
2.897108
2.642186
0.423834
1.335810
0.549025
0.173064
-1.104844
-1.558319
-1.444089
-1.397607
-0.391761
-1.563529
0.995067
-3.362237
0.014771
3.439266
0.497916
-1.192627
