0.011600
-0.115141
-0.251413
-0.076700
-0.046664
-0.251625
-0.088237
-0.156952
0.418855
0.256293
-0.115593
-0.479711
0.245820
-0.584343
-0.184082
0.376494
0.362119
-0.217172
-0.317550
0.460421
0.303037
-0.405884
-0.189206
-0.150309
-0.498317
-0.082584
0.137645
0.544316
-0.074136
-0.065556
0.601325
0.131990
-0.358172
-0.383934
0.387605
-0.074617
-0.536657
-0.139862
0.095877
-0.187447
0.161152
-0.145760
0.027106
-0.160008
0.170130
0.108258
-0.173557
-0.144753
0.244042
-0.075812
-0.338879
-0.088715
-0.005583
0.031783
0.267723
-0.136305
0.137803
-0.076535
0.033293
0.202394
0.385637
0.380892
0.160848
-0.567580
0.357606
0.277446
-0.738307
0.025611
0.288197
-0.360481
-0.116779
0.096173
-0.144717
-0.144131
0.388823
-0.146114
-0.187005
0.060069
-0.128042
-0.193873
-0.139436
-0.296665
0.238049
0.606541
0.096681
-0.193405
-0.474511
0.476824
-0.577513
0.047287
-0.382279
-0.157392
0.201471
-0.337971
0.461573
-0.461118
0.235466
-0.114173
0.421259
-0.139234
-0.291893
0.184841
0.167441
0.295238
-0.428497
-0.387935
0.111407
0.447889
-0.250378
-0.311208
0.358120
0.188553
-0.453871
-0.373431
0.310504
-0.081068
0.447978
0.325039
-0.234778
0.262496
-0.463597
0.581368
0.394491
-0.377723
-0.490896
-0.169654
0.269671
0.051046
0.644626
0.226258
-0.252152
0.069072
0.131100
0.353161
-0.483066
0.207095
-0.210315
-0.637680
0.049821
0.030945
0.684448
-0.096158
-0.156366
-0.351866
0.298864
-0.161428
-0.598831
-0.274300
0.347128
0.256708
-0.125155
-0.133175
-0.013457
0.194571
0.410152
0.417143
-0.394615
0.124335
0.214117
-0.068270
-0.558215
-0.000384
0.747880
0.058874
0.129101
0.410014
-0.195263
0.168888
0.193399
0.200280
-0.360051
0.487784
0.032181
-0.090287
0.128691
-0.352831
-0.740037
0.273834
0.144244
0.034004
-0.187547
0.532923
0.098598
-0.247895
0.119793
0.272714
0.139525
0.024732
0.041546
-0.539833
-0.188000
0.027990
-0.117103
-0.258432
-0.284253
-0.339832
-0.004820
-0.454863
0.033387
-0.262249
-0.100017
-0.078964
-0.528275
0.320521
0.728594
0.436008
0.197568
-0.541668
-0.005376
0.357663
0.028413
-0.234707
-0.092578
0.573289
0.441698
-0.366657
0.404516
0.276376
-0.203360
0.436184
-0.209357
0.234186
0.168420
0.247455
-0.074363
0.538369
-0.635514
-0.197387
0.505468
0.000360
0.061584
-0.255427
-0.363503
0.362393
-0.479554
0.195569
0.055576
-0.215918
0.321718
-0.003046
-0.418835
0.341952
0.391433
0.040990
-0.199552
0.358921
0.104487
0.294124
-0.314729
-0.000623
-0.022922
-0.350867
0.058469
0.430982
-0.120013
-0.535256
-0.638118
0.530319
0.209815
-0.200716
0.143093
0.248074
-0.418103
0.342954
-0.228329
-0.185208
0.265111
0.608630
0.548023
0.323161
-0.109405
-0.167645
0.622168
-0.329844
-0.440192
0.300163
0.458386
0.014595
0.005608
0.138406
0.391513
0.181292
0.591792
0.351936
0.167619
0.351099
-0.443516
-0.570477
0.547495
-0.273192
-0.820831
-0.506141
0.222223
0.046266
-0.337674
0.008800
-0.403767
0.090800
-0.264366
-0.023780
-0.200835
-0.186119
-0.205849
0.037210
-0.175844
-0.108944
0.062925
0.068731
-0.411680
-0.414061
-0.412742
-0.070926
-0.423254
0.014021
-0.371515
-0.299401
-0.562529
0.597598
0.119380
0.401674
0.217819
0.219876
0.428790
0.269099
0.346953
-0.509769
-0.229916
-0.502969
-0.632473
0.243603
0.128756
0.036677
0.320727
0.271819
-0.324212
0.037460
-0.448062
-0.131876
-0.075762
0.171323
0.313783
0.403756
-0.227019
0.147914
-0.072121
-0.632468
0.281898
0.242404
-0.435400
0.604137
-0.036243
-0.451432
-0.309276
0.101516
-0.276305
0.135978
0.345702
0.112530
0.563077
-0.044452
0.071522
0.256399
0.120100
-0.449421
-0.523804
-0.629225
-0.184794
-0.604127
0.388737
-0.267038
0.112957
0.245218
-0.333595
-0.107074
-0.235003
-0.221571
-0.420267
0.153714
-0.501299
-0.163729
0.130725
-0.325306
-0.085638
0.317909
-0.441909
0.266993
0.005836
-0.180891
-0.020862
0.618181
-0.251416
-0.256960
-0.278009
0.446706
0.390717
-0.506479
0.107849
0.358442
0.008856
-0.389937
-0.662198
0.391313
-0.219608
0.325966
-0.067257
-0.392692
0.304942
-0.098726
0.306165
0.062302
0.402486
-0.657490
-0.295298
-0.088540
-0.195076
0.440009
-0.067643
0.112841
-0.135116
-0.474993
0.408086
0.376663
-0.171735
-0.097537
0.305156
-0.126091
0.462947
0.397530
-0.070832
0.257614
0.169869
0.160697
-0.417324
0.130391
-0.090968
-0.252896
-0.007524
-0.133816
-0.598049
-0.638738
0.597843
-0.221804
-0.137080
-0.326081
-0.182546
-0.121052
0.252784
-0.092784
0.286236
-0.501063
-0.345813
0.393645
0.041046
-0.089704
-0.128827
-0.241718
0.407008
0.276773
-0.075549
0.250046
0.544698
0.214527
-0.173103
-0.245382
-0.276462
0.070839
-0.039442
0.036698
0.074153
-0.377513
0.053545
0.166474
-0.077075
-0.233268
0.281454
-0.506370
0.433420
0.246988
0.317270
-0.103804
-0.349407
-0.075780
-0.493305
0.147756
0.480604
0.097714
-0.073425
-0.190934
-0.009388
-0.294184
0.492074
-0.657020
0.463514
-0.477064
0.373515
-0.059052
0.279779
0.000181
0.410571
0.077506
-0.501702
0.167916
0.582752
-0.062619
-0.518720
-0.251691
-0.465976
-0.262428
-0.138400
0.173483
0.707494
0.221753
-0.348337
0.187325
-0.297482
-0.138231
0.382109
0.170980
-0.380064
0.215628
0.259940
0.418106
0.593669
-0.074889
-0.468194
0.122247
0.079698
-0.320517
-0.519805
0.117239
-0.426001
0.204241
0.234207
-0.135747
0.323510
0.379971
-0.200511
0.000099
0.035163
-0.093370
-0.018246
-0.525589
-0.020926
0.773826
-0.370457
-0.536954
-0.545962
-0.042916
-0.300238
-0.430262
-0.019747
-0.318223
0.115566
0.518200
-0.181650
0.076324
-0.274061
-0.394848
0.276742
0.106832
-0.110168
0.293976
-0.011107
0.395313
-0.148757
0.005681
-0.235283
-0.406750
0.616364
-0.284833
-0.001558
0.098117
-0.355178
0.167416
-0.378523
-0.304664
-0.338737
0.297191
-0.113468
-0.169099
0.373736
0.539480
-0.235627
0.291935
-0.039294
0.291918
0.165430
-0.126979
0.361059
0.602295
0.199808
0.347427
-0.175256
0.332259
0.180224
-0.762402
-0.372309
-0.442363
0.032328
0.267366
0.153724
-0.036528
0.130912
-0.606116
-0.164880
0.369692
-0.201368
-0.484432
-0.044321
0.461765
-0.091433
0.265442
0.508172
0.073754
-0.226199
-0.583596
-0.065531
0.043448
-0.155661
-0.192672
0.456475
-0.207815
0.563263
0.251914
0.160929
0.082116
-0.048387
-0.105092
0.599351
-0.588546
-0.205494
0.145079
-0.010772
-0.040186
-0.589785
-0.092875
-0.240453
0.052275
0.311006
0.045955
-0.115574
-0.290434
-0.488400
0.467366
-0.573858
0.134397
0.601372
0.368035
0.183912
0.444178
0.014999
-0.429638
0.174130
-0.384166
0.026703
0.438578
-0.574012
0.128776
0.302504
0.057359
0.216164
0.178406
0.031519
0.386720
0.153593
0.409552
0.401941
0.078054
0.173719
0.439479
0.008456
-0.171027
0.217807
-0.400526
0.012890
0.229084
-0.033481
-0.060187
-0.069810
0.272533
-0.566135
0.143853
-0.083225
-0.445722
0.330413
-0.674113
-0.571574
-0.286489
0.169390
-0.352749
0.173353
-0.283564
0.143824
0.075487
-0.254007
0.252409
-0.703779
-0.192306
0.075986
-0.070145
0.465016
0.478284
-0.488156
0.271643
-0.479652
0.089451
-0.022925
0.396478
-0.344417
0.647546
0.051324
0.288962
-0.272675
-0.003670
-0.460253
-0.172263
0.032489
-0.416926
0.614906
-0.483356
-0.486226
-0.643537
-0.190394
0.218667
0.520637
0.247385
-0.154607
0.128808
0.316610
-0.161455
0.122672
-0.401380
0.322833
-0.262775
0.015407
0.434289
0.302045
-0.511411
-0.196993
0.682026
-0.042148
-0.492447
-0.356378
0.343395
-0.317038
0.476641
0.132133
0.183095
0.489011
-0.212678
-0.240314
0.287277
0.004122
0.362467
-0.314278
0.370431
-0.548467
0.022357
-0.283474
-0.509631
0.581379
0.020750
0.234403
-0.237838
0.273362
-0.340619
0.268368
0.274168
-0.148450
0.034609
0.441393
-0.458713
-0.043123
0.345509
-0.482942
-0.249843
-0.449169
-0.345114
-0.430632
-0.152112
0.023158
0.223045
0.401751
0.379355
-0.217718
-0.484056
-0.113481
0.389385
-0.149629
0.613581
-0.182978
-0.542529
-0.169473
-0.092972
-0.047742
-0.458787
-0.259350
0.070878
0.055337
0.546896
-0.381652
0.451047
0.428319
-0.061398
0.136569
0.168197
0.374597
-0.050925
-0.301665
-0.134301
-0.008303
0.477486
0.155017
0.026167
-0.051742
0.231494
