-0.008934
3.404452
-4.467430
-2.668680
-2.840581
1.409926
-3.951895
0.646017
-1.603588
0.813506
-1.197532
-0.908365
-1.842267
-2.509552
-3.208626
-0.441301
5.494578
-1.130189
-0.992597
-0.943370
2.331988
0.871962
-0.182413
-0.904457
-3.136647
4.744760
-2.326867
2.877255
-0.238271
2.255086
-5.002217
-5.629728
-0.052800
0.138460
0.158399
0.515931
-0.978426
-0.218281
-3.560659
-0.125753
-4.138473
-0.954086
2.562197
-0.717940
-1.438881
-0.578231
-11.738351
0.387394
12.535389
-0.326052
0.505843
-0.186775
-0.382441
0.074641
0.202700
-0.016949
-5.934333
0.120082
2.848969
-2.529214
0.772449
0.316865
-2.596768
4.358934
2.500426
1.183190
-3.775253
-0.899532
-1.552639
3.818777
0.821293
-0.912273
-1.419750
-1.631508
-0.838886
-0.270258
-2.359909
-0.881243
-0.107100
0.411917
-1.536615
-2.310805
-4.001643
-0.347231
-5.471074
-1.885213
-9.381886
-1.118036
2.937338
-2.579001
0.105453
-1.808657
1.587731
0.249602
-1.522607
6.253252
-6.577008
-2.661476
-2.605448
-1.567750
-2.893619
-1.395575
3.674808
0.289249
-0.327432
-0.900460
-0.198439
2.652726
-0.127128
-3.350327
-2.111143
2.057058
1.505150
-3.147630
0.539383
-6.232967
0.448700
1.177683
1.925634
0.529088
7.452289
2.393113
-2.043537
0.997974
7.754097
1.809903
0.433096
1.849657
-2.600063
-1.371821
-2.431806
-2.638978
-0.178556
0.889263
3.244568
0.742274
-2.731419
-0.883755
-3.012626
-0.530808
4.024495
0.976789
-2.733942
-2.903331
2.461735
3.350671
-3.468666
-0.385119
2.736626
6.168454
3.327832
-0.460819
2.201511
-0.640931
3.461802
1.939727
1.039564
1.709162
8.043801
2.991832
-0.054616
-3.307099
5.259962
-3.092484
-1.014996
-1.027093
0.832939
4.239779
-2.048265
1.076877
0.544428
-0.545446
3.562703
6.593044
-2.014591
-2.247642
2.490132
-1.975297
2.004435
4.375434
-1.235326
3.212259
0.284441
1.813158
-2.274661
1.152338
1.127564
-1.044424
-0.536839
1.176360
1.532825
1.629599
3.387353
-0.767053
-5.947080
-0.738473
3.644881
0.695670
-4.495066
0.942827
4.641780
-2.737026
-3.047230
-2.875258
-4.270512
1.839792
-2.520088
-2.918496
-0.372098
2.363915
0.834336
3.867132
2.452187
4.835130
-3.164383
-5.271333
-3.051665
2.064580
-3.081374
-0.054030
4.910759
-1.356238
-4.580601
-3.858194
-0.957255
-7.135397
3.872784
-5.442452
-2.930003
0.363709
-3.680125
5.078056
-7.502014
-0.743948
-5.636247
-2.761678
1.199761
2.726473
-2.225444
4.534749
-1.804164
-0.642618
-0.725729
-0.369537
-4.601872
4.459416
1.775988
-10.104288
-2.083600
-2.127108
2.663697
3.139486
-0.401798
0.051637
4.361298
3.354891
2.057455
0.367477
-2.366514
-0.786290
3.026958
-1.017035
7.216509
2.539439
-8.187961
0.317010
-5.422007
5.607488
0.170360
-2.619752
-4.725232
0.208477
1.745995
4.591115
3.423301
4.980644
-4.711823
-1.206367
-3.760309
-4.931695
-2.980480
-3.833649
6.784930
-0.138639
-0.191684
-3.544252
3.930235
0.119092
1.095568
-0.223362
-3.216603
3.926546
1.553775
5.605957
2.499775
2.775987
-0.886880
1.793620
-0.120336
3.187142
14.415834
2.407018
3.253482
-0.135880
1.083545
-0.744260
-2.218394
2.648703
-3.256627
-0.000091
0.362557
2.694289
-5.255379
-0.937121
0.440558
-1.851423
2.090563
-2.265589
0.330829
2.037070
0.370042
0.598477
-1.344003
-2.918179
-6.638960
1.286990
-6.187171
3.554030
-2.715060
0.579125
0.689669
-1.010718
-8.666028
5.358781
4.579924
-0.747300
-2.649907
-3.221762
-1.789015
-2.737157
2.349277
-2.149917
0.896013
1.415822
-1.092970
4.166069
0.900228
1.630411
0.427222
4.379309
-4.397720
-0.221205
-1.665793
-5.512435
-2.480602
-0.885475
4.957081
3.071816
3.960108
-4.821634
-1.520366
-2.525058
1.732631
-2.000170
2.816043
1.440032
1.696042
6.049342
-4.841852
1.528906
1.726634
-2.293068
0.987618
3.356674
4.974070
-2.530515
-0.208144
-3.121020
-1.991903
-2.154329
3.236388
1.262456
1.689125
-3.991327
-2.053832
2.389564
-1.210827
1.556900
-0.954350
-2.281452
-4.860279
-0.694337
0.285482
0.534291
-7.443532
1.168917
-0.713612
1.212234
-5.757142
-2.927528
0.625735
3.151676
-3.319183
-3.449727
1.926440
0.430293
-6.692407
-1.750396
1.644145
-1.522809
-1.295746
-0.199161
-0.557038
-3.080759
-8.014118
4.861387
5.477254
4.851930
-0.765518
1.907433
0.933239
5.542737
2.066172
-1.136339
-4.697661
-5.947165
-7.985841
-3.141864
-6.856616
-1.570793
2.040361
0.904378
-4.319717
9.162413
2.969264
-9.224785
-0.314201
-2.744052
-2.113498
2.594727
3.020059
-1.639075
1.173301
3.974018
1.877171
0.145140
5.541826
-2.490878
1.361001
-2.281509
2.602732
0.408290
4.526803
0.482763
-2.678222
-1.508558
3.908360
-3.421306
0.002773
1.136842
2.929292
-3.447401
4.542561
-4.766182
-2.189230
-2.756944
5.866258
-4.407139
0.119077
-2.387016
-1.688305
-3.803421
-4.356474
-1.131328
-0.997285
1.185273
-1.348222
-1.830645
5.096301
-2.509289
-0.382569
-1.706669
5.320675
0.014187
-6.960947
3.078017
-1.247631
5.689656
-0.727705
1.352550
-0.414491
3.893516
1.964302
-0.994724
-5.913486
1.731635
1.533819
0.117076
2.975630
-0.383908
-3.237555
1.590622
0.310462
2.645057
0.513599
-2.735250
-1.176759
4.664988
3.563057
2.069526
0.993657
-0.291721
-0.680972
2.312672
6.572050
-1.291378
1.407800
1.578061
1.940916
4.833076
1.483882
3.130853
2.895042
-0.484942
-3.914549
-0.737487
-3.850408
-2.627943
3.288658
5.187425
-1.130352
1.874591
5.098634
-1.963564
7.446292
2.214632
-5.819555
-2.556586
-4.904936
1.160722
-4.252539
-1.416665
-8.575828
-4.415916
-1.548315
1.013775
-4.877314
3.056185
5.066511
-1.825774
-5.846460
2.268421
-4.887445
-9.614477
2.305629
4.866903
-6.028444
-0.878625
2.157216
-1.007461
5.344276
-0.289583
-2.816224
4.262654
-1.114046
2.511860
-3.744620
2.116707
2.231091
0.388360
-0.959727
3.503946
2.098081
-5.979060
4.158987
-0.855295
1.239187
-3.415139
0.128476
-0.996969
-0.779327
2.222010
-0.736432
-0.548964
2.350124
-2.055033
-9.780088
-0.899564
-3.818057
-3.517619
-6.148787
-0.901189
-2.392078
4.898125
0.645977
4.084772
-4.421595
1.146671
-0.397295
1.332087
-5.902095
1.158796
0.423442
0.555785
-1.573955
3.128498
3.543016
2.431836
-1.435356
2.012811
2.331684
1.186422
0.611502
0.626042
-0.124160
-0.001507
-0.481204
-0.014564
-3.106802
-5.867461
-4.515966
-2.361487
2.388923
4.522879
-1.505940
1.089391
-0.630585
-1.834652
-2.739313
-0.328067
2.966540
-0.271638
4.524209
-3.334239
-4.758698
1.978479
-0.031412
-1.812964
-1.039865
-1.681079
0.500678
-0.523760
-0.478754
8.052845
-2.749561
-1.312273
3.493713
-1.576330
1.007208
-2.583427
-1.971829
4.983725
0.315894
3.425642
0.224623
0.320699
-1.500752
-3.059333
-1.151656
1.850658
9.538232
-0.143133
2.083422
-1.362042
-1.947612
-0.390774
-2.106487
-0.828006
-0.537315
-1.547443
2.186592
4.553807
-3.400976
3.214659
3.138173
2.518500
4.149015
5.255259
-2.849136
-6.517939
2.312481
2.017413
-1.300926
-3.682287
-2.208097
3.732216
-4.109130
-3.443830
3.167538
2.454570
-8.082364
0.828460
1.738962
-0.959570
2.068818
3.404163
5.257872
2.059298
5.972460
2.981203
-3.491085
4.987318
-0.028659
-6.780177
3.410482
-1.269364
-1.142446
-2.190641
-4.928224
-1.962921
1.905389
-0.778956
-4.568799
3.925673
1.713474
2.612317
-3.334856
-7.349299
7.614077
-0.840719
-3.345961
3.299738
4.430737
3.263336
-0.614106
-3.435667
3.974403
-4.111835
-4.828356
3.065451
-1.077257
-7.627574
0.209955
-0.042509
0.280117
-0.946029
11.333145
-0.530695
2.121023
4.642236
-1.484294
-0.947085
2.016123
-3.457917
-1.942975
2.958878
-3.964877
-3.231323
-2.792560
-1.313264
5.866769
6.351657
2.291527
-2.540908
-1.120661
-0.175525
0.892563
2.143768
-3.250666
0.104721
4.414552
-0.640238
2.242215
2.663086
-2.425612
-5.099254
2.111972
2.059238
-1.452857
-0.610426
-5.257693
