0.464662
0.185244
-0.246933
0.119223
-0.392475
-0.123388
0.400118
0.460531
-0.202314
-0.049502
0.134889
-0.278775
0.783660
-0.483041
-0.086056
0.204931
-0.207509
-0.386031
0.208414
0.191234
0.169771
-0.139076
-0.344309
0.463763
0.108635
0.292460
-0.203587
0.082650
0.115121
-0.395992
0.260003
0.384763
-0.475061
-0.311566
-0.222034
-0.014999
0.730357
-0.241832
-0.506818
0.104618
-0.603502
0.433215
0.185018
0.207729
-0.395656
0.069320
-0.053629
-0.165680
-0.023552
0.378872
-0.081419
-0.074109
0.075201
0.420988
0.082002
0.211380
0.368049
0.802233
-0.466964
0.496797
0.012577
0.182583
-0.023007
-0.276802
0.056201
-0.337433
-0.352969
-0.251297
0.354140
-0.485192
0.001752
0.427697
0.125181
-0.480004
-0.090882
-0.155863
-0.102942
-0.298672
-0.045780
-0.553721
0.136042
0.058186
-0.486359
-0.219342
-0.361308
0.339123
0.259023
0.505306
-0.142496
0.469490
-0.200838
0.023850
-0.275736
0.107779
-0.420342
0.022343
0.261825
0.732807
-0.366759
0.381238
0.202924
0.179032
-0.367200
-0.128229
-0.431984
0.668248
0.077170
-0.335170
0.385603
-0.179233
-0.269754
0.275422
0.007953
0.284193
-0.258407
0.419541
-0.207796
-0.490714
0.512307
-0.356369
0.481670
-0.327102
-0.072689
0.142012
-0.300635
-0.121396
-0.178360
-0.308105
0.055090
-0.118705
-0.302709
0.304340
-0.035964
-0.534805
0.119006
0.002721
-0.230557
-0.424297
-0.149249
-0.349601
-0.006656
-0.352007
0.224573
0.104874
0.344359
0.300353
0.069214
-0.069125
-0.171355
-0.052008
-0.159403
0.377341
-0.080468
-0.263217
-0.239507
0.287859
-0.245714
-0.112009
0.032673
-0.425630
-0.466190
0.163525
0.764873
0.345931
-0.152330
-0.377852
-0.104185
-0.239252
-0.143264
-0.525038
0.297806
-0.105019
0.136750
0.411311
0.237108
-0.637522
0.116287
-0.122249
0.225433
0.224475
-0.217999
0.061173
0.065743
-0.408468
0.101063
0.193075
0.688969
-0.105695
0.172140
0.265970
0.168531
0.658575
-0.059708
-0.309543
0.360904
-0.297360
-0.255438
0.235372
-0.285024
-0.447994
0.487745
0.042894
-0.260429
-0.464798
-0.419695
-0.162540
0.358113
-0.301666
-0.244165
-0.406376
0.181120
-0.099490
0.154753
0.301526
-0.349103
-0.386971
-0.142817
0.240965
0.035978
0.556616
0.269638
-0.125408
0.144393
-0.464607
-0.464954
0.566787
0.703288
-0.290135
-0.315240
-0.481280
0.231245
0.555997
0.028018
0.331454
-0.419799
-0.295481
-0.088051
-0.401947
0.279890
-0.277217
-0.445287
-0.163630
-0.343529
-0.289723
-0.402127
0.354977
-0.168434
-0.127965
0.040343
0.117952
0.212862
-0.260062
0.220558
0.340764
-0.279401
0.339040
-0.467675
-0.435597
0.309860
-0.403193
0.118882
-0.601815
-0.302306
-0.169627
-0.471874
0.282027
0.437842
0.389729
-0.076832
0.079484
-0.169672
-0.652034
0.477638
0.542383
0.590020
-0.369155
0.127070
0.079081
0.457474
-0.075917
0.519316
0.003915
-0.369488
0.250659
-0.247384
-0.315158
-0.558655
-0.094758
0.395048
-0.171480
0.216816
0.384039
0.095095
0.235770
0.347938
-0.002466
0.663375
-0.468278
-0.401496
0.003558
0.347892
0.177179
0.429399
-0.395939
-0.341514
0.314603
0.283986
0.383241
-0.059045
-0.071484
0.049839
-0.147881
-0.219009
-0.269838
0.234534
0.289364
0.002211
-0.509492
-0.122588
0.324145
0.090212
-0.085956
-0.015570
-0.058514
-0.162450
0.036149
-0.349757
-0.366488
0.225547
-0.188487
0.288423
-0.336610
-0.425318
0.335297
-0.261708
-0.505869
0.481812
-0.336158
0.276304
0.033383
0.376847
-0.167631
0.331882
-0.233236
-0.447154
0.515581
0.389831
0.338510
-0.314237
0.454624
-0.078924
-0.334127
0.009878
0.559264
0.179471
-0.041409
-0.230792
-0.376361
0.144976
-0.101619
0.433946
0.280739
-0.426038
0.201095
-0.112807
-0.524662
0.370832
0.154874
0.163528
-0.445903
-0.474633
0.223136
-0.271642
0.423721
-0.048630
-0.422542
0.431112
-0.301204
-0.134950
0.466610
-0.469357
-0.237368
-0.192588
0.462358
-0.499642
-0.217566
-0.105872
0.675804
-0.162521
-0.001948
-0.301929
-0.588270
0.351478
0.251217
0.138652
-0.236697
0.276949
0.217412
0.175391
0.171547
-0.371243
0.345245
0.485184
-0.035054
0.188394
0.229540
-0.071437
0.132017
0.493198
0.428993
-0.460982
0.138750
-0.254652
0.590748
0.103332
0.224106
-0.294005
-0.296702
0.326093
0.427002
0.436830
0.019940
-0.278467
-0.555009
-0.043818
0.369258
-0.299986
-0.489321
-0.080107
0.212443
-0.089948
-0.049642
-0.269904
0.103568
-0.462407
-0.100463
0.499047
-0.092605
-0.452749
0.301421
-0.007484
-0.313643
-0.233196
0.569823
-0.291535
-0.234388
-0.100477
-0.371531
0.171614
-0.505529
0.248240
0.157046
0.238074
0.072715
-0.466811
0.055632
0.079657
-0.568420
-0.338923
-0.249286
0.464494
-0.221566
-0.087816
-0.350767
-0.245097
-0.527792
-0.313447
-0.164555
-0.187811
-0.257798
-0.134893
0.048657
-0.016552
0.098153
-0.256916
-0.246145
-0.065293
0.351995
0.103451
0.205370
-0.564698
-0.252030
0.331576
0.271058
0.087987
-0.490802
0.409020
0.360012
0.070420
0.004633
-0.614492
-0.270954
-0.024732
-0.101353
-0.019107
0.155727
-0.100351
-0.018357
-0.445659
-0.431329
-0.517227
0.271895
-0.069854
-0.360751
0.399080
-0.485485
-0.143762
0.024810
0.224122
-0.354450
0.077604
0.169706
-0.230511
-0.082708
0.384263
-0.379018
-0.420634
0.227412
-0.511240
-0.311757
0.437274
-0.094645
0.396544
0.676105
0.053707
-0.281717
-0.239668
-0.302141
-0.137820
0.358469
0.037744
0.040822
-0.316201
-0.171716
0.100021
0.053260
0.265805
-0.321960
-0.088045
0.403797
-0.111890
0.196189
0.275432
0.430055
0.095273
-0.041388
-0.190703
-0.003842
-0.573264
-0.124858
0.334589
0.609209
0.435204
-0.226498
-0.320771
-0.003452
0.123569
0.760393
-0.460295
-0.469261
-0.430064
0.207030
-0.435238
-0.176547
0.237222
-0.159417
-0.184909
0.016048
0.600735
0.105206
-0.211207
0.404783
-0.337082
-0.488420
-0.416117
0.285696
-0.188921
-0.178546
0.376581
-0.416430
-0.007244
-0.573282
-0.179341
0.150579
-0.443093
-0.088164
-0.331062
-0.512995
-0.096864
0.550923
0.164510
0.375075
-0.352463
0.211663
-0.407549
-0.216351
0.065124
-0.362321
-0.044056
0.215785
-0.176594
0.568757
0.133505
-0.399701
0.070893
-0.135861
0.063506
0.197932
-0.372402
-0.408293
0.169433
0.284852
0.165127
0.022285
0.072554
-0.490500
-0.070891
-0.321665
0.054539
0.343760
0.304008
-0.303721
0.092524
0.067222
0.234199
0.264966
0.519452
0.263195
-0.475570
-0.488016
0.179124
-0.421849
0.158046
-0.192615
0.268437
-0.124026
0.459669
-0.181680
0.162327
-0.022157
-0.575449
-0.286112
-0.432311
0.344594
-0.501692
-0.412364
-0.062675
-0.391643
0.213701
0.214310
0.093050
-0.073395
-0.163126
0.012796
-0.066011
0.433266
0.428978
0.404165
0.122577
0.431070
0.313703
0.342841
0.337863
-0.156309
-0.259064
0.363813
0.592828
0.084296
-0.452633
0.661306
-0.523700
-0.162694
0.265458
-0.180452
0.279658
0.042017
-0.080612
-0.033095
-0.112368
-0.071687
-0.289141
0.167278
-0.356271
-0.408455
-0.240912
-0.437893
0.283466
0.254289
0.255066
-0.039877
0.290756
-0.045553
-0.226697
0.342911
-0.244517
-0.068660
0.077651
0.002042
0.475211
-0.300108
-0.045932
0.084981
-0.663411
-0.325524
-0.209282
0.085978
0.018572
-0.481410
0.343155
-0.408786
0.535169
-0.457173
0.184317
-0.324640
0.311603
-0.068846
0.338650
0.102824
0.030547
-0.273915
0.642574
0.294024
-0.296820
0.252272
0.327906
-0.193184
-0.329204
0.168713
0.043698
0.556851
0.137130
-0.223381
-0.119474
0.365997
-0.572572
0.414920
0.031938
-0.243442
-0.555634
0.155615
0.012207
0.570372
-0.202648
0.489128
-0.376037
-0.281763
0.078683
0.039797
-0.469153
-0.475579
-0.481426
-0.137625
-0.197805
0.564142
-0.474228
-0.412948
0.273058
-0.271596
-0.233929
0.223180
-0.128716
-0.044965
0.356881
0.028747
-0.275589
0.477218
-0.257275
0.390742
0.267074
-0.403640
-0.397545
0.097672
-0.389509
0.097193
0.457657
-0.708651
-0.358803
-0.457488
-0.453185
0.155037
-0.105981
0.449374
-0.206082
-0.769750
-0.540699
-0.202711
-0.438658
-0.358979
-0.389960
0.382419
0.322653
-0.491710
-0.270714
0.609390
-0.171937
0.034162
0.316495
0.011066
0.081229
0.375008
0.123499
0.172505
0.112982
-0.702644
0.153551
0.340536
0.565048
0.295554
0.547400
-0.392610
0.643608
0.038010
-0.073132
-0.166717
0.033793
0.189283
