0.138629
-0.606120
0.150419
-0.093766
-0.053612
-0.377704
-0.078738
-0.105365
-0.096252
-0.180573
-0.002395
-0.062310
0.102697
-0.308948
0.249102
0.093051
0.071405
-0.039509
-0.187626
-0.098593
0.416727
-0.287838
0.042908
-0.076395
0.291025
0.380805
-0.129734
-0.470483
-0.188494
-0.395992
0.018530
0.384763
0.101532
0.095070
0.037961
-0.014999
-0.057164
0.026504
0.000059
0.155660
0.255213
0.345150
-0.126050
-0.024532
0.019935
-0.322900
-0.435399
0.676294
0.318511
-0.282236
-0.194656
-0.114465
0.391449
-0.174045
0.005405
-0.390148
0.507930
0.047698
0.263740
0.181597
-0.186696
-0.116903
-0.522736
-0.369047
-0.140497
-0.527029
-0.575370
-0.025993
-0.495491
-0.477430
0.157612
0.193959
0.019247
-0.342920
0.371380
-0.072075
0.262665
-0.111029
-0.187296
-0.558021
0.055843
0.244153
0.530229
0.474391
-0.005448
0.383988
-0.245601
0.505306
0.306433
0.469490
-0.271356
0.217882
0.415141
0.272947
-0.281394
0.477455
-0.108480
-0.192542
-0.351157
-0.504286
-0.280588
0.168405
-0.472739
0.026761
-0.098891
-0.237342
0.439782
0.227021
-0.078025
-0.179233
-0.025142
0.242249
0.237950
0.211160
-0.220763
-0.185228
0.376690
-0.490714
-0.410140
0.244754
0.481670
-0.592535
0.489337
-0.147866
0.190901
-0.348463
0.008409
0.246198
0.510217
-0.226299
0.062996
0.267841
0.439546
-0.074964
0.758113
0.632476
0.171629
-0.219001
0.251043
0.131579
0.026405
-0.124507
0.447536
-0.716742
-0.038930
-0.239141
-0.221475
-0.472586
-0.171355
-0.242579
-0.427289
-0.117211
-0.106317
0.141685
-0.173881
-0.286435
0.231213
-0.112009
0.274381
-0.497707
0.599718
0.119267
0.216758
0.392273
0.197266
-0.524232
0.154961
0.038591
0.152717
-0.552491
-0.127673
0.228372
0.136750
-0.213672
0.237108
-0.125420
0.547155
-0.057357
-0.076630
-0.182030
-0.193170
0.478830
0.103598
-0.439079
-0.080229
0.231345
0.001405
-0.078723
0.049973
0.093486
0.017112
-0.051623
-0.363912
0.547426
-0.319250
0.442713
-0.387374
-0.707175
-0.259761
-0.447994
0.615839
-0.026673
-0.555422
-0.361555
-0.255757
-0.125267
0.235998
-0.301666
-0.244165
-0.406376
0.267246
-0.147906
-0.217703
-0.071634
0.550437
-0.306415
-0.036377
-0.188267
-0.114103
0.106122
-0.440353
-0.577632
-0.478984
-0.011445
0.098104
0.312551
-0.234178
-0.398724
-0.199733
0.179869
0.002762
-0.180452
0.069979
-0.220487
0.088577
-0.307338
0.025570
-0.474670
-0.235617
-0.035423
0.406527
-0.536548
-0.464114
-0.289723
0.192823
0.065438
-0.453967
-0.414822
0.319153
0.072805
0.145836
0.593972
0.075912
0.194965
0.070343
0.340055
-0.054272
0.202718
-0.145509
-0.224426
0.114031
0.632407
-0.066538
0.659335
-0.471874
0.191447
-0.456262
0.611850
0.256910
-0.017775
0.233887
0.110037
0.364762
-0.142936
0.383286
0.225179
0.335093
0.079081
-0.059317
-0.055806
0.163899
-0.277115
-0.369488
0.378715
-0.247384
-0.444373
-0.613235
-0.370702
0.369759
-0.250170
-0.756733
-0.351849
-0.040153
-0.381976
0.355796
0.346654
0.493778
0.101908
-0.292022
-0.224140
0.293011
0.177179
0.328951
0.038103
0.284397
0.115906
-0.242147
-0.066042
0.201938
-0.091723
0.049839
-0.171058
-0.316453
0.211451
0.000584
-0.251532
-0.437760
-0.025657
-0.082651
0.332445
-0.182131
0.124152
-0.246909
0.374540
-0.416253
0.036149
-0.292241
-0.459217
0.209445
-0.263406
0.204604
-0.070128
-0.065796
-0.440722
0.063960
0.213790
-0.082981
0.243634
0.048403
-0.345498
-0.210972
0.321715
-0.066070
0.027989
0.066728
0.432146
-0.147900
-0.141129
-0.590802
-0.027623
-0.356366
-0.165797
-0.001624
-0.594611
-0.131044
-0.221709
-0.230792
-0.376361
0.074973
-0.151074
0.382937
0.280739
0.012385
0.033910
0.336953
-0.384581
0.578524
-0.114178
-0.360523
0.066429
-0.022626
0.223136
-0.493075
-0.608338
-0.048630
-0.135765
-0.226226
0.265925
-0.072508
0.417108
-0.045120
-0.376466
0.413357
-0.401085
0.374178
-0.172356
0.665475
-0.288006
0.302509
0.226514
0.126165
-0.542310
0.372403
0.412086
0.456999
0.595689
0.374234
0.397761
0.091700
-0.136520
0.044274
-0.676097
-0.016363
-0.505094
-0.239096
0.271705
-0.071437
-0.314595
0.110988
0.290676
-0.070756
-0.540038
0.456005
0.132304
-0.832497
0.044257
0.249254
0.408371
0.326093
-0.315473
-0.043208
-0.011507
0.009921
0.692836
-0.049464
-0.199190
-0.419787
0.039335
0.418577
-0.138168
0.302041
-0.303825
-0.394293
0.155506
0.272826
-0.108789
-0.108752
0.431003
0.043160
-0.145653
-0.497040
0.169735
0.149981
-0.411615
0.365657
0.426055
0.398371
-0.557792
0.293555
-0.505529
0.035822
0.212456
0.056372
-0.567071
0.195256
0.289334
-0.412038
0.127375
-0.605416
0.097048
0.417452
-0.007259
0.297326
-0.000083
-0.765695
-0.623184
-0.149847
-0.186366
0.209975
-0.471553
-0.094113
-0.155216
-0.052934
-0.162155
-0.202916
-0.231080
-0.353488
0.593121
-0.243367
-0.056542
0.095117
0.137835
0.367873
0.500111
0.262286
-0.498687
-0.214241
0.125292
-0.023041
-0.487532
0.016934
-0.538719
-0.204818
0.293437
-0.076361
0.155727
0.147224
-0.572711
0.366540
-0.365164
-0.299792
0.314518
0.343221
-0.264949
-0.204365
-0.451260
0.378799
-0.205654
0.160485
0.144462
-0.227566
0.070019
-0.103307
0.514809
-0.213904
0.468110
0.082437
0.267675
-0.116996
-0.256488
0.266222
0.355374
0.209757
-0.269540
0.184209
0.590156
-0.155303
-0.092074
-0.105651
-0.010942
0.217407
-0.131306
-0.152469
0.191909
0.367584
-0.022217
-0.204931
0.087026
-0.021630
-0.633202
0.153087
0.308153
0.275432
0.278172
-0.326318
-0.130743
0.075005
-0.014315
-0.485293
0.496444
0.368713
0.215508
0.288759
0.063397
-0.400049
-0.003452
-0.276290
-0.360318
0.391871
0.062729
-0.388653
0.509265
-0.444919
0.579899
0.130753
0.223578
-0.018768
-0.120513
-0.136851
0.232768
0.564582
-0.315810
-0.337082
-0.092170
0.164111
-0.106500
-0.092881
-0.178546
-0.014310
0.055438
-0.007244
0.179603
-0.286898
0.138101
-0.026199
0.253946
0.135896
0.296864
-0.033851
0.516048
0.255316
0.240394
0.241826
0.192532
0.025765
-0.189291
0.065124
-0.310050
-0.044056
-0.190648
-0.074156
0.208079
0.410653
0.588314
0.244112
-0.478119
-0.368879
0.460242
-0.031710
-0.170440
-0.048896
-0.197203
0.238226
-0.368422
0.062312
-0.367284
0.020509
0.237812
-0.112195
-0.492079
-0.643221
0.000435
0.025386
-0.076212
0.378109
0.364242
-0.076768
0.263195
0.170438
-0.004593
0.713034
0.467126
0.082182
0.380893
0.455254
0.536271
-0.525609
0.124395
0.565079
0.414909
-0.230758
-0.268908
0.406333
0.213094
0.522543
0.374806
-0.062675
0.070158
0.135308
0.269936
0.249816
-0.078675
-0.204205
0.403731
-0.486304
-0.278331
0.203730
0.404165
0.122577
-0.277572
0.338509
0.342841
0.621587
-0.245984
-0.032949
0.427787
0.744847
0.079972
0.139003
-0.231210
-0.068882
-0.043699
-0.441596
-0.310075
0.346360
-0.513307
0.126736
-0.439344
0.113426
0.315598
-0.257298
0.079850
-0.130102
0.167458
-0.305114
-0.404258
-0.126332
-0.387048
0.264373
0.220330
-0.331171
0.077127
-0.104722
0.082157
0.345135
-0.068660
-0.427069
0.000268
0.254139
-0.300108
0.144193
-0.208994
0.361729
-0.154849
0.343133
-0.427662
-0.439442
0.343119
0.535328
0.448550
-0.115526
0.610215
-0.339568
-0.324640
-0.071320
0.563687
0.097655
0.239811
0.357822
-0.473125
-0.374237
-0.037188
0.200315
-0.552420
0.127114
-0.039741
0.654708
0.531004
0.241940
0.374342
0.014748
-0.223381
0.215227
0.049373
-0.276430
-0.533135
-0.142865
-0.298093
-0.095565
-0.040521
-0.075580
-0.419046
0.017400
0.505377
0.271366
-0.360390
-0.203611
0.219054
0.431056
-0.594911
0.207491
-0.169058
-0.748629
0.261118
-0.283199
-0.412948
0.208724
0.025596
0.392815
-0.250179
-0.031606
0.069140
-0.582252
0.495473
0.129229
0.021204
-0.199112
0.390742
0.624579
-0.403640
0.193342
0.262014
-0.100828
0.236688
0.400942
-0.161033
-0.398135
0.145609
-0.394276
-0.274545
0.248584
-0.431074
-0.558750
-0.769750
0.142444
0.555658
-0.438658
0.127829
0.299853
0.352210
-0.409810
-0.383878
-0.180361
0.106289
0.500346
0.186838
0.171823
0.736974
0.110614
-0.403815
0.349447
-0.208612
-0.100615
-0.167033
0.255435
-0.322861
-0.702339
-0.524585
-0.456190
0.109013
0.166995
-0.029914
0.237213
0.181482
-0.062568
0.610844
