0.208900
-0.085626
-0.072379
-0.768197
-0.065614
-0.408934
-0.078321
-0.217414
-0.289948
0.188246
0.243923
0.081409
0.040111
0.527112
-0.593824
-0.248385
-0.220071
0.004760
-0.185527
-0.523367
0.261627
-0.145591
-0.286458
-0.315285
-0.086603
-0.157152
0.751172
-0.348476
0.001428
-0.245407
-0.092793
-0.437578
-0.325508
0.567320
-0.146763
0.437142
-0.390546
0.397076
-0.524362
0.085704
0.112873
-0.385597
-0.491792
-0.113450
-0.637695
-0.380352
-0.068615
-0.169010
0.414022
0.428586
0.311972
-0.280676
-0.106018
0.101532
0.253141
-0.404125
0.028068
-0.177348
0.397975
0.079427
0.072673
0.273269
0.438954
-0.157386
0.184717
-0.269635
-0.081202
0.042164
0.298095
-0.152003
0.091171
-0.437367
0.447229
-0.381105
0.301559
-0.138841
-0.347842
-0.149090
-0.046606
-0.515066
0.052585
0.045723
-0.359950
-0.283284
-0.021247
-0.084554
-0.371894
-0.093741
0.114212
0.375338
-0.188605
0.235692
-0.127972
-0.162260
0.428841
0.096102
0.082274
0.755369
-0.687086
0.381238
0.031321
-0.045078
0.443049
-0.508427
-0.298398
0.151833
-0.411800
-0.301442
0.421702
-0.139326
0.097653
0.486968
-0.156045
-0.214648
0.209399
0.139600
0.103347
-0.043645
0.280361
-0.206767
-0.463597
0.220912
-0.019055
-0.245446
-0.355829
-0.027417
-0.318764
0.258369
0.521501
-0.378636
0.534381
0.596454
-0.240081
-0.070712
-0.575964
-0.148182
0.007571
0.254700
-0.006928
-0.681590
0.197632
-0.405535
-0.140960
0.169161
-0.000165
0.368504
-0.444865
-0.368952
0.509048
-0.501599
0.232631
-0.371916
-0.254801
-0.361345
-0.281645
0.693295
-0.071565
-0.319945
-0.529502
-0.285868
0.159990
-0.012240
0.567641
-0.202367
0.331795
0.404516
-0.281364
-0.029282
-0.332252
-0.498794
0.121865
0.077445
-0.187445
0.588478
0.104306
-0.702476
-0.304188
0.375536
-0.231744
-0.279556
0.078571
-0.093699
0.101437
-0.302322
-0.152052
0.214263
0.586526
0.305268
-0.492436
-0.539833
0.415883
0.535683
-0.626057
-0.283746
-0.171756
-0.176518
-0.231756
0.695494
-0.330132
0.568253
-0.380698
0.037981
-0.398951
-0.034006
0.179430
0.547076
-0.463007
-0.038329
-0.503748
0.314564
-0.049285
-0.106723
-0.172935
-0.185971
-0.346545
0.086088
0.284102
-0.535918
-0.064413
-0.235147
0.026397
0.234186
-0.546184
0.321755
-0.110470
0.607707
0.524318
-0.127442
-0.073294
0.017914
0.103719
0.367221
0.580005
-0.126737
-0.230892
0.341083
-0.017018
-0.109971
0.463003
0.321589
-0.038116
-0.368408
0.338818
-0.020676
-0.403033
0.337190
0.511741
-0.022584
0.593957
0.165552
-0.065520
0.012897
-0.690118
0.211262
-0.139946
0.298709
-0.033601
0.096284
-0.432289
0.440723
0.329190
-0.773153
-0.378391
-0.342687
0.048788
0.208836
-0.159125
0.605201
-0.063652
0.741883
-0.403440
-0.767124
-0.280204
-0.029580
0.332407
-0.073678
0.113480
0.538466
-0.050324
-0.101784
-0.080804
-0.311004
-0.063485
0.445153
0.250729
0.334139
0.403744
-0.349115
0.405878
0.370485
-0.024414
-0.304619
-0.476317
0.376489
-0.009515
0.009689
-0.760507
0.188130
-0.286303
-0.196518
-0.244220
0.026048
0.231342
-0.320174
-0.443234
-0.063061
0.095055
-0.264821
-0.169340
0.475269
-0.308528
-0.123735
0.417820
-0.428759
-0.393498
0.405456
-0.154430
0.055508
-0.113926
-0.375376
0.129327
0.592138
-0.106281
0.146852
0.029633
-0.247847
0.430930
0.048717
0.039052
-0.422819
0.039606
-0.523008
-0.079548
-0.542914
-0.089135
0.248015
-0.443020
0.489856
-0.252503
0.242415
-0.518837
0.325911
0.182886
0.531099
-0.476573
0.359680
-0.302815
0.054754
0.027139
-0.397239
-0.342139
-0.217696
-0.264530
-0.119281
0.400432
-0.371153
-0.034261
-0.002871
0.321778
-0.080469
-0.120248
0.331942
0.425728
-0.209389
0.205624
-0.700018
0.107137
-0.351977
0.126464
-0.729546
-0.134186
-0.484235
-0.197991
0.212028
-0.161876
0.072974
-0.447371
-0.360613
-0.350236
-0.661608
-0.020524
-0.189256
-0.034325
-0.203221
0.101078
-0.252839
0.112526
-0.267543
-0.162521
0.701778
-0.156577
-0.096847
0.385323
0.518948
0.296486
-0.190597
-0.264314
-0.453725
0.019769
0.572118
0.034888
-0.400173
-0.286691
0.237809
0.661959
0.126904
0.254566
-0.319652
0.484059
0.229357
0.442842
0.550074
0.126305
0.700445
-0.163034
-0.344727
0.269837
-0.124278
0.189413
0.480828
0.087823
0.398407
-0.018500
-0.322674
0.715543
0.289185
0.241655
-0.373768
-0.257100
-0.466683
0.076608
0.158762
-0.269904
-0.242562
0.282009
-0.039309
0.291578
-0.230604
0.380839
-0.212508
0.271324
0.227939
0.178760
0.657123
-0.174477
-0.226502
-0.602652
-0.451568
-0.641772
-0.269070
0.744583
0.329388
0.192441
0.011913
0.388859
0.193566
0.243033
-0.372148
0.046397
-0.054629
0.356765
-0.023859
0.181710
0.648563
-0.201939
0.446763
-0.249292
-0.522586
0.372580
0.190495
-0.321694
-0.276688
0.198348
0.118668
-0.025689
-0.045475
-0.122055
0.270638
-0.161407
-0.357531
0.188823
-0.188744
-0.413819
-0.048551
0.455031
0.260689
0.227094
-0.535280
-0.374839
-0.001168
0.155056
-0.329478
0.517993
0.281946
0.282390
-0.097025
-0.421862
-0.482422
-0.133791
-0.180975
0.076775
0.301332
-0.029869
-0.031051
-0.520648
-0.250355
-0.456840
0.005312
0.424728
0.187230
0.358170
0.109740
-0.039755
-0.023241
0.054093
-0.390127
0.228878
-0.421081
-0.269657
0.500020
0.381798
-0.678295
0.200616
0.026518
0.279817
0.237574
-0.403940
0.094659
0.467389
0.242180
0.152459
-0.049459
-0.501495
-0.185939
0.459980
-0.209825
0.265805
-0.279941
0.119376
-0.122717
-0.062067
0.476356
0.085232
0.448603
-0.209469
-0.576928
0.325365
-0.349793
0.100850
0.195519
-0.028049
-0.322924
-0.574079
-0.522068
-0.566974
0.118989
-0.266312
-0.340343
-0.347312
-0.729057
0.144388
0.278642
-0.065296
-0.220309
-0.611467
0.544142
-0.426566
-0.027775
-0.363136
0.535768
-0.352432
0.256894
0.369448
-0.123285
-0.399874
0.538445
-0.300408
-0.454618
0.421164
-0.000567
0.679348
0.565918
-0.409176
0.398566
-0.036076
0.202359
0.305523
0.877750
-0.205238
0.429901
0.485046
0.063491
-0.138133
0.140603
0.369049
-0.091351
0.313729
0.472350
-0.014368
0.516655
0.114151
0.454379
-0.398443
-0.396598
-0.246530
-0.626717
-0.710547
-0.085750
-0.006868
0.188025
-0.336050
0.284852
0.236090
-0.115792
-0.321493
-0.207084
-0.316488
0.101319
-0.700890
-0.519600
0.369648
0.398009
0.563263
0.030387
-0.521573
-0.269670
0.636600
-0.205172
0.378594
-0.083232
0.125772
-0.582648
0.125661
-0.562408
0.559939
0.523041
-0.110550
0.158768
0.320797
0.014476
0.375277
-0.133043
-0.501332
0.281550
-0.198519
0.230786
0.379247
-0.422249
-0.611490
-0.001506
-0.039284
0.610879
-0.129806
-0.611353
-0.041830
-0.634127
0.301905
-0.557401
-0.296322
-0.198599
0.225365
-0.036249
-0.493795
-0.393005
0.300440
-0.169803
-0.496265
-0.257408
0.024926
-0.734735
0.089174
-0.533542
-0.430560
0.562173
-0.016219
0.406514
-0.221826
0.320661
0.180523
0.047599
-0.116947
0.047368
-0.606077
0.165146
-0.009168
0.196568
0.245505
-0.396000
0.264290
-0.012889
-0.140794
0.287966
0.112556
0.196470
0.072016
-0.154850
0.050756
-0.135296
-0.052858
-0.517318
-0.024285
-0.040150
0.106576
0.352579
0.499360
0.085978
0.332212
0.464122
-0.368584
-0.372001
0.185268
0.338064
0.184317
0.078052
-0.447131
-0.664529
-0.432825
0.411928
0.332064
-0.200703
-0.337606
0.196636
-0.092190
-0.132703
0.127096
0.015145
-0.101460
0.459044
-0.360189
0.224433
0.284756
-0.154148
0.057541
0.173650
0.645132
0.487363
-0.383443
0.202674
-0.593783
0.505038
-0.005270
0.570630
-0.299544
0.148871
-0.271727
-0.157760
0.374674
0.478620
-0.021475
-0.150025
0.543878
0.305213
-0.536684
0.564142
0.184118
0.092967
0.273058
-0.552240
-0.356343
-0.242363
0.020488
0.191157
-0.178652
-0.601214
-0.094951
-0.855822
-0.023523
0.370999
-0.206893
0.187049
-0.411074
0.096682
-0.277888
-0.413310
0.083393
-0.565909
-0.387795
-0.225376
-0.090457
0.089610
-0.303409
0.445203
0.188890
0.360012
-0.067504
-0.386936
-0.033433
0.403103
-0.596596
0.215792
-0.029682
-0.173445
0.025430
0.281846
-0.551833
0.062944
0.200103
0.088465
-0.011322
0.283650
-0.609784
-0.551539
0.499127
-0.322970
-0.432867
-0.211041
0.431751
0.035389
0.447218
-0.089014
-0.193222
0.437055
0.402148
0.021757
-0.090402
0.278987
