0.370873
0.104927
-0.004422
-0.192092
-0.363533
-0.463371
0.135251
-0.072617
0.400095
0.299254
0.219378
-0.429837
-0.474833
0.169902
0.239585
0.505412
-0.014007
-0.117016
-0.187626
0.018402
-0.046674
-0.215064
-0.021292
-0.151006
-0.420831
0.111160
0.508699
-0.098120
0.252426
0.271252
-0.056365
0.005301
-0.201979
0.639597
-0.179692
-0.104377
-0.169952
0.194889
-0.210029
0.220078
0.337392
-0.471131
-0.106279
0.007597
-0.196706
-0.329681
-0.016840
0.028266
0.267373
0.296726
-0.194260
-0.131133
0.334841
-0.251464
0.524177
-0.319031
-0.244097
0.066578
0.029524
-0.078758
0.119430
-0.418851
0.320522
-0.173697
0.399324
0.233900
-0.016185
0.027717
-0.417413
-0.567543
0.112966
-0.447836
-0.021112
0.418949
0.324681
-0.027592
0.386053
0.120050
-0.289675
-0.069167
-0.273349
-0.262049
-0.146467
-0.171446
-0.216994
-0.069539
0.444398
0.558673
-0.041587
0.146245
0.006598
0.230511
-0.211336
-0.185683
0.189346
-0.055733
0.254312
-0.371754
-0.156873
0.591848
-0.079228
0.096338
0.350736
-0.123734
0.317763
-0.548094
-0.099081
0.233167
-0.184775
-0.217247
0.255323
0.427441
0.007953
-0.175041
0.318182
-0.113101
0.153461
-0.166673
-0.277353
-0.202839
-0.125951
0.288846
0.038381
0.027945
0.778824
0.178278
-0.443124
-0.010927
0.678059
0.484105
-0.070359
0.692503
0.296845
-0.332824
-0.317344
0.736375
-0.017857
-0.479500
0.375307
-0.137337
0.181258
0.217765
0.003556
0.047471
-0.595711
0.460083
-0.368885
-0.165079
0.390501
-0.455881
-0.109536
-0.413395
-0.431783
-0.310391
-0.440286
0.702585
-0.320492
-0.337998
0.018533
-0.195073
-0.245743
0.425175
0.526161
-0.320596
0.453642
0.604840
0.031443
0.612767
-0.384219
-0.498677
-0.049773
0.190075
-0.537718
-0.516073
0.671075
0.124271
-0.611686
0.372575
-0.376561
-0.068069
0.010785
-0.237061
-0.223722
-0.313007
-0.115817
-0.636249
-0.485549
0.542904
0.426473
-0.438337
-0.128910
-0.072825
-0.710385
-0.222536
0.479973
0.308486
-0.045146
-0.606502
-0.299133
0.004877
0.050123
0.150891
0.571052
0.133236
-0.345372
0.509325
0.387032
-0.557712
-0.146341
-0.020707
0.562737
-0.177399
0.011996
0.242630
-0.278751
0.214252
-0.063528
-0.037339
0.016524
0.229437
-0.366796
0.239460
0.666869
-0.445650
0.039481
0.526071
-0.402494
-0.307247
-0.056818
0.082182
0.227701
-0.319327
-0.252029
0.061881
-0.480810
0.334337
0.246104
0.087197
-0.451103
-0.257859
-0.482982
-0.052050
-0.610987
0.460904
0.356593
0.509391
0.113727
0.245574
0.382432
0.310941
0.419271
-0.167705
0.210399
-0.173624
0.179006
-0.489742
-0.029004
0.274753
0.625736
0.408487
0.291692
0.041618
0.063371
-0.320552
0.536105
0.610880
-0.018012
0.175026
0.315512
-0.290746
-0.033202
-0.281779
-0.140292
-0.158565
0.568599
-0.409860
0.218468
-0.163596
0.013618
-0.225293
0.012078
0.229348
0.547477
0.246027
-0.157377
-0.065968
-0.167811
0.223147
0.314415
0.202117
-0.756733
-0.309296
0.519388
0.037421
0.201130
-0.130058
-0.162369
0.064871
-0.000712
0.281680
-0.629902
0.064356
-0.000179
-0.417162
-0.268627
-0.274630
0.404817
0.037983
-0.411680
0.409213
-0.261856
-0.233518
-0.207984
0.000678
-0.303354
0.380787
-0.429693
-0.143990
0.131362
0.206536
-0.114439
-0.007672
-0.177487
0.258543
-0.326951
0.262776
0.232579
0.138133
-0.416258
0.255365
0.039104
-0.057794
-0.358401
-0.544034
-0.044079
-0.061388
0.026613
0.372595
0.251529
0.099231
-0.476556
-0.259308
0.471019
-0.348958
-0.639164
-0.398677
-0.095227
-0.250437
-0.473400
0.187472
-0.283711
-0.204851
-0.027752
0.106033
-0.425784
-0.337009
0.275490
0.201181
0.520738
-0.276725
-0.337769
0.296486
0.452338
-0.208956
0.160467
-0.078705
0.256042
-0.324975
0.083858
0.140646
0.078898
-0.619674
-0.053036
0.186133
0.349135
0.157215
0.295689
-0.411630
-0.030192
0.238943
0.033266
0.377682
-0.289829
-0.401980
0.218526
0.405762
0.556169
-0.225772
0.123902
0.575189
-0.077289
-0.149447
-0.420277
0.163944
0.432901
0.204387
0.491651
-0.609600
0.049249
0.180822
-0.010190
0.323192
-0.290680
0.234242
0.646641
0.055148
0.152710
0.050859
0.213691
0.108654
-0.145644
0.405661
-0.038248
0.254908
0.239999
0.099145
0.142446
-0.031884
-0.166921
-0.386000
0.101565
-0.116704
-0.275438
0.193415
0.196729
-0.508863
-0.134426
-0.297145
-0.190400
-0.546823
0.158308
-0.213760
-0.422806
-0.600712
-0.432107
-0.156057
-0.483392
-0.208358
0.549904
-0.729828
0.149548
0.203992
0.295478
-0.343958
-0.327766
0.373687
0.252306
0.181937
0.530111
-0.465684
0.022394
0.293623
0.196268
0.439476
-0.447568
-0.082677
-0.299252
0.312436
-0.217124
0.140358
0.245243
-0.246520
-0.219338
-0.276090
-0.450409
-0.127238
-0.145035
0.336425
0.388030
-0.366720
-0.353763
-0.135611
-0.188237
0.102456
-0.036267
-0.141513
0.206277
0.500466
0.058794
-0.203920
-0.547253
-0.127699
0.323095
-0.034006
0.265129
-0.134232
0.348074
-0.040618
0.066201
0.324832
0.096620
-0.216545
-0.211397
-0.049033
0.259777
0.522672
0.127709
-0.385933
-0.056875
0.019526
-0.487630
0.212405
0.559440
-0.077752
0.052338
-0.225571
-0.106434
-0.236328
0.053369
0.391937
-0.393441
0.646286
-0.159934
0.192906
-0.151926
0.271796
-0.354870
-0.506055
-0.001409
0.563583
-0.221787
0.300830
-0.092021
-0.105146
0.300277
-0.348910
0.105406
0.071765
0.127020
-0.846295
0.274489
-0.068176
-0.380480
-0.052417
0.142598
-0.051760
-0.557872
0.246841
0.297863
-0.062713
-0.446692
-0.393260
-0.209045
0.424021
-0.305349
-0.016088
-0.141374
-0.090531
0.381723
0.330725
0.310508
0.027861
0.308542
-0.170346
-0.311999
-0.086456
0.145996
0.044278
-0.301869
-0.181236
-0.032900
0.316739
0.023157
-0.195320
-0.372755
0.110629
0.016044
-0.108372
-0.348240
-0.002090
-0.071662
0.414222
-0.291645
-0.067466
0.442631
-0.460971
0.128414
-0.077719
-0.450162
-0.420435
0.207624
0.142754
0.439616
0.029791
0.147680
0.546487
-0.208387
0.876415
0.373932
0.519644
-0.204607
0.487259
0.512075
0.182013
-0.574845
-0.286721
0.110284
0.026202
-0.353663
0.301391
0.187285
0.366230
-0.467787
0.436157
0.183316
-0.549354
0.045828
-0.203178
0.386068
0.317570
0.218345
0.254520
-0.158181
0.380614
0.345073
-0.421153
-0.049187
0.245212
-0.522063
-0.438361
0.401442
0.315238
0.281320
0.060798
-0.428853
0.216282
-0.269238
-0.129093
-0.493502
0.104432
-0.080942
0.236472
-0.203446
-0.141580
-0.296193
-0.157493
0.043222
0.362378
-0.436095
-0.020082
-0.138757
0.441622
-0.095094
0.018059
0.360634
-0.031076
0.012603
0.161767
0.470680
-0.109175
0.263777
-0.027782
-0.292822
0.041064
-0.302983
-0.156269
0.270170
0.008526
-0.706372
-0.216087
-0.423474
0.316466
-0.108436
-0.203188
0.233626
-0.336214
-0.284935
0.215828
0.149079
-0.438058
-0.262540
-0.057478
-0.172805
0.549473
-0.056870
-0.226852
-0.052672
0.051983
-0.142543
0.035528
-0.395790
0.188518
-0.498938
0.218017
-0.227606
0.333171
0.467376
-0.176614
-0.004914
0.235441
-0.324434
-0.148425
0.215687
0.107014
0.348464
-0.401132
0.051409
-0.173109
0.196422
-0.413705
0.645840
-0.070726
-0.398635
0.108072
0.526144
0.392840
0.325414
0.255299
0.066773
0.163945
-0.023877
-0.709899
0.383568
-0.115719
0.453798
-0.695413
0.010654
-0.349414
0.446777
-0.014490
0.012130
-0.791294
0.150180
-0.145793
-0.000409
-0.004012
-0.276737
-0.277887
-0.094587
0.519670
-0.051063
0.506144
0.038506
-0.439211
-0.477147
-0.678756
0.251348
-0.252745
-0.599611
-0.235462
0.004678
0.055596
-0.066511
-0.125268
-0.199924
-0.490329
-0.079649
0.138515
-0.489400
-0.242052
-0.572767
-0.291379
-0.595999
-0.316821
0.029082
-0.411542
-0.386194
-0.041558
-0.282078
-0.223659
0.581379
0.350238
-0.256001
-0.007162
0.338371
-0.822012
-0.191149
-0.250723
0.365140
-0.349963
-0.478020
0.280218
0.315737
-0.336067
-0.259170
-0.132974
0.332267
0.216118
-0.149206
-0.413819
0.591888
-0.264168
0.228091
0.206815
0.170004
-0.484056
0.442809
0.189427
-0.095396
0.249378
0.410272
0.288269
0.307002
0.451700
-0.652051
-0.628963
-0.097079
0.734931
0.113732
-0.579640
0.515314
0.132452
0.431660
-0.576032
-0.710476
0.323280
-0.427462
-0.726117
-0.339173
0.221875
0.581700
0.047223
-0.195576
0.233394
0.289063
0.317803
