-0.044993
-0.085626
-0.073295
0.207463
-0.165608
0.005227
0.291207
0.578817
0.451241
-0.140823
0.134602
-0.436629
-0.073563
0.454909
0.225466
-0.260259
0.088649
-0.058997
0.083607
-0.172687
0.326345
0.400343
0.044048
0.063331
-0.512915
0.139705
-0.448387
-0.234471
-0.023961
0.046736
0.371753
-0.353570
-0.496690
0.002766
0.239973
-0.611310
-0.487391
0.005650
-0.081485
-0.202222
0.179806
0.023057
0.049318
-0.380141
0.080127
0.049318
0.238244
0.004105
0.002218
0.332062
0.273179
-0.429306
-0.457958
-0.401171
0.168480
0.470825
-0.066950
-0.005330
0.317471
-0.305303
-0.359152
0.494571
0.432256
0.592162
0.415116
0.384636
-0.479401
0.106595
-0.244831
-0.603889
-0.055392
0.310807
0.144399
-0.282553
0.374992
-0.138998
-0.615716
0.231262
-0.425204
-0.250718
-0.161752
-0.370772
-0.578425
-0.310555
0.007698
-0.359148
0.242921
-0.174790
-0.205659
0.393531
-0.292247
-0.189350
-0.575101
-0.360766
0.193665
0.539176
-0.478679
-0.587203
0.350061
0.283331
0.701056
-0.312249
0.015417
0.002265
0.318534
-0.100300
0.134355
0.143343
0.132572
-0.171733
0.197456
0.219198
-0.120668
-0.548313
0.398311
-0.129523
-0.174921
0.124937
-0.024827
0.717625
-0.463597
0.142028
-0.291724
-0.294078
0.539142
-0.113619
0.019813
-0.107455
0.014250
0.238914
0.547131
0.147298
0.127823
0.277262
-0.500350
0.293302
-0.516035
0.254700
-0.364499
-0.662072
0.009200
-0.466811
-0.216421
-0.029394
-0.717704
-0.286988
0.623707
-0.233904
-0.082650
0.298220
-0.313699
-0.453458
-0.203977
-0.055687
0.063691
0.094109
0.062160
0.172672
-0.272869
-0.360223
0.106786
0.223186
0.602733
-0.335092
0.065035
0.027403
0.369226
0.099260
0.147958
-0.283505
0.198285
0.452138
0.149194
-0.313914
0.121792
-0.369066
-0.195954
0.113419
0.076217
0.017836
-0.240233
-0.081450
-0.144874
0.189873
0.322997
0.029075
0.416750
0.216171
-0.117615
0.289661
0.535923
-0.167979
-0.163931
-0.167267
0.328811
0.051134
0.487849
-0.512424
-0.302045
0.211838
-0.042414
0.551702
0.732955
0.318745
0.224044
0.726308
0.170408
-0.172902
-0.464130
0.035581
-0.334695
-0.123057
0.262443
-0.184144
0.319529
0.301570
0.123555
0.262721
0.039078
0.019500
-0.243700
0.311067
0.120666
-0.447090
0.411610
0.560066
-0.375424
-0.564564
-0.184753
-0.203322
-0.170089
-0.117178
-0.197201
-0.033101
0.280240
0.094571
-0.004030
0.155509
-0.394321
-0.338050
-0.564476
-0.163630
0.092146
0.258341
-0.573368
-0.106867
0.450871
0.078297
0.278611
0.129741
0.159125
0.002638
0.179442
0.249390
-0.192831
-0.016682
0.398011
-0.262680
0.288879
0.204144
0.525885
-0.526905
0.032985
-0.027653
0.001522
0.110707
-0.061925
0.437613
0.006093
-0.224110
-0.440544
0.704153
-0.192787
-0.044581
-0.260606
0.208958
0.053867
-0.257644
-0.064492
-0.101784
0.420688
-0.291809
0.126426
-0.010003
-0.290657
0.207106
-0.228230
-0.366757
-0.433520
0.366361
-0.035213
0.176440
-0.328841
-0.351724
0.057921
0.116126
0.196873
-0.136531
0.360444
-0.114766
-0.290911
-0.103608
0.258394
0.035655
0.636504
-0.460174
-0.460938
-0.178543
-0.085845
0.540064
0.014385
-0.603467
-0.702184
-0.579364
-0.321170
-0.519909
0.139567
-0.334399
0.058853
0.233541
-0.026005
0.402745
-0.108836
0.216061
0.346669
-0.173510
-0.068631
-0.050102
-0.383090
-0.148420
0.275204
-0.073214
0.185460
-0.652176
0.039939
0.235452
-0.585480
0.184414
-0.473676
-0.190170
0.224573
-0.131426
-0.040453
0.077493
0.048802
-0.298425
0.062435
0.434060
-0.296803
0.314292
0.218727
0.211776
0.370867
0.288419
-0.529729
-0.146279
-0.308070
0.266755
-0.332000
-0.477694
-0.221950
0.275192
-0.006918
-0.207306
0.096104
0.149014
-0.440031
-0.050703
-0.397550
-0.074245
0.255008
-0.289917
-0.643325
-0.377516
0.488933
0.489529
-0.054389
0.019396
-0.044190
0.284313
0.020156
0.452370
-0.067747
0.490543
-0.243366
-0.113843
-0.043303
-0.227619
0.100174
-0.304315
0.114584
0.046267
0.098085
0.098673
-0.386950
-0.299261
0.118851
0.254338
-0.149688
0.303192
0.204641
-0.434300
-0.055995
0.260329
-0.059677
0.603388
0.053220
-0.354403
0.359673
0.346318
-0.353648
-0.464265
-0.217581
0.538753
-0.615024
0.189869
0.152957
-0.069115
0.568564
-0.319576
0.178587
0.209916
0.285879
0.051896
0.361243
0.011247
0.398246
-0.468382
0.424003
0.151494
0.242997
0.362065
-0.465009
-0.425462
-0.417736
-0.291541
-0.291723
0.495911
0.102048
-0.389975
-0.351162
0.109805
-0.031525
-0.177976
0.465889
-0.142352
-0.100451
-0.437065
0.178653
-0.175078
0.606228
-0.146680
-0.246761
0.157030
0.161909
-0.165046
-0.202594
0.141177
0.239522
0.281534
0.314843
-0.140461
0.533781
-0.183588
-0.351213
-0.386057
-0.029326
-0.144154
0.509797
-0.377161
-0.294072
-0.031959
0.308705
-0.177798
0.397381
0.061762
0.069837
0.181099
-0.225275
-0.003786
-0.420697
-0.350070
0.457659
0.416437
-0.420157
-0.192905
-0.229097
-0.170328
-0.134608
-0.228677
0.057098
-0.269892
-0.216384
-0.239984
-0.275491
0.488517
-0.150136
-0.192615
-0.175998
-0.092460
0.200069
-0.278437
-0.287632
-0.392750
-0.658444
-0.416474
0.534590
-0.421666
0.282975
0.419937
0.386107
-0.294975
-0.182466
-0.354790
0.094106
-0.227673
0.045325
0.209146
-0.209145
0.001166
0.460848
0.397227
-0.465301
0.005673
0.257200
0.619627
-0.126109
0.426175
0.389710
-0.261577
-0.297684
-0.025843
0.113088
-0.250743
0.281702
0.299546
-0.062662
-0.208349
0.255267
-0.249942
-0.053417
-0.466016
-0.083052
0.560252
0.179847
-0.333763
-0.133469
-0.208435
0.332527
-0.398311
0.328142
0.439402
-0.358763
-0.212539
-0.435388
-0.395195
0.256674
-0.085217
-0.322303
-0.314287
0.563548
-0.086265
0.274870
0.102192
-0.459111
0.276126
-0.153454
-0.185285
0.104363
-0.150004
-0.273105
0.622411
-0.525833
0.077225
-0.316251
0.008597
-0.053376
-0.177899
0.460634
-0.592860
0.009588
-0.234535
0.137690
-0.093896
-0.242914
-0.208398
-0.034696
0.344506
0.074698
-0.351137
0.493929
0.069325
-0.243110
-0.067562
0.549934
-0.236926
-0.156044
-0.546656
-0.211629
0.444415
-0.393291
0.194539
0.461284
-0.400818
-0.145740
-0.239450
-0.121792
0.146766
0.018924
-0.527933
-0.194722
0.369290
0.322270
-0.001602
0.225133
-0.033947
-0.358043
-0.122241
0.146776
0.031145
-0.369931
0.571911
-0.145088
0.067536
0.183713
0.425710
0.076112
0.619512
-0.383067
0.410437
-0.020598
0.038143
-0.332087
-0.351048
0.514722
-0.337874
0.820111
-0.101254
0.322012
-0.616933
0.101426
-0.014746
-0.117577
-0.494626
0.191396
-0.272015
0.323954
-0.108180
0.250716
0.267169
0.184369
-0.008173
-0.046225
0.164105
-0.131733
0.280878
0.169836
-0.108241
-0.346803
-0.129589
-0.478773
0.070716
-0.013155
-0.514080
-0.485626
0.125664
-0.676079
-0.457840
0.027541
0.283652
-0.133305
0.402939
-0.141448
0.233369
0.131622
0.462091
-0.068037
-0.157673
0.170888
-0.493087
-0.375595
0.692762
-0.367742
0.397839
-0.598185
-0.164333
-0.177349
0.531864
0.150592
0.155286
-0.586134
0.238157
0.018061
0.398652
0.315584
-0.419498
0.363499
-0.282111
-0.431983
0.300431
0.195129
0.114876
0.402342
-0.240911
0.278629
0.094996
0.002947
-0.248865
-0.484407
0.089386
-0.027839
-0.366054
-0.286847
-0.309667
-0.676528
0.115325
0.177036
-0.254663
0.569344
-0.490679
0.238327
-0.273140
-0.112488
-0.176410
-0.029840
-0.255399
-0.155924
0.444366
0.218107
0.385144
0.032806
0.030178
0.234501
0.471456
-0.492065
0.077478
0.492632
0.305703
-0.342006
-0.488812
-0.163612
0.100775
-0.125257
0.176668
0.139568
-0.000906
0.254444
-0.126451
-0.452622
-0.335052
-0.440905
-0.308015
0.243774
0.604841
0.103934
0.376568
-0.585094
-0.385461
-0.000290
-0.331447
-0.088918
0.460814
-0.111000
-0.147707
0.226052
-0.092753
-0.346299
0.567623
-0.086344
-0.349029
0.519362
-0.144290
-0.395939
0.676176
-0.074254
-0.308016
0.250708
-0.149431
-0.710032
0.358174
0.062390
0.209478
0.188890
0.564841
0.532579
-0.245588
-0.312867
0.189427
0.066449
-0.093557
0.119652
-0.310597
-0.078731
-0.180546
-0.019715
0.571462
0.488147
0.502385
0.286897
-0.431552
0.062430
0.086526
-0.438858
-0.413895
0.114054
0.026740
0.031195
0.176832
0.448779
0.154220
-0.353309
0.181770
-0.356002
0.233394
-0.260764
0.424982
