0.006955
0.013822
-0.085459
-0.010521
0.454187
-0.289654
-0.044614
0.355112
-0.010244
0.426129
-0.289552
-0.287765
-0.378537
-0.213877
-0.014140
0.204931
0.246430
-0.468478
-0.237283
0.069034
-0.147297
-0.334843
-0.499968
0.814035
-0.185584
0.297373
-0.340589
-0.409053
-0.395230
-0.245149
0.787393
-0.222085
0.398409
-0.281326
0.700037
0.124803
0.036030
0.317438
-0.035711
0.421883
0.135044
0.019489
0.234397
-0.138366
0.414359
-0.210040
-0.219968
0.304261
-0.076259
0.318031
-0.489303
-0.104224
-0.143810
-0.473448
-0.115683
-0.508908
-0.446801
-0.389177
-0.424877
0.105308
0.037812
0.339215
-0.601423
-0.534420
-0.225329
-0.642994
0.357295
-0.082472
-0.350649
-0.267747
0.355164
0.509065
0.342307
-0.017229
0.294493
-0.188415
0.030513
-0.070801
-0.160531
-0.523550
-0.188385
-0.286218
0.238049
-0.294221
-0.021956
-0.011401
0.032555
0.831629
0.506994
0.136048
-0.109279
-0.249031
0.369342
-0.109658
-0.016293
-0.583391
0.057722
0.368408
-0.280092
0.197435
-0.092719
0.244859
0.079841
0.230220
0.066229
-0.087091
-0.219231
0.246336
-0.093567
-0.090266
0.024408
0.200705
-0.394953
-0.430094
-0.362951
-0.105006
0.047027
-0.029491
-0.155311
-0.230106
0.669713
-0.319220
0.290898
0.298625
-0.448253
-0.247801
-0.318936
0.204701
-0.003804
0.357209
0.275782
0.554154
0.175056
0.249762
0.017428
-0.218956
-0.151238
0.271629
-0.116232
0.491790
-0.514788
-0.041441
-0.108531
0.359311
-0.127839
0.138126
-0.084091
-0.002341
0.370773
0.109369
-0.065974
-0.096638
0.480092
-0.273615
0.524995
-0.127645
-0.335857
-0.247433
-0.279426
-0.446588
-0.177714
-0.044820
-0.096181
0.346481
-0.111121
0.588250
-0.050825
-0.137401
0.306058
-0.382009
-0.482705
-0.043083
0.112427
0.139791
0.283810
0.140359
0.247330
-0.357504
0.294616
-0.377441
-0.206676
-0.043023
-0.169388
0.340092
-0.080229
0.062378
-0.576323
-0.543221
0.088534
-0.200284
0.325568
0.423784
-0.137077
-0.004042
0.386715
-0.009489
-0.363983
0.695494
-0.535973
0.481116
0.048704
-0.115346
0.271305
-0.095076
-0.203259
-0.306630
0.382342
0.142015
-0.223649
-0.016629
0.404304
0.518968
0.465947
-0.576942
0.196527
-0.076334
0.205252
-0.304172
-0.025152
-0.246452
-0.295753
0.049831
-0.587816
-0.127603
0.462933
0.289301
-0.380440
-0.410734
-0.215150
0.280854
0.041450
0.148217
0.005019
-0.288102
0.535612
-0.472706
-0.105485
-0.204329
-0.227395
-0.440769
-0.252392
0.005761
-0.625321
0.188718
0.119802
0.098131
-0.169663
-0.148954
0.079367
0.039371
0.032360
-0.012203
-0.063458
-0.152607
0.291567
-0.205657
0.111381
-0.516718
-0.123279
0.405295
0.265519
-0.019906
0.252722
-0.227178
0.175448
0.031799
-0.570395
0.032557
-0.040939
0.339063
0.234173
-0.312316
0.286021
0.016383
0.598494
-0.030762
0.195347
-0.167370
0.339567
-0.209284
-0.603642
-0.258145
0.463643
0.012242
-0.394712
0.167153
0.232544
0.124218
0.482301
-0.519579
-0.123597
-0.564105
0.198931
0.298147
0.567891
0.041104
0.356566
-0.639757
0.397114
0.380316
0.253091
-0.102865
0.440164
-0.492090
-0.008466
0.127410
-0.031915
0.402837
0.197639
0.397836
-0.058267
0.448316
-0.232060
0.059671
0.437949
-0.533895
-0.411519
0.059698
0.266971
0.504382
-0.309406
-0.131371
-0.160799
-0.237286
-0.483300
-0.006780
-0.459241
0.371918
-0.022016
0.280148
0.189898
-0.180833
0.124425
-0.256636
0.117300
0.412531
-0.474164
0.328621
-0.387848
0.222550
0.095810
-0.041866
0.203348
-0.260471
0.540268
-0.361916
-0.022713
-0.239425
-0.594474
-0.636125
0.221456
0.222081
0.386283
-0.223723
-0.047853
0.378441
0.135756
0.565285
0.285599
0.106912
-0.034011
0.562445
-0.476827
0.121344
0.231999
-0.117664
0.577961
0.135121
-0.080635
0.036261
0.267468
0.401253
0.531272
0.083759
-0.084415
0.123181
-0.203350
0.438852
-0.135936
0.417265
0.089077
-0.211577
-0.483492
-0.224854
-0.498581
0.551802
-0.016491
0.114538
-0.177168
-0.084069
0.493235
-0.512567
0.207599
-0.690051
-0.388653
-0.403065
0.265231
-0.464212
0.382287
-0.441185
-0.032776
-0.529252
-0.160616
-0.134742
-0.278825
0.083362
0.122797
-0.378233
-0.420357
0.302697
-0.369916
0.027843
-0.381833
0.422913
-0.173440
-0.145830
-0.140967
-0.078380
0.387874
0.255683
0.318184
0.320373
0.129813
0.169106
0.206452
-0.021571
-0.052565
0.347040
-0.084017
-0.187720
0.283113
0.089614
-0.163927
-0.147348
-0.247979
0.187568
-0.418906
0.492319
-0.383817
0.338916
0.305741
-0.104056
0.431264
-0.238518
-0.163178
0.044409
-0.352842
-0.445909
-0.515030
-0.215466
0.406455
0.557239
0.121957
-0.079875
-0.665186
-0.038640
-0.116522
-0.146800
0.360867
0.220379
-0.215550
-0.294836
0.368760
0.242355
-0.181000
-0.099803
0.284218
0.009157
-0.234381
-0.488425
-0.175730
-0.458446
0.398839
0.307721
0.173363
0.059651
-0.624396
0.161623
-0.040665
0.320577
-0.507256
-0.128170
-0.140174
0.366881
-0.257043
-0.506461
0.462882
-0.438207
-0.389067
0.022133
-0.516309
0.338004
0.865636
-0.252755
0.185950
-0.072565
-0.044036
0.042773
0.170294
-0.204633
-0.263214
-0.264783
0.209029
-0.031051
-0.114183
-0.714757
-0.321053
0.196883
-0.408746
0.454796
0.298934
0.200512
-0.340682
-0.195455
0.602006
-0.449555
-0.587189
-0.541697
-0.331698
0.445504
-0.359864
0.421074
-0.299753
0.331291
-0.084436
-0.438821
0.618446
0.132278
0.563760
-0.288559
0.314999
0.190832
0.216613
0.099175
0.111488
0.167802
0.444934
-0.439595
0.301782
0.013629
-0.047040
-0.449884
-0.345534
-0.269757
0.000148
0.208296
-0.110168
-0.369008
0.313279
0.513598
0.018494
-0.491718
0.684886
0.526872
0.158047
-0.039812
0.480683
0.108770
-0.348736
0.140223
0.312490
0.055337
0.151887
0.059655
-0.339780
0.263621
0.000101
-0.118447
0.034288
-0.587702
0.323541
0.143540
0.339766
-0.193717
-0.131162
0.424331
-0.120478
0.377245
0.080415
0.278559
0.022543
-0.222088
0.213480
-0.222921
0.395238
-0.341203
0.148075
-0.043477
-0.097231
-0.089994
0.313306
0.183384
0.126020
-0.461437
-0.232444
-0.003097
-0.207792
0.351461
0.374121
0.084348
0.182939
0.275553
0.463641
0.367968
-0.175969
0.311530
-0.475059
-0.175100
0.579936
0.137187
0.271894
0.063546
-0.026577
0.897074
0.209932
0.363182
-0.330149
-0.039029
-0.754086
0.097684
0.188651
0.124052
0.296950
0.095294
-0.603024
-0.217857
-0.461060
-0.478898
-0.559277
-0.291987
-0.492604
0.062901
0.192893
-0.339935
-0.239601
0.243860
-0.036321
-0.383515
0.030547
0.087812
-0.340963
0.391750
-0.133155
-0.378794
-0.555767
0.148043
-0.135239
0.029569
-0.048297
0.054879
0.199844
0.025937
-0.283678
-0.117589
-0.245629
0.189371
-0.346795
0.363648
-0.278759
0.548263
-0.159669
-0.174678
0.034923
-0.167976
0.059439
-0.301025
0.637082
0.492698
-0.121475
0.486175
0.469814
-0.703871
0.331850
-0.411721
0.450878
0.433742
0.408333
-0.018400
-0.019074
0.347478
-0.383552
-0.259251
-0.643960
-0.464873
0.299854
-0.204435
0.289278
-0.430751
-0.045485
0.183044
-0.222978
-0.148994
-0.411424
0.169600
-0.305997
-0.003921
0.049909
0.076780
-0.544019
-0.105063
-0.401302
0.202549
0.004522
-0.107202
0.162308
-0.007025
0.271484
0.176426
0.172251
0.525234
0.124038
-0.226766
-0.389737
0.423831
-0.445618
0.341413
0.468303
0.487126
-0.436835
0.619972
0.136435
0.539726
-0.273251
0.033851
0.386682
0.175467
-0.092837
-0.410476
-0.296089
-0.365778
-0.120106
0.446492
-0.503920
0.309453
-0.263773
0.078740
-0.265541
0.119758
-0.568890
-0.312503
-0.429554
-0.382466
0.065406
-0.515025
0.003753
-0.138780
-0.166335
0.027697
-0.001605
0.360502
-0.532160
0.074536
-0.546603
0.201522
0.058054
-0.113520
-0.403633
-0.227419
0.120686
-0.379511
0.023627
-0.239825
0.137485
-0.188276
-0.213311
-0.010500
-0.036339
-0.274640
-0.453008
0.221517
-0.656815
0.091643
-0.225912
0.503547
-0.106105
-0.098512
0.479587
-0.441981
-0.250248
-0.255199
0.471088
0.218106
0.473490
0.381074
-0.572066
-0.374070
0.496386
-0.488675
0.198604
0.081486
-0.162847
-0.167400
-0.221570
0.437962
0.105426
-0.069391
0.241883
0.121229
0.006189
0.114089
0.314004
-0.021484
0.508340
-0.204148
0.257334
0.296239
-0.565573
0.077300
0.477289
-0.395679
-0.192398
0.138078
0.552617
-0.231663
0.312280
0.204609
