-0.239697
0.048583
0.148210
-0.150304
-0.477253
-0.154689
-0.029517
0.018595
0.234742
0.431889
0.016758
-0.740242
-0.184629
-0.216717
0.355974
0.505412
-0.456328
-0.113201
-0.316464
0.517703
0.426875
0.328387
-0.291535
-0.287967
-0.120980
0.316106
0.526895
0.079317
-0.055371
-0.299870
0.293742
0.465322
-0.184106
0.499468
-0.173085
-0.045393
0.145204
0.350818
0.023232
0.183929
0.283106
-0.323307
-0.370892
-0.212716
0.158292
-0.543204
0.227398
0.375657
0.275130
-0.535053
-0.161411
0.521704
-0.038688
0.304645
0.611429
0.427498
0.467057
-0.231446
0.249478
-0.250354
-0.392726
-0.281449
0.329431
-0.228848
0.422615
0.315633
-0.035892
-0.055113
0.377473
-0.439125
-0.278393
-0.022949
0.239973
0.510287
0.048419
0.059529
-0.437003
0.118357
-0.182563
-0.270171
-0.255059
-0.089916
-0.477556
0.439223
-0.411611
0.107908
-0.164969
0.034167
0.319866
0.219419
-0.005803
0.096297
-0.226747
-0.088761
-0.028153
-0.170491
-0.148235
-0.148062
0.438945
-0.381227
0.641731
-0.102324
0.012088
0.230220
0.005528
-0.552461
0.629663
0.113929
-0.260673
-0.238244
0.461952
0.440320
0.185329
0.174794
0.162110
-0.081343
-0.246564
-0.235193
0.345826
-0.187273
-0.103632
0.388235
-0.477972
-0.181195
-0.351540
0.301131
-0.111109
-0.140784
-0.415482
-0.096040
0.580070
0.359863
-0.006270
0.214258
-0.131630
0.251223
-0.488962
0.332120
-0.247099
0.118408
-0.435384
0.138083
0.078822
-0.039147
0.408649
0.170554
0.136272
0.208651
0.032078
-0.763631
-0.226940
-0.191340
0.270591
0.131417
-0.111374
0.370654
-0.165634
-0.130905
-0.152345
0.239213
-0.521963
0.045161
0.606656
0.207987
0.309904
0.291388
0.012999
-0.362880
0.026273
-0.271122
0.047439
-0.094341
0.134840
-0.094969
0.159167
-0.239364
0.004136
-0.172456
-0.275964
0.383696
0.107490
-0.229246
0.005801
-0.377552
0.045116
-0.288551
0.461144
0.226444
0.358099
-0.151036
-0.245112
0.083569
0.357573
-0.170552
0.308821
-0.043348
-0.387374
0.260267
-0.037113
0.311092
0.364421
0.240072
-0.344924
-0.154277
0.392858
-0.174555
0.259976
0.163295
-0.076436
0.314564
0.354083
0.451740
0.105188
-0.458793
-0.270137
0.559461
0.045094
-0.565912
-0.169865
0.213398
0.306349
-0.522600
0.390950
-0.130572
0.329372
0.029051
0.060846
-0.390256
0.049049
0.447835
0.062787
-0.004066
-0.096796
-0.443517
0.088577
-0.645424
-0.138369
-0.223752
-0.605324
-0.297018
0.147928
0.005761
0.532909
0.084385
-0.594393
0.371079
-0.092499
0.060843
0.273881
0.440957
-0.498522
0.034203
0.056073
0.318360
-0.075655
0.195551
-0.343618
0.428789
0.360369
-0.177019
-0.305704
-0.083694
-0.323686
-0.345981
0.167275
-0.556442
-0.560854
0.390772
-0.305393
0.097200
0.040864
-0.281779
0.443835
-0.074892
-0.534834
0.231139
0.022670
-0.028312
0.088681
-0.234509
-0.026936
-0.403125
-0.588126
-0.005604
-0.055794
0.562347
0.271332
-0.267096
-0.204965
0.012565
-0.491390
-0.256194
-0.073866
-0.539465
-0.347086
-0.247399
-0.142265
0.015207
0.056502
0.242623
-0.688152
-0.033152
0.171878
0.257505
-0.124482
-0.027789
0.530233
0.366184
-0.006927
-0.268268
0.059914
0.048948
0.249315
0.056836
0.051017
-0.438898
0.091504
0.313102
-0.386585
0.024885
0.045033
0.247401
-0.340540
-0.187679
-0.512974
-0.344310
0.663681
0.630821
0.083458
0.164474
-0.038141
0.161220
0.000203
0.422830
-0.044625
-0.098106
0.356454
0.216805
-0.072686
-0.109372
-0.147464
-0.270446
-0.094991
0.408450
-0.269811
0.438355
-0.080777
0.065593
-0.337907
-0.299596
0.713808
-0.257368
-0.602572
-0.540298
0.422204
-0.167838
0.338149
0.509386
0.601785
-0.378663
-0.143025
0.135349
-0.106622
0.443812
0.160035
0.350648
0.147756
-0.134719
-0.063218
-0.149132
-0.148125
-0.334157
-0.349307
0.324824
-0.110617
-0.328512
0.197986
-0.254873
0.021312
-0.613311
-0.023882
-0.516861
0.135596
-0.068687
-0.531461
0.375908
-0.152706
-0.385680
-0.301534
-0.165579
-0.247683
0.142948
-0.506079
0.263303
0.335883
0.605077
-0.326908
-0.160933
-0.239807
-0.266099
0.037649
0.385130
0.271840
0.054132
0.680011
-0.030930
0.332137
-0.220660
0.514178
0.151233
-0.222496
0.074205
-0.367610
0.590748
0.625119
-0.357735
0.150469
-0.166977
0.303228
0.124775
0.365006
0.047831
-0.319916
0.410923
0.538095
-0.088293
-0.085657
0.023926
-0.198494
-0.292527
0.433297
-0.117088
0.382975
-0.451576
0.123359
0.023977
-0.555280
-0.303210
0.245862
0.262862
-0.279094
-0.288514
-0.458097
-0.340378
0.465889
-0.214392
0.308805
0.459045
0.226748
-0.048165
0.055691
-0.491083
0.382100
-0.179513
0.203488
-0.205412
0.082347
0.101741
-0.261329
-0.421332
0.247564
-0.104955
0.230355
0.605338
-0.178357
-0.170605
-0.037998
-0.390669
-0.486080
0.486671
-0.101852
-0.315309
0.423782
-0.008098
0.078290
0.105260
-0.318195
0.448034
-0.059278
-0.115868
-0.060069
0.172555
0.147501
0.004436
0.603013
-0.018503
-0.621678
0.127448
0.398630
0.113235
0.130685
0.235634
0.069722
0.281291
0.346146
-0.115954
-0.556777
-0.227416
-0.138606
-0.440236
-0.381157
0.124104
0.576995
-0.379887
0.701660
-0.308029
-0.529778
0.296378
-0.021615
-0.158381
-0.124778
-0.421680
0.139231
-0.542927
-0.399802
-0.407228
0.046754
0.046907
0.278895
0.477266
0.357072
0.571912
-0.121764
0.233662
-0.340108
-0.079994
-0.639154
0.388446
0.263624
0.044959
-0.245556
-0.124170
0.163552
0.255572
-0.577524
-0.036986
-0.313016
-0.362297
-0.041664
-0.120294
0.217242
0.403607
-0.326816
0.427085
0.392849
-0.483661
-0.821350
-0.043102
0.148115
-0.270043
-0.083140
0.265698
-0.185560
0.428826
-0.426127
0.227849
0.049979
-0.519100
0.116272
-0.118956
0.185321
0.249350
0.111659
-0.123821
-0.369694
-0.282758
0.079643
0.297739
-0.286773
0.105206
-0.038749
0.195490
-0.123502
-0.029744
0.024881
0.096120
-0.244598
0.153017
0.408649
0.018051
0.256665
-0.045237
0.214131
0.154397
-0.134586
0.407730
-0.315739
-0.535182
-0.180481
0.436942
0.222353
0.246924
-0.256330
-0.668286
0.583757
0.361518
0.187192
-0.135948
-0.422284
0.208231
-0.231536
0.366230
-0.382708
0.733957
0.693236
-0.507798
0.315920
-0.054960
-0.300273
0.252989
0.176144
0.284852
-0.119811
-0.218452
-0.329807
-0.215942
0.287723
0.285756
0.070038
-0.193588
0.369648
0.552832
-0.335474
-0.497176
0.087533
-0.043244
-0.464477
-0.071397
0.436088
-0.027430
-0.129818
-0.554892
-0.071681
-0.340769
-0.244719
0.284849
0.452823
0.022770
-0.175269
-0.566776
0.032464
0.074803
0.183815
-0.264631
0.628231
0.431017
0.435443
0.258003
-0.134480
0.118065
0.074084
-0.203568
-0.299031
0.492511
0.112211
0.613408
-0.331115
-0.094109
-0.368559
0.120935
0.254445
-0.046785
0.078209
-0.394638
0.092483
-0.284349
0.370179
0.047565
-0.149982
-0.146667
-0.352559
-0.189002
-0.234585
0.057274
-0.237389
-0.251018
0.728806
-0.069463
0.262917
0.075423
0.048545
-0.130159
0.181470
-0.499108
-0.171358
0.080018
-0.246983
-0.396000
0.233953
-0.311295
-0.224912
0.149170
0.158371
0.429416
-0.107457
0.538280
0.178970
-0.003185
0.648005
-0.097517
-0.055750
0.761306
0.061655
0.567152
0.184020
-0.150395
0.389724
0.051880
-0.447204
-0.389057
0.086203
-0.609198
0.416464
-0.402907
-0.744773
0.018264
0.137490
-0.085109
0.569344
-0.610776
0.216368
0.196636
-0.095041
0.283057
-0.242511
0.498720
0.164218
0.352700
0.277692
-0.055563
-0.146598
0.037735
-0.429863
-0.644888
0.053069
0.151806
-0.386663
0.335493
-0.273778
0.260976
-0.114034
-0.010534
-0.338959
-0.115711
-0.423626
0.576235
0.285922
0.647881
0.369424
0.595376
-0.508350
-0.149763
-0.357103
0.525257
0.768683
0.253124
-0.512644
-0.513784
0.413032
-0.038469
0.069366
0.026588
0.471947
0.441581
0.412384
-0.665635
0.434147
0.129533
-0.126056
-0.408538
0.533312
-0.319998
-0.146247
0.208135
0.049921
-0.021714
0.335219
0.309304
-0.091187
-0.197250
-0.105063
-0.568811
0.176672
-0.649802
-0.207862
-0.391503
-0.255285
0.262580
0.470162
-0.093557
-0.143699
-0.377299
-0.074876
0.293676
-0.497277
0.169136
0.356235
0.437653
-0.253608
-0.844447
-0.170592
0.123231
-0.106792
0.245367
0.154300
0.199602
-0.340284
-0.618470
-0.360928
-0.434615
0.087823
-0.051482
0.531152
0.100285
-0.094605
0.391242
