-2.528142
1.848647
-1.784235
-1.225973
1.053606
-0.165738
-0.013419
-2.157722
2.013639
1.123527
0.649848
-2.093894
-4.508905
-2.196469
2.742255
-3.019486
0.692394
-2.138565
0.915024
2.408765
-0.706498
2.484722
0.978437
-1.727155
-2.037630
1.270352
3.289601
3.960937
0.586145
2.003547
0.944336
3.073576
-2.000036
-1.691078
1.512607
-0.838119
-4.621020
-1.933201
1.034433
0.600283
-0.581059
0.854922
2.003040
-1.828034
-4.036542
-2.170306
0.683768
-0.079360
-1.832273
-0.312912
0.731912
-1.182388
4.074794
2.519168
-2.344767
-1.005872
-0.603930
-0.970562
-2.844190
-1.735414
-2.092830
1.118717
1.956451
2.436900
1.704739
0.981534
3.655879
-0.394588
-3.944222
1.591273
2.445091
0.627550
2.951509
-0.134882
-1.077279
-2.389040
0.342032
0.555819
1.404457
-1.502308
0.942760
0.482266
-1.002520
-1.381768
1.190668
3.885940
-1.451997
1.010398
-0.531566
-2.714908
-0.541117
1.409438
-0.996376
-2.037197
-0.495455
0.558266
0.775663
2.300163
-0.193488
1.097000
-1.898793
-2.187170
2.631847
-0.157263
-1.665868
-1.766524
1.677098
-0.767422
1.744597
3.401566
-3.028234
-2.955483
-0.182450
0.826910
-2.858163
-1.112475
1.401563
-3.026978
2.208257
-2.059121
-1.737798
-3.565839
-0.291632
1.284018
0.028287
-0.199793
-2.106604
-2.462094
-1.958736
-1.876373
1.943252
-0.612084
2.060908
5.088509
-0.673232
-2.303882
-0.086981
-0.693952
-1.043575
2.136532
2.274903
-2.621822
0.115917
1.851116
-0.518316
0.792103
5.207434
-0.720315
-0.112153
-2.087734
-0.723620
-0.258733
-0.882977
2.960899
-3.990538
-0.909153
0.914479
2.027279
1.420183
0.309919
-1.742343
-1.064143
-0.698148
1.789452
-0.699086
4.068036
3.878937
-3.912931
0.794220
3.875379
-0.226479
-0.488198
-1.344962
0.189295
-0.534104
1.043786
0.619125
0.150430
-0.645883
0.512955
-1.408754
0.638475
-0.320982
2.410966
-1.544437
2.393549
-4.039428
3.707039
-2.744563
-0.836687
-0.790285
0.722290
1.964925
1.405278
-1.053406
1.200747
-3.917072
1.201754
-2.078670
-2.637828
0.816889
2.229656
-0.070698
-0.840536
-4.476086
-1.190432
2.723576
3.068253
0.495227
-1.309991
1.598865
-0.826615
-2.643993
-0.179013
-1.085907
-0.362133
1.852551
-0.331323
2.590693
-1.702129
-1.003390
-4.070534
3.599054
-1.171213
-0.437418
-0.054483
-4.783986
0.673400
-2.963950
-2.007458
-3.714917
0.648801
2.284592
0.289401
-0.239977
0.220227
-0.882400
0.262952
-3.126090
0.957210
-0.484452
0.471333
0.704662
0.427371
-0.305895
2.291285
4.019285
-5.090401
3.939076
0.476428
-1.812070
-0.257966
-1.876998
1.552638
-2.029028
-1.517689
0.344577
1.941143
-2.013304
-2.535740
-2.292975
-1.340855
0.628535
-0.989174
5.021736
-1.176242
-0.517346
1.182882
0.706904
3.181718
-3.586957
0.257948
-2.103455
-1.539199
2.838016
-1.322612
-0.446424
3.661856
-1.274624
-0.065130
0.380365
-0.681702
0.076066
1.169349
1.342449
0.365649
2.225090
-1.434120
1.801895
0.514241
-0.926757
-2.653948
1.283230
3.640570
3.234037
0.752772
0.701899
-5.010217
-4.470467
2.100487
-0.154594
-1.321428
0.991566
0.473818
3.147989
-1.451223
-3.305983
-1.109273
-0.330371
-0.728454
5.510876
-3.956925
-3.008472
-0.767745
3.567005
2.922580
0.025590
-5.590855
4.116038
-4.303851
-1.934299
-0.350353
0.393403
-1.040546
1.206491
-0.194333
0.128889
2.332546
-3.254279
1.654973
-3.082800
-3.583523
-1.514424
-1.921643
0.935155
1.168085
0.135631
-5.649716
-0.509137
-2.789286
-0.547923
-1.346924
0.355462
0.733016
4.764430
1.558169
0.014656
0.948134
-0.987620
-2.101071
1.556597
1.857264
-3.135726
-1.754235
-0.748367
2.685723
-0.907003
-3.789518
-2.149721
-0.616714
-0.226546
-1.193752
-2.625720
2.924665
0.120113
3.129916
0.799542
0.447980
5.932965
-0.430068
-0.725014
-0.490677
-0.789962
0.997365
-0.250441
3.037202
0.335610
-2.568790
1.316404
-0.343167
2.057511
-0.509300
-0.700157
-1.414524
-1.767668
-0.132499
5.596659
2.045169
2.905401
-0.011638
-0.938836
3.168617
0.666139
2.879889
2.465739
-0.294857
-3.940106
0.057131
2.402908
3.930952
-1.858604
-0.511294
2.254598
-1.654766
1.661404
-2.447548
-0.481287
1.273093
4.069374
1.027077
-2.274548
0.064449
-0.468883
-2.796263
-1.456669
0.650858
1.999763
-2.519117
0.521507
1.423245
-0.025657
-4.401162
0.807664
2.339576
0.995428
-0.347632
2.035938
-1.332130
-1.073861
-0.893305
-2.347969
2.180990
2.219065
-0.776058
-3.120655
2.750295
4.586869
1.789157
0.235946
-3.515138
3.463417
0.693203
-0.462388
0.458417
1.171265
-2.005031
-1.935987
-1.759928
0.040985
3.289451
-1.941330
1.357681
-0.862326
3.009939
1.367184
-0.572552
0.551052
-0.555688
-2.689319
1.189128
0.222025
-3.635894
-1.467819
-0.022937
0.364151
1.148581
-0.104653
1.113292
3.183663
-0.247877
1.307477
-2.158527
-0.375673
-0.110957
1.639495
1.331599
-2.031378
1.093808
1.015686
-0.187660
1.065438
0.141314
2.067892
-1.970198
1.212138
-2.400735
-1.648591
-2.799351
-2.488879
-2.500627
-1.243450
-1.540722
-0.877980
-0.820359
0.890134
-0.917933
2.901651
2.468613
0.285462
-0.293375
0.968652
-1.094056
-0.273870
0.474458
1.093934
1.527750
-2.354011
0.653044
1.689580
0.612048
0.907378
-1.189219
-3.294209
-1.361315
-1.471797
1.330949
1.624734
0.986315
1.392214
1.058083
-1.658817
0.255695
3.006883
-0.540685
0.884396
2.120801
0.029159
-0.890745
-1.392264
3.388530
-3.533300
1.486386
0.769269
-0.923154
-0.290822
-1.576450
-2.370139
-4.470232
1.644539
1.207208
0.706548
2.402352
0.196642
2.176658
-1.305579
2.219349
-0.881247
-2.738088
0.742804
-0.834533
-1.621844
-0.800322
-2.198815
1.136145
-0.039953
-2.563295
0.310301
-1.308616
-0.476321
1.433409
1.846177
-3.834815
-1.471792
1.583709
1.212523
-1.828841
-2.227454
-0.545514
-0.367818
-1.277503
-0.819761
-0.441850
1.988504
-1.888961
1.272106
1.777107
0.788812
-1.007799
2.285564
2.406248
-1.204062
1.091672
1.618795
-1.023963
2.430950
1.736395
-1.774445
-1.266231
1.593292
1.059574
-1.976637
-2.309365
-0.549446
2.715935
-1.095597
0.658477
1.348505
-3.905569
-0.335880
1.551673
2.966293
-0.664363
-0.343114
3.171903
-1.787495
0.125740
2.994513
1.297879
2.554512
1.769640
0.129638
4.021897
-1.418938
-2.600340
0.760660
-0.795285
0.636100
3.350227
2.889263
0.003243
2.771405
4.433883
2.544331
-0.605747
1.249639
1.859208
-1.163635
-3.604043
-0.719169
-1.440600
-1.808518
-1.541760
-2.608823
3.324158
3.270657
2.061773
1.918809
-3.159766
0.330391
-0.178522
0.196620
-2.240663
-0.294042
-0.391142
-1.044088
0.381900
1.290817
-1.620680
1.273292
-2.472874
0.625105
-1.474192
-1.248214
-0.982958
0.107123
-0.631977
-4.077427
4.588077
0.056967
0.659770
-0.638909
1.508708
0.683036
0.350494
-0.049445
-3.486018
0.936962
0.642235
-2.112080
3.661041
0.977996
1.719882
1.056191
-3.007030
1.811815
-1.037825
-1.727432
1.012921
-0.461457
-0.266837
3.840661
1.492534
0.166398
1.404877
0.786333
-1.949831
1.123159
-0.175110
-0.780607
0.412456
-0.681714
-0.272664
0.722216
0.414460
1.365176
1.927003
0.319193
-1.795304
-1.997094
-2.846528
-0.090313
-3.059637
1.634941
0.066057
1.360240
-1.702534
0.233025
-2.706380
0.260112
0.840270
-0.911687
-2.861683
-1.326727
0.828644
0.072785
-0.379523
0.396229
-1.355213
-0.228970
-2.465521
-1.560834
3.945461
1.593600
-0.123931
-0.618653
-0.731671
0.159461
0.882531
-1.805360
-2.002427
0.538294
2.231444
-0.802985
1.764933
2.329057
-0.052747
0.480799
-0.549480
-2.723410
-0.047080
-2.339532
-1.290324
-0.062328
-0.773577
0.164423
-1.397738
-1.107979
-0.190903
0.427193
-0.465817
2.075246
-1.446090
-2.271306
2.899653
2.745009
0.185766
1.268348
0.549025
0.583520
-0.914026
-1.710490
-1.996217
-1.220980
-0.516443
-1.624682
0.846960
-3.230057
-0.499289
3.355896
0.661824
-1.023728
