-0.239697
0.113534
0.045244
0.167942
0.273818
0.148246
-0.271033
0.018595
-0.236540
0.567255
0.035368
-0.176678
0.139544
0.560548
0.306621
-0.166724
0.383043
-0.186742
0.300281
0.391718
0.135658
0.354714
-0.199762
-0.194533
-0.512915
0.481577
0.103532
-0.121524
0.249166
-0.515666
0.316334
-0.122911
-0.130688
0.429860
0.195849
-0.045393
0.271287
0.362761
0.023232
0.268046
0.300424
0.219953
-0.451061
-0.212716
-0.035234
-0.426349
0.129525
-0.353629
0.439792
-0.372284
0.349929
-0.386058
-0.038688
-0.516251
0.611706
-0.238265
0.060816
-0.231446
0.276015
0.469355
0.031257
-0.651621
-0.287656
0.328441
0.392821
0.292746
0.060044
-0.055113
0.387448
0.252802
-0.128339
0.488248
-0.434361
0.006722
-0.047530
-0.274104
0.125120
-0.147347
0.183760
-0.270171
-0.324475
0.459112
-0.406436
0.514420
-0.405346
0.059303
-0.183857
-0.001612
0.306547
0.219419
-0.671842
-0.175483
-0.215397
-0.088761
-0.082740
-0.276698
0.462307
-0.148062
0.506954
-0.381227
-0.109683
0.205450
-0.022397
-0.350122
-0.016038
-0.460109
0.590457
0.078048
-0.345019
-0.238244
-0.049847
0.288069
-0.304126
0.042590
0.177578
-0.068575
0.200481
-0.069864
-0.210121
-0.169245
-0.133160
0.434682
0.234050
-0.554483
-0.310743
0.301131
-0.299701
-0.128898
0.064271
-0.017912
0.230224
0.257787
-0.006270
-0.171124
0.751695
-0.380676
-0.488962
-0.064967
-0.297968
0.118408
-0.320327
-0.087111
0.078822
-0.039147
0.063700
-0.187274
0.543637
0.090046
0.005551
-0.679643
-0.225564
-0.191340
0.270591
-0.341738
-0.134908
0.514924
-0.201348
-0.721994
-0.626424
0.391605
-0.568613
0.060524
0.612228
0.207987
0.315084
0.338593
0.078895
-0.138634
0.143915
-0.271122
-0.418075
0.108544
0.134840
-0.094969
0.175766
-0.239364
0.004136
-0.046541
-0.275964
0.142801
-0.265436
-0.555201
-0.050893
-0.377552
0.388266
0.187447
0.461144
0.299520
-0.078143
-0.207726
0.522771
-0.564612
0.357573
-0.163308
0.381338
-0.101427
-0.387374
0.283515
0.033673
0.669695
0.522250
0.043181
-0.514184
0.257539
0.391495
-0.258993
0.108070
-0.295896
-0.076436
0.124544
0.354083
0.415121
-0.176705
-0.458793
-0.270137
0.565774
0.081421
0.243912
-0.234911
0.213398
0.306349
0.174877
0.648125
0.212232
0.110085
0.181621
0.247277
0.129532
0.145216
-0.556226
0.062787
-0.329219
0.439536
-0.098232
0.081908
0.099850
-0.138369
0.075390
0.745899
-0.297018
0.074898
0.005761
0.532909
0.038682
-0.525045
0.494866
-0.186475
0.137762
0.281068
-0.492456
0.501235
0.489872
0.179442
0.347672
-0.199228
0.187487
0.429080
-0.111095
0.122578
0.077139
-0.214138
-0.050914
-0.074254
0.031782
-0.242149
-0.484786
0.137717
0.235141
0.209361
-0.364035
0.349099
-0.243274
0.385521
-0.014400
-0.188296
0.231139
0.029000
0.588844
0.088681
-0.318423
0.019680
-0.403125
-0.594096
0.036246
0.237426
0.600560
-0.381878
0.377775
0.381691
-0.005868
-0.067389
-0.083899
0.100454
-0.480530
0.504807
-0.247399
-0.142265
0.010377
-0.348793
-0.148324
-0.609599
-0.129472
-0.362389
0.257505
-0.072140
0.379782
0.530233
0.111108
0.081583
-0.257538
-0.280711
0.113862
0.232744
0.065552
0.120255
-0.438898
0.091504
0.313102
0.166438
-0.008623
0.088897
0.247401
-0.254203
-0.389658
-0.512974
0.489966
-0.023690
0.150254
0.083458
0.399322
-0.126530
-0.196249
-0.585034
0.395445
-0.080778
-0.023515
0.457801
0.160784
-0.072686
-0.146592
0.234039
-0.258628
-0.094991
0.377474
-0.385183
-0.135789
-0.080777
-0.553312
-0.249619
0.466911
0.779866
-0.257368
-0.602572
-0.540298
0.061658
0.448043
0.338149
0.270321
0.601785
-0.432468
-0.143025
0.082039
-0.106622
0.608776
0.160035
0.256442
-0.072897
-0.134719
0.077839
-0.149132
-0.059534
0.282487
-0.288678
0.368580
0.016897
-0.356544
0.352472
-0.254873
-0.131260
-0.070888
-0.157125
-0.507767
0.135596
-0.059790
-0.018297
0.187387
-0.146873
0.519999
0.143065
-0.165579
-0.082543
0.142948
-0.506079
-0.597946
-0.269735
0.589469
-0.326908
0.151518
-0.092014
0.307460
0.194393
0.385130
-0.274178
0.086681
0.258494
-0.030930
0.555924
-0.202919
-0.383632
0.444197
0.026041
0.074205
-0.365210
0.590748
0.640411
-0.323395
0.200955
0.629414
0.333366
-0.494072
0.449349
0.136140
-0.169299
0.424500
-0.127517
-0.235872
-0.142848
-0.060456
0.380694
0.145859
0.433297
-0.117088
-0.493903
-0.394061
-0.080555
0.023977
-0.393820
-0.269123
0.204422
0.359720
-0.236381
0.335602
0.157868
-0.395892
-0.064541
-0.214392
0.324670
0.463591
-0.177753
-0.262484
0.055691
-0.456053
0.382100
-0.011095
-0.079773
-0.284662
0.208206
0.195534
-0.242060
-0.291427
0.432637
-0.104955
-0.252490
0.565366
-0.270005
-0.255573
-0.439338
-0.049506
-0.594369
0.486671
-0.089418
-0.278599
0.423782
0.078436
0.630702
-0.275219
-0.339823
0.421212
-0.200559
-0.207201
-0.060069
-0.053219
-0.339050
0.219582
0.266417
-0.411477
0.250797
0.070203
-0.389067
-0.001216
0.096620
-0.333928
0.069722
0.202892
0.384113
0.571912
-0.244833
-0.227416
0.017375
0.606165
-0.381157
0.227230
0.055989
-0.300489
0.395725
-0.274929
0.035272
0.352269
-0.093399
0.335838
-0.124778
0.065759
0.203791
0.192906
-0.312943
-0.446395
0.046754
0.281913
0.252363
-0.494548
0.460848
0.471205
-0.121764
-0.558344
0.225622
0.193327
-0.654835
0.142798
0.263624
-0.236143
0.233465
-0.124170
0.100036
0.255572
-0.093865
-0.036986
-0.224607
-0.342798
0.021018
-0.232620
0.156311
0.403607
-0.355515
0.427085
-0.165336
-0.446650
-0.282279
-0.287644
0.148115
-0.295219
-0.064815
-0.337409
0.446298
-0.410252
0.126702
0.572193
0.049979
-0.279147
0.213258
-0.062468
0.131070
-0.055229
0.111659
-0.069511
-0.369694
0.055756
-0.020205
-0.370512
-0.286773
0.105206
-0.027262
-0.412573
-0.047328
-0.091889
0.057430
-0.352445
-0.240232
0.439521
0.408649
0.456564
0.256665
0.022690
0.238535
0.154397
-0.134586
-0.350832
0.031538
-0.433005
-0.419656
-0.089994
0.531812
-0.463557
-0.514979
-0.573659
0.030889
0.361518
0.316418
-0.135948
0.116911
0.146041
-0.231536
0.206157
-0.339941
0.762587
0.458154
-0.026971
-0.182835
-0.203178
-0.300273
0.252989
0.176144
-0.033923
0.309107
-0.189205
0.160513
-0.031870
0.247282
0.285756
-0.509265
-0.194773
0.247967
0.552832
-0.664206
-0.409295
-0.043681
-0.062619
-0.297253
0.148145
-0.174136
0.127922
-0.030315
-0.449197
-0.296630
-0.614373
-0.149184
0.291854
0.452823
-0.116465
-0.175269
-0.509993
0.056693
0.096785
0.158793
-0.264631
0.628231
0.340745
0.435443
0.258003
-0.177679
-0.085295
-0.134764
-0.203568
0.546500
-0.370035
0.128461
-0.247446
0.121633
0.301915
-0.706372
0.031794
0.154525
-0.046785
0.086571
0.361746
0.092483
-0.331886
0.467639
-0.216105
0.025062
-0.089675
-0.409707
0.685028
-0.234585
0.132703
-0.237855
-0.432633
0.673710
-0.069463
-0.037670
-0.030742
-0.224567
-0.302807
-0.812285
-0.507799
-0.261225
-0.123157
0.386216
-0.496779
0.233953
-0.307096
-0.267943
-0.575493
0.060578
0.429416
-0.037322
0.122094
-0.215316
-0.029076
0.391295
-0.016639
-0.243020
-0.817573
-0.041493
-0.308469
0.204283
-0.061274
0.448642
-0.416008
0.517291
-0.389057
-0.221052
0.074424
0.468327
-0.481312
0.174346
-0.161745
-0.117073
-0.085109
0.569344
-0.610776
0.216368
-0.002784
0.621392
-0.029112
-0.242511
-0.054408
0.167129
0.352700
-0.306287
-0.059321
0.658059
-0.045202
-0.003449
-0.644888
-0.057023
0.151806
0.021143
-0.365412
-0.225302
-0.241582
0.433658
-0.010534
-0.324136
-0.115711
-0.423626
0.576235
-0.170547
0.084712
0.677850
-0.298646
-0.582816
0.220971
-0.363672
0.440682
0.653076
0.004975
-0.133433
-0.593802
0.413032
0.142211
0.031711
0.379938
-0.300780
0.400022
0.412384
-0.761303
0.082879
0.193634
-0.126056
-0.452282
0.451522
0.085706
-0.251797
0.208135
0.106666
-0.564388
0.335219
0.313727
-0.481978
-0.265714
-0.195373
-0.013757
0.362199
-0.654361
-0.207862
-0.600448
-0.136365
-0.187765
-0.627775
-0.404327
-0.151115
-0.468133
0.041936
0.076818
-0.556648
0.169136
0.378654
0.167009
-0.253608
-0.496946
-0.118601
0.123231
-0.157683
0.247579
-0.423917
0.199602
-0.266499
-0.618470
0.473577
-0.344710
-0.257323
0.256352
0.618549
0.179170
-0.104181
0.391242
