0.097133
-0.184085
-0.150931
-0.020614
-0.434568
0.192430
0.437313
0.129553
0.111463
0.422378
-0.356563
-0.332150
0.863382
-0.236989
-0.509102
-0.061551
0.064699
-0.280809
-0.225303
0.461966
0.295660
-0.187689
-0.383394
0.447601
0.207894
0.208266
-0.036951
-0.304020
-0.453326
0.350877
0.319432
-0.540151
-0.012328
-0.215856
-0.165848
0.157864
-0.321788
0.186279
0.290817
0.299065
0.256860
-0.053875
0.157282
0.381135
0.078876
-0.362741
0.596762
0.053287
-0.088796
-0.347387
0.473897
0.072779
0.035999
0.266422
0.036073
0.533299
0.196546
0.092521
-0.455890
0.274520
0.092033
0.376275
0.032610
-0.184853
-0.054156
-0.337433
-0.435575
0.058551
0.354140
-0.338689
0.158897
-0.430357
-0.241545
-0.480004
-0.516450
0.238670
-0.090991
0.060069
0.001486
-0.402664
-0.161752
0.187075
-0.079582
0.252190
0.096681
0.240251
0.259023
-0.235991
-0.107577
0.177698
-0.328668
0.104385
0.045497
0.207595
-0.072606
0.201006
0.261825
-0.198942
-0.557770
0.402944
0.198419
-0.471766
0.283450
-0.649946
-0.431984
-0.255409
0.438527
0.248475
0.318346
-0.291748
-0.297562
0.157417
0.007953
-0.108486
-0.045786
-0.348816
-0.207796
0.390334
0.129086
-0.129735
-0.249405
0.542035
-0.117218
-0.159164
0.109458
0.371632
-0.208746
0.139062
0.070325
0.058053
-0.252152
0.106133
0.196387
-0.534805
0.440271
0.398023
-0.230557
-0.401690
0.388232
0.113833
-0.039838
-0.122021
-0.156366
0.022149
0.298864
0.169703
-0.365780
-0.480323
-0.434717
0.154697
0.250487
-0.331899
-0.633724
-0.352046
-0.327504
-0.376774
-0.278107
0.059310
-0.152618
-0.300305
-0.161305
-0.164753
0.090788
-0.134817
-0.680440
-0.412332
0.279179
-0.357192
0.153506
-0.159294
0.573983
-0.349649
0.253468
-0.024308
0.414333
-0.142668
-0.250870
0.509489
-0.076630
0.224475
-0.247698
0.664891
-0.001658
0.472472
0.220350
0.193075
-0.046063
-0.343947
0.106235
-0.246453
0.525691
-0.414217
-0.252499
0.132526
-0.052147
-0.297360
-0.101008
-0.656922
-0.034894
-0.544925
0.420344
-0.025592
-0.213888
0.099384
-0.146110
0.078010
0.195230
-0.333356
-0.402965
0.311177
0.230176
-0.149698
-0.703707
-0.185244
0.550437
0.313826
0.349629
-0.286103
-0.354130
-0.044188
-0.328542
-0.277378
0.144393
0.070004
0.263348
-0.212093
0.805666
0.082078
-0.208929
0.051316
-0.337710
0.096761
-0.238987
-0.128507
-0.156360
0.108029
-0.088051
-0.257741
-0.507266
-0.218974
-0.445287
0.188480
0.152895
-0.422587
-0.079313
-0.037861
0.414399
0.045115
0.348436
-0.602710
-0.030344
0.418870
-0.543085
-0.275533
-0.092535
0.622073
0.009886
0.594415
-0.362650
-0.458725
0.168136
-0.083538
-0.067105
-0.253315
-0.327592
-0.171710
-0.216545
0.389729
-0.163012
-0.345003
0.301958
-0.279387
0.096713
0.484050
-0.499309
-0.044844
0.122260
0.015889
0.373187
-0.089608
0.379618
-0.298132
-0.340824
-0.178020
0.219445
-0.112253
-0.428137
-0.554995
0.237519
-0.112224
-0.618842
-0.227337
0.095095
0.112162
0.417584
0.103898
0.363584
-0.734789
-0.401496
-0.187191
0.190018
-0.311447
0.503499
0.120458
-0.341514
0.314603
-0.156369
0.321012
-0.059045
0.509265
-0.045349
-0.147881
0.074025
0.071523
0.165889
-0.247428
0.087274
0.495763
-0.187987
0.104515
-0.043122
0.223355
-0.228768
-0.482585
-0.367466
-0.559042
-0.229916
-0.051761
-0.632473
-0.420207
0.288423
-0.462326
0.318094
-0.194499
-0.016933
-0.505869
-0.261856
-0.510891
0.554610
0.277508
0.181022
0.222396
-0.123747
0.288013
-0.414218
-0.395447
-0.399228
0.070903
-0.420148
0.454624
0.363292
-0.386526
0.269121
-0.131629
0.081654
-0.102777
0.195919
-0.281725
0.059753
0.455760
-0.266470
0.390148
-0.426038
0.179438
-0.313827
-0.524662
0.016979
-0.191997
0.079887
0.131327
0.085349
0.471403
0.516868
0.537327
-0.235003
-0.010966
-0.028338
0.374059
0.232388
0.397321
0.141910
-0.371775
0.148228
0.045510
-0.570513
-0.044649
-0.105872
-0.340918
0.051991
-0.018538
-0.301929
-0.121748
0.061520
-0.033237
-0.119144
-0.477339
-0.061929
0.323070
0.027216
-0.538618
0.023540
0.391313
0.290781
0.256152
-0.018512
0.112058
0.110728
-0.259066
0.493198
0.431056
-0.327477
-0.029682
0.037550
0.312924
-0.462963
-0.312284
-0.164702
0.080837
0.382109
-0.399573
0.099200
-0.447652
0.018771
-0.555009
0.351072
-0.153985
0.103164
-0.489321
-0.459302
-0.155238
0.266887
-0.049642
-0.396208
0.100866
0.591858
-0.238868
0.137108
0.391996
-0.002408
0.301421
-0.245103
0.497451
0.338575
0.425522
-0.249546
-0.135586
0.230206
0.002880
0.414272
-0.352911
0.345262
0.195231
-0.023336
0.282601
-0.271157
-0.434830
-0.351673
0.106992
-0.251297
0.171405
-0.163201
0.283602
-0.087816
0.290372
-0.521328
0.408584
-0.043747
-0.366930
0.410145
-0.614498
0.164929
0.424696
0.388448
0.098153
0.649662
-0.246145
-0.065293
0.033814
0.103451
-0.306008
0.795010
-0.115033
-0.493305
0.051627
0.087987
0.160139
0.345477
0.232665
0.020765
-0.579889
0.396401
0.302848
0.318232
0.154441
-0.659343
0.091613
-0.186420
-0.464004
0.381730
0.111755
-0.392446
0.461780
-0.076072
-0.390568
0.399080
-0.111134
-0.143762
-0.125587
0.398228
0.595720
-0.271919
0.169706
-0.610933
0.404721
-0.423368
-0.021953
-0.420634
-0.243628
0.325803
-0.164359
-0.447379
0.402945
0.395592
0.676105
0.074214
0.372206
0.075637
0.287308
0.321899
-0.444475
-0.395659
0.040822
-0.484304
0.517316
-0.110610
0.053260
-0.545293
-0.285877
0.418832
0.035157
-0.085251
0.318770
0.241811
-0.258943
0.649094
-0.041388
-0.626391
-0.349760
0.014643
0.257601
0.226242
0.455978
-0.360097
0.409511
-0.352711
-0.442725
-0.418887
-0.133446
0.106098
0.106832
-0.068123
0.537858
0.045754
-0.001691
0.236500
-0.626647
-0.184909
-0.275864
-0.323234
-0.419465
-0.488160
0.340273
0.342502
-0.445882
-0.262273
0.256353
0.435062
-0.326504
0.116004
0.397960
0.408189
0.051694
-0.179341
0.150579
-0.496321
-0.078363
-0.376288
0.273950
-0.049406
0.003971
0.208298
-0.027893
-0.259335
-0.260923
0.634726
-0.347156
0.134709
0.179721
-0.427433
0.256067
-0.176594
0.287114
-0.226797
0.285641
0.035684
0.381914
0.437535
0.301459
-0.183583
0.001390
-0.125302
-0.161430
0.445363
0.022285
-0.011874
-0.577702
0.006289
-0.321665
0.210414
-0.769382
0.304008
-0.040247
0.176555
0.143413
0.486313
-0.421167
0.487800
0.498097
0.395589
0.282921
0.211536
0.405691
0.169205
-0.369172
-0.390316
-0.251652
0.867688
-0.092365
0.311006
0.205736
-0.575449
-0.193131
0.351362
0.510758
0.064425
0.384228
-0.100258
-0.022946
-0.213405
0.214310
0.264133
-0.302176
-0.163126
-0.449435
0.116832
0.433266
0.118074
0.044554
-0.421571
0.448336
-0.247577
-0.402862
0.152053
0.094848
0.001638
-0.018743
0.015948
0.213159
0.138087
-0.566396
-0.646939
-0.194431
-0.224958
-0.400526
0.105433
0.350503
0.557210
0.158034
-0.100051
-0.726737
0.490287
0.039542
-0.798471
0.050062
-0.170832
-0.403902
0.679225
-0.391262
-0.098524
-0.268164
-0.068979
0.092702
-0.036800
0.149754
0.270472
0.369560
-0.046998
0.072761
-0.036379
0.503130
0.693811
0.743231
-0.576044
0.188218
-0.429682
0.032798
-0.520351
-0.240920
-0.249992
-0.406842
-0.104664
-0.457173
0.354549
0.346874
-0.437936
-0.068846
0.304443
-0.141078
0.536760
0.494998
0.232309
-0.054326
0.075308
0.372366
0.460745
-0.234082
-0.351769
-0.273229
-0.236165
-0.333268
0.122672
-0.076014
0.266742
-0.328782
-0.191040
0.414920
-0.376464
0.147807
-0.337270
-0.301415
0.012207
0.570372
0.572947
0.533753
-0.391617
0.105875
-0.242896
-0.286388
0.489011
0.165584
0.513624
-0.329076
-0.301384
-0.332146
-0.233901
0.154226
-0.386194
-0.179491
-0.281057
0.300505
-0.177366
-0.051958
0.076036
0.531758
0.127740
-0.127395
0.095597
-0.019230
0.201473
0.101972
0.199532
0.033626
0.121719
-0.157543
-0.246421
-0.042618
0.557592
0.117848
-0.562896
-0.223460
0.781390
-0.457225
0.223817
-0.065846
-0.110147
-0.484056
0.120373
0.070575
-0.020988
-0.515655
-0.241263
-0.135967
0.044602
0.609390
-0.051172
0.002846
0.529120
0.203408
0.437391
-0.443313
0.278132
0.094735
-0.292704
-0.071572
-0.191270
0.013342
0.524302
0.378524
-0.432212
-0.099957
-0.192752
0.001584
-0.532788
-0.166717
-0.082785
0.189283
