-0.281315
0.361878
0.587817
0.104465
-0.392475
-0.240209
0.155899
-0.066101
-0.040380
0.258993
-0.038440
0.044128
0.060522
-0.538669
0.069859
-0.051950
0.188590
-0.102862
-0.162445
-0.551438
-0.136918
0.095499
0.134324
0.664055
0.137197
-0.461565
0.671758
0.045909
0.264861
-0.146123
-0.036709
-0.455362
-0.445915
-0.096746
0.749647
0.326238
-0.438803
0.301876
-0.148768
0.337777
0.093500
0.159331
0.548167
0.400693
0.223561
-0.299262
0.260589
-0.167609
-0.238177
-0.099005
-0.447473
0.019009
-0.457447
-0.169892
0.108060
-0.228674
-0.412212
0.131508
-0.124033
0.282149
-0.311482
-0.431885
0.523070
-0.335832
-0.204629
-0.355801
0.361606
0.422075
0.456444
-0.366862
0.170786
0.005322
0.100283
0.108312
-0.584672
-0.040179
-0.347151
-0.005900
0.219577
0.212516
-0.051516
-0.061278
0.003613
0.350790
-0.418034
0.047968
-0.154652
-0.459318
-0.063531
0.230124
0.088532
-0.283511
-0.162961
-0.013033
-0.474766
-0.018388
0.324274
-0.061051
0.778823
-0.466562
0.064378
0.030483
-0.120804
0.027926
0.624054
-0.147052
-0.332080
-0.556777
0.154830
-0.162760
0.230448
0.434182
-0.712879
0.149125
0.398864
-0.484690
-0.676870
-0.236827
0.071759
-0.324125
0.256401
0.369966
-0.170378
-0.235016
0.222545
0.592684
0.174714
-0.051892
0.051650
0.205576
0.618973
0.174699
0.262193
0.109913
0.182537
-0.615487
0.068228
0.254700
-0.383250
-0.100807
-0.425177
0.270145
-0.117783
-0.116628
-0.097688
-0.168227
-0.077580
0.119497
-0.358112
0.313690
0.265373
-0.238024
-0.040997
0.655542
0.169926
0.660070
-0.302307
-0.647474
-0.369912
0.357405
0.097053
0.096905
0.526919
-0.366984
0.056798
-0.502168
-0.289894
0.017039
-0.184007
-0.486604
-0.168589
0.042969
-0.275266
0.566709
-0.510246
-0.267597
0.157618
0.059174
-0.262198
-0.474876
-0.181486
-0.456783
0.361416
0.020211
-0.212605
-0.485615
0.225949
-0.307691
-0.090661
-0.245622
0.001288
-0.443314
-0.301713
0.229691
-0.520838
-0.243940
0.508140
0.128444
-0.326140
0.375598
0.311315
-0.304863
-0.329006
0.192039
0.377112
0.256807
0.128409
-0.530221
-0.361073
-0.125474
0.153569
-0.498319
-0.144848
0.013530
0.423421
0.225167
-0.382795
-0.217620
-0.211809
0.316897
0.377715
-0.288672
-0.549498
-0.075997
0.156098
0.570926
0.664130
-0.087479
-0.370093
-0.450185
0.220138
0.079029
0.580005
0.077794
-0.060297
-0.611528
0.447107
0.028747
-0.276135
0.343201
-0.197678
0.276769
-0.387252
0.053858
-0.339784
-0.617037
-0.313517
-0.301183
0.663746
-0.278255
-0.106573
-0.043773
0.074750
0.069204
0.562363
-0.124819
0.396577
0.221498
-0.007156
-0.498304
0.294900
-0.043609
-0.323686
0.123454
0.355285
-0.067513
-0.283298
0.255297
0.548023
0.118438
-0.250214
-0.166422
-0.541106
-0.107897
0.138217
-0.283788
-0.070700
-0.075477
-0.118346
0.296595
0.348522
0.067549
-0.149776
-0.193116
-0.060541
0.411113
-0.215468
0.493326
0.631442
-0.405634
-0.424911
0.035640
0.008906
0.362960
0.482382
0.040674
-0.461483
-0.110925
-0.347368
0.281615
-0.402889
0.256680
-0.125045
0.017258
-0.265355
0.044805
0.499982
0.469858
0.125724
0.402857
0.061199
-0.519140
-0.325236
0.102096
0.127672
0.131395
-0.184575
-0.067606
0.004954
0.573561
0.419229
-0.059905
-0.055130
0.227841
-0.313933
-0.360505
0.293895
-0.150196
0.056438
-0.504023
0.266172
-0.347511
0.015428
0.406674
-0.072268
0.152383
-0.217195
-0.128760
-0.111618
-0.272010
0.053478
0.566262
0.326669
0.751704
-0.414073
0.438355
-0.299939
-0.194576
-0.642144
0.263300
-0.331773
0.354206
-0.056088
-0.047200
-0.084277
0.465064
-0.440571
-0.045009
0.297989
-0.688220
0.191595
0.170175
0.443240
-0.326284
-0.117317
0.076113
0.212565
-0.282968
0.195616
-0.127363
-0.091879
0.514167
0.350046
0.147127
0.080070
-0.139519
0.404635
-0.120874
0.124256
-0.307090
-0.427350
-0.065575
-0.187150
-0.131385
-0.131761
0.216138
0.383071
0.270530
0.050624
0.220155
0.541219
-0.084576
0.336121
0.110767
-0.463416
0.595689
-0.171409
0.646374
0.285263
0.412879
-0.117490
-0.197379
-0.574905
0.455568
0.504209
0.373147
-0.274373
-0.149901
-0.229754
0.469775
-0.096751
0.195492
0.188029
-0.086414
0.102631
-0.173469
0.124901
-0.043383
-0.075394
-0.399573
0.354357
-0.088714
-0.167666
-0.184189
0.063008
0.088281
-0.426327
-0.009190
-0.213005
0.295991
0.243621
-0.455673
-0.422655
-0.104449
0.161559
-0.052701
-0.001351
0.274706
-0.107237
0.465306
0.234017
0.346364
-0.300900
0.317276
0.061245
0.319146
0.126458
0.330440
0.152847
-0.587693
-0.261948
-0.282505
0.539791
0.376271
0.300479
-0.291200
-0.194544
0.212684
0.200089
0.267413
-0.181429
0.401328
-0.385120
0.342074
-0.337258
-0.411221
-0.043747
-0.304566
0.192613
-0.342066
0.047793
-0.417722
-0.417213
-0.138547
0.577275
0.016931
0.312493
0.485125
0.269354
0.146762
0.287539
-0.599903
0.137540
0.271058
-0.082188
-0.191932
0.573179
0.013978
-0.430114
-0.497529
-0.332848
-0.298194
-0.169491
0.139657
-0.019239
0.089930
-0.183340
0.134850
-0.579549
0.455709
-0.581094
-0.338203
0.156007
0.118682
-0.583098
0.078286
-0.321053
0.219186
-0.173551
0.626342
-0.029081
0.070183
-0.343595
0.067192
0.167342
0.187775
0.465005
-0.151844
0.117618
-0.282545
-0.264207
0.468089
-0.324898
0.250159
0.143572
0.191344
0.642939
0.263154
0.448315
-0.294604
-0.392680
-0.151713
0.183108
-0.215163
0.279772
-0.439606
0.357176
0.462926
-0.003403
-0.349775
0.141868
-0.449704
0.010695
0.121209
-0.089039
-0.023096
-0.027310
-0.279983
-0.601667
-0.586719
0.170091
-0.396437
-0.191065
-0.335291
-0.245817
0.193497
0.145135
-0.202144
-0.159041
-0.171992
0.491627
0.042356
0.424456
-0.057693
0.304156
0.158402
0.145525
-0.303134
-0.752965
-0.324809
0.138062
0.409569
-0.667933
0.491798
0.164111
-0.289267
0.445732
-0.169005
-0.696410
0.022881
0.105938
0.058144
0.402292
0.332065
-0.010922
-0.333097
0.174770
-0.275992
0.108087
0.122655
-0.033838
0.315491
0.160304
-0.075058
-0.059975
0.063219
0.431032
-0.301978
0.025728
0.446404
0.262938
-0.040585
0.318071
0.319442
-0.418608
0.256337
-0.422431
0.282625
-0.014989
-0.771449
-0.108557
-0.066712
0.238226
0.173834
0.208190
-0.543889
-0.207402
-0.187325
-0.659242
0.405118
0.436032
-0.406972
0.292709
-0.247649
-0.454749
0.370305
0.084457
-0.280136
0.002127
-0.150089
0.267304
0.006424
0.250052
0.021991
-0.169330
-0.154977
0.859843
-0.104318
-0.214914
0.283946
-0.699412
-0.145026
-0.056390
0.197490
0.150821
-0.389901
-0.467061
-0.348080
0.303608
0.575032
-0.296985
-0.081904
0.016619
0.031581
-0.358514
0.368207
0.091232
0.415420
-0.479223
-0.187509
0.152254
-0.282782
0.066436
-0.277618
0.246579
0.257453
0.343184
0.169082
-0.266796
-0.012795
-0.157281
-0.029917
0.240751
0.467009
0.606457
0.558191
-0.068037
-0.169067
-0.067267
-0.097496
-0.225489
0.459304
-0.529373
-0.547384
0.073233
-0.284921
-0.333735
0.250514
-0.208712
-0.147336
-0.176039
0.275997
-0.396381
0.099650
0.096303
-0.485676
-0.745844
-0.106782
0.205270
-0.270993
0.620660
0.576371
0.384227
-0.220639
0.422725
-0.116167
-0.354793
-0.134494
-0.426963
0.584409
-0.183577
-0.363028
-0.352039
-0.385917
-0.134670
-0.036540
0.326140
0.108486
-0.479300
-0.181802
-0.278801
0.174715
0.356690
-0.325173
-0.412093
0.043285
0.167338
-0.420665
0.186010
0.460888
0.127155
0.040555
0.279504
0.374139
-0.348737
-0.212506
-0.040177
-0.475422
-0.098892
-0.320008
0.477209
-0.131428
-0.023606
-0.198102
0.122244
0.065338
-0.165416
-0.153960
-0.371911
-0.325945
0.226869
-0.022540
0.045738
0.088160
0.260256
0.034260
0.200989
-0.010948
0.507252
0.400337
-0.271899
0.128529
-0.307653
0.009623
0.130068
-0.588330
0.114734
0.273127
-0.000291
-0.015457
-0.439344
-0.697618
-0.076475
-0.363766
-0.419063
0.158091
0.087034
0.042449
-0.292720
0.291504
0.964009
-0.660514
0.034536
0.210945
0.311078
0.668167
-0.038306
0.428915
-0.292025
-0.633920
-0.042690
-0.477657
0.124456
0.012495
-0.623822
-0.273307
0.292118
-0.024101
0.006219
0.241659
0.272139
0.103197
-0.038791
-0.420196
0.300603
0.268555
-0.203801
0.589986
0.546103
0.415013
-0.029189
0.072155
0.269061
0.192882
-0.083869
0.308186
