0.522281
-0.173837
0.028887
-0.602201
0.234038
-0.176147
-0.085642
0.212345
-0.202314
-0.180573
0.362089
0.008558
0.009640
0.535811
-0.092569
-0.618283
0.125674
-0.012249
-0.503644
0.123268
0.074136
-0.293604
-0.526234
-0.059502
0.145965
0.058157
-0.276216
-0.447002
-0.274286
-0.572755
0.095803
0.105599
0.205022
-0.125975
-0.033951
0.088933
0.444212
0.062569
-0.081453
0.365342
-0.041596
0.294368
0.524987
-0.390255
-0.561249
0.350444
0.210128
0.291205
0.318511
0.317330
-0.038533
0.000576
-0.110394
0.568265
-0.133454
-0.004839
-0.018559
-0.510071
0.268096
0.117129
0.572666
0.510837
0.409552
-0.438355
-0.059207
-0.378637
0.386794
0.359350
0.541972
-0.316339
0.142700
-0.027938
0.282583
-0.254208
0.310225
-0.108549
-0.434445
-0.321690
0.001486
-0.265404
-0.144720
-0.393552
0.238422
0.350780
0.007698
-0.218590
-0.118208
0.463421
-0.524106
-0.625463
0.363821
-0.067324
0.415141
-0.063979
0.353024
0.031650
0.220648
-0.275084
-0.605280
-0.504286
-0.112591
-0.132602
-0.515040
0.039913
0.331062
0.283833
-0.230207
-0.215836
0.413641
-0.234288
0.299448
-0.799266
-0.412044
-0.039386
-0.230766
-0.168265
0.130872
-0.508036
0.332014
-0.407515
0.175962
-0.592535
0.110612
-0.213663
-0.081057
0.456021
0.170936
-0.575312
0.098534
0.077476
0.640910
-0.383649
0.294784
0.052578
0.147553
-0.370247
-0.569044
-0.586176
-0.228975
0.513440
0.247312
-0.062896
0.447536
-0.651895
-0.082813
0.313485
0.000128
0.260040
-0.382900
-0.380979
0.079929
-0.274554
0.018021
0.170032
-0.219121
0.588639
0.032844
-0.184599
-0.339828
0.286630
-0.191043
-0.064601
0.421399
-0.461839
-0.321080
-0.524232
0.189904
-0.156519
-0.280570
-0.512150
-0.093391
0.004777
-0.343260
0.469977
0.161137
-0.328125
0.273020
-0.151452
-0.405986
-0.226325
0.590967
0.478830
0.029527
0.216486
-0.499001
-0.303154
0.001405
-0.559665
0.356442
-0.424629
0.187532
-0.463945
-0.271903
0.332137
0.175257
-0.458426
-0.236014
-0.639359
0.119274
-0.447994
-0.259691
0.116205
-0.568516
-0.445088
0.540699
-0.021479
0.064141
0.163295
-0.317678
0.289250
0.267246
-0.097133
0.066198
-0.249152
-0.513749
0.429499
0.391009
-0.244769
0.290162
0.106122
-0.207516
-0.577632
0.548976
-0.618102
0.098104
0.283726
-0.351691
-0.353107
-0.290171
-0.304918
-0.489899
0.554033
-0.268139
0.257222
-0.350917
0.190678
0.025570
-0.514350
-0.305980
0.533536
-0.469271
-0.459968
-0.035082
-0.008393
0.603553
0.503276
-0.769243
-0.490890
-0.392489
-0.123837
-0.178188
-0.167408
-0.153385
-0.071274
-0.151001
0.368693
-0.662845
-0.242519
-0.626252
-0.235447
-0.298478
-0.013628
-0.354632
0.616956
0.146201
-0.191454
-0.493100
0.481935
0.021439
0.415913
0.114515
0.478069
0.703583
0.029662
-0.260606
0.386956
0.145710
0.277571
-0.603271
-0.272369
0.314937
-0.136230
0.409125
-0.018678
-0.111595
0.074607
-0.380916
-0.499948
0.350771
0.521712
-0.398133
0.526790
-0.089694
0.332419
0.384171
0.387499
-0.438276
-0.117409
0.322534
0.110052
-0.296501
-0.421199
0.191804
0.517938
-0.540750
0.675309
0.090945
0.329991
-0.219264
-0.651416
-0.192351
0.035233
-0.316453
0.121088
0.039579
-0.232300
-0.599689
0.063704
0.507625
0.300833
-0.084759
-0.573650
-0.400317
0.637840
-0.194529
0.596021
0.426687
-0.378906
-0.516901
0.570762
0.148691
-0.330020
0.167103
-0.440722
0.063960
0.274758
0.232952
0.239981
-0.372027
0.280471
-0.710453
0.321715
0.288388
0.230967
-0.097990
0.312190
-0.055730
-0.391390
-0.571825
0.421567
-0.317976
-0.300303
0.549852
-0.599421
0.164474
0.458536
-0.212382
0.049681
-0.153457
-0.485120
-0.393826
-0.195608
-0.324422
0.072507
-0.251005
-0.577296
-0.290395
-0.297612
0.414725
0.391956
-0.082125
0.233220
0.139093
-0.078070
0.059262
-0.097511
-0.304858
-0.076643
-0.684701
0.297277
-0.156855
0.465591
-0.032353
-0.372804
-0.548856
-0.149311
0.405625
0.290352
0.344825
0.063048
0.052011
-0.516447
-0.281957
-0.312254
0.426958
0.595689
0.276038
-0.026955
0.110885
-0.023550
-0.226904
-0.154206
0.176282
0.287729
-0.486773
-0.468747
0.097508
-0.389645
0.234728
0.438494
-0.161569
-0.279701
0.637539
0.287004
-0.154266
-0.278213
-0.137977
0.499237
-0.083963
-0.362395
0.086802
0.189216
-0.426066
-0.089984
-0.286700
0.369258
-0.635197
-0.740010
0.380944
0.384649
0.127415
-0.089626
-0.425164
0.155506
-0.257339
-0.265598
-0.107126
0.164359
-0.301756
0.310552
-0.075973
0.050924
-0.382325
0.319044
-0.089887
-0.079522
0.018633
-0.451568
0.141623
-0.200851
0.204066
-0.146680
-0.477961
0.321682
-0.262208
0.002472
-0.429177
-0.026958
0.641456
0.343421
-0.186723
-0.005214
0.160011
0.262498
-0.365868
-0.282898
0.328352
-0.077937
-0.211032
-0.668630
-0.303692
0.393730
-0.181869
0.019070
-0.202916
0.120398
0.486889
-0.552634
0.233075
-0.113737
-0.335843
0.589425
0.395660
0.129482
0.482649
-0.191932
0.473895
0.085505
0.025242
-0.545549
0.073445
-0.576014
-0.407681
0.064991
-0.604193
0.155904
0.033644
-0.460659
-0.170538
-0.490541
-0.299792
-0.272921
0.123490
0.566603
0.267432
0.545366
-0.404327
-0.164918
-0.043248
0.370019
-0.348325
-0.021405
-0.343595
0.139871
-0.109145
-0.129594
-0.098544
0.267675
0.443891
-0.167602
0.091998
-0.029019
0.025942
-0.122679
0.039438
-0.339185
0.368424
-0.128734
-0.104780
0.279314
0.126101
0.035093
0.383624
0.141812
0.344488
-0.326700
0.287306
-0.416995
0.122297
0.257720
-0.342921
0.308153
0.280322
0.278172
-0.422494
0.028683
-0.099534
0.000135
-0.496929
0.433522
0.392826
-0.521470
0.619347
-0.227857
0.023580
-0.053756
0.343616
-0.282199
-0.406136
-0.005519
-0.084162
0.509265
0.069672
0.542092
-0.410894
-0.474002
0.152318
0.279374
-0.159018
-0.462365
-0.238436
0.019115
-0.294266
0.034040
0.164111
0.479385
-0.053238
-0.151751
-0.203271
-0.150933
-0.093339
-0.147660
-0.288937
-0.162080
-0.048838
0.108300
0.063348
-0.225591
-0.208222
-0.010203
-0.072761
-0.673636
-0.122866
-0.087168
-0.293002
-0.189291
0.065968
0.367497
0.200971
-0.205346
0.515673
0.486916
0.132569
0.441643
-0.529309
0.281869
-0.146440
-0.274212
0.115251
0.444460
-0.048896
0.451919
0.238226
-0.001532
0.236164
-0.265733
-0.027690
-0.184282
-0.041444
0.153458
0.502901
-0.361843
0.151606
0.048342
0.060363
-0.147789
-0.359123
0.245395
-0.320433
0.241640
-0.030016
-0.113330
-0.151453
-0.114682
-0.497902
-0.110828
-0.552568
0.215045
-0.556005
0.514029
0.012318
0.162979
0.013386
0.160572
0.073737
0.118700
0.569107
0.030209
0.078922
-0.002755
0.184369
-0.441662
-0.215456
-0.572938
0.472116
-0.466833
0.300677
-0.135746
0.280593
0.784315
-0.152613
0.526707
0.100714
-0.411850
-0.222794
-0.169803
0.372472
-0.059510
-0.090699
0.313340
0.229900
-0.489598
-0.295587
0.110808
0.420215
0.415554
-0.068037
-0.083523
0.117488
-0.255347
-0.262383
0.312847
-0.451370
0.228987
0.124146
-0.059571
-0.352780
-0.031125
0.066747
0.499195
-0.129472
-0.210856
0.117113
-0.424176
0.156338
-0.068660
-0.091890
0.178694
-0.746975
-0.101552
0.143733
-0.361359
0.443016
0.099125
0.342407
-0.194709
0.244179
0.460566
-0.238135
0.528786
-0.131085
0.168426
0.439041
-0.024225
0.217516
0.472812
0.293894
-0.110217
0.409354
-0.250113
-0.418767
-0.577178
0.070475
-0.064402
0.183847
-0.378027
0.231399
-0.178627
-0.128906
0.186892
-0.247883
0.297646
0.274990
-0.089054
0.015407
0.077478
0.406631
-0.359686
-0.516439
0.640481
-0.156871
0.068678
-0.352419
-0.132097
0.521813
0.109080
0.108930
0.126510
-0.060129
0.355622
0.159241
0.129721
-0.216592
-0.813796
-0.463526
0.508246
0.183619
-0.513784
0.241575
-0.333873
-0.326042
-0.523126
-0.233452
-0.491338
0.077330
0.112670
0.538658
0.106931
0.408564
-0.262476
-0.433878
-0.291695
0.149644
-0.355355
-0.248215
-0.640002
0.557592
-0.270653
-0.199888
-0.584368
-0.178082
0.376469
-0.675669
0.121850
-0.322297
-0.143513
-0.097077
0.331265
0.321031
-0.093557
-0.130767
-0.366567
-0.118412
-0.271144
0.147954
-0.555570
0.217150
-0.128184
0.143669
-0.454085
0.216432
-0.095174
0.360859
0.078772
-0.380354
0.357622
-0.732142
0.314002
0.521497
0.126810
-0.082328
0.388741
-0.538401
-0.518276
-0.205997
0.687169
