0.064288
3.471550
-4.467430
-2.669800
-2.887214
1.447539
-4.012371
0.878918
-1.603588
0.698010
-1.160675
-0.972551
-1.208832
-2.447672
-3.249368
-0.441301
5.450451
-1.117249
-0.767683
-0.943370
2.308421
1.169210
-0.182413
-0.815701
-3.140753
4.829449
-2.272394
2.825596
-0.478225
2.165003
-4.943916
-5.652470
-0.061079
0.273299
0.158399
0.583643
-1.121170
-0.028153
-3.495302
-0.125753
-4.064047
-1.081117
2.678954
-0.782120
-1.522745
-0.673979
-11.331868
0.202163
12.547073
-0.468713
0.404935
-0.024744
-0.507336
-0.018004
0.076156
-0.001935
-5.955151
0.318243
2.867289
-2.662644
0.552248
0.209336
-2.596768
4.416398
2.710795
1.183190
-3.868520
-0.861697
-1.368020
3.838046
0.783024
-0.688636
-1.590338
-1.812906
-0.838886
-0.211781
-2.432884
-0.860760
0.705074
0.185615
-1.130285
-2.374382
-3.914493
-0.650016
-5.480489
-1.815734
-9.308737
-1.058202
3.015169
-2.629711
-0.077201
-2.018082
1.647417
0.102845
-1.503675
6.318894
-6.813268
-2.832906
-2.548749
-1.611496
-2.935621
-1.645864
3.832761
0.306548
-0.378137
-0.787398
0.022949
2.585431
-0.051911
-3.394587
-1.980985
2.205014
1.329373
-3.439734
0.565994
-6.190310
0.483541
1.115357
2.042895
0.819380
7.484696
2.404160
-2.112250
0.997974
7.234440
1.748642
0.460568
1.904668
-2.528098
-1.558618
-2.620966
-2.638978
-0.259831
0.887643
3.244568
1.036261
-2.748904
-0.969884
-3.037656
-0.611822
4.055477
1.503322
-2.833557
-3.130745
2.452512
3.420816
-3.492644
-0.478207
2.820622
6.168454
3.448995
-0.712513
2.093328
-0.484158
3.235590
1.786940
1.119723
1.711722
8.118684
3.060552
-0.127951
-3.351341
5.243953
-3.082166
-0.957816
-0.821484
0.778644
4.238762
-1.975505
1.088929
0.733195
-0.579679
3.161728
6.593044
-2.165996
-1.915268
2.469630
-1.889035
2.087817
4.593409
-1.762860
3.163322
0.332785
1.581352
-2.480028
1.450662
1.165574
-1.142251
-0.240925
1.022866
1.469837
1.811272
3.406488
-0.959915
-5.712656
-0.738473
3.641787
0.645065
-4.451738
1.203630
4.736449
-2.818189
-2.996540
-2.860947
-4.255086
1.756097
-2.403380
-2.999179
-0.429969
2.225624
0.728031
4.219630
2.699460
5.100493
-3.249587
-5.250460
-3.016005
1.940147
-3.116685
-0.001344
4.838962
-1.444780
-4.584601
-3.815628
-0.887964
-7.285447
3.872784
-5.482907
-2.834049
0.409135
-3.583809
4.941002
-7.181159
-0.717751
-5.527288
-2.690283
1.289964
2.817498
-2.095943
4.386636
-1.775181
-0.744308
-0.752420
-0.369537
-4.587905
4.459416
1.856466
-10.113171
-2.160849
-2.547833
2.673927
3.077691
-0.447557
0.051637
4.167450
3.095348
2.107342
0.483790
-2.257182
-0.786290
2.932497
-0.922490
6.869005
2.424745
-8.114657
0.317010
-5.450200
5.618081
0.068188
-2.953347
-4.566083
0.492786
1.797633
4.799051
3.453013
4.844909
-4.660577
-1.130997
-3.907006
-4.907601
-2.937218
-3.996489
6.906090
0.086532
-0.175066
-3.544252
4.086367
0.335343
0.986257
-0.302062
-2.813301
3.799317
2.180812
5.418746
2.373581
2.793603
-1.075970
1.790212
0.027652
3.187142
14.444089
2.378539
3.245162
-0.163337
1.173061
-0.783456
-2.413619
2.504686
-3.381492
-0.020780
0.447719
2.792569
-5.259201
-0.772289
-0.084565
-1.905119
2.176937
-1.972819
0.433091
2.005659
0.455212
0.843889
-1.425607
-2.760042
-6.462298
1.286990
-6.112376
3.592465
-2.821993
0.563880
0.670617
-1.214472
-9.006232
5.511261
4.512255
-0.850272
-2.362435
-3.250423
-1.907305
-2.923143
2.262935
-1.741001
0.927126
1.895342
-1.156112
4.295001
0.719218
1.807147
0.377637
4.216805
-4.400330
-0.129882
-1.559207
-5.761966
-2.459154
-0.833864
4.957081
2.842358
4.078302
-4.783873
-1.346804
-2.639602
1.403661
-1.848814
3.163972
1.038339
1.681300
6.049342
-4.780559
1.525310
1.807305
-2.597502
0.826759
3.356674
4.974070
-2.364170
0.200392
-3.213858
-1.805317
-2.518257
3.327307
1.379566
1.689125
-4.016755
-2.178606
2.697874
-1.210827
1.538910
-1.015420
-2.243340
-4.862915
-0.574182
0.341434
0.583887
-7.443532
1.238657
-0.806036
1.182040
-5.840796
-3.005696
0.715757
3.244979
-3.471766
-3.457039
1.855375
0.566336
-6.812461
-1.745513
1.575015
-1.507239
-1.198168
-0.045717
-0.392235
-3.002217
-8.080722
4.627360
5.317238
4.932854
-0.809462
1.936706
0.671770
5.530168
2.078416
-0.910362
-4.634554
-5.964415
-8.181072
-3.196244
-6.856616
-1.395006
2.040361
0.904378
-4.506715
9.204797
2.925840
-9.224785
-0.177577
-2.623632
-2.176153
2.737344
3.205614
-1.698209
1.189972
4.011301
1.746179
0.368490
5.448906
-2.568246
1.142687
-2.229828
2.709475
0.679068
4.401329
0.446960
-2.773861
-1.265985
4.082970
-3.233075
-0.069087
1.298032
2.830192
-3.085974
4.542561
-4.606554
-2.878222
-2.984450
5.865184
-3.920399
0.202068
-2.387418
-1.930878
-3.855159
-4.181922
-1.146190
-1.084704
1.433316
-1.762034
-1.916649
5.058599
-2.319132
-0.382569
-1.510652
5.499834
0.014187
-6.951241
3.078017
-1.247631
5.710167
-0.840814
1.352550
-0.414491
3.732988
1.964302
-1.252743
-5.689378
1.718879
1.556975
0.117076
2.975630
-0.400245
-3.392996
1.590622
0.205199
2.732454
0.448384
-2.809376
-1.176759
4.582596
3.563057
2.065514
1.285707
-0.247229
-0.371175
2.316004
6.572050
-1.479604
1.424555
1.336861
1.940916
4.833076
1.633326
3.138185
2.834567
-0.663520
-3.959609
-0.737487
-3.850408
-2.591256
3.353082
5.121374
-1.279193
1.582620
4.797654
-2.105889
7.304882
2.115442
-5.793992
-2.400892
-4.728123
1.300118
-4.093364
-1.626142
-8.575828
-4.464241
-1.326528
1.013775
-4.856583
3.405621
5.047660
-1.864573
-6.242074
1.975352
-4.865503
-9.657236
2.305629
4.836441
-6.080405
-0.851281
2.164457
-0.780419
5.284987
0.063746
-2.787544
4.519871
-1.097736
2.337754
-3.393391
2.127545
1.947989
0.464688
-0.843515
3.569287
1.834562
-5.804082
4.182598
-1.060911
1.231740
-3.534634
0.128476
-0.947457
-0.780984
1.893104
-0.900068
-0.519832
2.143252
-1.546184
-9.732299
-0.820324
-3.860896
-3.661345
-6.117806
-0.923697
-2.710853
4.696409
0.592232
3.864592
-4.425592
0.879498
-0.316236
1.606339
-5.765165
1.152764
0.268817
0.436454
-1.774917
3.204948
3.458643
2.160985
-1.457677
2.197871
2.399816
1.326062
0.985447
0.932362
0.020748
-0.001507
-0.221085
-0.109181
-3.170268
-5.835757
-4.376799
-2.386906
2.318134
4.522879
-1.622223
1.164341
-0.664576
-1.785409
-2.922647
-0.197784
2.928978
-0.267301
4.512520
-3.526132
-4.796511
2.087360
-0.038787
-1.812964
-1.097161
-1.525486
0.439663
-0.522368
-0.390389
8.108385
-2.841742
-1.162043
3.361086
-1.933505
1.161579
-2.759951
-2.210459
5.033989
0.470781
3.212996
-0.002898
0.412511
-1.580364
-3.157260
-1.088060
1.800429
9.687384
-0.314911
2.438073
-1.658482
-1.969063
-0.390774
-2.449563
-0.784556
-0.532257
-1.532199
2.206972
4.553807
-2.882808
3.300981
3.136044
2.518500
4.332450
5.255259
-2.849136
-6.485743
2.406714
2.092138
-1.218464
-3.574629
-2.140658
4.098505
-4.109130
-3.443830
3.129191
2.053749
-8.190786
0.833421
1.751710
-0.838870
1.970002
3.532751
5.096986
2.045156
5.931784
3.022755
-3.405471
5.009111
-0.020176
-6.663078
3.500816
-1.467780
-1.166644
-2.215769
-4.886015
-1.962921
2.028797
-0.585472
-4.509755
3.935851
1.569422
2.733097
-3.172345
-7.631524
7.516143
-0.638376
-3.488273
3.252599
4.365155
3.170429
-0.696336
-3.496137
4.125464
-4.102456
-4.831116
2.861882
-1.255333
-7.797305
0.345521
-0.283616
0.289168
-0.890935
11.333145
-0.696331
2.121023
4.304836
-1.643344
-0.866221
2.042977
-3.555334
-2.039232
2.966075
-4.305119
-3.231323
-2.855198
-1.190508
5.395709
6.247584
2.501876
-2.759104
-1.164454
-0.060051
0.956798
2.208607
-3.196835
0.104704
4.547511
-0.725195
2.282906
2.667154
-2.300085
-5.023105
2.401837
2.059238
-1.513243
-0.961195
-5.246288
