-0.071762
-0.324853
-0.073295
0.096230
-0.044822
-0.072798
0.396695
0.212345
0.113225
-0.158385
-0.012041
-0.358628
0.048187
-0.436735
-0.285051
0.183979
-0.056978
0.317377
-0.323838
-0.550328
-0.171153
0.245611
-0.293118
0.311779
-0.164162
0.135806
0.498363
-0.407959
0.092498
-0.572755
0.221262
-0.198239
-0.473833
0.176548
-0.262628
-0.502889
-0.206999
0.486700
0.003507
0.057277
-0.325606
0.121415
-0.356569
-0.168510
0.213195
-0.507934
0.210128
-0.134510
-0.169538
0.415958
0.409066
0.021229
0.081852
-0.388940
0.284631
0.170170
-0.269853
-0.582308
0.222947
-0.471365
-0.383329
0.385629
0.225129
-0.410598
-0.067202
-0.391319
0.295387
0.044667
0.129162
-0.201783
0.142700
-0.343338
0.089989
-0.232559
0.344444
0.186395
0.056768
0.385326
-0.401659
-0.473150
0.596063
-0.124189
-0.352210
0.350780
0.079295
-0.000005
0.253898
-0.108459
-0.142686
0.245850
0.324680
-0.242299
-0.161427
0.080504
0.331621
-0.260334
-0.419495
-0.290356
-0.557770
0.226783
-0.150721
-0.374073
-0.017211
-0.113634
-0.349075
-0.347720
0.398249
0.246336
-0.031659
-0.197178
-0.164808
-0.131903
-0.359199
-0.046130
-0.590758
-0.168265
0.010631
-0.570342
-0.231136
-0.072262
0.353585
0.409716
-0.151281
-0.313857
-0.061254
0.676270
-0.209155
0.096887
0.371483
-0.297283
0.490711
0.446318
-0.586504
-0.060039
-0.519820
0.612838
-0.555387
0.428214
-0.067347
0.066586
0.042743
-0.407121
-0.229317
-0.651895
-0.249277
0.313485
-0.389172
-0.196306
0.055864
-0.412347
0.073707
-0.579332
0.044566
-0.127087
0.029299
0.488255
-0.414605
0.199965
-0.104216
-0.198932
-0.043029
0.117200
0.517539
-0.418498
-0.231778
-0.028688
0.317880
-0.648909
-0.012647
-0.019886
-0.394081
0.497589
0.062165
-0.318618
0.283810
-0.148008
0.368386
0.072352
-0.185741
0.036281
-0.268794
-0.439999
0.077030
0.550181
-0.233890
-0.309495
-0.603167
0.316221
-0.326039
-0.316826
0.187857
0.326355
-0.126966
0.516472
-0.265883
-0.409332
-0.312728
-0.473214
0.213621
-0.346581
0.214263
0.491074
-0.562796
0.337525
-0.607333
-0.085858
-0.405147
0.217813
-0.392743
0.364602
0.236113
-0.194915
0.556992
0.037976
0.427607
-0.099080
0.188202
-0.377532
0.065499
-0.419273
-0.678785
-0.734715
0.696724
-0.671418
0.085994
0.294730
0.140038
-0.323501
0.245138
-0.336878
0.324988
0.458251
-0.251392
0.009592
-0.251775
-0.278071
0.095509
0.262926
-0.707577
0.558875
-0.341734
-0.048910
0.008341
0.300995
0.603553
0.098131
0.450871
-0.135812
0.594348
-0.410700
0.008245
-0.201804
-0.153385
0.211262
-0.083575
0.139049
-0.420259
0.179141
0.199945
0.181298
0.357789
-0.030884
-0.089853
-0.027653
-0.362611
-0.331552
-0.072516
0.131406
-0.068741
0.415913
0.486071
0.212427
0.061904
0.485685
-0.339063
0.386062
0.136045
-0.075477
-0.156214
-0.158385
0.487896
-0.202870
-0.354745
-0.176181
-0.376419
-0.491227
-0.153883
-0.132011
0.326490
-0.117440
-0.320828
0.176440
-0.539474
0.259722
-0.397198
0.287642
-0.264994
-0.117409
0.090494
0.462154
-0.299514
0.407012
-0.647574
-0.513958
-0.246490
-0.282599
0.049257
-0.003997
-0.322910
0.531320
-0.063377
0.035233
-0.394285
-0.011632
-0.267838
-0.281569
0.067660
-0.134576
0.023232
0.127426
0.105349
-0.065070
-0.380476
0.124426
-0.185551
0.461821
-0.231690
-0.449055
-0.479234
-0.235941
0.034311
0.645817
0.056163
-0.301154
-0.089135
0.122152
-0.117716
0.284135
-0.387848
-0.093556
0.005848
-0.264828
-0.020630
0.073487
-0.622415
-0.388585
-0.155420
-0.301589
-0.392177
-0.237705
-0.345183
-0.257368
0.423585
-0.134964
0.252311
-0.265324
-0.309819
0.462220
-0.237629
-0.504663
0.016041
0.788667
0.607883
0.486585
-0.452450
0.256442
-0.769524
-0.421765
0.014392
-0.468779
0.426419
-0.484853
-0.262047
-0.201420
-0.060196
-0.338825
-0.136965
0.214251
-0.229591
0.249707
-0.133304
-0.052848
-0.001193
-0.172197
-0.509940
0.162888
0.405625
0.324417
0.177089
0.331987
0.058140
-0.228898
0.311794
0.098673
-0.399964
0.184512
0.242235
0.379206
0.110885
-0.112357
-0.490003
-0.104233
-0.045791
0.235703
0.342691
-0.073915
0.548451
-0.256739
0.212037
0.438494
-0.253478
0.086896
0.687719
0.234373
-0.232583
0.134504
0.263792
0.355444
0.480663
0.048519
0.086802
-0.541958
-0.333205
0.243545
-0.006584
0.369258
0.452347
-0.099493
0.041321
-0.000015
0.296381
-0.452712
-0.508730
-0.366904
0.131008
0.118482
-0.234231
0.691086
0.056629
0.329065
0.301387
-0.250658
-0.744464
-0.231746
-0.316566
-0.079522
0.163470
-0.038222
0.047785
0.087402
-0.007936
-0.146680
0.050918
0.601903
-0.157296
-0.094652
0.143399
-0.072756
0.641456
0.139255
0.437495
0.218333
-0.608171
-0.331067
-0.315662
-0.282898
-0.061116
-0.360729
0.376692
-0.318063
-0.303692
0.289818
0.171447
0.073378
-0.264452
-0.321241
0.486889
0.083533
0.345774
0.151428
-0.424622
-0.068210
0.457659
0.093025
-0.079171
-0.512202
0.244989
-0.080179
-0.133875
0.214450
0.073445
-0.222599
0.646234
-0.410704
-0.255201
-0.609947
-0.079776
-0.058429
-0.186344
0.164490
-0.499119
0.320409
-0.287632
0.280093
0.191533
-0.183623
-0.377422
-0.280321
-0.513834
0.370019
-0.276047
-0.688732
0.259431
0.381765
-0.105594
-0.129594
-0.005400
-0.407330
-0.426051
0.490593
0.506126
0.123132
-0.108924
-0.374422
0.222083
-0.044533
0.368424
0.323588
0.265931
-0.214608
0.092485
0.035093
-0.331664
0.091320
-0.219818
-0.128634
0.484006
-0.332409
0.309375
-0.284064
0.057285
-0.543197
0.201509
-0.563134
0.478875
0.247907
-0.035423
-0.208435
-0.434307
-0.450979
0.350985
0.439402
0.134185
0.340485
0.487801
0.257805
-0.597640
0.108770
-0.315848
0.148288
0.547504
0.358423
0.220759
0.682323
-0.486939
0.254883
-0.042196
0.103712
-0.159018
-0.582267
-0.352432
0.410858
0.337559
-0.240821
-0.375829
-0.008690
0.395101
-0.397111
-0.539518
-0.528044
0.359520
0.326554
0.067471
-0.038705
-0.398110
-0.161228
-0.068499
-0.096909
-0.012671
0.411247
-0.072761
0.043962
0.075814
-0.443115
0.388380
-0.224126
-0.112612
-0.046223
-0.402425
0.390145
-0.300841
0.131816
-0.066308
0.486421
0.697719
-0.298773
-0.182835
0.184740
-0.237771
0.288985
0.402187
0.072025
0.174663
0.390138
0.665430
-0.290044
-0.389221
-0.530834
0.065732
0.294541
-0.276741
0.580337
-0.597602
0.086413
0.268794
-0.121939
0.402550
0.449058
0.379392
0.134954
-0.030016
0.191401
-0.339038
-0.251130
-0.190405
0.240771
-0.513678
0.028209
0.327625
0.198709
-0.754356
-0.262722
-0.088921
0.200868
0.674179
0.404069
0.424869
0.290212
0.465963
0.005711
-0.184464
-0.166239
-0.237740
0.046320
0.279374
0.458698
0.219508
-0.053496
0.268226
0.259219
-0.430024
0.452975
-0.313457
-0.514080
0.197150
0.112939
0.448791
-0.264350
0.027541
0.296278
0.037318
0.394343
-0.618738
-0.155637
-0.010565
0.281338
0.036714
-0.527339
-0.094969
0.192298
0.090918
0.200969
-0.558630
0.256314
-0.216600
-0.121158
0.031341
0.631162
0.000647
-0.034069
-0.065990
-0.246821
0.098977
0.507380
0.000720
-0.300195
0.179388
0.475464
-0.248231
-0.062228
-0.065827
0.239006
0.443016
0.481471
0.052510
-0.194709
0.194412
-0.001742
-0.238135
-0.247919
-0.078687
0.135204
-0.064078
-0.032704
-0.668085
0.185602
0.301445
-0.061560
0.165532
0.059490
0.216368
0.068625
-0.049364
0.259501
0.450021
-0.162092
0.140350
-0.484339
-0.189295
0.402898
0.497272
-0.182602
0.232907
0.546789
0.026400
0.353158
0.406631
0.470045
-0.356757
-0.123787
-0.005462
-0.002413
-0.104492
0.596832
0.100684
0.194905
0.351437
-0.190731
0.368453
0.355622
-0.386944
0.287794
-0.205866
0.416019
-0.239768
-0.096671
-0.346129
-0.269257
0.345940
-0.331447
0.010802
-0.003126
0.326416
0.291626
0.190284
-0.316176
0.043409
-0.154814
-0.597110
0.156719
-0.217599
0.370290
-0.341439
-0.513697
-0.192506
-0.637843
0.412289
-0.467731
0.417881
0.358174
0.257722
0.183668
0.221672
-0.658193
0.613074
0.175511
0.373722
0.202959
0.017381
-0.093557
-0.231554
0.321782
-0.268623
-0.271144
-0.123521
-0.359561
0.229201
-0.211587
0.201678
-0.438268
-0.483917
0.231827
-0.247646
-0.539283
-0.426420
-0.024552
-0.824037
0.080816
0.545936
0.006835
-0.353309
0.214954
-0.499438
-0.245595
0.183327
-0.286070
