-0.078612
-0.252628
-0.344068
0.123300
0.454187
-0.330897
-0.044614
0.274020
-0.604940
0.426129
-0.130974
-0.381731
0.078506
-0.207834
-0.223083
0.230917
-0.024476
-0.388931
0.264250
-0.159986
-0.148790
-0.191260
-0.526234
0.352947
-0.353384
0.202258
-0.346052
-0.199227
-0.121255
0.603952
0.095803
-0.228533
-0.502093
0.209970
0.004357
0.052419
-0.206999
0.408504
0.042897
0.421883
-0.548281
-0.018446
0.274105
0.527762
-0.387450
-0.159600
-0.250223
-0.151176
-0.030463
0.406663
0.424265
-0.057375
-0.171138
-0.389264
0.024154
-0.365777
-0.407935
-0.191633
0.257162
0.248096
-0.023095
-0.324743
0.136298
-0.524093
-0.225329
-0.642994
0.077901
-0.216657
0.305004
-0.230886
0.355164
-0.307154
0.342307
0.035022
0.620889
0.008747
0.018322
0.043350
-0.266175
-0.154302
0.240772
-0.246717
-0.348418
0.140427
-0.343108
0.534477
0.092654
0.768937
-0.221193
-0.400670
-0.227543
-0.694435
0.415141
-0.155512
-0.016293
-0.140485
0.328104
0.394134
-0.142677
0.368835
0.402442
0.305389
-0.161810
-0.131124
0.302197
-0.096904
-0.091755
0.246336
0.309223
-0.538267
-0.180880
-0.347031
-0.446553
0.230354
-0.210702
0.003027
0.174315
-0.210633
0.020823
0.453179
0.694160
0.142028
0.251152
-0.428996
-0.400316
-0.355169
0.054927
-0.539515
-0.003804
0.598921
0.275782
0.540408
0.211161
0.249762
0.805411
0.000897
-0.121104
0.272988
-0.245762
0.287750
0.201504
-0.556748
-0.797052
0.075782
-0.127839
0.228383
0.488487
0.169956
0.212452
0.118408
-0.174721
-0.220789
-0.080468
-0.122676
-0.441750
0.264207
0.032844
-0.298847
-0.319296
-0.355374
-0.057258
-0.044820
0.746601
-0.178237
0.388651
0.659821
-0.534556
-0.234069
0.348944
-0.175505
-0.060041
-0.129204
-0.274322
0.368326
0.283810
-0.233913
0.332604
-0.382313
0.524146
-0.282578
0.071898
-0.069362
-0.209948
0.423998
-0.268125
0.062378
-0.479263
0.260435
0.088534
-0.225049
0.394526
0.362331
-0.314318
-0.277235
0.381792
-0.014262
0.201485
0.125095
0.436806
0.481116
0.089574
0.262550
0.167228
-0.134719
-0.111194
-0.306630
-0.528206
-0.488835
-0.319788
0.193751
0.256593
0.475405
0.097464
-0.166623
0.505730
0.172021
0.184626
-0.304172
-0.143358
0.365300
-0.274197
-0.605883
0.569069
-0.163116
-0.570788
0.298067
-0.361904
-0.042748
-0.233925
0.247118
0.611121
-0.417272
-0.188478
-0.216432
-0.487517
-0.515279
-0.105485
-0.257606
-0.227395
-0.440769
-0.206404
0.113020
-0.381523
-0.376032
0.201279
0.361688
0.034031
-0.208975
0.595228
-0.456942
0.125054
-0.157778
-0.063458
0.186112
0.087830
-0.244780
0.105750
0.251474
-0.123279
-0.363876
0.075552
-0.144338
0.378300
-0.448630
0.001573
-0.009731
-0.331958
0.011683
-0.122659
0.452078
0.327233
-0.312316
0.373887
-0.214901
-0.461323
-0.055234
0.195347
0.433033
0.013618
-0.024498
0.257668
0.446890
-0.019694
-0.262491
0.547261
0.167153
-0.774231
0.124218
0.488204
-0.214995
-0.347770
-0.494041
0.104402
0.318660
0.621714
-0.025942
0.298019
-0.540262
-0.347368
-0.232891
-0.127638
-0.102865
-0.051033
0.527152
-0.073295
0.685007
-0.118957
0.222015
-0.123312
0.573752
-0.159252
0.448316
0.232790
-0.057473
0.437949
-0.488365
-0.421396
0.056513
-0.311023
-0.112927
-0.383463
-0.059905
-0.167912
0.470939
-0.258008
0.407941
-0.414966
-0.223312
-0.304069
-0.023302
0.036569
-0.180833
0.344808
-0.338208
0.117300
0.015886
0.416183
0.359298
-0.387848
-0.243459
-0.002926
-0.077344
0.560877
-0.174718
0.074237
0.363550
0.449223
0.262925
0.238112
-0.674488
0.221456
-0.230538
0.481020
0.364417
-0.380210
0.281095
0.135756
-0.234693
0.285599
-0.248250
0.161481
0.608589
-0.291291
-0.120034
0.136786
-0.650348
-0.350453
0.135121
0.474691
-0.096621
0.379272
0.323693
-0.536618
0.335377
0.271163
-0.319837
0.222197
-0.176243
-0.182046
0.432546
0.157775
-0.787511
-0.423132
-0.324156
-0.382223
-0.313187
-0.240257
-0.265835
0.015666
0.000163
-0.103659
-0.467374
0.048556
-0.690051
-0.346390
-0.077944
0.039447
-0.407639
0.459395
-0.586866
0.250682
-0.519278
-0.160616
-0.002469
0.656065
-0.508184
0.376135
-0.179289
-0.397669
0.427238
-0.381326
-0.018070
-0.381833
0.333010
-0.127478
-0.282068
-0.163727
0.484317
0.244219
0.098369
0.536040
0.065402
0.065298
0.736760
0.427084
0.113037
0.428591
0.141210
-0.424818
-0.313732
0.352180
0.122094
-0.186267
-0.500701
-0.317375
-0.173733
0.017285
-0.168883
0.139119
-0.355092
-0.200174
-0.125810
-0.303567
-0.289415
-0.257775
0.342034
0.018038
-0.445909
-0.515030
0.092424
-0.155179
0.179418
0.140300
0.316517
0.211309
-0.142794
0.126227
-0.096633
0.655895
0.092682
-0.283968
-0.363405
0.197740
0.372484
0.330518
0.082037
0.331081
0.009157
-0.139445
-0.517202
0.235870
0.576053
0.413090
0.361115
-0.036267
-0.117438
-0.152609
0.161623
0.104812
-0.004551
-0.306165
-0.035139
-0.493142
0.129482
0.508416
-0.018375
0.452367
-0.419324
-0.361768
-0.141953
0.194061
0.145283
0.865636
-0.357758
0.243524
-0.262652
-0.378085
-0.132858
0.044167
0.379556
-0.238225
0.064465
0.209029
0.395380
0.207510
-0.413265
0.270167
-0.200528
-0.390065
0.354321
0.036205
0.046325
0.475732
0.301836
0.741458
0.283295
-0.587189
-0.504342
0.424943
0.490593
0.491470
0.535919
-0.213961
0.383251
-0.084436
-0.540476
-0.328331
0.109307
0.195275
-0.393746
-0.192046
0.190832
0.095880
0.382939
0.453089
0.330873
0.444934
0.063942
0.259338
0.114999
-0.315922
0.281174
-0.571261
-0.529860
0.311415
0.162820
0.353098
-0.216006
-0.470228
-0.676699
0.078231
-0.278535
0.342439
0.526872
0.468572
-0.064108
0.413527
-0.280480
0.430861
-0.585225
0.464381
0.478689
-0.183244
0.024443
0.400511
0.213107
0.125055
-0.177684
0.121200
0.133260
0.348258
0.429335
0.339766
0.162453
0.043321
-0.115036
-0.184488
0.290877
0.002849
-0.131119
0.089993
0.008302
-0.106323
-0.245811
-0.424889
-0.265889
0.225528
-0.001475
-0.164935
0.693775
-0.110619
0.154835
0.144107
-0.324019
0.336314
-0.003097
0.110877
0.351461
0.331493
0.085747
0.652568
0.405683
0.067945
0.367968
-0.175969
-0.289804
-0.657079
-0.175100
-0.291180
0.137187
0.174630
0.245946
-0.188787
0.359547
0.287619
0.363182
-0.048436
-0.420464
-0.658966
0.117290
0.436719
-0.170517
0.229035
0.095294
0.151193
0.021917
-0.029963
-0.363855
-0.493057
-0.335626
-0.376696
-0.044505
-0.296630
0.324721
0.149004
-0.368347
-0.492793
0.106010
0.009104
-0.616933
0.579831
0.446996
-0.003476
-0.378794
-0.436305
-0.065432
0.514265
0.259422
0.010277
0.325192
-0.000786
0.040832
-0.275946
-0.340079
-0.353620
-0.258485
-0.470276
0.301147
-0.342188
0.685443
-0.153908
0.364769
0.545837
0.407208
0.213054
0.127645
0.637082
0.492698
0.379716
-0.235617
-0.201392
-0.090730
-0.050611
-0.411721
0.450878
-0.111431
-0.012346
0.054609
-0.034241
-0.178122
-0.356652
0.778069
-0.630298
-0.393761
-0.325646
-0.522857
0.226392
-0.296316
-0.075048
-0.235206
-0.280797
0.262999
-0.667939
-0.418105
-0.070794
-0.553728
-0.577642
0.041488
-0.518701
-0.054037
-0.522904
-0.049933
0.215455
0.146650
-0.462816
-0.037658
-0.411109
0.089998
0.050458
0.551691
0.644864
0.053796
0.524516
-0.295000
0.123731
0.287448
-0.527375
-0.006721
0.350505
0.205419
-0.156856
0.465978
0.241687
0.191320
-0.431902
0.175467
0.322558
-0.268767
-0.308132
-0.079697
-0.431063
0.621988
0.274990
0.412535
-0.404864
0.078740
-0.185712
-0.212747
-0.533018
-0.391379
-0.340480
-0.263544
0.286917
-0.306551
0.003753
0.268316
0.012112
0.020528
0.054590
0.348735
-0.512548
-0.064193
-0.147735
0.159108
-0.494788
-0.168325
0.077099
-0.090674
0.189829
-0.319014
-0.362516
-0.168488
0.274402
-0.526563
0.158173
-0.028178
-0.149125
0.583091
0.613127
-0.020928
0.053248
-0.631386
0.381506
0.435492
0.393493
-0.011513
-0.255026
0.341990
-0.250248
-0.116223
-0.364411
0.384019
0.134584
0.310861
-0.427089
-0.306347
0.358538
-0.557880
-0.175078
0.028972
-0.162847
-0.086179
-0.221570
0.163338
0.147954
-0.069391
0.241883
-0.078961
-0.188957
0.480896
0.263259
-0.289020
0.508340
0.200531
-0.360606
-0.180589
-0.538444
0.234119
-0.063558
-0.450675
-0.157238
-0.095744
-0.218798
-0.017163
0.312280
0.285576
