0.021121
-0.156599
-0.424699
-0.088351
0.002146
-0.222490
-0.078239
0.530882
-0.004985
0.079086
0.119489
0.014897
-0.458726
-0.165726
0.099854
-0.066674
0.370895
-0.179443
0.299984
0.611277
-0.590221
-0.405884
0.118839
-0.203122
-0.862710
-0.051941
0.823521
0.526403
-0.408602
0.735129
0.433394
0.144611
-0.272172
-0.472395
0.384137
0.379711
0.260622
-0.590211
-0.168604
0.129359
-0.309893
0.398529
-0.253153
-0.081837
-0.385869
0.261189
-0.327255
0.209624
-0.116734
0.489587
-0.306750
-0.033690
-0.142715
0.029084
-0.107510
0.489395
0.185184
-0.385561
-0.278649
-0.419878
0.030210
0.380892
0.238992
0.372685
0.312194
0.277446
-0.500852
-0.054448
0.212196
-0.284630
-0.248741
-0.416719
0.108523
-0.005976
0.218348
0.128525
-0.249910
0.060069
-0.205220
-0.131471
-0.300614
-0.441936
-0.131445
0.524473
0.451879
-0.573782
0.395212
0.449757
-0.634502
0.397091
-0.004989
-0.309929
0.257228
0.304651
0.461573
0.703645
0.418662
-0.258614
0.566316
0.402461
-0.262628
-0.210259
0.167441
0.001244
0.320313
-0.256197
0.123796
0.309881
0.049321
-0.211082
-0.210267
-0.018948
-0.474653
-0.032189
-0.210702
0.011355
0.431440
-0.106029
-0.228460
-0.030904
-0.463597
-0.314667
-0.264454
-0.309100
-0.490896
-0.276896
0.133282
-0.016464
0.644626
-0.395347
0.018555
-0.238949
0.179345
-0.163732
-0.308609
0.207095
-0.026833
0.060923
0.606352
0.480998
-0.426266
-0.096158
-0.480420
-0.306628
0.298864
-0.166739
-0.272627
-0.197659
-0.310600
-0.220211
0.209323
-0.128379
0.427019
-0.281364
-0.507556
0.297264
-0.000531
-0.405807
0.214117
-0.195432
-0.423260
-0.008888
-0.372915
-0.440066
0.129101
0.267585
-0.499321
0.175660
0.299456
0.586418
0.322970
-0.253519
-0.092619
-0.173789
-0.550516
-0.379850
0.332604
0.101047
-0.678498
0.031495
0.326734
0.634917
-0.390944
-0.169502
0.080962
-0.146183
0.091353
-0.146878
-0.201080
-0.512324
0.272476
-0.083728
-0.159654
-0.190894
-0.371249
-0.012951
0.438071
0.249403
-0.348150
-0.250337
0.048800
-0.542687
-0.197898
0.375090
0.827294
0.383619
-0.166365
-0.541668
0.167784
0.357663
0.056228
-0.210487
-0.119409
0.339634
-0.032969
0.148068
0.391349
-0.376807
-0.230595
-0.401803
-0.139926
0.338991
0.479289
-0.454846
0.310620
-0.057206
-0.216295
-0.054028
0.505468
-0.351166
0.010836
0.162393
-0.433012
0.450138
-0.558110
0.280339
0.052444
-0.157681
-0.527004
-0.314948
-0.452904
0.278801
0.207092
0.040990
-0.376379
0.241361
-0.393275
-0.298516
-0.317138
0.198638
0.420334
-0.157778
0.086066
0.387736
0.217208
-0.500641
0.322796
0.179111
0.141793
-0.200716
-0.039893
-0.302340
-0.024183
-0.416954
-0.174610
0.217055
-0.261777
0.566281
0.293084
0.307542
-0.109405
-0.121882
-0.277083
0.490770
0.124402
0.423363
0.458386
-0.070546
0.236933
0.017469
0.342265
0.181292
-0.314550
0.252058
-0.375092
0.316284
0.232544
-0.501413
0.312699
0.457527
-0.797128
-0.026590
0.164084
0.376218
0.429393
-0.108414
0.090891
-0.082239
-0.066163
-0.107754
0.081166
-0.638099
0.373410
0.245682
-0.203467
-0.108944
0.468644
-0.048640
0.110044
-0.412455
-0.619992
-0.070926
-0.307104
0.055297
0.016176
-0.537163
-0.562529
-0.077841
0.120289
-0.003691
0.111811
0.256822
-0.579736
-0.437950
0.346953
0.655609
0.405645
-0.645117
-0.516517
0.163441
0.306119
0.166567
0.320727
-0.010581
-0.040188
-0.078772
-0.265916
-0.131876
0.093183
0.042420
0.331699
0.543640
-0.227019
0.091448
0.070691
-0.723036
0.068705
0.504647
-0.415629
-0.159358
-0.248119
-0.230538
-0.031086
0.094180
-0.015779
0.135978
-0.293641
-0.186265
0.461582
-0.044452
0.160596
0.235573
0.019777
-0.455636
-0.556171
0.477821
0.229407
-0.786603
-0.044154
-0.215230
0.112957
-0.454091
-0.333595
-0.455286
0.311908
-0.116593
-0.593642
0.216554
-0.461109
-0.094734
-0.090410
0.795004
0.031201
0.306432
-0.159633
-0.189981
-0.286898
0.088162
0.079877
0.618181
-0.396085
-0.039418
-0.215086
0.446706
0.429901
-0.477339
-0.141427
0.202814
0.433507
0.149763
-0.307717
-0.428289
0.027243
0.404935
-0.312909
-0.195216
0.200437
-0.140185
0.230829
0.569280
0.035984
-0.098381
-0.242317
-0.401461
0.232285
0.120303
0.187380
0.116702
-0.241564
0.150218
0.032864
-0.207268
-0.171735
0.313684
0.471849
-0.452051
0.462947
-0.390555
-0.363555
-0.104484
0.240939
-0.359861
-0.470609
0.214805
-0.193086
-0.130213
-0.042006
-0.172697
-0.018970
-0.576769
0.423369
0.487120
-0.137080
0.804315
-0.187934
-0.121052
0.256425
-0.632771
0.286236
-0.213908
-0.319348
0.332311
0.041046
0.049020
-0.180503
0.424942
-0.469046
-0.671947
-0.004390
0.242039
-0.218556
0.214527
-0.127895
0.281545
-0.180380
-0.084569
0.044594
-0.471106
0.040835
0.227870
0.172611
0.166474
-0.390963
-0.304675
0.115862
0.507949
-0.152609
0.297427
0.043219
0.033291
0.139511
-0.029848
0.053577
0.500495
-0.036705
-0.491669
0.333636
0.130357
-0.019282
0.165465
-0.601443
0.165781
0.463514
-0.357984
0.790506
-0.059052
0.295594
-0.222314
-0.473629
-0.175066
0.197098
0.008318
-0.077628
-0.254528
-0.520918
-0.316480
-0.490483
-0.455051
-0.369400
0.034329
-0.068866
0.176831
-0.594058
0.216032
-0.228829
-0.156885
-0.059929
0.144887
-0.335118
0.138162
0.358983
-0.328170
0.647459
-0.305357
-0.468194
0.208384
0.079698
-0.371594
-0.389505
0.196406
0.254347
-0.032870
0.249858
0.079953
0.319279
0.308070
-0.200511
0.269531
0.035163
-0.093370
-0.533751
0.186520
-0.020926
0.387393
-0.227608
-0.373061
-0.467369
0.388620
-0.388351
-0.417832
0.425792
-0.711837
-0.483999
0.428826
0.388486
-0.303957
-0.295889
-0.191775
-0.035214
0.034495
0.277415
0.184303
0.235129
0.210276
0.031314
0.543236
-0.336657
-0.308302
-0.078007
0.311778
-0.001558
0.165843
0.300761
-0.297224
-0.242837
-0.185385
-0.275970
-0.272323
0.440292
-0.322757
0.645890
0.365937
-0.235627
0.551654
-0.641889
0.302230
0.225528
-0.296290
0.375186
-0.027342
-0.016869
0.369494
-0.259335
0.336727
0.241178
-0.245443
0.092621
0.395437
-0.552114
0.254464
0.153724
0.052532
-0.309761
0.198914
-0.164880
0.383287
-0.248983
0.271046
0.746642
0.312093
-0.495268
0.573391
0.600437
-0.186015
0.135476
-0.373167
-0.207402
0.126121
0.121364
-0.352420
0.030848
-0.170517
-0.290493
-0.031100
0.151193
0.398781
0.423177
-0.439434
-0.395404
-0.549589
-0.446695
0.125775
0.309902
-0.398807
-0.559492
0.013346
-0.113378
-0.159251
0.327267
-0.001614
-0.151769
-0.282495
-0.023509
0.671864
0.223487
0.150149
-0.042587
0.302182
0.183912
0.441410
0.206643
0.624059
0.059083
-0.232222
0.026703
0.411564
0.371093
0.247329
-0.581578
-0.056888
-0.542982
0.252823
0.012726
0.208941
0.172112
0.057533
0.534612
-0.121063
0.206163
-0.422860
-0.245683
-0.111388
-0.334112
-0.400526
-0.037740
0.113481
0.094905
0.430295
-0.497870
-0.091937
-0.260834
0.100388
0.042911
0.240364
0.485019
-0.674113
-0.282571
-0.286489
0.090437
0.237894
-0.291076
0.281600
0.800049
0.117355
-0.189748
0.252409
-0.392442
-0.102698
0.374038
-0.465884
0.416482
0.468765
-0.476635
0.256191
-0.284672
-0.323786
-0.888589
0.274205
0.191157
0.365069
0.056180
0.354213
-0.265596
-0.360295
-0.237912
-0.055496
0.490440
0.207552
-0.263392
0.050068
-0.411334
-0.002067
-0.230748
0.111431
0.001551
0.249718
0.164230
-0.564434
-0.573938
-0.178537
-0.064826
0.350597
-0.152802
0.075759
-0.534105
0.393247
0.153722
-0.616899
0.453400
-0.081446
0.480743
-0.492447
0.294022
0.295964
-0.589259
0.080684
-0.157970
0.167453
0.191403
0.618219
0.048508
0.239234
0.132581
-0.332146
-0.309724
-0.275597
0.136125
-0.587603
-0.347468
0.413014
0.581379
0.093242
-0.432968
0.038649
0.291510
0.047241
0.268368
0.345100
0.201473
-0.322904
-0.333012
-0.269252
-0.214189
0.263325
-0.116157
0.219930
-0.255026
-0.063991
-0.500433
0.195441
0.106927
0.006990
-0.763393
-0.643764
-0.127435
0.544230
-0.178150
-0.511962
0.202933
0.472238
0.350678
-0.050556
-0.169916
0.076818
0.048541
-0.466527
-0.081540
0.800311
-0.100247
-0.192570
0.309739
-0.220440
-0.279304
0.041656
0.025019
0.196775
0.448953
-0.176790
-0.189930
0.103807
-0.713908
0.567886
-0.499104
0.026167
0.244448
0.231494
