0.283278
0.410112
-0.010135
0.133280
-0.211435
-0.448675
-0.003415
-0.129376
-0.202314
0.473618
-0.222337
-0.066545
-0.512136
-0.074639
0.440659
0.093051
-0.553650
0.317377
-0.221365
-0.099091
0.368393
-0.209033
-0.483148
-0.264703
0.245450
0.173476
0.068487
-0.004748
-0.270340
0.542361
-0.396367
-0.223045
-0.458617
-0.222677
0.109945
0.126038
0.304995
0.468161
-0.313829
0.028523
-0.033959
0.227075
0.197735
-0.036738
0.379593
0.041717
-0.132425
-0.238181
0.128183
-0.280641
-0.013460
0.087749
-0.255493
-0.479667
-0.266931
0.157668
0.157014
0.761730
-0.372173
0.021584
-0.192737
-0.353409
0.054578
0.608054
-0.081536
-0.556952
0.181196
-0.268262
0.106645
-0.032334
0.117815
-0.267415
-0.312801
0.443476
0.325722
0.459581
-0.049672
0.010413
0.281420
-0.473150
0.014777
0.462643
-0.208574
0.121821
0.540435
0.188094
-0.390807
0.465552
0.025063
0.541169
-0.203454
-0.172371
-0.499732
-0.000454
0.168171
0.005393
0.243029
-0.521307
-0.153501
0.337400
-0.339354
0.290787
-0.131079
-0.114726
-0.032486
0.657004
0.184422
-0.353168
0.432709
0.190892
-0.361004
0.453945
0.290073
-0.178935
0.197629
-0.058979
0.141417
0.407756
0.550783
0.244754
-0.492643
0.127546
-0.068812
-0.097253
0.510619
0.206102
-0.271003
0.433166
0.098864
-0.396834
0.011526
-0.201583
0.240418
0.228936
0.122835
-0.504038
-0.461382
0.312961
0.593513
0.258336
0.161027
0.245054
-0.199353
0.086787
-0.719984
0.656061
-0.135586
-0.391043
0.401158
-0.092281
-0.402413
-0.269251
0.588094
0.004099
0.058579
0.387364
0.246995
-0.119100
0.279716
-0.658439
-0.417825
-0.104116
0.049567
0.015757
0.286687
0.523432
-0.095938
0.037208
-0.437059
0.015425
0.225562
-0.187151
0.085298
-0.016249
0.351356
-0.632436
-0.200247
0.317312
-0.106640
0.014830
-0.267648
0.018203
-0.375046
0.178668
-0.598820
-0.382440
0.376691
-0.303204
-0.267328
0.041368
-0.245112
-0.491906
-0.341286
0.572578
0.268016
0.374511
-0.097961
0.130452
-0.312351
0.106404
0.422143
-0.435206
0.490091
-0.073074
-0.478331
0.322664
-0.267633
-0.212683
-0.071483
-0.133022
0.200637
0.403981
-0.194319
-0.320967
0.150982
0.418260
-0.508985
-0.276711
-0.127971
0.538654
0.432632
-0.051970
-0.488811
-0.101713
0.158838
0.592847
0.561416
-0.227090
-0.146763
0.089729
-0.119181
0.419209
0.163636
0.295224
-0.097287
0.180053
-0.159631
-0.418493
0.213446
0.396076
-0.306323
-0.282369
-0.090100
0.223800
-0.250814
0.372055
0.115039
-0.288943
-0.325172
0.439654
-0.019897
-0.055518
0.206033
-0.491380
0.077784
0.246755
0.139259
-0.310807
-0.371677
-0.290762
-0.145106
0.075838
-0.255876
-0.259506
-0.030885
0.452395
0.085657
0.515406
0.275168
0.420195
0.228061
0.409862
0.438933
-0.374355
0.409134
-0.265466
0.086307
0.060266
0.541662
0.491405
0.611844
-0.215399
-0.056885
0.094050
-0.317200
-0.420568
-0.661963
0.112392
0.312699
0.081462
-0.756733
-0.090520
-0.348808
0.052694
0.390503
0.263290
-0.586828
-0.067885
0.225870
0.069487
0.184701
0.262388
-0.032435
-0.063350
-0.477800
0.309157
-0.559196
0.422228
0.655055
0.051859
0.435126
-0.135994
0.178270
0.163804
0.079213
-0.179563
0.454358
-0.509492
0.023232
0.208225
0.440314
0.495528
-0.229546
-0.025618
-0.520446
0.242324
0.026026
0.053633
0.194567
0.496377
0.023600
-0.189538
0.304524
-0.304154
0.125773
0.045420
-0.060730
0.445055
0.378640
0.013619
0.343615
-0.123149
0.591606
-0.069096
0.178726
-0.571455
-0.175714
-0.310151
-0.681451
-0.028536
-0.432292
-0.666074
-0.182767
-0.001814
0.076651
0.567992
0.284230
0.076949
-0.371037
0.218995
0.027637
0.111046
-0.413565
0.093973
-0.346483
0.332886
0.059321
-0.638411
0.414725
-0.094708
0.066145
-0.053069
0.471505
-0.302180
0.334294
-0.421770
-0.043511
-0.193220
-0.202133
0.275529
0.183147
-0.420070
0.108817
0.713617
0.304580
0.454546
-0.210973
-0.382707
0.261678
0.115525
-0.063461
-0.338246
0.280883
-0.046826
-0.136271
-0.521812
0.370853
-0.076582
0.185835
-0.047318
0.465039
-0.291663
0.088101
0.049460
-0.127260
0.162223
0.200437
-0.251216
0.306165
0.452376
-0.099633
0.036870
0.335005
0.179008
0.189407
0.079316
-0.064596
0.173743
-0.178572
0.136880
0.357574
-0.137718
-0.286815
0.594592
0.340492
0.086763
-0.371030
0.039335
0.076528
0.112967
0.116294
0.112663
-0.325831
0.155506
0.343689
-0.038923
-0.022303
0.481743
0.035623
-0.005544
0.020665
0.319822
0.310394
0.441945
0.029071
0.002458
0.168250
-0.451568
0.203639
-0.521116
-0.292676
-0.200868
0.312862
0.219410
0.091992
0.350512
-0.449626
0.247585
-0.034547
0.225104
-0.025084
0.193112
0.229425
0.093079
-0.522197
-0.357834
-0.248382
0.131226
0.154602
-0.359373
0.309563
-0.010251
-0.156506
-0.024075
0.049877
0.215398
-0.300340
0.884044
0.436820
-0.090633
0.242671
0.228273
-0.145958
0.154254
0.302020
0.508203
0.627608
-0.453394
-0.084466
-0.394382
0.263240
0.547786
-0.086487
-0.285575
-0.455393
0.046366
0.224225
0.315761
0.242993
-0.249394
-0.278681
-0.017623
0.539577
0.357558
0.726666
-0.504447
-0.473134
0.571368
0.154848
0.109124
0.052509
0.013251
-0.045038
-0.508498
-0.125729
-0.200986
0.164084
0.209146
-0.575536
0.609885
0.506126
0.090884
-0.060097
0.240469
0.248607
0.187075
-0.106256
0.284983
0.243845
-0.397209
-0.206878
-0.059061
-0.135921
0.129570
-0.456147
-0.122000
0.483604
0.066480
-0.045572
-0.616286
0.134635
0.473911
-0.245452
0.359351
-0.320097
-0.012067
0.510262
0.445901
0.069869
0.543852
-0.625948
-0.339726
-0.091178
0.561336
-0.517514
-0.161873
0.223700
0.023323
-0.439693
0.064140
0.445869
0.429392
-0.161471
-0.343047
-0.467028
0.189604
-0.225573
0.329134
-0.326927
-0.254267
-0.242814
0.264640
-0.443924
0.077225
0.444084
0.058874
0.050006
-0.100285
-0.488029
-0.397746
0.111954
0.025878
0.581681
0.514779
-0.137820
-0.407150
-0.079558
0.225687
-0.375095
0.448902
-0.137029
-0.526699
0.228434
0.278570
-0.293002
-0.191684
-0.278953
0.340838
-0.094100
0.295290
-0.394817
-0.059510
0.314580
0.261552
0.123163
-0.191499
-0.056604
-0.372342
0.464429
0.463726
-0.091449
-0.033923
-0.065924
0.038861
0.181171
-0.407940
-0.337910
0.199820
-0.301281
-0.551169
-0.482805
0.441016
0.267480
0.048342
0.000373
0.116555
-0.074434
-0.125361
0.163905
0.091310
0.098641
0.215267
0.009570
0.438487
0.202096
-0.370361
-0.472765
0.540974
-0.176405
0.220898
-0.645835
0.317110
-0.639006
0.467366
0.282684
-0.343257
0.385057
-0.348080
0.095342
0.248480
0.231436
-0.000787
-0.102680
-0.679443
0.561828
0.336473
-0.166572
0.328688
-0.362104
-0.043865
-0.374866
-0.183716
-0.391671
-0.243858
-0.330233
0.191934
0.791030
0.068807
0.063155
0.385144
-0.515928
0.312632
0.385267
-0.216380
0.141726
0.365497
0.445280
0.377054
0.182693
0.386033
-0.512277
0.053995
-0.401335
0.473455
-0.419612
-0.436081
-0.300413
-0.222648
-0.173469
-0.082053
-0.306365
0.027744
-0.612163
0.023696
0.473699
0.291348
0.209214
-0.290433
0.519571
-0.300108
0.263196
-0.322424
0.287126
0.235395
0.419339
-0.546882
-0.108559
-0.043779
0.514330
0.537300
0.563334
0.148810
-0.263890
-0.168966
0.042295
0.021286
0.120375
-0.224607
0.195301
-0.164179
0.283489
0.366401
0.181033
0.283760
-0.130871
-0.246663
-0.171639
-0.557575
0.426382
0.077267
-0.369596
-0.408243
0.275018
0.108469
0.476877
0.549005
-0.338455
0.054868
-0.066036
0.053071
0.035591
-0.206825
-0.134562
-0.100014
0.522219
0.086827
0.391423
-0.095541
0.570792
-0.465224
0.308206
0.303364
-0.205866
0.330022
-0.387522
-0.096147
-0.470090
-0.389765
0.239442
-0.366035
-0.097264
0.147699
-0.209681
-0.161746
-0.392095
0.226313
0.113262
-0.016162
-0.195480
-0.087978
0.366575
-0.176082
0.491111
-0.378295
0.275290
-0.235129
-0.478039
-0.474909
-0.493115
-0.125187
-0.152866
-0.411362
-0.281767
-0.128977
-0.595528
0.083377
0.077087
-0.110148
-0.134609
0.219048
0.268991
-0.326579
-0.070856
-0.150339
-0.531271
0.140507
0.205855
0.736974
0.041577
-0.489552
0.196141
-0.032262
-0.294127
0.407430
0.287926
0.316205
-0.214645
0.455571
-0.209134
0.241693
-0.093946
0.299691
-0.042483
0.258037
0.043166
-0.438597
