-0.044651
0.503758
-0.126778
0.016653
0.220144
-0.431069
-0.409709
-0.061920
-0.033010
0.554526
-0.131402
0.086959
-0.599640
-0.164879
-0.262441
-0.409956
-0.120340
-0.097890
0.242217
0.184559
0.337865
-0.287838
-0.501405
0.410511
-0.085707
0.053422
-0.138746
0.189478
-0.123444
0.264893
0.545685
0.278285
-0.333556
0.176548
0.713154
0.447631
-0.356500
-0.508663
-0.082326
-0.506916
-0.279554
0.075549
-0.020897
0.194114
-0.619601
0.376442
0.117457
-0.211383
-0.073349
-0.272187
-0.251748
0.536336
-0.253905
0.266422
-0.353413
-0.364456
-0.234876
0.082875
0.257162
0.498048
0.137267
-0.413747
0.222866
-0.470423
-0.464256
-0.236455
0.245446
-0.551829
0.381718
-0.278434
-0.224701
0.300303
-0.144717
-0.366379
0.547634
-0.209682
-0.096389
-0.024823
0.185236
-0.069167
-0.254464
0.006020
-0.219352
-0.140296
-0.021247
-0.276475
0.065637
-0.130592
0.231657
0.462899
0.532247
0.239587
-0.238098
0.309959
0.092431
-0.330173
0.259349
-0.228443
0.208076
0.308223
0.022418
-0.283208
0.027951
0.249866
0.284600
-0.387935
0.250723
0.360289
0.338229
0.134011
-0.303976
-0.293407
-0.067368
0.049718
0.072819
-0.193045
0.440330
0.100317
-0.156282
-0.482094
-0.613373
0.476910
0.026942
-0.170934
0.172153
-0.363303
-0.000298
0.129117
-0.402541
-0.260834
-0.105830
-0.604785
0.097489
0.159471
-0.522156
0.252898
0.145629
-0.281230
-0.041791
-0.013205
0.201504
-0.028033
-0.118143
0.083029
-0.716803
0.266311
-0.312885
-0.583599
-0.171355
-0.750096
-0.431956
-0.207598
-0.066784
-0.084476
-0.440286
0.734231
0.127813
-0.283540
0.362524
-0.441448
-0.736044
0.450374
0.323525
0.256137
0.148230
0.342781
0.239109
0.079617
-0.432692
-0.020015
0.022071
-0.349649
0.311130
-0.175886
0.009413
-0.223789
0.585117
0.597315
-0.153137
-0.279556
-0.156019
0.043852
-0.014153
0.189873
-0.163418
0.184502
-0.545434
0.089102
-0.148610
0.191988
0.046991
0.199731
0.281038
0.610158
0.474496
0.513151
0.140961
-0.544946
-0.020995
-0.171410
-0.133688
0.133872
-0.331776
-0.206172
0.421457
0.222420
-0.348252
-0.150909
-0.319788
-0.396412
0.257470
0.137885
0.366817
-0.310420
0.550437
0.225879
-0.020429
-0.219377
-0.056258
0.171227
-0.312374
0.208389
-0.323519
-0.607487
0.235953
0.014077
-0.109847
-0.352722
0.383336
-0.351730
-0.050444
-0.465849
0.286365
-0.128507
-0.509582
0.336408
-0.058079
0.034573
-0.589392
0.016220
0.143567
-0.541503
-0.331407
-0.236475
0.139300
-0.474186
0.602610
-0.045605
0.000819
0.256619
-0.219325
-0.287525
0.217889
0.160878
0.562363
-0.442695
-0.054272
0.539988
0.495732
-0.530761
0.352471
-0.059309
0.071433
-0.067052
0.523811
0.255180
-0.124671
0.557876
0.331158
-0.622035
0.159958
-0.436470
-0.466841
-0.093725
0.437459
-0.234149
-0.151745
-0.015177
-0.142094
0.190490
0.131563
-0.223746
0.196754
-0.330030
-0.111595
0.212409
0.281609
-0.075638
0.449670
0.400310
-0.263462
-0.440695
-0.441521
0.334511
0.242214
0.009689
-0.340014
-0.432731
-0.436417
0.021195
-0.111705
-0.157144
0.258394
-0.205052
0.142350
0.437262
-0.312055
0.150379
0.037245
0.513601
0.028279
-0.077276
-0.312935
-0.167106
0.485916
-0.102108
0.509804
0.057437
-0.366731
-0.112927
-0.057800
-0.435425
-0.055130
-0.044979
0.276195
-0.559042
-0.084327
0.329316
-0.400378
-0.411481
-0.135280
0.130450
-0.027364
-0.542914
0.133519
-0.079991
-0.382593
-0.251970
-0.252503
-0.301822
0.181022
0.612962
0.379520
0.069111
-0.145635
-0.349823
-0.156885
-0.288118
-0.459966
0.160692
-0.490243
0.657406
0.457088
-0.095918
-0.547100
0.135978
0.257115
0.222321
0.417588
0.419155
-0.169264
0.691210
0.518112
-0.127924
0.362666
-0.116484
0.159295
-0.263785
-0.104097
-0.467647
0.078898
0.061470
-0.323198
0.483042
-0.071361
-0.170303
-0.361545
0.003461
-0.020859
-0.479785
0.171539
-0.028725
-0.345129
-0.028166
0.374178
-0.532140
0.376033
-0.542323
0.297244
-0.043912
-0.014880
-0.255758
0.331833
0.606588
0.454485
0.339351
0.219080
0.365830
0.300369
0.260131
0.111472
-0.669611
0.176282
0.281314
-0.145352
0.060483
-0.071437
-0.185666
0.101927
0.222535
-0.437918
0.544780
0.426233
0.449064
-0.313245
0.543773
-0.070473
0.153631
0.197016
0.501297
0.248315
0.075964
0.262940
0.043801
0.272704
-0.284752
0.354210
-0.082245
-0.225210
-0.366160
0.144345
0.269725
-0.471832
-0.324862
-0.052188
0.273498
-0.329674
-0.326411
-0.578905
0.208416
-0.301719
0.334142
0.127744
0.308466
-0.187934
-0.228688
-0.086131
-0.475614
-0.202105
-0.290231
-0.212807
0.182359
-0.515654
0.128561
-0.157296
-0.182723
0.292307
0.234207
-0.508610
0.243091
-0.219176
0.318522
0.232249
0.004164
-0.223461
-0.260791
-0.126068
-0.191832
0.412156
-0.302352
0.219151
0.145401
0.175398
-0.095266
0.402666
0.039438
-0.284836
0.435569
-0.074631
-0.143103
-0.295054
-0.252030
0.460885
0.634779
-0.108319
-0.398319
-0.095829
0.049705
0.566615
-0.486922
-0.711579
0.584190
-0.192550
-0.062902
0.373078
0.199169
-0.446403
-0.338280
0.038638
-0.158890
0.583976
0.424750
0.102290
-0.223985
-0.231988
0.361677
0.350592
0.262818
-0.183536
0.070632
-0.427306
0.477476
-0.343595
-0.437776
-0.152036
-0.386480
-0.561700
-0.449132
0.380253
0.227357
0.358983
-0.336195
0.679336
0.568184
0.423381
-0.302077
0.219382
-0.149239
-0.286345
-0.414981
0.304935
-0.120973
-0.498021
-0.099758
0.345797
-0.059836
-0.117010
0.245766
0.005640
-0.170023
0.176177
0.452417
0.253495
-0.739885
-0.231786
-0.274804
-0.038463
0.267336
0.277380
0.279331
0.145560
0.215508
-0.574079
0.342615
-0.036931
0.010634
-0.295407
-0.191775
0.046560
0.007888
-0.427849
-0.267175
0.045754
-0.079345
0.479303
0.080771
0.517974
-0.357641
-0.596593
-0.310198
-0.246826
-0.543094
0.239777
-0.077727
0.187700
0.517462
0.038366
0.297191
-0.443188
-0.242153
-0.004816
-0.169486
0.178854
0.023104
-0.371452
0.346741
0.347987
-0.232428
-0.041125
-0.149117
-0.025646
0.289046
-0.261937
-0.310868
0.929803
-0.074462
0.315209
-0.116392
0.004014
0.194103
-0.106969
-0.041579
-0.177335
0.358234
0.392035
-0.464249
-0.380309
0.386386
0.146569
0.074954
0.192189
0.087618
0.161361
-0.077432
-0.614050
-0.515424
-0.288202
-0.015664
0.027003
0.293572
-0.295702
-0.412650
0.122834
-0.069231
0.342287
0.009296
0.040295
0.296362
-0.381974
0.360011
0.257876
0.024882
0.064447
-0.069516
-0.299144
-0.000389
0.149579
0.376448
-0.648234
0.005741
-0.120404
0.043234
-0.119631
0.248217
0.527111
0.225437
0.372386
0.227728
0.337700
-0.154619
0.263079
0.425381
-0.390741
-0.064546
-0.297822
0.681634
0.118074
-0.315019
-0.436132
0.208095
0.384346
-0.486447
0.423271
-0.052042
0.077502
0.322817
0.348324
-0.329910
-0.541251
-0.029365
-0.588588
0.183059
-0.377556
-0.084884
0.322419
-0.049211
0.615297
-0.607761
0.354439
0.078695
-0.174387
0.556756
-0.081261
0.101286
-0.263701
-0.076843
-0.352780
0.438021
0.143035
0.258411
-0.140794
0.231368
-0.315824
0.540318
0.270472
0.411554
0.370509
-0.028973
-0.239278
-0.243496
0.324827
0.437989
-0.177334
-0.456067
0.313648
0.038391
-0.265289
-0.076979
-0.553644
0.435696
-0.060630
0.182108
-0.086017
-0.291572
-0.268386
0.109431
-0.132877
-0.369682
0.273680
0.375581
0.210079
0.144765
-0.395922
-0.495360
0.081921
0.093679
0.010385
0.105771
0.047148
0.398899
-0.061251
-0.152816
0.528507
0.374139
-0.145456
-0.393541
-0.376464
0.236359
0.247685
-0.585366
0.152539
0.593184
-0.071422
0.549210
0.116338
-0.401410
-0.374097
-0.494629
-0.213807
0.355548
0.195683
0.535150
-0.261723
0.412755
0.260256
0.360646
0.208724
-0.679560
-0.597355
-0.172254
-0.350789
0.207590
-0.057261
-0.176516
-0.409694
0.363447
-0.067909
0.275858
-0.323696
-0.252638
0.523472
0.349829
0.549812
0.447276
0.110383
-0.523404
-0.246381
0.238477
-0.517474
0.371104
0.827288
-0.381169
0.545699
-0.716900
0.241466
-0.169444
0.006715
0.325189
0.080022
-0.454913
0.322653
-0.365128
-0.280382
0.167914
-0.022903
-0.242035
0.087126
0.300782
-0.231377
-0.318461
0.179901
0.091665
-0.396169
-0.416608
0.152748
0.009100
-0.302177
-0.282493
0.460678
-0.342367
-0.089426
0.008126
0.256567
-0.181755
-0.158898
0.413864
