0.381881
-0.276678
-0.072379
-0.047319
0.039878
0.506042
-0.131205
0.139263
-0.046619
0.314777
-0.096508
-0.176678
-0.332616
-0.223789
-0.491048
-0.115836
0.319156
0.468986
-0.327786
0.501458
0.073533
-0.043777
0.024149
-0.238911
-0.505794
0.633044
0.022423
-0.158780
-0.504027
-0.082047
0.381268
0.279042
0.183654
-0.349420
-0.165848
0.021468
-0.329601
0.383804
-0.029543
0.005760
-0.333308
0.005447
-0.491792
0.459694
0.478738
0.467846
0.019874
-0.230375
0.071244
-0.426916
0.279401
-0.373641
0.309598
-0.250213
-0.018856
-0.367764
-0.588885
-0.252575
0.397975
-0.228703
-0.047176
-0.341985
0.587866
-0.571836
-0.522417
-0.316794
-0.669773
0.075517
-0.452508
-0.071757
-0.048213
-0.560619
0.355734
-0.314670
-0.148907
-0.636892
-0.203344
0.006015
0.517658
-0.300654
0.090313
0.076741
-0.370105
-0.191300
0.066792
0.121796
-0.337159
0.394825
0.025312
0.519604
-0.188605
-0.263132
-0.158334
-0.102532
0.069330
-0.031159
0.105226
0.407406
-0.391254
0.322441
0.031132
0.424172
-0.315607
-0.330826
-0.232108
-0.305086
-0.214109
0.131161
0.044882
-0.193102
0.385660
0.031377
0.186957
-0.273584
0.058586
-0.266199
0.260782
-0.333388
0.186989
0.140865
0.510570
0.428320
-0.183365
-0.358766
-0.556249
0.124735
0.483928
0.672596
0.284335
-0.444550
0.534381
-0.678323
0.105579
0.258227
-0.337311
-0.291870
-0.118206
0.313712
-0.385589
-0.463937
-0.560233
-0.184451
0.267203
-0.195367
0.049643
0.227589
-0.108911
0.130227
0.447765
-0.486330
-0.089586
-0.454794
0.243128
-0.352470
-0.239751
0.105289
0.553719
-0.274210
0.084598
-0.486470
-0.510443
0.211377
0.712173
-0.177404
0.260373
-0.013233
-0.236534
0.223253
0.528771
-0.164957
0.004994
0.341576
0.112427
0.503319
0.195955
-0.716354
-0.633228
0.005056
0.277933
-0.103369
-0.333603
-0.700863
-0.172313
-0.478052
0.342324
0.018860
0.183087
-0.109376
0.161216
0.097941
-0.401665
-0.213124
-0.207516
0.172649
-0.275788
-0.066323
-0.309054
0.120709
-0.441033
-0.069209
0.214263
0.071623
-0.378920
-0.069834
0.255834
0.547076
0.077562
-0.007215
-0.119160
-0.173269
0.124169
-0.233759
0.207057
0.442758
0.323123
0.325622
0.045094
-0.154356
0.166631
0.371730
-0.088840
-0.050186
0.113608
0.094510
0.161254
0.155634
0.659369
-0.572085
-0.210274
-0.021610
0.025360
-0.264797
-0.411498
-0.166007
0.081908
-0.441179
0.317226
0.148222
-0.013460
0.380236
-0.513152
-0.336004
-0.321761
0.167372
-0.491693
0.287867
-0.556436
-0.407350
0.598415
-0.207902
0.305467
0.143053
0.295976
0.272944
-0.529963
0.178349
0.069084
0.262628
0.321511
-0.211003
0.331692
-0.113451
-0.167088
-0.073401
-0.501316
0.023273
-0.003048
0.304166
-0.041159
0.040375
-0.312473
-0.246371
0.471909
-0.482555
0.332407
0.248981
0.121505
0.182812
0.005608
0.047895
0.121543
-0.057859
0.165270
0.094473
-0.293242
0.030207
-0.620305
-0.430881
-0.402197
0.197498
-0.235880
0.472552
-0.038213
-0.521091
0.048244
-0.078329
-0.542132
-0.488698
-0.172419
-0.347878
-0.337420
-0.578950
0.031623
-0.323332
-0.077703
-0.063061
-0.040315
0.280478
0.094939
0.304134
0.020056
-0.307679
0.073289
-0.152852
-0.260184
0.430820
0.128990
0.596104
0.388963
0.359484
-0.025135
0.293460
0.360495
-0.278664
-0.195195
0.021210
0.370212
-0.342183
0.041171
-0.065813
-0.036397
-0.296732
0.143848
-0.030687
0.053331
-0.195074
-0.439597
0.413578
0.609435
0.099192
-0.269807
-0.379156
0.444110
0.470292
0.425479
-0.358392
0.048651
-0.341249
-0.365181
-0.238523
-0.196654
-0.585471
0.435044
-0.396739
0.130717
-0.282273
-0.268731
-0.272372
-0.228648
-0.023074
-0.252944
0.108413
0.305887
-0.383766
0.135476
-0.577553
-0.409305
0.287566
0.129624
-0.106408
-0.027680
-0.205907
0.420330
0.606767
-0.240898
0.120242
-0.012368
0.274286
0.339632
0.286658
-0.072256
-0.281080
-0.187753
-0.616691
-0.142516
-0.556013
0.150992
0.099956
0.037252
-0.074948
-0.292156
-0.595855
-0.010123
0.401517
-0.589203
0.184512
0.140727
0.532638
0.097004
-0.266127
0.024770
0.382537
-0.247544
-0.053938
-0.398814
0.351888
-0.122498
0.046046
-0.456427
0.191956
-0.357589
-0.136648
-0.546904
0.326996
-0.567750
-0.202476
-0.194955
0.181637
-0.275185
-0.241137
0.280805
0.561860
0.216678
0.320657
0.202640
0.336511
0.585641
-0.681443
-0.466941
-0.132106
0.004929
0.158762
0.093000
0.338816
0.282009
-0.216913
-0.501385
0.499978
-0.021412
0.439108
-0.046115
0.366256
0.131505
-0.211176
0.075694
-0.119221
0.139770
0.155427
-0.728279
0.376536
-0.192735
0.484828
0.578487
0.099694
-0.576493
-0.422505
0.269357
0.650365
0.431599
-0.191161
0.298908
-0.098438
-0.320488
-0.012586
-0.438033
-0.208020
-0.127804
-0.368050
-0.311233
0.190495
0.377876
0.243206
-0.589156
-0.104003
0.028082
0.156184
-0.381411
0.642500
0.154247
-0.114196
-0.511085
0.178109
0.471299
0.131672
-0.063002
-0.657563
-0.108769
0.000245
-0.157805
-0.294184
-0.293023
0.260753
-0.275757
-0.205384
0.138221
-0.125256
-0.391240
0.298098
0.118820
0.213234
-0.682025
-0.659680
0.126547
0.547218
-0.215262
0.198745
-0.562398
0.705739
-0.294214
-0.338963
-0.285574
-0.200520
-0.168796
0.437916
-0.419341
-0.239371
0.331840
-0.417013
-0.127710
0.176189
-0.277011
-0.145607
0.028930
-0.509206
0.046933
0.518229
-0.202890
0.396599
-0.421611
-0.261577
-0.269662
0.217921
0.081151
-0.076724
0.191353
-0.175222
0.265805
-0.328044
-0.070280
-0.661669
-0.103850
0.344131
0.078047
0.490339
0.315142
-0.423467
-0.583067
-0.119367
0.255433
-0.297023
-0.072860
-0.247077
0.198863
-0.360585
0.274308
0.448045
0.419396
-0.106203
-0.249019
0.214678
-0.072138
0.182280
-0.045133
-0.065170
-0.493274
0.221342
-0.503369
-0.177684
0.033177
0.568588
0.106211
0.339565
0.471103
0.103326
-0.076126
0.145469
0.007828
-0.144226
0.202539
-0.222034
0.704207
0.630186
-0.203610
0.659740
-0.501048
-0.337735
-0.583891
0.237391
0.443722
0.550923
-0.161069
0.438338
0.454221
-0.465898
-0.522832
-0.149922
-0.200136
-0.298047
-0.062803
0.516655
-0.321467
-0.481367
0.204466
-0.343750
-0.166984
-0.332575
-0.218821
-0.133222
0.073560
0.097090
0.367920
0.257802
-0.574878
-0.197634
0.224343
-0.231277
-0.243678
0.209870
0.160186
0.182960
-0.222305
-0.019925
-0.450496
-0.380498
0.563914
0.022626
0.636600
-0.001626
-0.497960
0.124946
-0.099264
-0.240729
-0.240984
-0.215108
-0.340802
0.000635
0.506131
-0.250956
0.089525
-0.408109
-0.508463
0.497590
0.100867
0.281550
-0.028396
0.508250
0.137867
0.383817
-0.457074
-0.061788
0.518050
-0.647577
0.643727
-0.665520
-0.364195
-0.370538
0.324486
-0.159259
-0.291300
-0.159021
0.573252
-0.016554
-0.246030
0.167768
0.094441
0.248279
-0.665116
0.240983
-0.085335
0.063030
0.649845
0.107126
0.209673
-0.043799
0.148053
0.593337
-0.072159
0.420755
0.233509
-0.627442
-0.240010
0.160360
-0.289437
-0.155828
0.019454
-0.436456
-0.393833
0.714197
0.007943
-0.193403
-0.228593
-0.619785
0.004060
-0.752924
-0.058790
-0.269782
-0.453601
0.194435
-0.682685
0.564822
-0.024285
0.113746
0.127821
0.234783
0.134408
-0.274663
-0.186868
-0.183033
0.570388
0.196820
0.365908
0.283898
-0.154108
0.126686
-0.236409
0.465495
0.267025
0.469374
0.381885
-0.556677
-0.398196
0.245882
0.324451
-0.029112
-0.444106
0.189037
0.623471
-0.515696
-0.153637
-0.532783
0.009653
-0.273988
-0.626558
0.240000
0.209130
0.077478
0.050389
-0.182899
-0.495726
0.189859
-0.092368
-0.002413
0.471801
0.458129
0.091627
0.103955
0.154567
0.342481
0.410418
-0.093688
0.359725
0.153812
0.066159
0.324991
-0.052072
-0.166684
0.118926
-0.388949
-0.222020
0.182770
0.204931
-0.637358
0.669898
0.080261
-0.033860
-0.676037
-0.360984
-0.246431
-0.107070
0.068249
-0.191410
-0.652487
0.109702
-0.541225
0.613062
-0.308016
-0.215704
-0.519091
-0.345764
-0.108814
0.910790
0.426352
0.074551
-0.292154
-0.436581
-0.291650
0.417347
-0.259452
0.338824
-0.734288
0.650456
-0.478467
0.036981
0.281846
0.300662
-0.467209
0.242617
-0.413127
0.425382
-0.219930
0.321587
-0.060241
-0.368916
-0.330051
0.038118
-0.211041
-0.382968
0.297455
0.447218
0.160555
-0.033830
0.299613
-0.363963
0.137912
0.081912
-0.214452
