0.234654
-0.277180
-0.212598
0.450028
0.189866
0.059555
-0.286298
-0.313531
0.083313
-0.233051
-0.372699
0.170662
0.173691
-0.601230
0.069859
0.302527
0.188590
0.457357
-0.358539
-0.367683
-0.136918
-0.350238
0.225277
0.542199
-0.344786
-0.157936
-0.065169
0.012121
-0.350737
0.038096
-0.162760
0.278285
-0.388865
0.168031
0.073757
0.191335
0.153834
0.273922
-0.028837
-0.028344
0.490633
0.156324
0.456089
-0.044010
-0.315323
-0.366618
-0.345001
-0.330098
-0.255630
-0.461020
0.409066
0.000576
-0.185890
0.337393
0.012141
0.059075
-0.038458
0.021758
0.256265
-0.352899
0.409014
0.441599
-0.086170
-0.193480
-0.318004
-0.275352
-0.344987
0.334280
-0.337964
-0.382973
-0.151648
0.243290
0.340173
0.177468
0.474216
-0.234634
-0.271397
-0.026161
0.231216
-0.431384
-0.115639
-0.318530
-0.067014
-0.323084
-0.366392
0.289844
-0.456731
0.522139
0.122450
0.078264
-0.563822
-0.467695
0.464688
-0.390856
-0.430519
0.188616
0.039648
-0.485876
0.778823
0.512210
0.461026
-0.092065
-0.130298
-0.301612
0.075000
-0.091114
-0.033523
-0.317113
0.447639
0.184339
-0.127710
0.282366
-0.218128
0.165214
0.134015
-0.039887
0.224697
-0.319518
-0.378537
-0.425961
0.040210
0.403221
0.635129
-0.395742
0.641574
-0.081016
0.269385
-0.652998
0.098864
0.238914
-0.348708
-0.135488
-0.094100
0.310597
-0.596598
0.093338
0.240545
0.303647
0.596978
-0.011659
0.386926
-0.260502
0.320981
-0.040910
-0.118849
-0.270549
-0.450136
0.099574
0.382344
-0.093804
0.268585
-0.180083
-0.136808
0.136698
-0.129930
0.092162
0.113458
-0.446503
-0.125463
-0.580308
-0.018105
0.155804
0.722856
-0.144064
0.128841
0.405042
-0.438034
-0.435825
0.168892
-0.474820
-0.162867
0.385791
-0.503357
-0.031559
0.243170
-0.451842
-0.143580
0.047074
-0.244449
-0.279556
-0.060943
-0.578583
-0.344670
0.582112
-0.726929
-0.022494
0.059261
-0.610671
0.515640
-0.172816
0.547824
-0.033088
-0.159654
-0.088039
0.003467
-0.404688
-0.109301
0.082143
-0.223074
-0.425433
0.569928
0.553127
-0.525052
0.123071
-0.251694
0.815140
0.184773
-0.428862
-0.045535
-0.259492
0.123859
-0.131430
-0.144848
-0.298254
0.133017
0.253055
0.256588
-0.327240
-0.486680
-0.065870
0.171494
-0.174795
-0.473490
0.122950
-0.186520
0.651615
-0.015245
-0.175993
0.212614
0.099986
-0.321045
0.468147
0.512409
0.062917
0.573642
0.111241
-0.401782
-0.447686
-0.186956
-0.099443
-0.471412
-0.105228
-0.610987
0.351711
-0.394301
0.172895
-0.217607
-0.177736
-0.449712
-0.097537
0.370996
0.149618
0.150946
0.418660
0.333705
-0.072709
0.483125
0.237905
0.354505
0.207122
-0.080976
-0.201766
0.434980
-0.326986
0.055074
-0.046532
-0.615014
0.557876
-0.092163
-0.155550
0.296506
0.468035
-0.333754
-0.138989
0.486794
0.345274
0.025981
-0.180756
-0.023564
0.313416
0.348522
0.143143
0.484997
0.106146
0.041517
0.453481
-0.469809
-0.482113
-0.313604
-0.221643
-0.458676
-0.069749
0.142686
-0.896899
-0.585923
0.000398
0.187402
-0.025708
0.076905
0.061014
-0.000269
-0.221833
0.290857
-0.168065
-0.261291
-0.063061
-0.332961
-0.347975
0.077735
-0.003992
-0.055364
-0.453944
0.216781
-0.253792
-0.568109
0.285254
0.018584
-0.393412
0.005772
-0.103461
0.257180
-0.217943
0.012609
-0.147261
-0.359220
0.640312
0.128585
-0.321765
0.076785
-0.428159
-0.159916
0.593311
0.033823
0.563005
-0.108657
-0.054080
-0.367330
0.160751
-0.397754
0.321200
-0.437589
0.273299
0.083975
0.709275
0.010318
-0.466420
-0.156571
0.072402
-0.654926
0.224683
-0.274477
-0.304645
0.156948
-0.107035
0.026226
-0.138274
-0.317409
0.327333
0.370926
0.236786
0.461084
0.136284
-0.434962
0.121344
0.184271
0.268840
0.158852
0.197675
0.036582
-0.073566
0.271922
-0.271424
-0.172959
0.181600
0.549605
0.096613
-0.356304
-0.198240
-0.041808
0.194064
-0.296633
-0.064901
-0.565933
0.284529
-0.101929
-0.444421
0.273631
-0.526539
0.300645
0.094539
0.289895
-0.110372
0.336121
-0.395500
0.024963
-0.080601
-0.108553
-0.005815
0.290050
0.283622
-0.035149
-0.414088
-0.287888
-0.105923
0.138711
0.487244
0.087400
-0.203725
-0.328508
-0.360824
0.026744
-0.074074
-0.006234
-0.077416
-0.183462
0.249790
0.172055
-0.223215
0.630246
-0.482624
0.009571
0.372035
0.359304
0.063704
0.226564
0.420502
0.550566
-0.282323
-0.213005
-0.102254
0.424845
0.359472
-0.431577
-0.153515
0.388768
-0.052701
-0.501385
-0.240883
0.111203
0.252833
-0.132557
0.489721
-0.458097
-0.378097
0.561561
0.538564
-0.167897
-0.556203
0.344788
-0.338294
0.248447
-0.246569
0.467848
-0.480486
-0.356667
-0.133416
-0.202594
0.249885
-0.170606
-0.433050
0.348104
0.515377
0.369166
-0.126982
0.273654
0.446763
-0.225252
-0.550897
0.354032
-0.267216
-0.481324
0.177402
-0.118003
-0.041538
-0.537756
-0.552050
-0.209349
0.173100
-0.314063
-0.040085
0.700158
-0.204431
0.250036
0.132515
0.524481
-0.455231
0.421667
0.125141
0.290254
0.190511
0.246370
-0.371634
-0.305829
-0.007146
-0.314804
0.611045
0.239403
-0.130713
-0.503855
-0.197079
0.535705
0.614971
-0.155732
0.206948
-0.525875
-0.022726
-0.321053
-0.050555
0.029944
0.537949
-0.127863
0.140388
-0.213661
-0.590314
0.576019
-0.174454
0.463841
-0.368914
0.547676
0.146542
0.314732
-0.360990
-0.013303
-0.438503
-0.039336
0.278592
-0.082523
0.596678
-0.115977
0.071285
-0.392680
-0.185607
0.232751
-0.261056
0.275510
-0.383801
-0.665140
0.285096
0.009718
0.403797
0.125256
-0.513332
0.377124
0.377170
-0.427060
-0.323363
-0.165463
0.322822
0.042456
-0.499113
0.397035
-0.353624
0.051485
-0.085231
-0.320306
0.431459
0.371715
0.705225
0.281639
-0.219035
0.440514
0.435711
-0.303164
-0.192984
0.340769
0.170162
-0.291673
0.379159
-0.310629
0.102163
-0.126057
0.446179
0.302428
0.474081
0.192106
0.148312
0.042197
-0.301912
-0.075856
0.068894
0.010696
0.648053
-0.252480
-0.229380
-0.369658
-0.133184
0.133460
-0.236269
-0.128985
0.321605
-0.003611
0.315491
-0.224410
0.101314
0.075361
-0.005495
-0.120455
0.076318
0.194585
-0.310880
-0.368945
0.021147
-0.269338
0.358335
-0.417792
0.350947
-0.205985
0.248731
-0.218757
-0.207689
-0.517662
0.205043
-0.120357
0.485083
0.408896
-0.502265
0.469706
-0.235685
0.454566
0.439232
-0.031099
-0.232482
0.040120
-0.425063
-0.064427
0.264966
-0.463087
-0.280136
-0.380560
0.108359
-0.175126
-0.141582
0.105614
-0.081524
0.467425
0.142201
-0.631742
-0.125040
0.209447
0.151425
0.331359
-0.102200
0.351072
-0.215264
-0.291703
-0.431537
0.523772
0.301277
0.176754
-0.058976
0.416102
-0.276754
0.661037
-0.906643
-0.351265
0.621645
-0.220621
0.358080
-0.215862
0.057359
-0.665832
0.278710
0.222440
0.041742
0.138324
-0.192966
0.425751
-0.243752
-0.332849
0.297686
-0.335173
-0.177725
0.197489
0.212039
0.436381
0.407860
-0.219255
0.093586
0.213976
-0.216599
-0.164164
-0.096908
-0.377056
0.218976
0.495445
-0.014812
-0.292366
-0.521068
0.603291
0.360857
-0.825208
-0.819215
-0.396381
-0.199832
-0.403738
-0.491984
-0.539630
-0.021796
0.307058
-0.214239
-0.006317
0.615715
0.165903
-0.442969
0.385422
0.094572
-0.456765
-0.510976
0.038589
0.356527
-0.022188
-0.601266
0.216002
0.098365
0.082465
0.412530
0.133302
-0.067489
0.712601
-0.147369
-0.242198
0.406566
-0.063611
-0.125998
0.100782
-0.234082
0.275648
-0.349903
0.036050
-0.130006
-0.106983
-0.030118
0.621678
0.355269
0.213177
-0.028250
0.240882
-0.070216
-0.417149
0.708330
0.441900
-0.250587
-0.563300
0.548463
-0.185857
-0.302942
0.130181
-0.145207
-0.313646
0.022022
-0.496847
0.077256
-0.031094
-0.326403
-0.155475
0.463403
-0.032479
-0.044072
-0.223117
-0.310531
-0.309659
0.186723
-0.158586
0.358489
0.130068
-0.149638
-0.056975
-0.376796
-0.053964
0.038405
0.568852
-0.529808
-0.256740
-0.014346
0.032444
0.294705
0.414103
-0.254285
-0.069241
0.170912
0.447642
-0.260154
0.351605
-0.660035
0.278297
-0.370515
-0.266305
0.317970
-0.307248
-0.298063
-0.026718
-0.456332
-0.161995
0.094234
-0.396401
-0.403729
-0.202869
0.118613
-0.007617
-0.534913
0.721074
-0.566557
-0.141042
-0.250332
-0.111602
0.341588
-0.431779
0.578461
0.071691
-0.234306
-0.141808
0.029245
0.269061
-0.218831
0.250970
-0.250862
