0.011600
0.397620
-0.265768
0.459008
-0.326619
-0.018057
0.127151
-0.001720
-0.040380
0.403001
-0.184947
-0.232290
0.047423
-0.319867
0.433025
0.198324
-0.066393
0.649946
0.420855
-0.472566
0.320110
0.259330
-0.031254
0.131127
-0.330643
0.298997
0.134261
-0.013338
0.206865
0.010271
-0.121813
-0.222085
-0.275037
-0.220699
0.348480
0.160842
0.120410
0.397654
-0.051229
-0.130255
-0.423605
0.112042
0.274105
-0.357702
-0.619601
0.310930
-0.521150
0.106808
-0.102556
0.373958
0.592881
0.471205
-0.306786
-0.422977
0.291733
-0.325501
-0.000387
-0.389177
-0.118307
0.188896
-0.390000
-0.582785
-0.063314
-0.293204
-0.217151
-0.642994
0.150055
-0.243816
-0.421604
-0.230598
-0.133559
-0.371384
0.123247
-0.327083
-0.711410
0.122187
-0.079952
0.378440
0.297883
-0.253008
0.177366
0.369375
-0.195254
-0.064808
-0.359274
-0.247845
-0.028764
0.764843
-0.495618
0.045139
0.131536
-0.362469
0.401005
-0.254429
0.150472
0.566455
-0.024649
-0.361177
-0.280092
0.237271
0.491295
0.168858
-0.267943
-0.075264
0.049349
0.212884
-0.230207
0.468012
0.243860
0.152344
0.105093
0.242375
0.038424
0.360220
-0.292023
-0.356768
-0.287253
-0.050024
-0.128844
-0.410291
0.669713
-0.577466
-0.579149
0.216055
0.123784
-0.273943
-0.243366
-0.094745
0.531225
-0.475145
0.717324
0.487015
-0.001535
-0.447841
-0.583060
-0.208208
0.264563
-0.373169
0.221434
0.134188
0.197632
-0.192585
0.438823
-0.143074
-0.127839
-0.348083
-0.053313
-0.343661
0.529593
0.109369
-0.032973
-0.115280
0.267615
-0.033369
-0.261008
0.318901
-0.337483
-0.231779
-0.279426
0.390128
0.019620
-0.223495
0.562790
0.362333
-0.088790
-0.653398
-0.002039
-0.213988
0.395517
-0.104854
-0.079162
-0.379520
0.024700
0.107457
0.114737
-0.079142
-0.254844
-0.125089
-0.222444
-0.377441
-0.344791
-0.669700
0.459459
-0.492324
0.034859
-0.213912
-0.056986
-0.415869
-0.271667
0.187649
0.104603
-0.133599
0.142201
-0.151830
0.039510
0.439927
0.170815
-0.604800
-0.126495
0.481116
-0.056989
-0.482211
0.498611
-0.411193
-0.463535
-0.306630
-0.206302
-0.176074
-0.281282
-0.105208
0.334252
0.322514
0.611628
-0.042919
-0.132045
0.003918
0.132132
-0.304172
-0.135958
-0.070147
0.152700
-0.135824
0.453575
-0.693688
0.090694
0.027803
0.293582
-0.126133
-0.259960
-0.276077
-0.396063
-0.444620
-0.489633
0.016187
-0.478721
0.298927
-0.105485
-0.060588
-0.489105
-0.020164
-0.406039
0.113020
-0.650363
-0.163508
-0.550044
-0.279870
-0.313517
-0.412302
-0.237315
-0.099990
-0.122242
0.273702
-0.200012
0.189585
-0.080507
0.441916
-0.017272
-0.148656
0.338932
0.428806
-0.432362
0.106966
-0.446157
0.594214
0.122860
-0.009731
-0.464186
-0.001242
0.121720
-0.026415
0.349099
0.006196
0.233288
0.098267
0.322775
0.139344
0.044638
-0.445924
-0.215978
-0.086238
0.351195
-0.080217
-0.354745
0.036246
-0.325115
-0.247062
0.076234
0.195924
0.286135
-0.227137
-0.397521
-0.272079
-0.211199
0.246227
-0.228465
-0.134924
0.029683
-0.634434
0.709534
0.067999
0.153081
-0.522301
0.436796
0.047513
-0.481365
0.236120
-0.031915
0.041167
-0.071685
0.425828
-0.264358
-0.121190
0.521107
-0.649961
0.310771
0.193918
0.589000
-0.501473
-0.275958
-0.024176
0.051062
-0.453463
-0.432244
0.201778
-0.500776
0.367063
-0.273439
0.314706
0.319616
-0.019692
0.291673
0.324497
0.124425
-0.171293
-0.202861
0.007907
-0.474164
0.462667
0.254161
-0.190077
0.145326
-0.107745
0.303478
0.182102
0.094016
-0.449546
0.010071
0.377575
-0.558100
-0.064194
0.015187
-0.319912
0.553956
0.152701
-0.494867
-0.119001
0.243309
-0.219537
-0.448941
0.074546
0.385380
0.230824
0.087739
0.629562
-0.244008
0.400661
0.315628
0.179139
0.375608
-0.252021
0.078898
-0.638551
-0.372342
0.393737
0.051495
0.102317
-0.428291
0.248396
0.474894
-0.000589
0.024965
-0.039603
-0.165134
-0.226767
0.207718
0.405762
0.304532
0.397554
0.085128
-0.464462
0.248075
-0.761156
0.327384
0.263303
-0.030578
-0.328849
0.269316
-0.464212
0.287396
-0.561497
-0.031176
-0.299878
-0.686392
0.020406
0.681228
-0.480992
-0.030828
-0.264354
-0.420357
0.277316
-0.233589
0.458406
-0.444629
-0.062077
-0.173440
-0.034811
0.089659
0.456125
0.130578
-0.258996
0.021753
0.002164
-0.190083
0.296050
0.007327
-0.075713
0.257070
-0.108694
-0.117060
-0.335644
-0.164235
-0.357531
0.212117
-0.417102
0.393339
-0.250312
0.000492
0.370416
-0.038406
0.310137
0.560875
0.243740
0.465891
-0.499779
0.075694
0.374593
-0.064591
0.141650
-0.515030
-0.696465
-0.410099
-0.061817
-0.247490
-0.122213
-0.149274
-0.738924
0.184502
0.095331
-0.605416
0.315062
0.521061
-0.104447
0.188030
-0.112483
-0.204174
0.443119
0.287184
-0.292831
0.300734
-0.276697
-0.073885
0.145401
0.418127
-0.341086
0.290955
-0.143986
-0.201504
0.288531
0.247859
0.198119
-0.149627
0.215049
0.339682
0.021105
-0.650695
-0.065745
0.371044
0.051650
0.457707
0.200162
0.365081
0.243623
-0.120782
-0.024972
0.180056
-0.051969
-0.475901
-0.509568
-0.603426
0.291752
-0.303522
0.458741
-0.081491
-0.162960
0.477525
-0.310400
-0.082417
-0.199671
-0.390065
-0.199756
0.116697
0.093204
0.371524
0.097891
0.437472
-0.395948
-0.481105
-0.517659
-0.452334
-0.288748
-0.199548
0.443840
0.164028
-0.180514
-0.034869
-0.158802
-0.084420
0.580717
0.563760
-0.219761
0.130348
-0.038221
-0.354697
0.563989
0.182211
-0.499618
0.194018
-0.325135
0.216718
-0.311979
-0.384033
0.393604
-0.236742
0.192124
0.065921
-0.264568
0.382160
-0.484128
0.259855
0.309423
0.327737
0.468650
0.170718
-0.335291
0.053601
0.482794
0.218970
0.145624
0.084818
-0.156899
0.412484
0.199293
-0.264618
0.438908
-0.249255
-0.402727
-0.223887
-0.262759
0.534989
-0.450777
0.514576
-0.166742
-0.460503
-0.498962
0.105458
0.501225
-0.073070
-0.536633
-0.104554
-0.238362
-0.088568
0.268206
-0.018848
-0.025267
0.300685
-0.242047
0.213189
-0.307613
0.073223
-0.161832
0.428457
0.343571
0.078992
0.645245
0.347834
0.428267
0.125275
-0.429966
0.347933
-0.455631
-0.202312
0.328926
-0.457039
-0.448253
-0.581900
-0.275869
0.042754
-0.394592
0.060290
0.364641
-0.427097
0.120714
0.261388
-0.450673
-0.415655
-0.269630
-0.356578
0.237812
0.426374
0.220195
-0.441625
0.191774
-0.563569
-0.011726
0.535754
-0.238374
0.107293
0.226663
-0.153513
-0.297567
-0.694624
0.335461
-0.306875
0.318998
0.401858
0.441900
-0.187609
0.411848
0.367712
0.087812
-0.502527
-0.066724
0.460797
0.503929
0.545204
0.034406
-0.075367
-0.058074
0.256510
0.177450
0.004257
0.552114
0.384919
-0.614679
0.367486
-0.203366
0.080714
-0.017488
0.043568
0.848209
-0.243152
-0.197636
0.619193
-0.249585
0.040935
-0.233966
0.206718
-0.563884
-0.010425
0.342762
-0.005776
-0.571457
0.018477
0.101937
0.549095
0.045953
-0.452996
-0.287226
-0.068988
0.464574
0.115083
0.529278
-0.466995
-0.550751
0.555717
-0.250948
-0.131089
-0.490894
0.118704
0.032992
-0.204217
0.214650
0.772347
-0.559950
-0.061592
0.147638
-0.003052
-0.235736
0.523193
-0.316337
0.244317
0.509024
-0.102453
-0.307800
-0.748266
0.862400
0.296122
-0.333567
-0.556231
0.278871
-0.129484
0.251696
0.572163
-0.122713
-0.566124
0.031466
0.436052
-0.500751
-0.049825
-0.509026
0.351069
0.546579
0.257984
0.175699
0.098842
-0.225827
-0.082377
0.283742
0.132164
0.504813
-0.249358
-0.281445
0.588835
0.268937
0.342271
0.100788
0.167201
0.589546
0.484443
0.655884
-0.317808
0.743682
-0.087161
-0.184168
-0.010894
0.559613
-0.363115
0.285153
-0.174589
0.141824
-0.554563
-0.115869
-0.582204
0.230513
0.243137
-0.154004
-0.412144
0.288650
0.038216
-0.169702
0.696571
-0.243292
-0.344608
0.192257
-0.328029
-0.951043
-0.369638
0.171205
0.527205
-0.332733
-0.499709
-0.709719
-0.336654
0.290173
-0.052500
0.294705
-0.263829
-0.234093
0.424877
-0.534322
0.606059
-0.438360
-0.304255
-0.589620
-0.048271
0.100704
-0.075070
0.632250
0.360980
0.025017
-0.170652
-0.237991
-0.193438
-0.308947
0.150954
0.140507
0.227682
0.314335
-0.145959
-0.366538
-0.289268
-0.171623
0.375387
-0.130652
0.265131
-0.061876
-0.279840
0.214539
-0.242754
-0.395679
-0.555322
-0.069426
-0.129973
-0.493058
-0.029037
-0.389563
