0.092404
-0.177723
-0.037135
-0.094219
0.284426
-0.177218
-0.570256
0.043098
-0.157222
-0.093388
-0.228021
-0.287765
-0.281513
0.148257
-0.069359
0.172801
0.495555
0.613102
0.442404
0.426069
0.424677
0.285472
0.168274
0.469330
0.119279
0.316106
-0.049706
0.296999
-0.334090
0.123327
0.293742
-0.157117
-0.554244
0.078144
-0.378977
-0.141175
0.105139
0.446556
0.020559
0.162668
-0.172082
-0.266519
-0.302436
-0.157147
0.090175
0.037142
0.143651
-0.075411
0.291528
0.305781
0.277659
-0.127957
-0.045595
-0.452876
0.541132
-0.281627
0.098765
0.304080
0.249478
-0.305011
0.095574
-0.340123
-0.370024
-0.378727
-0.225329
0.292746
-0.738307
0.401836
0.394719
-0.479143
-0.299587
0.488248
0.260409
0.693427
0.277727
0.059529
0.211768
0.152005
0.183760
-0.361225
0.267917
-0.553667
-0.550897
0.589495
-0.312054
0.114597
-0.397264
-0.151249
-0.152245
0.219419
0.359425
0.181886
-0.076821
-0.260290
-0.028153
-0.276698
0.254103
-0.306156
0.030676
-0.344657
0.547913
-0.284562
0.114400
-0.361368
0.033139
-0.477411
0.516378
-0.490613
-0.338545
-0.238244
0.101658
0.114745
-0.342578
-0.123773
0.177578
-0.269153
0.418209
-0.371759
0.371598
0.139436
-0.133160
0.346601
0.150175
0.068211
-0.310743
0.301131
-0.234475
0.132871
-0.283151
0.410222
0.077829
0.455615
0.075211
-0.171124
-0.169586
0.249860
-0.488962
0.263435
-0.407384
-0.034644
-0.499037
-0.067457
-0.593040
-0.039147
-0.354216
0.062915
-0.489312
0.384732
0.307889
0.387288
0.084338
-0.072788
0.270591
-0.342174
-0.111374
-0.669583
-0.035747
-0.077031
-0.152345
-0.481126
-0.505299
0.118194
0.633858
0.160351
0.197949
0.498293
-0.183914
0.262400
-0.249643
-0.336777
0.030803
-0.094341
0.105431
-0.092191
0.145609
-0.568101
-0.058648
0.186260
-0.184991
0.383696
0.026907
-0.235633
-0.088886
-0.543941
-0.245656
0.150248
-0.047687
-0.224574
0.326507
0.018373
0.377766
-0.014034
0.342213
-0.086701
0.388358
-0.509656
0.172372
-0.124499
0.053780
0.318682
0.252886
0.302578
0.732955
-0.175799
0.274434
-0.259994
0.357358
-0.079589
-0.714228
-0.240160
0.354083
0.307365
0.529534
-0.441586
-0.284737
0.472928
0.108389
-0.076497
0.203708
0.213398
-0.266814
0.234186
0.048240
0.124828
0.231186
-0.153270
-0.079210
0.193308
0.097314
0.161481
-0.331149
-0.240651
0.233705
-0.097875
-0.281683
-0.554265
0.267684
0.045669
-0.605324
-0.204557
-0.309850
0.100104
-0.556777
0.030103
-0.219699
0.086720
-0.718807
-0.183903
0.061923
-0.008398
-0.173570
0.212148
-0.489426
0.028588
-0.121720
0.311691
0.224276
0.281195
0.265393
0.084142
0.369053
-0.278748
0.134042
0.071027
0.003084
-0.259930
-0.249738
-0.393317
0.110399
0.097200
-0.088766
-0.528908
0.589673
-0.129849
-0.071081
0.231139
0.032136
0.146833
0.365384
-0.146422
-0.078151
0.378045
0.338922
-0.008781
-0.168516
0.711676
-0.381878
0.348019
-0.474328
0.539230
-0.262473
-0.445950
0.204527
-0.557464
0.504807
-0.212801
-0.142265
-0.549208
-0.302702
0.383914
0.004425
-0.370948
-0.327006
0.069733
-0.220343
-0.327227
0.530233
0.136113
-0.414105
-0.257538
-0.041869
-0.058483
-0.298179
0.066184
0.110009
0.452853
-0.510467
0.336286
-0.386585
0.088179
-0.447780
-0.200170
-0.257598
-0.308226
-0.512974
-0.098791
-0.269344
-0.521482
0.158672
-0.285261
0.227968
0.230611
-0.511773
0.395445
0.390264
-0.071722
0.425852
-0.512153
0.523575
-0.321562
0.313204
-0.326626
0.030168
0.528952
-0.493026
-0.135789
-0.080777
-0.097214
-0.341018
0.302464
-0.490243
-0.085568
0.196682
-0.143048
0.403034
-0.095392
0.422353
0.270321
-0.047942
-0.589123
-0.184687
0.645032
-0.555221
0.505130
0.160035
-0.299825
0.165472
-0.176237
0.269589
-0.049202
-0.151174
0.308582
-0.105097
0.405611
-0.066173
-0.357056
-0.623613
0.231188
-0.476716
-0.057260
-0.023882
-0.662522
0.084505
0.470290
-0.319285
-0.252632
-0.198364
0.505592
-0.223401
-0.479239
0.004638
-0.164108
-0.335019
0.362861
-0.263885
0.309907
-0.277833
-0.241388
-0.313653
0.307460
0.118613
0.221117
0.086580
0.177159
0.734371
0.065427
0.270600
-0.244244
0.122518
0.151233
-0.275210
0.181273
-0.247612
0.420041
0.553230
0.267708
-0.014361
-0.278277
0.326418
-0.579575
0.009571
-0.311614
-0.300955
-0.532262
-0.178266
-0.166611
-0.085657
-0.429077
-0.180356
-0.546823
0.416614
0.228219
-0.471384
-0.451576
0.064415
-0.048870
-0.431384
0.453999
-0.012715
0.262862
-0.212503
-0.234526
0.306950
0.525640
0.332292
-0.184132
0.288630
-0.678488
0.256884
-0.136164
-0.065294
0.096346
0.175500
-0.070185
-0.066901
-0.257441
0.125291
-0.130294
-0.242060
0.442629
0.270980
-0.331090
-0.252490
-0.447214
-0.276462
0.549118
-0.315091
0.019763
-0.346427
0.576680
-0.281052
-0.289231
-0.172230
0.316616
-0.162352
0.014171
0.391346
-0.297513
-0.214880
0.268736
-0.074577
0.246503
-0.468760
0.219582
0.444119
-0.485190
-0.208926
-0.063569
0.327588
-0.025633
-0.507119
0.454915
0.144114
0.297821
0.403372
-0.080887
-0.061628
-0.061360
-0.068280
-0.498776
-0.389350
-0.417815
0.542106
-0.191899
-0.398596
-0.414396
-0.070124
0.296378
-0.357724
0.477170
0.517068
0.065759
0.261414
0.048054
-0.438051
-0.540864
0.045325
-0.253915
0.186825
-0.322660
-0.148687
0.190843
-0.121764
-0.465881
0.150040
0.018713
-0.487082
0.113855
0.263624
0.163826
-0.178011
-0.193249
-0.035763
0.250854
-0.093700
0.040122
-0.227066
0.148282
-0.109019
0.004250
-0.394616
0.482793
-0.184896
0.427085
-0.131058
-0.446650
0.245682
-0.372806
-0.592030
0.059198
-0.096724
-0.271214
0.308258
0.449791
-0.058733
0.572193
-0.675887
-0.325103
0.213258
-0.149827
0.353414
0.286822
0.508413
0.121278
0.027637
-0.282758
-0.309116
-0.274989
0.212867
0.238820
-0.133832
0.190440
-0.128701
-0.091889
-0.048877
0.122504
-0.077319
0.580531
0.262787
0.354844
-0.048670
-0.098735
0.331850
0.218977
-0.225550
-0.270144
0.240305
-0.110036
-0.077531
0.407752
0.337337
0.154835
-0.517690
-0.119240
-0.180856
-0.573619
-0.096828
-0.085082
-0.422284
-0.390850
-0.231536
0.062127
-0.657749
-0.200191
0.433826
0.056931
0.315920
-0.016196
0.197389
0.350869
0.176144
0.529921
0.197670
-0.085427
0.252571
-0.223544
0.348068
-0.300795
-0.031370
-0.225161
0.164187
-0.132566
-0.467729
0.198180
0.240169
0.499161
-0.464477
0.082332
-0.287191
-0.006677
-0.120913
0.329036
-0.071681
-0.437088
-0.225145
0.292477
-0.107181
0.367337
-0.175269
-0.739006
0.032464
0.096785
-0.325539
-0.191463
-0.012476
-0.102562
0.025943
0.029569
-0.097804
-0.038685
0.334635
-0.203568
-0.185270
-0.237630
0.004660
0.408069
-0.312901
0.157658
-0.804220
-0.104127
0.350562
0.365863
0.078209
-0.514080
0.243248
0.333660
-0.737099
0.129925
-0.283296
0.048047
-0.445309
-0.393043
0.082859
0.057274
-0.183008
-0.418094
0.167826
-0.159953
-0.097063
0.156855
-0.561624
-0.404294
0.018477
0.327554
0.134508
0.012957
-0.022874
-0.534015
0.233953
-0.357864
-0.162676
-0.548665
0.104943
0.429416
0.119069
0.122094
0.254566
-0.003185
0.259841
-0.621636
0.265834
0.193559
0.325552
0.136673
-0.065252
0.007157
0.397821
-0.330400
0.041819
-0.411825
0.094137
-0.291238
0.000032
-0.427101
-0.633259
0.447907
0.137490
-0.085109
0.569344
-0.093615
-0.324401
-0.609897
0.389698
-0.145349
0.298049
0.609064
-0.275135
0.352700
-0.189295
-0.056283
0.658059
0.438305
0.347320
-0.149472
-0.356711
-0.510540
0.353425
-0.365412
-0.225302
-0.523337
-0.110408
-0.010534
0.097920
-0.123121
-0.187465
0.598506
0.316063
0.503576
0.287171
0.614450
-0.483877
0.191698
-0.363672
0.340493
-0.274340
0.004975
0.369096
-0.262542
-0.223197
0.376415
-0.176648
-0.044965
-0.027089
0.345920
-0.190342
0.044107
0.478252
0.522222
-0.115242
-0.403640
0.413861
-0.337804
-0.146247
-0.333252
0.046854
-0.731697
0.321462
-0.322756
-0.440811
-0.183806
0.326110
-0.052259
0.173039
-0.297756
-0.207862
-0.311127
0.271897
0.302383
0.496147
-0.088886
-0.232295
-0.387410
-0.130051
0.353914
-0.556648
-0.414556
0.259464
0.437653
0.595864
-0.496946
-0.118601
0.147006
-0.224114
-0.155063
-0.382464
0.267715
-0.375390
-0.618470
0.357891
-0.108932
-0.163288
0.240192
0.698333
0.091437
-0.139698
0.113614
