0.464662
0.350494
-0.230790
0.119223
-0.468485
-0.240209
0.416174
-0.123694
0.447472
-0.116598
0.134889
0.044128
0.238117
-0.188399
0.158954
0.042675
0.188590
0.456925
-0.411698
0.087684
0.351412
-0.186669
-0.390043
0.458174
0.176373
0.247324
0.671758
-0.495167
-0.026862
-0.103939
-0.036709
-0.375451
-0.485314
-0.394612
-0.222034
0.549195
0.397974
-0.148586
-0.148768
0.266533
-0.603502
0.433215
-0.066689
0.327210
-0.314821
-0.497575
0.029204
-0.165680
-0.238177
0.468094
-0.037736
-0.088361
-0.008650
-0.169892
0.213458
0.211380
0.231989
0.934358
-0.466964
0.282149
-0.035056
-0.054297
0.516767
-0.276802
0.022913
-0.492050
0.488288
0.420780
-0.393174
-0.134673
0.124914
0.368119
0.200503
0.204517
0.165290
-0.155863
-0.049110
-0.055580
-0.045780
0.248674
0.122365
0.284985
-0.559130
-0.531728
-0.195639
0.102086
0.277052
0.768937
-0.143845
0.496791
-0.008762
0.197444
0.411563
0.039844
-0.554300
0.527063
0.261825
0.683742
0.704693
0.380058
0.088400
0.243031
-0.318028
-0.062293
0.020289
0.653971
0.012149
-0.360956
0.348461
-0.227325
0.349366
0.275422
-0.380637
0.337994
-0.627681
-0.039887
-0.225340
0.037904
0.435493
0.518593
-0.398390
-0.239618
0.163626
-0.103790
-0.300635
-0.132000
0.174714
-0.424854
0.303723
-0.118705
0.618973
-0.405037
-0.035964
0.434230
0.119006
-0.247605
0.215526
-0.197012
0.383074
-0.349601
-0.425177
-0.155315
-0.242237
0.128543
0.015327
0.258054
-0.393373
-0.069125
0.483330
-0.342360
-0.274020
-0.507428
-0.043878
-0.263217
-0.225102
-0.119273
-0.297399
0.551245
0.032673
0.243768
0.227035
0.276970
0.498581
0.453777
0.307340
-0.411336
-0.293475
-0.292363
-0.286631
0.038328
-0.168589
-0.043647
-0.269798
0.566709
-0.339820
-0.637522
-0.079961
-0.050998
-0.168156
0.206837
-0.188950
-0.026878
-0.118835
-0.477627
-0.379600
0.003476
-0.099415
-0.105695
-0.077208
0.186645
0.120066
0.142185
-0.146224
-0.113574
-0.378894
-0.243940
0.286216
0.183111
-0.197994
-0.192914
0.553307
0.082261
0.716093
0.451885
-0.309306
0.356245
0.358113
-0.214992
0.499201
-0.023668
0.260509
-0.071441
-0.547285
-0.255284
-0.424408
0.449276
-0.382795
-0.289918
-0.192917
-0.280157
-0.329609
-0.174795
0.062647
0.190753
-0.509549
-0.135821
0.610594
0.292154
-0.365782
0.082772
-0.313990
-0.631108
0.362128
0.331454
-0.563253
0.198755
-0.017018
-0.512838
-0.603272
-0.374543
-0.389065
-0.117442
0.035144
0.044455
0.309046
0.503649
-0.092499
-0.127965
0.306557
-0.053081
0.623020
-0.260062
-0.227194
0.382697
0.291567
0.391146
-0.467675
-0.388127
0.242953
-0.309058
-0.513421
-0.417766
-0.306825
-0.141796
0.055074
0.284044
0.437842
0.389729
0.012714
0.079484
-0.237165
-0.627368
0.477638
-0.107897
-0.411011
-0.303111
0.224626
0.446293
0.457474
-0.075917
0.519316
-0.395258
0.539583
0.240838
0.533148
0.369478
-0.138831
-0.270562
0.441854
-0.223840
-0.481240
0.035640
0.013730
0.032187
-0.311415
-0.010303
0.187402
-0.477269
-0.282770
0.418308
0.416725
-0.338079
0.515361
0.192498
0.373234
-0.142385
0.283986
0.366262
-0.059045
-0.071484
-0.813945
-0.147881
0.287308
-0.266456
-0.501257
-0.311962
-0.184575
0.624230
-0.057763
0.417707
-0.504286
-0.074499
-0.015570
-0.058514
-0.486661
-0.594097
-0.361374
0.152992
-0.208202
-0.394641
0.001869
-0.041561
0.059557
0.335297
-0.261708
0.281219
0.494966
-0.128760
-0.192347
0.005075
0.052250
-0.110345
0.089661
-0.460222
0.311399
0.551925
0.253829
0.338510
-0.291243
0.362738
-0.409035
0.354206
-0.056088
0.724475
0.179471
-0.017480
0.061669
-0.335873
0.490610
-0.009791
0.191595
0.527806
0.425728
-0.187803
-0.139663
-0.034353
0.262411
-0.406929
0.163528
-0.127363
-0.535250
0.320432
-0.278066
0.437026
0.441127
-0.411833
0.327001
-0.356608
0.040269
0.233673
-0.501433
-0.251242
-0.075939
-0.059790
-0.499642
0.216138
0.090170
0.761188
-0.162521
0.099591
0.358616
0.046267
-0.360673
0.251217
0.288476
0.538469
-0.214871
0.119181
0.285263
-0.586866
-0.371243
0.281358
-0.021796
-0.413193
0.188394
0.669828
-0.008118
-0.205269
-0.229754
0.518175
-0.543553
0.587712
0.332625
0.740416
0.103332
-0.173469
-0.174421
-0.296702
0.382109
-0.105659
-0.054935
0.019940
-0.167666
-0.567640
-0.043818
0.088281
-0.375685
-0.489321
-0.145540
0.212443
0.141819
-0.185696
-0.210548
0.103568
-0.014103
-0.100463
0.458923
0.585249
-0.452749
-0.427301
0.417493
-0.322285
-0.077913
0.619228
-0.350179
0.014519
-0.119973
-0.371531
0.205163
0.598564
0.293690
0.391298
-0.195331
0.000148
-0.617900
0.054197
-0.429177
-0.043593
-0.558711
0.050848
0.447371
-0.206150
0.181710
0.342074
-0.409750
-0.510897
-0.152373
-0.186366
-0.257007
-0.474658
0.297717
0.047823
-0.016552
-0.138547
0.476655
0.141055
-0.169991
0.351995
-0.207753
0.131817
-0.459362
-0.282373
0.383088
0.206165
-0.082188
0.278626
0.121117
-0.082267
-0.455974
0.320516
-0.447054
-0.453128
-0.020743
-0.275109
0.627204
-0.087517
-0.100351
-0.018357
0.022833
0.443475
0.022823
0.360683
0.404410
0.118682
0.399080
-0.335317
-0.143762
0.311110
0.404610
0.223386
0.153303
0.191710
-0.280023
-0.284870
0.584044
0.353526
0.465005
-0.151844
-0.386266
-0.141674
0.358983
-0.662915
0.396544
-0.416078
0.143572
-0.379436
-0.189218
-0.351007
0.352861
0.229113
-0.392680
0.040822
-0.261279
-0.039176
0.100021
-0.439606
0.265805
0.498052
0.105304
-0.349775
-0.152446
-0.234891
0.302945
0.121209
0.051835
0.251378
-0.129538
-0.003842
0.144962
-0.124858
0.295638
-0.507586
-0.006111
-0.226498
-0.301646
-0.263074
0.145135
0.760393
-0.409634
-0.171992
-0.562220
0.280535
0.585608
-0.334933
0.591795
-0.078280
-0.121419
-0.085247
0.523484
0.587577
0.085698
0.407710
0.098422
0.037905
-0.416117
0.423786
-0.026961
-0.276683
0.420379
-0.055967
0.743053
-0.077789
-0.021414
0.150579
-0.010922
-0.142791
0.260858
-0.182922
0.109231
0.550923
-0.084837
-0.186795
-0.176626
-0.192488
-0.425718
-0.005495
-0.030860
0.288157
0.445822
0.304280
-0.305897
0.536418
0.441348
0.286321
-0.295517
-0.192879
0.195560
0.267433
-0.014989
-0.408293
0.169433
0.267001
-0.537411
-0.137683
0.101422
-0.543889
-0.088013
-0.255682
-0.094684
-0.519600
0.475631
-0.303721
0.098504
-0.424675
0.151075
0.165043
-0.125844
0.622023
-0.055367
-0.259001
-0.220048
0.062134
0.247748
-0.102815
-0.100569
-0.178974
0.118381
0.466972
-0.235931
-0.246345
-0.699412
-0.059400
-0.080024
0.344594
-0.501692
-0.530699
0.510192
0.313779
0.221352
0.575032
0.093050
-0.073395
-0.163126
-0.043537
-0.314163
0.455706
0.303977
0.364255
-0.441675
-0.247386
0.258959
-0.710628
-0.523761
-0.552559
0.095040
0.533643
0.610593
-0.009839
-0.011649
0.726579
-0.316803
-0.098412
-0.204821
0.286184
0.109998
0.131555
-0.117657
-0.098370
-0.172669
-0.073794
-0.289141
0.280656
0.627242
-0.463543
-0.323878
-0.387179
-0.333735
-0.134976
0.100643
0.234449
0.275971
0.033306
-0.667341
-0.412417
0.467844
-0.290190
0.049909
-0.430522
0.323620
-0.328230
0.217973
0.522463
-0.663411
0.007591
-0.437653
0.019613
0.046042
-0.481410
0.292981
-0.408786
0.379195
-0.255751
0.184317
-0.062933
0.311603
-0.085393
0.338650
-0.094444
0.093403
-0.260551
0.581864
-0.001976
-0.258545
0.338637
0.327906
0.210773
-0.336158
-0.018811
0.043698
-0.360323
-0.011454
-0.005438
0.358483
0.410691
-0.540747
-0.214964
-0.040177
0.133519
-0.367741
0.580603
-0.064494
0.570372
-0.225382
-0.198102
-0.316866
-0.107731
-0.175219
-0.060123
0.416303
-0.475579
-0.481426
-0.313669
-0.197805
-0.520913
0.151185
0.321720
0.273058
-0.010948
0.507252
-0.334332
0.508910
0.144554
-0.307653
-0.081711
0.166052
-0.010500
0.355432
-0.019230
-0.190586
-0.223057
-0.397545
-0.282594
-0.338254
0.511606
-0.403803
-0.441672
0.097701
-0.457488
-0.346739
0.170534
-0.105981
0.185136
-0.239672
-0.071006
-0.591529
-0.133111
-0.334810
-0.358979
0.207098
0.743498
0.372253
0.458284
-0.094524
0.094234
-0.623822
-0.452226
0.292118
0.058622
0.081229
0.375008
0.185326
-0.560274
0.503476
-0.380533
-0.610788
-0.110129
0.484282
0.597754
0.546103
-0.426293
-0.100808
0.058731
-0.629374
0.119739
-0.098126
0.189283
