0.464662
0.001784
-0.278751
0.119223
0.175506
-0.157995
0.416174
-0.387025
0.447472
0.146608
0.134889
-0.462059
-0.219972
-0.188399
0.158954
0.042675
-0.518364
-0.674160
-0.488311
-0.035485
0.356905
-0.351436
-0.308081
0.454891
-0.239384
0.277195
-0.163943
-0.198168
-0.026862
-0.356556
-0.332428
-0.431369
-0.485314
0.083453
-0.280787
0.549195
0.423360
-0.148586
-0.479999
-0.051160
-0.603502
0.518590
-0.340775
-0.428329
-0.395656
-0.021407
0.029204
-0.165680
-0.007663
0.468094
-0.070341
-0.009604
0.099292
0.374320
0.213458
-0.135289
0.178671
0.802233
0.134511
0.355110
0.013798
-0.054297
-0.162618
-0.276802
-0.156055
0.393737
0.469184
-0.251297
-0.337380
-0.068403
-0.026926
0.290401
0.200503
0.204517
0.225510
-0.155863
-0.049110
-0.420673
-0.045780
-0.587519
0.122365
0.284985
-0.559130
0.439913
-0.195639
-0.021257
-0.122298
-0.177944
-0.188172
0.496791
-0.102194
0.297926
0.416048
0.024660
-0.420342
0.007744
0.323802
0.732807
0.647871
0.381238
0.090485
0.243031
-0.326281
0.079197
0.308549
-0.090914
-0.014821
0.115830
0.348461
-0.171066
0.516404
0.275422
-0.380637
0.123431
0.371117
0.501010
-0.225340
0.144508
0.435493
-0.356369
-0.398390
-0.189661
0.163626
-0.281836
-0.203953
-0.203417
-0.244781
-0.435237
0.044993
-0.401223
-0.310905
-0.611688
-0.118921
0.353926
-0.583060
-0.045732
0.136012
-0.197012
0.383074
-0.349601
-0.606205
-0.120236
-0.243814
0.115026
0.019302
0.285499
-0.351030
-0.069125
-0.160485
-0.099478
-0.274020
-0.146641
-0.039400
0.325286
-0.155677
-0.197940
-0.246921
-0.241883
0.032673
0.243768
-0.401155
-0.043757
0.642634
0.389601
0.322602
-0.411336
-0.293475
-0.247433
-0.251538
0.038328
-0.040464
-0.043647
-0.208162
0.584296
-0.340228
-0.610391
0.116287
-0.028994
-0.392632
0.463562
-0.188950
-0.026878
-0.118835
-0.477627
-0.165409
-0.372971
0.074297
-0.105695
-0.077208
0.309264
0.168531
0.142185
-0.095039
-0.267155
-0.213631
-0.107304
0.286216
0.183111
-0.278877
-0.171046
0.570396
0.082261
-0.264157
0.321383
-0.277502
0.312626
0.358113
-0.214992
-0.424960
-0.023668
0.662004
0.136726
0.154753
-0.607124
-0.424408
0.449276
-0.286512
-0.289918
-0.192917
-0.329538
-0.329609
0.059718
0.062647
-0.242523
-0.055520
0.542545
-0.116565
0.192908
0.170821
0.082772
-0.313990
-0.631108
0.318133
0.331454
0.510341
0.198755
-0.036818
-0.512838
-0.603272
-0.262162
-0.389065
-0.163630
0.035144
-0.019155
-0.456889
0.431447
-0.092499
-0.127965
-0.296365
0.116223
-0.430048
-0.260062
-0.227194
0.382672
0.398593
0.391146
-0.467675
-0.388127
0.315693
-0.458427
-0.513421
-0.417766
-0.302306
-0.098271
0.516709
0.195324
-0.622249
0.407773
0.012714
0.079484
-0.170472
-0.627368
0.476943
0.291531
-0.507789
-0.464610
0.127070
-0.276081
0.457474
-0.122072
0.229386
-0.395258
0.539583
0.177790
0.603237
0.581638
0.171629
-0.270562
0.038706
-0.223840
0.122011
0.247195
0.095095
-0.245087
0.348570
-0.010303
-0.439848
-0.434373
-0.406587
-0.056275
-0.398671
-0.329726
-0.315458
-0.367102
0.326931
-0.017477
0.283986
0.366262
-0.086501
0.317359
0.156891
-0.147881
0.148722
-0.266456
0.281683
0.405456
0.070811
-0.482823
-0.064068
0.324145
-0.534850
-0.132122
-0.035757
0.011241
-0.592281
-0.617725
-0.280129
0.152992
-0.208202
-0.440895
0.029124
-0.063603
0.040670
0.307390
0.241638
0.281219
-0.454512
-0.295043
-0.188494
0.310128
0.052250
-0.110345
-0.254089
-0.460222
0.215375
-0.375719
0.312048
0.338510
-0.314237
0.373645
-0.078924
0.369635
-0.058731
0.680240
0.179471
-0.017480
-0.024012
-0.252012
0.503502
-0.080469
0.471153
0.451130
0.425728
-0.177696
-0.139663
-0.296390
0.370832
0.154874
0.163528
-0.260976
-0.474569
-0.455036
0.432462
0.380742
-0.373865
-0.422542
0.327001
-0.356608
0.462614
0.233673
-0.144809
-0.251242
-0.118380
-0.059790
-0.499642
-0.393451
0.050664
0.705593
-0.162521
0.180911
0.420763
-0.684592
-0.360673
0.326855
-0.015807
0.641652
-0.214871
0.526978
0.203975
0.101425
-0.339546
0.344806
-0.021796
-0.025044
0.188394
0.760280
-0.084778
0.132017
-0.093568
0.321562
-0.543553
0.496622
0.147385
0.740416
0.103332
0.224106
-0.294005
-0.296702
0.382109
-0.393704
0.042261
0.019940
-0.149780
-0.555009
-0.073161
0.369258
-0.309959
-0.671778
-0.107204
0.226635
0.260490
-0.185696
-0.269904
0.103568
0.184696
-0.100463
0.521851
0.581119
0.539750
0.257778
-0.007484
-0.322285
-0.098063
0.657123
-0.301958
-0.050994
-0.119973
-0.371531
0.277148
-0.044417
0.293690
0.195079
-0.233551
0.084529
-0.436891
0.054197
0.088696
-0.623962
-0.558711
-0.014132
0.393693
-0.002687
0.181710
-0.027008
-0.161144
0.025625
-0.242986
-0.186366
-0.257007
-0.474658
0.211322
0.047823
-0.016552
0.098153
0.476655
0.220166
-0.079399
0.351995
-0.207753
0.150224
-0.564698
-0.185070
0.406980
0.206165
0.506999
0.326518
0.353862
-0.082267
0.026035
-0.203563
-0.581030
-0.182027
-0.097779
0.273697
0.117577
-0.108627
-0.100351
-0.018357
-0.177315
-0.126981
0.022823
0.333301
0.184899
0.614078
0.399080
-0.286821
-0.146280
-0.336442
0.380739
0.167505
0.676982
0.209737
-0.230511
-0.371073
-0.359293
0.240878
0.627946
-0.376472
0.140305
-0.515533
0.531674
0.418813
0.396544
0.577791
0.254553
-0.411041
-0.054875
-0.391162
-0.155228
0.334125
0.345359
0.081081
-0.076537
-0.308105
0.100021
0.134354
0.324835
-0.294102
-0.006109
0.377595
-0.152446
0.393604
0.286094
0.448603
0.051835
-0.251966
-0.096609
-0.003842
-0.342113
0.237920
0.175504
0.415083
0.133752
-0.226498
-0.320771
-0.262941
0.145135
0.760393
-0.409634
-0.469261
-0.253864
0.004323
0.585608
-0.262037
0.533349
-0.234287
-0.041271
-0.039213
0.523484
0.511282
-0.288055
0.560532
0.098422
0.023254
-0.416117
0.423786
-0.539562
-0.276683
0.376581
-0.126880
0.758390
-0.139887
0.260822
0.195015
-0.509729
-0.132984
0.260858
0.144168
-0.331720
0.550923
0.629535
-0.186795
-0.132487
-0.600161
-0.425718
-0.141093
0.327466
0.206958
0.369048
0.304280
-0.305897
-0.463723
0.212046
0.286321
0.002950
-0.228284
0.252413
0.237374
-0.427820
-0.408293
0.108221
0.284852
-0.483468
0.050840
0.087901
-0.589976
0.552228
-0.279282
-0.020411
-0.519600
0.325149
0.645280
0.125441
-0.106469
0.240975
0.165043
0.636743
0.504567
-0.095237
-0.470504
-0.173935
-0.108772
-0.395767
0.476273
-0.100569
-0.120159
0.160118
0.375116
0.635761
-0.165300
-0.575449
-0.320816
0.100188
0.344594
0.153550
0.411503
0.433527
0.313779
0.214599
0.429048
0.249104
-0.073395
-0.163126
-0.043537
-0.066011
0.455706
0.428978
0.398012
-0.476451
-0.293180
0.292222
-0.775992
-0.407762
-0.295270
0.626340
0.212394
0.636628
-0.009839
0.055382
0.124406
0.485629
-0.017417
-0.566807
0.265237
0.293054
0.042017
-0.012353
-0.314273
-0.172669
-0.098903
-0.322883
0.280656
-0.277692
-0.553207
-0.273812
-0.222726
0.325047
-0.134976
0.164106
0.181640
0.290756
-0.205352
-0.702373
0.127104
0.058702
-0.294209
0.111173
-0.430522
0.421515
-0.110923
0.217973
0.478728
-0.129614
0.529362
0.252290
0.085978
0.002947
0.382712
0.343155
0.369713
0.350330
-0.255751
0.184317
-0.414596
0.311603
-0.085393
0.267634
0.102824
-0.436835
-0.556677
0.643708
-0.383545
-0.306803
0.315845
0.363221
0.275295
-0.269061
-0.018811
0.043698
-0.436683
-0.083623
-0.005438
-0.298429
0.395938
-0.540747
-0.214964
-0.026388
0.276721
-0.367741
0.253851
0.015304
0.570372
-0.202648
0.386749
-0.316866
-0.252370
-0.158276
0.039797
-0.458447
-0.569375
-0.481426
-0.305896
-0.197805
-0.432361
0.151185
-0.046372
-0.375493
-0.271596
-0.118002
0.002760
-0.099826
0.144554
-0.218911
-0.081711
0.166052
0.489914
0.355432
-0.019230
-0.167667
-0.312547
-0.490424
-0.709719
-0.259987
0.221459
-0.387463
0.157546
-0.242661
-0.457488
-0.346739
-0.317790
0.391956
0.185136
-0.101045
-0.033055
-0.044942
-0.133111
-0.334810
0.306726
0.210516
0.779796
0.275968
-0.022910
-0.154850
0.421177
-0.165615
0.000126
0.141125
0.466016
0.081229
-0.531298
0.125996
-0.067290
0.492808
-0.103305
-0.471156
-0.110129
-0.696054
-0.220347
-0.223268
-0.351369
-0.100808
0.140232
-0.599042
-0.166717
-0.098126
0.106922
