-2.589315
1.748269
-1.662890
-1.252074
1.156796
-0.181660
-0.268145
-2.096114
2.117881
1.302924
0.719750
-2.241098
-4.826115
-2.210074
2.591055
-2.925392
0.622224
-2.025600
0.913815
2.315213
-0.910751
2.528549
1.464365
-1.046348
-2.025130
1.518447
3.232248
3.923848
0.733924
1.986720
1.100025
3.088970
-2.022289
-1.865992
1.444378
-1.318880
-4.462663
-1.945566
1.120204
0.670323
-0.937173
0.879857
1.974621
-1.725621
-3.902127
-2.164896
0.871012
-0.496039
-1.491366
-0.587879
0.944715
-0.867415
3.700937
2.559023
-2.254358
-0.873321
-0.347503
-0.709618
-2.754087
-1.818042
-2.018358
1.057725
2.003388
2.536710
1.620282
0.923715
3.879880
-0.354693
-3.848845
1.430215
2.281916
0.553123
2.762843
0.224400
-0.704093
-2.015698
0.502388
0.315276
1.408728
-1.520679
0.755933
0.489036
-0.961376
-1.355178
0.837921
3.879911
-1.571430
1.025225
-0.552818
-2.868249
-0.569083
1.692778
-1.111317
-2.122420
-0.434854
0.616099
0.920992
2.440105
-0.154758
0.651516
-1.631162
-2.297271
2.635194
-0.203583
-1.706335
-1.837570
1.588129
-0.599546
1.802315
3.410243
-3.147469
-2.866482
-0.318356
1.028576
-3.104859
-1.071389
0.956209
-3.043726
1.990179
-1.912148
-1.566317
-3.730984
-0.573914
1.319871
0.339148
-0.329816
-2.159029
-2.508727
-1.848491
-1.968798
1.597283
-0.332641
2.069240
5.026088
-0.858731
-2.442104
-0.052466
-0.868295
-1.006023
2.320793
2.278587
-2.500353
0.287150
1.870098
-0.417269
1.034723
5.184345
-1.036940
0.016355
-2.192472
-0.795965
-0.056543
-1.182795
3.106588
-4.281807
-1.043536
0.797810
2.092005
1.056902
-0.420057
-1.667373
-0.976071
-0.712792
1.668197
-0.837688
4.019938
4.134320
-3.912931
1.110797
4.177234
-0.046355
-0.902185
-1.283655
0.118516
-0.548232
-0.016205
0.682134
-0.133437
-0.692165
0.451908
-1.272879
0.702896
-0.403251
2.409381
-1.578420
2.294111
-4.031145
3.705045
-2.510911
-0.820347
-1.125366
0.756291
1.871320
1.124207
-1.062739
1.453570
-3.883535
1.065834
-2.428941
-2.637828
0.582271
2.361670
-0.197167
-1.181392
-4.603048
-0.800708
2.760890
3.010449
0.786347
-1.110896
1.460099
-0.810742
-2.712939
0.034386
-1.070398
-0.637267
1.803439
0.329662
2.307556
-1.843730
-0.790000
-4.270954
3.455012
-1.371395
-0.495457
-0.009875
-4.760126
0.561262
-2.976347
-2.108938
-3.548089
0.511781
2.060491
0.061713
-0.113746
0.094102
-0.822344
0.262952
-2.877888
0.761492
-0.676808
0.705104
0.746634
0.657942
-0.047710
2.251880
4.274509
-5.004744
4.019097
0.222836
-1.943157
-0.257966
-1.960528
1.423302
-1.849773
-1.519347
0.650947
1.498955
-1.970421
-2.380309
-2.125231
-1.550268
0.628535
-0.433412
5.001260
-0.928479
-0.372768
1.269355
0.397709
2.964712
-3.204196
0.446182
-1.850390
-1.256966
2.779390
-1.164277
-0.096383
3.832616
-1.451664
-0.091111
0.441853
-0.840380
0.264450
1.159048
1.122296
0.526785
2.084303
-1.454709
1.731431
0.239897
-0.484392
-2.731363
1.296723
3.187019
3.640932
1.112275
0.634169
-5.231563
-4.359746
2.196626
-0.245335
-1.377054
1.294376
0.504384
2.962931
-1.576297
-3.201798
-1.329717
-0.151518
-0.739946
5.870483
-3.919891
-3.014409
-0.780912
3.553610
3.129145
0.573739
-5.785298
4.482432
-4.157051
-1.769145
-0.314180
0.322723
-1.393088
1.503987
-0.178147
-0.059937
2.375455
-3.177723
1.957742
-3.337811
-3.621088
-1.364915
-2.090876
0.494470
1.143695
0.316446
-5.283901
-0.016586
-2.776882
-0.553988
-1.151785
-0.054087
0.794886
4.648515
1.663896
0.009471
0.960432
-0.894736
-1.732723
1.464392
1.809806
-3.267851
-1.818394
-0.838814
2.686119
-0.907003
-3.985507
-2.251681
-0.597092
-0.043300
-1.207735
-2.771465
3.002690
0.242897
3.342016
0.639463
0.726415
6.022273
-0.284508
-0.728409
-0.520930
-1.189162
1.099738
-0.241044
3.014470
0.136168
-2.492725
1.239440
-0.185882
2.239562
-0.405929
-0.635310
-1.568009
-1.765593
-0.245297
5.662783
2.075352
2.905401
0.040918
-0.929022
3.166457
0.494355
2.960156
2.441622
-0.446699
-4.008713
0.061485
2.204439
3.934775
-1.658671
-0.621864
2.737027
-1.625725
1.928646
-2.095229
-0.579806
1.600257
4.113023
1.111274
-2.736769
0.124860
-0.497639
-2.815186
-1.564057
0.473205
2.132015
-2.506954
0.795666
1.432596
-0.218703
-4.528842
0.645599
2.202665
0.931513
-0.085859
1.830072
-1.885360
-1.130587
-0.835103
-2.289148
2.170331
2.164141
-0.594283
-2.870475
2.659663
4.579796
2.039063
0.084858
-3.579835
3.279954
0.764961
-0.630057
0.614445
0.994090
-2.056854
-1.816826
-1.607203
-0.027206
3.398493
-1.845505
1.331440
-0.747976
2.832262
1.369318
-0.476988
0.904446
-0.057395
-2.461389
1.394001
0.907479
-3.603161
-1.454220
-0.011555
0.364151
0.985303
-0.730341
1.169785
3.203556
0.303836
1.492430
-2.132056
-0.353009
0.125879
1.518804
1.485143
-1.676340
1.124380
1.002976
-0.114886
1.190725
0.115611
2.200933
-1.963400
1.302516
-3.174472
-1.631198
-2.602710
-2.680374
-2.514311
-1.401742
-1.889691
-0.877980
-1.202450
0.990346
-0.766692
2.863004
2.435991
0.214902
-0.358022
1.340426
-1.269299
-0.245900
0.590112
1.063000
1.468328
-2.299041
0.952918
1.471177
0.946415
1.037101
-1.172009
-3.458004
-1.221317
-1.102146
0.662538
1.718890
0.401964
1.196718
0.964153
-1.850600
0.001318
3.159196
-0.707985
1.103344
2.175149
-0.007270
-0.439628
-1.249558
3.365276
-3.666253
1.289547
0.964949
-0.873760
-0.030818
-1.523257
-2.699676
-4.436552
1.576766
0.968286
1.277858
2.604900
0.196642
2.176658
-1.459769
1.880925
-0.716801
-3.080546
1.229404
-0.834533
-1.583645
-0.906317
-2.136557
1.180618
-0.215500
-2.522796
0.109429
-1.145035
-0.361169
0.515217
1.927345
-4.020374
-1.338550
1.591287
1.321199
-1.873345
-2.110321
-0.641460
-0.324920
-1.118010
-1.236415
-0.578896
2.000838
-1.938489
1.017381
1.623367
0.886978
-0.813980
2.257230
2.323986
-1.536319
0.996738
1.522580
-1.350896
2.374489
1.356117
-1.809955
-1.332592
2.069912
1.030377
-2.116363
-2.267770
-0.502971
2.527204
-1.374389
0.639506
0.951675
-3.843993
0.129699
1.596373
3.288912
-0.418063
-0.369903
3.143397
-2.024686
-0.257136
3.066691
1.133282
2.776767
1.803599
0.146328
4.048461
-1.430416
-2.613645
0.744327
-0.687725
0.468276
3.522779
2.817506
0.107313
2.833228
4.408607
2.463282
-0.571081
1.251357
1.653309
-1.026895
-3.534587
-0.680517
-0.821033
-1.650963
-1.328535
-2.398959
3.235798
3.225392
1.724154
1.910103
-3.078464
0.222491
-0.417481
0.170869
-2.262328
-0.250371
-0.428596
-0.991813
0.298154
1.144058
-1.786239
1.337519
-2.620964
0.540423
-1.579196
-1.284100
-0.901149
0.145961
-0.821672
-4.059554
4.838143
-0.000215
0.664901
-0.617543
1.361542
1.123378
0.401325
0.183029
-3.197930
1.410335
0.669826
-1.950344
3.628450
0.974579
1.504614
1.023817
-3.050743
1.330571
-0.967524
-1.853487
0.912477
-0.416548
-0.174623
3.522029
1.431787
-0.033674
1.403542
0.512818
-1.597588
1.559104
-0.179644
-0.667875
0.504737
-0.771317
-0.199281
0.790639
0.372720
1.232211
2.090174
0.364689
-2.121685
-1.816684
-2.809035
-0.067700
-3.114633
2.010157
0.218027
1.361422
-1.635867
0.377715
-2.233179
0.592540
0.537232
-0.762480
-3.105768
-1.530046
0.824723
0.032685
-0.334076
0.391962
-1.410798
-0.041476
-2.480233
-1.476267
4.027640
1.593600
-0.376015
-0.406174
-0.921252
0.152854
0.929280
-1.681001
-1.908034
0.471200
2.231444
-0.915016
1.646320
2.403782
-0.012517
-0.384030
-0.656617
-1.929613
0.084672
-2.596698
-1.419490
-0.062328
-0.697443
-0.052249
-1.326496
-1.359355
0.152750
0.317909
-0.286514
2.074475
-1.613908
-2.138997
2.891506
2.866816
0.628770
1.414522
0.393434
0.483446
-0.926808
-1.347961
-2.025897
-1.502085
-0.512084
-1.760663
0.806527
-3.280373
-0.137018
3.564925
0.536724
-0.963419
