-0.044993
0.111027
-0.593698
-0.102829
-0.537802
-0.219927
0.176440
0.271604
-0.172205
-0.467914
-0.357421
-0.034778
-0.443430
-0.313908
-0.062541
0.276672
-0.045279
-0.505665
0.000824
0.032588
0.254184
0.376994
0.212342
0.067965
-0.420831
0.342970
0.739651
-0.075003
0.099401
-0.233906
0.361983
-0.096192
-0.395317
-0.088451
-0.179692
-0.545085
-0.209271
0.080901
-0.072306
-0.545827
-0.205034
0.443335
0.029819
0.246021
-0.496093
-0.123230
0.118284
-0.005200
-0.371977
-0.347387
0.432810
-0.440643
0.443321
-0.251464
0.084320
-0.207184
0.021033
-0.179924
-0.007911
-0.268499
-0.414639
0.610196
-0.276530
-0.464244
-0.270188
0.214711
-0.018541
0.106763
0.159604
-0.567543
-0.323615
0.170528
0.416196
0.390733
0.471679
-0.119543
-0.500039
0.061029
-0.193096
-0.443308
0.285124
-0.359312
-0.424250
0.376755
0.184846
-0.338907
-0.255261
0.600424
-0.174375
0.085082
-0.335225
-0.432761
0.087847
0.059250
0.393754
-0.323512
0.236395
-0.478101
-0.469036
0.420985
-0.114688
-0.398615
0.346447
-0.467481
-0.127115
-0.025729
-0.241406
0.233167
-0.089743
0.414405
0.074404
0.342636
0.063226
-0.463225
0.264430
-0.583074
0.210140
-0.201234
-0.060331
-0.395640
0.326285
0.172894
0.026942
-0.561507
0.169825
0.244216
-0.219300
-0.208654
0.104585
0.599677
0.148984
0.495210
-0.383889
0.143316
-0.496007
-0.109636
0.233654
-0.093004
0.451845
-0.320208
-0.458042
-0.315187
-0.133692
0.000891
0.090102
0.106070
-0.322328
-0.575515
-0.211219
-0.557994
-0.444407
-0.192390
0.287360
-0.058887
0.313181
0.577858
-0.395232
0.761105
-0.375208
-0.309547
-0.328015
0.355315
-0.050095
-0.320596
0.009510
-0.284766
-0.414738
0.561689
-0.252037
-0.445480
0.306762
-0.405549
-0.080417
-0.376703
0.267620
-0.047594
0.458438
0.525671
-0.376561
0.200535
-0.251587
0.530857
0.192905
0.628703
0.012769
-0.488982
0.216659
0.098867
-0.152844
-0.243018
0.435867
0.450000
-0.679597
-0.618240
0.124224
0.164892
0.507419
-0.354948
0.164884
-0.611936
0.615839
0.157939
-0.411962
-0.121220
0.359308
0.162406
-0.060648
-0.422473
0.477156
-0.188229
0.309288
0.396084
0.011996
-0.023784
0.385786
0.233244
0.308799
-0.034105
-0.012287
-0.276866
-0.358333
0.712176
0.351797
0.119250
0.769443
-0.059162
0.048495
-0.305558
0.206660
0.361532
-0.158946
-0.310575
0.483878
-0.345146
-0.286685
-0.222045
0.493388
-0.090509
-0.449923
-0.280449
0.234818
-0.024445
0.527657
0.170067
-0.341929
0.376557
-0.190245
-0.333995
-0.302285
0.102665
0.441061
0.643213
0.047765
0.103898
0.314006
0.445353
-0.071667
-0.259470
0.237868
-0.493815
-0.017715
0.375733
0.736445
-0.271526
0.318198
-0.044346
0.213260
0.345402
-0.312828
-0.099970
-0.127511
-0.454414
0.267386
-0.158565
0.383286
-0.278747
0.290996
-0.163596
-0.064492
-0.085766
-0.499566
0.236234
-0.032688
-0.087083
0.602920
0.420380
0.294475
-0.062117
-0.532052
0.454822
0.153552
-0.027057
-0.499704
-0.494753
0.076544
0.085240
-0.385969
-0.510364
-0.427279
-0.025847
0.156094
-0.417094
0.510276
-0.249020
0.105513
-0.320699
-0.172755
-0.010329
-0.192090
-0.047251
0.065279
-0.148326
0.179806
-0.300094
-0.295741
-0.681715
0.598838
-0.345931
0.082525
0.239248
0.460994
-0.075376
-0.138950
-0.196219
-0.373820
0.432380
0.492803
-0.468111
-0.347146
-0.526328
0.039104
-0.521805
0.353183
-0.500059
0.035963
0.442877
-0.507742
-0.140401
-0.082837
-0.236853
-0.476556
-0.026226
-0.136573
-0.350155
-0.269811
-0.547742
-0.363910
-0.212131
-0.531874
-0.185641
-0.283711
-0.409007
-0.038775
-0.611381
-0.460933
0.242004
0.257115
0.301752
-0.071100
-0.033583
-0.078086
0.380289
0.428532
0.127146
0.215130
-0.265983
0.174293
0.312592
-0.019828
-0.023548
-0.022289
-0.134250
-0.050251
-0.579510
0.323877
-0.261824
0.430614
0.271906
-0.037525
0.446691
-0.178790
0.245818
-0.600033
-0.272352
0.262364
0.351384
0.113974
-0.275723
-0.325155
-0.088120
0.519676
-0.475172
-0.479452
-0.227696
-0.255289
-0.241718
-0.168249
0.116744
0.112114
-0.344010
0.381769
0.237677
0.192529
0.068686
-0.239096
0.500941
0.172717
-0.233319
-0.375462
-0.266696
-0.351986
-0.110366
0.159915
0.492565
-0.666215
-0.319713
0.124106
0.441139
0.431412
-0.065002
0.240246
0.537984
-0.217681
0.589011
-0.075240
-0.018592
0.377671
-0.020916
-0.257100
-0.138168
0.223886
0.403077
0.047830
-0.536655
-0.052188
-0.451741
0.079169
0.602952
-0.467449
0.488459
-0.219067
0.387427
0.180611
-0.216733
0.384858
-0.105046
0.433900
0.181937
0.523978
-0.447147
0.258808
0.103136
-0.159530
0.387099
-0.535690
-0.081453
-0.395229
-0.064399
-0.131652
0.430327
0.292799
-0.425559
-0.264511
0.071579
-0.618021
-0.369630
0.341681
-0.359884
-0.344162
0.101396
-0.243311
0.128416
0.146103
0.008663
0.016271
0.065275
-0.082931
-0.226298
0.001796
-0.320874
-0.432316
-0.252030
0.177728
0.177971
-0.420157
-0.398319
-0.229097
0.170782
0.507983
-0.158779
-0.582830
0.251187
0.246849
0.561503
0.081806
0.547876
-0.204154
-0.203057
-0.151502
0.019526
-0.503315
0.414946
0.047483
0.426390
0.532728
-0.256044
0.255314
0.128451
0.282975
0.075788
-0.270869
-0.176940
0.092753
-0.500548
-0.364570
-0.289262
-0.466848
0.057311
-0.125584
0.262434
0.361210
-0.043727
0.058577
0.530512
0.300277
-0.440933
0.179170
-0.012707
-0.662431
0.552855
0.319992
0.405783
-0.192716
-0.190002
0.242302
-0.059836
-0.157749
-0.457398
-0.362127
0.492655
-0.186305
0.370798
-0.222424
0.393003
-0.132194
-0.002985
0.105253
0.221081
0.100902
0.279639
0.441505
0.389850
0.326111
-0.139779
-0.146670
0.572986
0.442301
-0.042320
-0.260428
-0.143698
-0.057578
0.340561
-0.078276
0.390343
-0.222714
-0.108862
-0.385114
-0.080229
-0.150974
0.218244
-0.107509
0.470449
-0.119581
-0.121773
0.397320
-0.074093
0.509843
-0.324468
-0.500813
0.588576
-0.153952
0.622158
0.077384
0.370456
-0.200080
0.633814
-0.063495
0.928952
-0.128221
-0.156959
0.265229
0.057001
-0.339970
0.182013
0.359462
-0.032282
0.155801
0.097972
-0.435172
0.248220
0.233749
0.588678
0.428095
-0.226657
-0.316648
-0.403296
-0.034967
-0.405099
-0.417269
0.243238
0.174630
0.208077
0.323602
0.485083
0.252571
-0.168716
-0.244150
0.366607
0.440351
-0.438361
0.099244
-0.166869
0.228163
-0.053612
-0.403177
-0.015212
0.798405
0.433315
-0.407900
-0.147622
-0.411569
0.236472
0.044878
0.690274
0.385865
-0.009496
0.149579
0.193880
0.039344
-0.177584
-0.186728
-0.279790
0.257900
0.416361
0.526885
-0.235646
0.564412
-0.101409
0.277283
0.139376
0.719908
0.044071
-0.163990
0.165129
0.107311
0.637421
0.514213
0.333512
-0.235582
-0.293180
-0.329172
0.313274
0.750280
-0.564180
-0.194621
0.268701
0.309769
0.205553
-0.268302
0.258517
0.171618
-0.204452
-0.267244
-0.062377
0.297492
-0.485161
0.060451
0.006977
-0.034432
0.063522
-0.297966
0.188518
-0.469631
0.126042
-0.427833
-0.200420
-0.223656
0.657386
-0.049778
0.267736
-0.324434
0.217917
-0.332978
0.395035
0.374488
-0.062516
-0.065688
0.009198
-0.012978
-0.544738
0.381135
-0.024493
0.249796
-0.503962
-0.437171
0.104981
0.009178
-0.220709
0.293664
-0.195610
-0.132044
0.600391
0.348441
0.302224
-0.388224
0.352659
0.032489
-0.389390
0.406419
0.378545
0.221327
-0.593373
-0.239604
0.132615
-0.207503
-0.498056
0.278214
0.567345
0.359372
0.187883
-0.379321
0.411727
0.353754
0.225627
-0.506414
-0.609194
-0.592200
-0.204837
-0.480697
-0.488812
-0.547879
0.506751
-0.552314
0.483267
-0.203265
-0.252370
0.476501
0.221512
0.526463
-0.041094
0.114045
-0.444119
-0.261723
0.573221
-0.418618
0.420381
-0.599507
-0.565558
-0.535398
0.082938
-0.316865
0.096404
0.342092
-0.085165
0.392555
-0.233419
0.225053
-0.250723
-0.061578
-0.329985
0.245915
-0.471970
0.223174
0.346535
-0.270932
-0.634861
0.320050
-0.457814
-0.110156
0.367760
0.277182
-0.168073
0.282012
0.258859
-0.278619
-0.463576
-0.102248
0.395771
-0.016488
0.288445
-0.029821
-0.479376
0.245889
0.264855
-0.229517
-0.351384
-0.319886
0.313181
0.122326
-0.105045
-0.442241
-0.062057
-0.123646
-0.400752
0.235344
0.344463
-0.249330
0.130382
0.347570
0.461588
-0.531225
-0.140694
0.051274
0.228163
0.289063
0.544886
