0.100066
0.563965
-0.449406
-0.116353
-0.282166
0.212691
0.015555
0.382121
0.235196
0.438022
0.211786
-0.384114
-0.020829
-0.179038
-0.092559
0.583831
-0.401256
-0.128989
-0.307996
0.353471
0.379839
-0.028889
-0.467748
-0.061884
0.082093
-0.208083
0.197078
-0.084271
0.470095
0.503247
-0.205070
0.056656
-0.036547
-0.263285
0.375921
0.327896
-0.323595
0.244925
-0.443666
0.005770
0.042941
-0.023893
-0.229298
0.209141
0.025076
-0.497575
0.019816
0.505796
-0.169236
0.299511
0.169726
-0.132174
0.194920
-0.500417
0.192882
0.606054
-0.093648
0.177708
0.528914
-0.491442
0.281378
-0.369819
0.240851
-0.449257
0.067804
0.387086
-0.119449
-0.391852
0.262715
-0.567543
-0.117569
0.260958
-0.173837
-0.476017
0.219040
0.386986
0.068018
-0.363357
0.420632
-0.281043
0.141716
0.342435
0.238049
0.650366
-0.390291
-0.463335
0.031925
0.014934
0.051114
0.381240
0.224710
0.254844
-0.162961
-0.333200
-0.239400
0.460613
0.246181
-0.252574
-0.167464
0.353993
0.574885
0.181121
-0.189577
-0.350122
0.013357
-0.268936
0.270108
0.261565
0.379882
-0.153408
-0.276620
-0.674547
-0.437576
0.106878
0.398311
0.405166
0.407341
-0.164252
-0.048440
0.262496
-0.249068
-0.555297
0.534494
-0.599125
0.243704
0.570622
-0.121225
0.668111
-0.196367
0.399860
0.437750
0.466600
0.213921
0.309717
-0.245982
-0.015352
0.664552
-0.373169
-0.548475
0.030945
-0.435384
-0.604590
-0.159434
-0.716742
-0.120171
0.185802
0.051414
-0.316103
0.184435
-0.185841
-0.016443
-0.063986
0.338348
-0.226997
-0.261008
-0.049480
0.645412
0.347405
-0.658558
-0.398655
0.051368
0.176942
0.120567
-0.043484
0.449367
-0.636069
-0.420058
0.532565
-0.215913
-0.244206
-0.024340
0.256785
0.672341
0.008094
0.273384
-0.396285
0.130392
-0.195764
-0.104220
-0.086825
-0.095427
0.025007
0.294562
-0.575173
-0.221608
-0.261508
-0.385821
0.412051
0.467710
0.637836
-0.298640
0.039574
-0.249711
0.251028
0.125027
0.063722
0.241547
0.128381
-0.135512
0.568778
-0.149918
-0.078964
-0.447654
-0.222462
-0.200582
0.388368
0.326269
-0.185647
-0.041398
-0.094249
0.040616
-0.294295
0.128975
0.370363
-0.437945
0.192209
-0.331980
-0.180282
0.237543
-0.497650
-0.320544
-0.124765
0.418225
-0.562570
0.725284
0.246709
-0.165874
0.161226
0.222433
0.143579
-0.396063
-0.441981
-0.197201
-0.469541
-0.450191
0.020671
-0.392132
-0.224543
-0.459897
0.029154
-0.431228
-0.017245
-0.497550
-0.176093
-0.396593
0.051310
-0.548477
-0.449700
-0.079131
-0.036196
-0.125064
0.067841
-0.508809
0.169156
-0.210825
-0.410744
0.144832
-0.192075
-0.338029
0.034576
0.411634
-0.112791
0.415836
0.564888
-0.099834
0.175865
0.186820
0.170467
0.005888
0.598113
-0.175388
0.067197
0.057053
-0.222976
0.147872
0.108578
-0.265498
0.433602
0.207290
-0.048008
0.389001
0.369732
0.557547
0.301514
-0.055794
-0.561712
0.094753
-0.561842
-0.380847
0.300154
0.133758
0.263152
0.532405
-0.115445
-0.373605
0.211131
0.162598
0.187305
0.389760
0.218081
0.205999
-0.782378
-0.279072
-0.448316
-0.098364
-0.061784
-0.050571
0.088437
-0.171890
0.406216
0.091513
-0.229195
-0.262535
0.564209
0.258831
-0.028434
-0.496647
-0.101569
0.353215
0.474070
0.481257
0.187677
-0.471367
0.410583
-0.404941
0.221167
-0.257880
0.120949
0.182779
0.164474
0.267073
-0.322102
0.253249
0.116451
0.293636
0.052878
-0.341481
-0.109003
0.360532
0.278809
-0.079687
0.693227
0.220729
-0.266907
0.018144
-0.399322
0.250175
-0.024927
-0.449429
0.265123
-0.233484
0.766019
0.104076
0.533877
-0.022117
0.326330
-0.026282
0.037807
-0.375912
0.026175
-0.162684
0.226183
0.220349
0.282710
0.239522
0.296057
0.071696
0.167708
0.196323
0.063097
0.459748
-0.314327
-0.105097
0.209176
-0.093114
0.116848
0.473942
-0.328246
0.396937
0.723160
0.047045
-0.397138
0.318737
0.325781
-0.634513
0.482292
0.426466
0.276533
-0.281450
0.174422
-0.182937
0.090739
0.730039
-0.464036
-0.008713
-0.406338
0.067972
-0.416164
-0.100525
0.294519
0.066663
-0.088838
-0.092182
0.053390
0.553416
0.181294
-0.329343
-0.234871
0.168620
0.221724
0.055571
-0.795688
0.528245
-0.140985
0.295651
-0.250904
-0.487066
-0.366963
0.333329
-0.129391
-0.029861
0.033968
0.043536
-0.252365
-0.181763
0.149352
-0.107507
-0.015452
-0.405870
-0.207235
0.059252
0.076096
-0.449895
-0.384537
-0.053326
-0.188571
0.230448
0.958872
-0.066244
-0.195006
0.283443
0.323503
0.401372
0.508977
-0.363555
0.448422
-0.160464
-0.178168
-0.035514
0.168679
-0.243342
-0.104649
-0.195776
0.249477
0.184071
0.009446
0.555333
-0.442891
-0.276805
0.252447
0.310291
0.324849
0.180943
-0.318134
-0.305715
0.008683
-0.595710
0.200489
0.257566
-0.300023
-0.100147
-0.115255
0.390863
0.005801
-0.076603
0.631246
-0.266214
0.360717
-0.411577
-0.173364
0.349251
0.228006
0.364917
0.196945
0.311274
0.547048
-0.082723
0.294472
-0.562852
-0.360993
0.096416
0.284778
0.071915
0.522467
-0.479307
0.136219
-0.240936
-0.197223
0.207143
-0.368986
0.249350
-0.417815
0.509423
0.658772
0.796956
0.481070
-0.133816
0.209932
0.325334
-0.269291
0.465844
0.124068
-0.507728
0.314289
-0.195619
0.115831
-0.489728
-0.375315
-0.051407
-0.045322
-0.253529
0.495912
0.264934
-0.266667
0.410129
-0.456745
-0.034592
0.285572
0.467695
0.236873
-0.130942
-0.080063
0.050228
-0.292695
0.215795
-0.159318
-0.344242
0.308050
0.374288
0.320525
-0.581890
-0.564630
0.007447
0.385588
0.094881
-0.012067
-0.205865
0.674923
-0.352719
-0.243637
0.042061
-0.609619
0.136893
0.501390
-0.012690
0.487362
0.373488
0.081597
0.212336
-0.392870
-0.032238
0.312916
-0.370150
0.511207
0.562364
-0.419738
-0.212068
-0.312030
0.133008
0.007257
-0.332699
0.174448
-0.218460
-0.123485
-0.546715
-0.057859
-0.194165
0.383120
-0.381399
-0.079438
0.245593
-0.274827
-0.161657
0.022582
-0.075361
0.309455
0.026804
-0.327555
-0.382331
-0.131042
0.364551
-0.234676
0.360941
-0.252349
0.825072
-0.215114
-0.106225
-0.424928
-0.445371
0.264348
0.208061
0.415754
-0.305365
0.412193
-0.468141
-0.275869
-0.823072
-0.151183
-0.294941
0.196323
-0.385028
-0.323891
0.228850
0.397521
-0.061555
-0.471381
-0.136736
-0.404803
-0.193698
0.178060
0.438258
-0.485485
0.356963
0.264794
-0.564010
0.405390
0.489698
0.401574
0.099416
0.189173
-0.067970
0.078378
-0.685226
-0.386084
0.169130
-0.526964
0.130546
0.182419
0.294333
0.157629
-0.675046
0.006092
0.610907
0.681592
0.009757
-0.687910
-0.006960
-0.221725
-0.471311
-0.587251
0.321707
-0.289266
-0.336522
-0.524467
0.028712
-0.555250
-0.317708
-0.406238
0.246640
-0.102220
0.034266
0.855419
0.251058
0.448067
0.046560
-0.435495
0.284957
-0.417515
0.052987
-0.507484
-0.505389
-0.132035
-0.503945
-0.581429
0.340715
-0.199279
-0.112743
-0.103061
-0.028139
0.354779
-0.283033
-0.131366
0.166335
0.268684
-0.055208
-0.178243
-0.376267
0.063241
0.432861
0.239508
-0.212605
-0.209651
-0.049232
-0.034122
-0.176503
-0.103905
-0.181825
-0.070932
-0.205035
0.598692
0.690825
-0.052171
-0.043830
0.373388
0.244808
-0.047065
0.088928
-0.189083
0.063847
0.488705
0.563334
0.408574
0.171297
0.262747
-0.030888
0.681921
0.450987
-0.517967
0.168194
-0.125729
-0.017423
0.163364
-0.287194
0.084647
-0.061430
0.207237
0.267026
-0.254335
0.089608
0.436265
-0.111860
0.008135
0.271873
-0.387340
-0.229266
0.064510
0.230735
0.051692
-0.308373
-0.059684
0.013756
-0.419046
0.037052
0.668114
0.208945
0.595970
0.285816
0.574402
0.500411
-0.120825
-0.128484
-0.080989
-0.076893
-0.494825
-0.109724
-0.086949
0.175261
-0.391835
-0.388483
-0.389600
0.591960
0.061471
0.171098
-0.269586
0.225459
-0.036548
-0.233376
0.069700
-0.220563
-0.297756
-0.223629
-0.348896
-0.289237
-0.580175
0.204683
-0.209131
0.598736
0.292151
-0.171880
-0.024470
0.350607
-0.649283
-0.224549
-0.651757
-0.503642
0.016271
0.200682
0.229952
-0.049784
0.405694
-0.163791
-0.303361
0.223788
-0.038617
-0.486090
-0.169360
0.219442
0.025732
0.494498
0.577757
-0.298398
-0.031255
0.563945
-0.523865
0.262208
-0.024552
-0.322997
-0.532280
0.375554
0.052906
-0.098657
0.319925
0.403662
0.189471
0.006585
0.254753
