0.208900
-0.377500
-0.072379
-0.701200
-0.065614
-0.408934
0.237792
-0.217414
-0.150169
0.097655
0.233345
0.081409
0.092678
0.536232
0.037185
-0.248385
-0.220071
-0.213391
-0.328667
-0.523367
0.261627
-0.219951
-0.286458
-0.238911
0.264624
-0.191603
-0.037332
-0.370084
-0.551395
0.535126
0.306331
-0.214300
-0.415899
0.567320
-0.146763
0.437142
-0.390546
0.095934
0.016772
-0.131020
0.279507
-0.385597
-0.119509
-0.132963
-0.637695
-0.346026
0.134651
-0.169010
0.166197
0.108715
0.311972
-0.280676
0.018240
0.101532
0.253141
0.311959
0.028068
-0.177348
0.397975
0.645420
0.040865
0.273269
0.438954
-0.157386
0.236426
-0.269635
-0.081202
-0.030560
0.206679
-0.152003
0.091171
-0.437367
0.392175
-0.381105
0.301559
0.371975
-0.347842
0.032319
-0.121848
-0.519899
-0.086139
0.045723
-0.326836
-0.283284
-0.021247
-0.084554
-0.371894
-0.162256
0.114212
-0.400670
-0.188605
0.141138
-0.080121
-0.162260
-0.014865
0.096102
0.294417
0.755369
-0.527339
0.381238
0.031321
0.168858
0.443049
0.281355
-0.298398
0.151833
-0.411800
-0.402608
-0.354392
-0.112198
0.312033
0.486968
-0.228880
-0.214648
0.645296
0.157293
0.260782
-0.029491
0.205234
-0.206767
0.241696
0.220912
-0.019055
0.065793
-0.442005
-0.027417
-0.399736
0.258369
0.521501
0.241183
0.534381
0.596454
-0.352491
-0.070712
-0.575964
-0.069722
-0.471322
0.254700
-0.006928
-0.073636
-0.043267
-0.354961
0.176339
0.143417
-0.000165
0.368504
-0.357769
-0.364640
0.509048
0.419609
-0.352495
-0.109985
0.044566
-0.227966
-0.281645
0.500901
-0.055583
-0.319945
-0.488468
-0.285868
-0.107905
0.100596
0.565472
0.534045
0.331795
0.404516
-0.281364
-0.049024
-0.332252
0.131567
0.032033
0.077445
-0.196492
0.542834
0.171177
-0.716354
-0.633228
0.375536
-0.248702
-0.279556
0.078571
-0.157619
0.101437
-0.291384
-0.152052
0.363476
0.586526
0.305268
-0.200634
-0.408786
0.415883
0.455817
-0.626057
-0.283746
-0.275788
-0.551366
-0.322410
0.695494
-0.330132
0.508475
-0.346111
0.037981
-0.347300
-0.502383
-0.075533
0.547076
-0.463007
-0.038329
-0.503748
0.217804
-0.049285
-0.106723
-0.258292
-0.185971
-0.287365
0.086088
0.182623
-0.279931
-0.064413
-0.171261
0.026397
-0.045486
-0.546184
0.321755
0.045035
0.569665
0.524318
-0.110330
-0.073294
0.508281
-0.059236
-0.089742
0.580005
-0.126737
-0.173442
0.415197
-0.017018
-0.068467
0.463003
-0.207911
0.116502
-0.368408
0.443266
-0.020676
0.284764
0.292016
0.243989
-0.022584
-0.527684
0.165552
-0.065520
0.187645
-0.690118
0.265367
-0.223109
0.278020
-0.467675
0.197834
0.353657
0.098120
0.426355
-0.458210
-0.378391
-0.342687
0.048788
0.170152
-0.159125
0.605201
0.224532
-0.138823
-0.343983
-0.767124
-0.223330
-0.029580
0.332407
-0.123505
0.153576
0.466686
-0.015325
-0.017391
-0.580839
0.276887
0.196754
0.218933
-0.336175
0.339890
0.359031
-0.249758
-0.611292
0.285624
-0.024414
0.073570
-0.417095
0.376489
-0.224830
0.009689
-0.351809
0.217922
-0.229488
-0.211516
-0.503971
0.080518
0.273025
-0.320174
0.248721
-0.063061
0.095055
-0.264821
-0.169340
0.475269
-0.308528
-0.123735
-0.228287
0.084146
-0.393498
0.405456
-0.021866
-0.260200
-0.113926
-0.112927
0.129327
0.528559
-0.178385
-0.010637
-0.034259
-0.271472
0.430930
0.302452
0.039052
-0.342912
0.039606
-0.205307
-0.079548
0.004552
-0.042864
0.248015
-0.443020
0.413578
-0.594153
0.526654
-0.229964
0.325911
0.182886
0.531099
-0.151223
0.359680
-0.302815
0.054754
0.027139
-0.365705
-0.342139
-0.234740
-0.264530
-0.119281
0.318077
-0.398585
0.482314
-0.002871
0.321778
-0.157924
-0.120248
0.331942
0.425728
-0.209389
0.205624
-0.700018
0.107137
-0.351977
0.126464
-0.729546
-0.134186
-0.432909
0.034750
0.262273
-0.161876
-0.165380
-0.447371
-0.346536
-0.350236
-0.661608
0.071089
-0.250652
-0.034325
-0.203221
0.101078
-0.258783
0.112526
-0.267543
-0.162521
0.413249
0.046404
-0.150911
0.385323
0.225435
0.282130
-0.656253
-0.240371
0.332807
0.019769
0.572118
0.034888
0.077150
-0.188508
0.237809
0.661959
-0.131043
0.758623
-0.319652
0.484059
0.047587
0.442842
-0.223220
0.126305
0.700445
-0.163034
-0.295281
0.220125
-0.177044
0.189413
0.467205
0.087823
0.405994
0.088480
-0.098525
0.715543
0.289185
0.270237
0.288218
-0.257100
-0.466683
0.076608
0.158762
-0.269904
-0.637841
0.282009
-0.039309
0.330699
-0.230604
0.455560
0.389992
0.300398
0.142696
0.178760
0.657123
0.375761
-0.226502
-0.619182
0.000154
-0.641772
-0.192537
0.744583
0.327576
0.195021
0.011913
0.388859
0.199933
0.243033
0.339608
0.046397
-0.054629
0.237576
-0.005343
0.181710
0.648563
-0.201939
0.446763
-0.127804
-0.064088
0.282093
0.033106
-0.321694
-0.352341
-0.376506
0.118668
-0.025689
0.127202
-0.058509
0.351995
-0.161407
-0.357531
0.240759
-0.271821
0.086202
0.058761
0.455031
0.260689
-0.272386
0.119168
-0.374839
-0.006152
0.242600
-0.329478
0.517993
-0.080831
0.282390
-0.097025
-0.421862
-0.579617
-0.133791
0.494092
0.074340
0.294685
-0.029869
-0.031051
-0.345573
-0.250355
-0.456840
-0.499362
0.494372
0.187230
0.347755
0.109740
-0.039755
0.530503
0.054093
-0.327685
0.228878
-0.421081
-0.251007
0.499944
0.381798
0.335790
0.200616
-0.214923
0.165163
0.237574
-0.455524
0.004590
-0.089885
0.242180
0.146215
-0.049459
-0.501495
-0.210793
0.122042
-0.442417
0.265805
-0.279941
0.045544
-0.093370
-0.240838
0.240890
0.085232
0.448603
-0.116090
-0.576928
0.283904
-0.279823
0.048250
0.195519
-0.043592
-0.322924
0.096719
-0.522068
-0.566974
-0.533865
0.413527
0.183591
-0.347312
-0.729057
0.125554
0.372044
-0.065296
-0.220309
-0.611467
-0.074359
-0.426566
-0.100856
-0.418479
0.535768
-0.352432
0.256894
-0.294266
-0.441800
-0.389976
0.538445
-0.339316
-0.454618
0.421164
-0.000567
0.679348
0.565918
-0.486926
0.398566
0.003135
0.146466
0.793464
0.877750
-0.144658
0.490256
0.485046
0.063491
-0.138133
-0.483063
0.299837
-0.148463
0.273330
0.472350
-0.014368
0.516655
0.214667
0.366230
0.270083
-0.396598
-0.439384
-0.580421
-0.710547
-0.085750
0.037951
0.188025
-0.336050
0.284852
0.236090
-0.115792
-0.321493
-0.429653
-0.316488
0.047480
0.070038
-0.348783
0.369648
0.070938
-0.450496
0.030387
-0.557932
0.364242
0.636600
-0.123748
0.378594
0.012483
0.178091
-0.587951
0.125661
-0.562408
0.474673
0.576951
-0.110550
0.158768
0.320797
-0.023196
0.454379
-0.244795
-0.281006
0.281550
-0.198519
0.230786
0.145394
0.271155
0.215542
-0.001506
-0.039284
-0.647577
-0.129806
-0.611353
-0.041830
-0.634127
0.301905
-0.557401
-0.368559
-0.293180
0.225365
-0.172781
-0.493795
-0.393005
0.300440
-0.169803
-0.571274
0.053222
0.024926
-0.734735
-0.435008
-0.032514
0.466671
0.525931
0.391073
0.157682
-0.221826
0.320661
0.245289
0.001308
-0.152967
0.047368
-0.680021
0.165146
-0.075603
0.161129
0.245505
-0.396000
0.264290
0.354958
-0.140794
0.262999
0.112556
0.139529
0.072016
-0.081550
-0.137267
-0.135296
-0.052858
-0.615784
-0.024285
0.190037
0.106576
0.307551
0.215930
0.085978
0.043157
0.464122
-0.368584
-0.372001
0.185268
0.260226
0.184317
-0.264344
-0.447131
-0.664529
-0.432825
0.411928
0.320102
-0.147369
-0.337606
0.196636
-0.092190
-0.132703
-0.328541
0.015145
0.181388
0.557546
-0.360189
0.224433
0.284756
-0.072089
-0.019932
-0.262775
0.645132
0.402295
0.217801
0.143151
-0.593783
0.505038
-0.292186
0.570630
-0.299544
0.148871
-0.294853
0.602700
0.374674
0.383020
-0.021475
-0.150025
-0.314401
0.315197
-0.589236
0.564142
0.184118
0.092967
0.233107
-0.552240
-0.399222
-0.242363
0.020488
0.350238
-0.087479
-0.601214
-0.094951
-0.761303
-0.023523
0.370999
-0.468872
0.376378
-0.568409
0.001911
-0.277888
-0.108601
0.083393
-0.565909
-0.387795
-0.225376
-0.090457
-0.559743
0.910790
-0.455710
0.411072
0.360012
0.206054
0.711378
-0.033433
0.403103
0.630821
-0.339251
0.191151
-0.434978
-0.033332
0.353914
-0.026386
0.062944
0.087161
0.088465
-0.011322
0.375008
0.081052
-0.551539
0.232368
-0.322970
-0.423967
-0.211041
0.431751
-0.048607
-0.316293
-0.089014
-0.277247
0.204600
0.435282
0.111359
-0.134564
-0.379781
