-0.339001
-0.173837
-0.150807
-0.629785
-0.140772
-0.049395
-0.195680
0.185998
-0.159018
-0.007901
-0.024632
-0.204608
-0.448072
-0.644787
0.225466
0.345499
0.125674
0.354150
-0.559332
0.252512
0.281145
-0.209213
0.033964
0.508237
-0.106888
0.058157
0.534935
-0.447002
0.032547
-0.004047
0.024191
-0.100782
0.205022
-0.030931
-0.138927
0.291353
-0.139274
-0.185088
-0.081485
-0.451099
0.509639
0.247738
-0.139892
0.301055
0.109863
-0.248615
0.374125
0.245749
0.328910
-0.290899
-0.193094
-0.085018
-0.237820
-0.448844
-0.019015
-0.004839
0.364819
-0.414084
-0.064955
0.117129
-0.203743
-0.150660
0.132375
0.264382
-0.383358
-0.325068
-0.415976
-0.474240
0.212269
-0.366862
0.355164
-0.118959
-0.142697
-0.254208
0.309179
0.285177
0.242248
-0.321690
0.455611
-0.375058
0.068198
0.599620
-0.397791
-0.151655
-0.328196
-0.150053
-0.464892
-0.099069
-0.358463
-0.114008
-0.306998
-0.317325
-0.310949
-0.136444
0.188027
-0.290429
-0.182468
-0.275084
-0.547500
0.282799
0.402442
-0.265029
0.114016
0.219203
0.331062
0.042506
0.378161
-0.235285
-0.213243
0.272692
0.378072
0.249980
0.097424
0.106427
0.307504
-0.172416
0.100266
0.000918
-0.002741
-0.407515
-0.463597
0.308549
-0.148096
-0.144773
0.359588
-0.241704
-0.316413
0.469221
-0.228158
-0.501985
0.640910
-0.304730
0.192618
0.058736
-0.024558
-0.475160
0.046180
-0.550489
-0.157595
0.513440
-0.255230
-0.062896
0.129571
0.084026
-0.311573
0.305423
-0.021017
-0.513171
-0.160485
-0.431374
0.226333
-0.504884
0.044731
-0.076341
-0.374085
0.515459
0.630977
-0.203411
-0.155132
-0.363324
-0.454142
0.376573
0.004083
0.237643
-0.138727
-0.214861
-0.242429
-0.024147
-0.023608
-0.578804
-0.408289
0.004777
-0.135610
-0.286287
0.161137
-0.387004
0.477386
-0.179785
-0.071923
-0.226325
0.562844
0.194181
-0.136839
0.421113
-0.160544
0.474321
0.556960
-0.559665
0.343679
0.251444
0.480269
-0.573515
-0.448592
0.536079
0.262279
-0.282856
0.309231
-0.639359
-0.190898
-0.139130
-0.288040
0.575844
0.243114
-0.445088
0.073144
0.006862
0.112917
-0.140663
-0.494608
0.166948
-0.274148
-0.188615
0.218006
-0.316384
0.208389
-0.253305
0.137210
-0.227447
0.471586
-0.060305
-0.064502
-0.577632
0.342275
0.099352
-0.111309
0.347026
0.678676
-0.144328
0.536444
0.158349
0.206919
-0.542406
0.020237
0.105042
0.050299
-0.337181
0.365209
0.262926
-0.038955
-0.341237
0.311411
-0.273423
-0.407280
-0.244500
0.837255
-0.234137
-0.658513
-0.109119
0.010439
-0.036503
0.100713
-0.273349
-0.058885
-0.140915
-0.063673
0.268813
0.024808
0.522154
-0.227203
0.202157
-0.123297
0.305511
0.414737
-0.221063
0.547493
0.144292
0.457897
0.165143
0.021439
0.397593
-0.109405
0.539210
0.360757
0.522793
-0.224832
0.793884
0.077251
0.277571
0.001110
-0.052025
0.403682
-0.113841
0.376247
0.517672
-0.026538
0.094555
-0.250841
-0.047170
0.249404
-0.049791
0.103177
0.455261
0.175730
0.246346
0.218611
0.028446
0.283159
-0.589812
-0.252880
-0.148371
0.313917
-0.599122
0.404021
-0.555499
-0.496287
-0.319645
-0.443026
-0.110464
-0.219264
0.540164
0.140374
-0.076135
-0.329868
-0.337882
0.340568
0.314790
-0.629078
0.486194
-0.210420
0.412485
0.076408
0.505571
0.328731
-0.062176
-0.194529
-0.204411
0.265669
-0.415431
0.168994
0.015688
-0.314941
-0.229697
-0.580527
-0.039360
-0.125351
0.004690
-0.514573
0.284135
-0.361617
0.111174
-0.127610
-0.015305
-0.245299
0.431250
0.041435
0.320540
0.269923
0.300219
-0.031727
-0.615848
-0.365035
-0.032685
0.126685
0.458850
0.081654
0.053566
0.237861
0.138981
0.285599
0.054720
0.298439
0.230824
0.339439
0.379158
0.393935
-0.344157
-0.119875
-0.123525
0.261064
0.070460
0.356653
0.499395
-0.041530
-0.078070
-0.042181
0.491527
-0.356304
-0.039629
-0.588788
-0.310159
-0.144885
0.306327
0.308402
-0.307297
-0.223887
-0.348544
-0.067036
0.448849
0.282949
-0.100000
0.313515
-0.664064
-0.281957
-0.357187
-0.163403
-0.022826
0.253332
0.302708
0.053491
-0.066748
0.047889
-0.537422
0.179130
0.361213
0.368957
-0.468747
0.107538
-0.216518
-0.003319
-0.246586
-0.023675
-0.347363
0.727033
0.404303
-0.371514
0.017897
-0.019818
-0.187108
-0.137735
0.322153
-0.168827
-0.350789
-0.393441
-0.289468
0.007319
0.011247
-0.388146
-0.227784
0.655661
0.222725
0.281453
-0.381096
-0.222955
0.463693
-0.317375
-0.282749
-0.471954
0.287137
0.008361
0.363227
-0.425947
0.238635
-0.177119
-0.320038
-0.138129
-0.126412
-0.156521
-0.042200
0.388200
0.290078
0.625652
-0.007496
-0.312883
0.151089
0.268894
-0.078971
0.166341
-0.708525
0.059990
-0.501935
0.275824
-0.682381
0.049556
0.299723
-0.241597
0.434249
-0.168092
-0.472125
0.355482
-0.119386
0.028846
0.393730
-0.014960
-0.379922
0.583175
0.159672
-0.589186
-0.337800
-0.201037
-0.057012
-0.448088
0.289207
0.395660
-0.155735
-0.040663
0.180705
0.315291
0.160188
-0.465847
-0.483471
0.162005
-0.370572
-0.301222
0.465375
-0.191069
-0.149543
-0.282950
-0.058453
-0.673174
-0.036421
0.231255
0.439651
-0.237125
-0.379887
0.267432
0.558951
-0.077305
0.033528
-0.071688
-0.260157
0.125077
-0.183015
-0.482004
0.084078
-0.458477
0.563571
0.424293
0.108585
-0.109226
-0.150191
-0.060955
-0.137911
-0.030435
-0.070817
0.049801
0.762133
-0.198499
0.249461
0.142077
0.104047
0.233465
0.250656
0.024878
0.532575
0.171386
-0.185652
-0.142757
-0.332236
0.122297
0.064775
-0.216923
0.308153
-0.288218
0.012389
-0.255086
-0.103817
-0.411691
0.381100
-0.583808
-0.062764
-0.134569
0.181352
-0.355527
-0.225053
-0.129670
-0.144462
0.171047
-0.282199
-0.406136
-0.336019
0.195790
0.152693
-0.123229
-0.223058
0.348003
-0.318190
0.339217
0.379159
-0.483533
0.623705
-0.336423
-0.224729
0.275110
0.305117
-0.378099
0.479385
-0.203300
-0.149221
0.536133
-0.404988
0.346871
-0.224356
-0.288937
-0.231636
-0.259536
0.394062
-0.429982
0.892666
-0.346841
-0.062801
0.486200
-0.230247
0.338771
-0.087168
0.019402
-0.189291
0.026565
0.464252
0.045795
0.088607
0.193870
0.021205
0.130912
0.343087
-0.580757
-0.351165
-0.456305
0.091998
0.132953
-0.518494
0.016648
0.227943
0.208226
0.019214
0.293457
-0.359782
0.512407
-0.180737
-0.121760
0.431171
0.502901
-0.412633
-0.085628
0.067736
0.160929
0.105271
-0.057585
0.245395
0.488756
0.004060
-0.183441
-0.003483
0.097921
-0.362202
0.426306
-0.456773
0.483575
0.189622
-0.537528
0.390642
0.352867
-0.014746
0.608049
-0.306423
0.362563
0.192320
0.569107
-0.525391
0.436184
0.289634
0.204112
0.044071
-0.341731
0.492511
-0.014752
0.582180
0.178939
-0.203671
0.156086
-0.412847
-0.188666
0.042443
0.423555
-0.665508
0.438507
0.068192
-0.130092
0.242572
0.127426
-0.346863
0.351973
-0.253568
0.152985
-0.235276
-0.060485
-0.297637
-0.033196
-0.052042
0.117488
0.209317
-0.354958
0.052339
-0.675674
0.138693
0.068678
-0.395251
-0.352780
0.504338
0.363420
-0.385392
0.266479
0.554309
-0.226697
-0.482459
0.571000
0.032653
0.241465
0.060984
0.120129
-0.483055
-0.068554
-0.190900
-0.488156
0.411979
0.683888
0.116620
-0.009923
0.357806
0.263531
0.280822
0.071979
0.082588
0.188294
-0.583767
0.110839
-0.000622
0.413007
-0.224607
0.075127
-0.201053
-0.404380
0.307144
-0.352204
-0.050664
0.183847
-0.536310
0.044379
-0.330706
0.311398
0.519670
-0.351026
0.430896
0.275676
-0.054691
-0.091070
-0.442638
0.007990
-0.020416
-0.176725
0.605201
-0.187463
0.019749
-0.362670
0.279595
0.372557
-0.014540
0.499080
0.277974
0.177042
-0.348503
-0.526245
0.279247
0.054901
-0.403889
0.112685
0.010786
-0.416587
-0.216758
0.065750
-0.151079
-0.417257
-0.044965
-0.077444
-0.088767
-0.313484
-0.442701
0.082711
0.141343
0.049530
0.276726
-0.429152
-0.388129
0.172522
-0.300945
0.215780
-0.065513
-0.407824
0.453969
-0.518418
-0.629420
-0.249976
-0.363599
0.051856
0.132943
-0.135026
-0.185816
-0.097152
0.332721
0.120235
-0.357328
-0.705439
0.157249
-0.098466
0.246871
-0.555908
-0.422419
0.586684
0.106405
0.143669
-0.617880
0.507114
-0.179761
0.106373
-0.013906
-0.126615
-0.416978
0.454082
0.444559
0.116295
-0.013693
-0.008303
0.388741
-0.498317
0.230167
0.153524
-0.267011
