-2.496844
1.853539
-1.784235
-1.214265
1.322052
-0.145138
0.022774
-2.025036
2.196883
1.123527
0.872963
-2.176111
-4.611359
-2.162871
2.707139
-2.763838
0.649846
-2.121400
1.416713
1.865324
-0.706498
2.389819
1.448801
-1.799128
-2.075128
1.199764
3.289601
4.016599
0.625144
2.003547
0.944336
3.154879
-2.229454
-1.656308
1.439554
-0.936821
-4.606303
-1.978659
1.136733
0.591699
-0.554748
0.854922
1.927328
-1.828034
-3.878409
-1.970561
0.614400
-0.174285
-1.133866
-0.821376
0.359319
-0.721162
4.074794
2.519168
-2.344767
-0.927264
-0.481405
-0.729833
-2.697012
-1.858307
-2.092830
1.061620
1.393323
2.436900
1.707656
0.918808
3.655879
-0.408709
-3.986067
1.500422
2.445091
0.689370
2.750778
0.305271
-1.138867
-2.404491
0.559147
0.568098
1.435202
-1.120774
1.197029
0.482266
-0.961376
-1.131031
1.052701
3.885940
-1.740964
1.010398
-0.531566
-2.615553
-0.510215
1.409438
-0.998438
-1.987840
-0.580841
0.558266
0.851051
2.354885
-0.193488
0.856027
-1.797724
-2.240797
2.631847
-0.157263
-1.577830
-1.248464
1.609067
-0.767422
1.742557
3.401566
-3.119513
-3.047043
-0.368618
0.826910
-2.864872
-1.300702
1.301312
-2.953869
1.990179
-1.866231
-1.737798
-3.529957
-0.265480
1.284018
0.253190
-0.199793
-2.171747
-2.446097
-1.858746
-1.565425
1.930205
-0.612084
2.060908
5.320236
-0.738860
-2.111454
-0.086981
-0.693952
-1.058891
2.177727
2.182909
-2.615950
-0.093446
1.681099
-0.326063
0.990709
5.223277
-0.728940
0.016355
-2.098231
-0.904589
-0.059448
-0.954210
3.143637
-4.168228
-0.929847
0.914479
1.882440
1.308876
-0.605086
-1.742343
-0.820743
-1.229743
1.645771
-0.762986
4.000992
3.967265
-3.647157
0.705850
4.154029
-0.275668
-0.488198
-1.281666
0.336782
-0.619370
0.967588
0.659951
0.150430
-0.796414
0.512955
-1.444112
0.683532
-0.446440
2.396253
-1.544437
2.503478
-3.726140
3.712718
-2.542991
-0.431457
-0.697154
0.666907
1.964925
1.153284
-1.098326
1.505850
-4.002556
1.246971
-2.078670
-2.637828
0.806830
2.314634
-0.178254
-0.846602
-4.545233
-1.182278
2.742816
3.068253
0.329085
-1.297338
1.598865
-0.839213
-2.711546
-0.034383
-1.070037
-0.362133
1.852551
-0.296612
2.557190
-1.702129
-0.903244
-4.070534
3.501192
-1.171213
-0.526899
-0.287995
-4.831724
0.673400
-3.036026
-2.007458
-3.763816
0.648801
2.219620
0.061713
-0.111792
0.180487
-0.882400
0.262952
-3.126090
0.957210
-0.484452
0.903398
0.797412
0.544774
-0.284754
2.237554
3.792877
-5.039404
3.950530
0.422049
-2.074950
-0.257966
-1.840912
1.584826
-1.822287
-1.555353
0.253557
1.908801
-1.991020
-2.305146
-2.292975
-1.508991
0.475362
-0.958452
4.984892
-1.176242
-0.376696
1.064605
0.706904
3.253984
-3.135658
0.333523
-2.181774
-1.539199
2.914874
-1.124721
-0.222854
3.661856
-1.330938
-0.029444
0.346855
-0.681702
0.231569
0.979995
1.259676
0.401628
2.402881
-1.590460
1.769596
0.453489
-0.983713
-2.731363
1.422317
3.785547
3.241809
0.752772
0.637689
-5.010217
-4.267241
2.113942
-0.400664
-1.377054
0.913284
0.473818
3.081801
-1.702651
-3.259891
-1.195410
-0.362389
-0.728454
5.514006
-4.037308
-3.071855
-0.814324
3.502644
3.113269
0.047640
-5.570380
4.209833
-4.624116
-2.029184
-0.314180
0.331543
-0.977339
1.516233
-0.119132
-0.177461
2.219606
-3.080608
1.725534
-3.003095
-3.515228
-1.364915
-2.012787
1.018036
1.216034
0.189438
-5.028110
-0.495747
-2.728811
-0.596346
-1.255925
0.314931
0.904953
4.553500
1.581651
-0.006165
0.933871
-0.931822
-1.829268
1.464392
1.851685
-3.197803
-1.788976
-0.812915
2.676987
-0.764773
-3.753854
-2.231113
-0.623968
-0.226546
-1.193752
-2.823743
3.137782
0.045719
3.327768
0.799542
0.537502
5.932965
-0.312206
-0.797842
-0.445636
-1.239759
0.997365
-0.250441
3.037202
0.335610
-2.568790
1.316404
-0.347396
2.250806
-0.494239
-0.474352
-1.319471
-1.858453
-0.091527
5.596659
2.091615
2.474980
0.104547
-0.915852
3.168617
0.683774
2.803151
2.597388
-0.469624
-4.125226
0.567145
2.385122
3.891592
-1.933685
-0.723711
2.445675
-1.752194
1.737573
-2.881307
-0.481287
1.483912
4.069374
1.528976
-2.274548
0.145891
-0.601740
-3.069568
-1.456669
0.688152
1.999763
-2.556005
0.521507
1.516867
-0.126921
-4.492329
0.807664
2.339576
0.995428
-0.249153
1.984574
-1.916283
-1.073177
-0.835103
-2.278226
2.146301
2.040169
-0.556176
-3.141998
2.750295
4.466275
2.039063
0.235946
-3.515138
3.448869
0.687947
-0.464465
0.458417
0.729566
-2.056854
-1.820694
-1.426537
-0.000837
3.600183
-1.969327
1.864029
-0.862326
3.009939
1.369318
-0.657448
0.866385
-0.057395
-2.783736
1.189128
0.656919
-3.608149
-1.474367
-0.015028
0.364151
1.541943
-0.087815
1.061885
3.203556
-0.097878
1.240909
-2.140077
-0.375673
-0.179732
1.579408
1.196064
-1.876125
1.093808
0.877869
-0.187660
1.198975
0.214376
1.998605
-1.923963
1.273574
-3.316402
-1.648591
-2.808456
-2.454217
-2.500627
-1.172659
-1.978426
-0.688961
-1.297087
1.137863
-0.853964
2.985486
2.468613
0.285462
-0.293375
1.357809
-1.114592
-0.311567
0.795078
1.326974
1.582604
-2.371341
0.682733
1.714794
0.603687
0.813101
-1.244443
-3.367024
-1.287742
-1.376726
1.306226
1.546731
0.986315
1.485343
1.073838
-1.752226
0.255695
2.974971
-0.936714
0.884396
2.076952
-0.023542
-0.244272
-1.392264
3.388530
-3.452601
1.610317
1.039886
-0.914212
-0.290822
-1.466819
-2.370139
-4.359682
1.548857
1.031883
1.017728
2.465569
0.017397
2.176658
-1.305579
2.242770
-0.881247
-3.148544
0.826378
-0.795131
-1.601644
-0.795183
-2.182969
1.135052
0.061322
-2.471197
0.159774
-1.217308
-0.532600
1.328312
1.877725
-4.020374
-1.115467
1.402983
1.465604
-1.852776
-2.218347
-0.543000
-0.367818
-1.118010
-1.127552
-0.321238
1.936912
-1.888961
1.296242
1.437335
1.036227
-0.972683
2.310567
2.202232
-1.171006
1.401683
1.281937
-1.089613
2.430950
1.736395
-1.743305
-1.424722
1.681692
0.701737
-1.976637
-2.437797
-0.824037
2.715935
-1.095597
0.461491
1.311749
-3.905569
-0.335880
1.894485
3.354908
-0.601033
-0.369903
3.222677
-1.726241
0.225017
3.221333
1.297879
2.479303
1.769640
0.146728
4.024844
-1.365412
-2.600340
0.822879
-0.611843
0.636100
3.405538
2.889263
0.086569
2.812069
4.432276
2.483740
-0.699577
1.317516
1.859208
-1.010709
-3.568253
-0.719169
-0.759409
-1.664316
-1.715692
-2.681159
3.338071
3.108371
1.996794
1.668898
-3.142001
0.275919
-0.257472
-0.183977
-2.240663
-0.243500
0.027874
-1.046822
0.794032
1.164705
-1.759344
1.273292
-2.430663
0.473304
-1.297707
-1.265931
-0.585767
0.107123
-0.759597
-4.157391
4.593960
-0.187831
0.578590
-0.638909
1.277594
0.587005
0.337742
-0.146914
-3.486018
1.306524
0.349980
-1.943738
3.873159
1.157301
1.671491
1.077821
-3.085800
1.787661
-1.037825
-1.772895
0.934705
-0.350466
-0.266837
3.685495
1.221565
-0.132818
1.660173
0.786333
-1.597588
1.222021
-0.259650
-1.080151
0.375564
-0.851219
-0.306619
0.873242
0.561165
1.375300
2.019110
0.487556
-1.795304
-1.958716
-2.824731
-0.090313
-3.037496
1.710312
0.225558
1.296376
-1.702534
0.432926
-2.574539
0.536538
0.574462
-0.762480
-2.801495
-1.326727
0.823403
-0.004698
-0.700061
0.386145
-1.355213
-0.228970
-2.465473
-1.560834
3.945461
1.593600
-0.288555
-0.360433
-0.671218
0.245507
1.081103
-1.805360
-2.002427
0.553906
2.304076
-0.729675
1.794054
2.329057
-0.079374
0.480799
-0.594797
-2.723410
-0.035577
-2.339532
-1.388351
-0.062328
-0.697443
-0.091036
-1.349675
-1.330827
-0.237368
-0.027772
-0.465817
1.940901
-1.694026
-2.217217
2.777975
2.784019
0.357144
1.182987
0.549025
0.454126
-0.856283
-1.652374
-2.208370
-1.398195
-0.446068
-1.570875
0.846960
-3.325500
-0.170355
3.361794
0.542699
-1.023728
