0.031632
-0.597430
-0.119287
-0.094918
0.218195
0.530055
0.295114
-0.153446
-0.172205
0.401320
-0.072130
0.334758
-0.341133
-0.152655
-0.489410
0.506763
-0.164554
0.008506
0.213283
-0.551438
0.158134
0.015539
-0.532274
0.311779
-0.495214
-0.063858
-0.010490
-0.461947
0.086119
0.526082
0.242346
-0.128571
-0.144901
-0.033499
-0.517886
0.210594
0.625997
-0.465321
0.339030
0.228173
-0.011691
-0.393889
-0.267094
0.151058
-0.552742
-0.372041
0.267369
-0.459129
-0.073349
-0.101619
-0.280619
0.451343
0.596549
0.189727
0.066101
-0.500504
-0.412212
-0.308448
-0.417463
-0.289015
0.653899
-0.444697
0.231000
-0.320358
-0.204629
0.433394
-0.616826
0.145972
0.178572
-0.326178
0.573952
-0.369486
0.251541
0.507388
0.160508
0.130815
-0.305587
-0.005900
0.167224
-0.446086
-0.074034
-0.606257
-0.359950
0.018133
0.374041
-0.376694
-0.046603
0.081521
0.169415
-0.076032
-0.188605
0.138344
-0.257113
0.086928
-0.633303
-0.513735
0.222286
-0.515227
0.267749
-0.190903
-0.178163
-0.207056
0.048190
0.643157
0.747055
-0.212194
-0.132440
0.269911
-0.223321
0.359206
-0.141337
-0.366007
0.439176
0.124565
-0.107659
0.131015
0.445356
-0.080229
0.071759
0.314059
0.101129
0.575458
-0.469693
0.291420
-0.477923
0.006915
-0.185500
0.124905
-0.295170
0.607123
0.121297
0.104619
-0.388374
0.233137
-0.463203
-0.247950
0.175704
0.174765
-0.342347
0.653374
0.595023
-0.379694
0.622040
0.211576
-0.003757
0.210133
-0.271033
-0.655624
0.212772
-0.463537
0.265373
-0.339322
-0.072499
-0.003379
-0.522652
0.543156
-0.380973
-0.175875
0.362524
0.320809
-0.323295
0.328679
0.683028
0.253454
0.225607
-0.217430
-0.337881
-0.200234
0.248362
0.468595
-0.006196
0.532106
-0.357733
-0.278670
0.118350
-0.104653
-0.619160
0.047074
-0.078599
-0.091812
-0.013758
-0.153738
0.200319
-0.219699
0.681950
0.186704
0.113538
0.203321
-0.122555
-0.306400
-0.516627
-0.741339
-0.267180
-0.006060
-0.520838
-0.453307
-0.401785
0.245484
0.120558
0.475774
0.527476
-0.304863
-0.641167
0.328154
0.329179
0.540691
-0.330159
-0.190153
0.129250
0.238166
-0.299359
0.459162
0.560177
0.276121
0.423421
-0.269651
-0.045830
-0.217620
-0.301816
-0.287694
-0.029686
-0.312394
-0.646103
0.321755
-0.015406
-0.755559
-0.109847
0.482460
-0.168201
-0.276077
-0.431111
-0.043746
0.255908
0.295727
0.055729
-0.149511
-0.142248
0.088539
-0.705982
0.064825
-0.469271
0.288424
-0.567271
0.087737
0.419212
0.486898
-0.245733
0.268222
-0.562973
0.391542
-0.262847
-0.316996
-0.448158
0.037982
0.124637
-0.124819
-0.392405
0.553727
-0.190574
0.281378
0.404705
-0.241398
-0.218989
0.037698
-0.536979
-0.144513
-0.232232
0.197785
0.548023
0.572908
-0.011656
-0.430708
-0.088189
0.015516
0.114786
0.277101
0.141988
0.434591
-0.240319
0.133879
0.222712
-0.583569
-0.599503
0.266105
-0.227254
0.005247
0.281233
-0.352846
0.395883
-0.312932
-0.091920
0.394167
0.325105
-0.426480
-0.325170
-0.028055
-0.400653
-0.110925
-0.102234
0.401874
0.238105
-0.132686
0.330399
-0.192447
0.147799
0.035196
-0.321938
0.163039
0.047068
-0.579894
0.052597
-0.181665
0.028109
-0.152852
0.006848
-0.125410
-0.184575
-0.290083
0.542417
0.391883
-0.542509
-0.442376
0.430522
0.362316
-0.534678
-0.208957
0.119816
-0.271151
-0.121524
-0.426252
0.316459
-0.176041
-0.091281
-0.013516
-0.319582
-0.014734
0.548513
-0.321291
-0.036260
-0.301216
-0.540915
0.062770
0.251712
-0.397258
0.299608
-0.400308
0.078063
-0.260791
0.298723
0.221973
0.465407
-0.215538
0.374356
-0.096886
-0.039879
0.419323
0.216520
-0.337849
0.622387
0.567447
-0.334456
0.494069
0.522039
0.338068
-0.524440
-0.288787
0.123882
-0.399749
-0.078182
-0.270576
0.591929
0.233220
-0.090011
0.247527
0.692554
0.052145
-0.432573
-0.273604
0.033247
-0.029685
0.261555
-0.220195
-0.342670
-0.559194
0.484811
0.216138
0.224068
0.287336
-0.629181
-0.070790
0.038386
-0.152343
-0.392750
-0.746287
-0.083035
-0.436848
-0.132144
0.429062
0.134156
-0.025122
-0.281740
-0.200063
-0.295801
-0.393898
-0.049154
-0.066807
-0.169818
-0.086728
-0.339581
0.526618
-0.393076
0.605104
-0.045883
-0.482200
-0.409209
-0.258320
0.057951
-0.224461
0.442827
-0.299201
0.188632
-0.484290
-0.019898
0.053218
0.100288
0.530905
0.552823
-0.090268
-0.224721
0.105967
0.555053
0.044825
-0.103125
-0.312656
-0.073774
-0.692283
-0.280231
-0.170105
0.162343
-0.158558
-0.372224
0.374529
-0.598885
-0.342624
-0.086569
-0.228230
-0.016613
-0.484459
0.471996
-0.688117
0.311362
0.331637
0.419530
-0.049150
0.382614
-0.152538
-0.309529
0.533003
0.173532
0.124157
-0.555744
-0.389524
0.335150
0.557545
-0.195909
-0.191188
-0.151027
-0.472125
-0.409351
-0.415811
0.082220
0.159704
-0.342400
-0.138547
0.803545
-0.028948
0.220786
0.418339
-0.302324
0.093567
-0.432316
-0.027357
-0.183613
0.733903
0.336669
-0.490069
-0.149988
0.055254
-0.501769
0.488493
-0.253862
0.111811
-0.097735
-0.013569
0.434285
-0.278374
-0.515738
0.112628
0.022833
0.578481
0.128255
-0.537729
-0.208780
-0.134385
0.112643
0.519753
0.427595
0.209654
-0.529500
0.326975
0.041115
0.438717
-0.375202
-0.501202
-0.360133
-0.386480
-0.574117
0.103637
-0.064324
0.161903
-0.041591
-0.269598
0.044594
-0.543887
0.101980
0.166614
-0.260582
0.249395
-0.473960
-0.513081
-0.652611
-0.120973
-0.502069
0.140578
0.354544
-0.139220
-0.115156
-0.246411
0.025250
-0.346271
-0.294964
0.274244
0.363330
-0.830508
-0.089039
0.066025
0.149237
-0.088082
-0.483649
0.249977
-0.176223
0.324495
0.185929
0.468664
0.503866
0.089705
0.059383
-0.050826
-0.251867
-0.036803
0.310617
0.485055
-0.682265
0.291391
-0.039569
0.545509
0.540413
-0.299302
-0.011913
-0.178343
-0.146003
0.368263
-0.333723
-0.263055
0.025857
-0.065102
0.445732
0.213108
0.563963
0.094257
0.349046
-0.207859
-0.480155
0.499341
-0.230682
0.332958
0.216154
0.307531
-0.079899
-0.383517
-0.033838
-0.518699
-0.339970
-0.578339
0.489201
-0.166260
0.193185
0.007039
-0.103970
0.161419
-0.196823
-0.446226
0.100369
0.332741
-0.377330
-0.435647
-0.525237
0.329122
0.101645
0.289708
0.182941
-0.016183
0.439835
0.384124
0.255004
-0.059406
-0.207402
-0.329463
0.492355
0.153458
-0.020047
-0.132566
0.122622
-0.032633
-0.555292
0.468363
0.040295
-0.164234
-0.193087
-0.167729
0.460946
0.495295
-0.630007
-0.069516
0.100303
0.512211
0.138501
0.015494
0.286865
-0.010930
-0.140285
-0.020710
-0.270342
0.200148
0.476320
0.278707
-0.114681
0.170861
0.062486
-0.281835
0.573305
-0.147027
0.506574
-0.521960
0.013356
-0.634127
0.286690
0.008671
0.047719
0.759625
0.232451
0.501676
-0.184150
-0.027058
-0.232713
0.170131
0.171275
0.381663
0.139307
-0.306800
-0.644674
-0.515650
-0.157416
0.012027
0.471433
0.201871
0.042996
-0.064957
-0.068988
0.416365
-0.215047
0.332284
-0.555569
0.006146
0.448793
-0.087795
-0.280349
-0.052428
0.100740
-0.396028
-0.168567
0.170575
0.288914
-0.272263
-0.101633
0.239772
-0.234247
-0.170839
-0.325439
-0.388500
0.362542
-0.901830
-0.032079
0.511944
0.331955
-0.516739
-0.344932
-0.222790
0.240662
-0.121256
-0.060630
-0.552999
-0.348399
0.130437
-0.167742
0.518245
-0.455744
-0.457024
0.252878
0.322092
-0.254255
-0.361569
-0.259081
-0.557676
-0.277260
-0.201639
0.167338
-0.135509
0.047148
-0.041126
-0.091456
0.311182
-0.034746
-0.546152
-0.199365
-0.363761
-0.313679
-0.400610
0.115272
-0.308979
-0.219561
-0.088044
0.078260
0.549210
0.445259
-0.173810
-0.249343
0.468910
-0.424754
0.157424
0.265716
-0.294574
0.550969
0.509444
-0.382014
0.067031
0.327467
-0.351168
-0.093783
0.302696
0.674601
-0.138711
-0.307653
-0.018511
0.274216
-0.045972
0.178230
0.435426
0.009190
-0.122595
-0.334254
-0.644748
0.391819
0.403493
-0.000117
-0.183376
-0.164749
0.335976
-0.164058
-0.027987
0.018732
-0.356891
-0.113431
0.463353
-0.373824
-0.128523
-0.097582
0.327897
-0.229945
0.660862
-0.204593
-0.507212
-0.195162
0.191802
0.190895
0.227317
-0.596000
-0.351264
0.225176
-0.318461
-0.322793
0.240425
-0.179252
-0.199606
0.610580
-0.136724
-0.302177
0.213307
-0.103533
0.496501
0.011243
0.249612
0.130170
0.407091
-0.156597
0.307430
