-1.569100
2.013079
-1.731190
-1.184984
1.011064
-0.281383
-0.274070
-2.270312
2.055423
0.779798
0.702555
-2.144343
-4.611359
-2.448062
2.783211
-3.161827
0.544983
-1.661563
1.488578
1.892941
-0.865978
2.563871
1.479883
-1.751619
-2.007257
1.474908
3.077002
4.036291
0.728954
1.974268
1.070723
2.934951
-2.021065
-1.656308
1.691098
-0.631409
-4.511144
-1.945493
0.966988
0.545431
-0.868480
1.094609
1.764208
-1.708247
-3.865268
-2.164896
0.776245
-0.085710
-1.491366
-0.701059
0.987282
-0.867415
3.700937
2.491613
-2.534505
-0.824137
-0.349121
-0.768762
-2.697012
-1.687190
-2.244811
0.767057
2.003388
2.567417
1.602700
1.175879
3.925848
-0.105463
-3.938557
1.653720
2.644684
-0.010877
2.935335
-0.159255
-0.704093
-2.015698
0.325798
0.315276
1.201229
-1.061389
1.287653
0.297418
-0.892261
-1.131031
1.050667
3.852308
-1.777523
1.457696
-0.504311
-2.744995
-0.311934
1.692778
-0.982587
-1.861906
-0.434854
0.655467
0.968865
2.426550
-0.193488
1.038927
-2.178299
-2.187170
2.339780
0.073926
-1.627138
-1.199103
1.809045
-0.639279
1.899044
3.401566
-3.048878
-2.866482
-0.527618
0.881171
-3.104859
-1.336829
1.066093
-2.984292
2.114518
-1.912148
-1.943760
-3.731702
-0.573914
1.319871
0.254886
0.260419
-2.160593
-2.485090
-1.794055
-1.633376
1.918954
-0.393844
2.051141
5.026088
-0.679038
-2.175360
-0.132567
-1.008402
-1.125921
2.104853
2.248451
-2.518047
0.350852
1.806537
-0.391413
0.776415
5.255938
-0.727808
0.043086
-1.985893
-0.801475
-0.108764
-0.938999
2.834650
-4.168228
-0.964180
0.914479
2.282495
1.308876
-0.420057
-1.745960
-0.864396
-0.804400
1.566594
-1.016200
4.140729
4.087915
-3.742981
0.609719
3.875379
-0.588237
-0.883380
-1.283655
0.118516
-0.122573
0.559322
0.578020
0.066928
-1.014802
0.673615
-1.417064
0.742937
-0.446440
2.330839
-1.680314
2.243266
-3.964585
4.019009
-2.621953
-0.307820
-0.522458
0.756291
1.899684
1.124207
-1.078002
1.014518
-3.792234
1.201754
-2.031317
-2.845604
0.535326
2.136466
-0.311016
-1.400042
-4.683651
-1.252264
2.657639
3.160077
0.562151
-1.075925
1.552126
-0.849104
-2.757699
-0.171281
-1.070398
-0.632426
1.955062
-0.419295
2.322567
-1.831715
-0.898885
-4.270954
3.564162
-1.505961
-0.564357
-0.206242
-4.664718
0.598557
-2.692798
-2.108938
-3.661483
0.747844
2.090394
0.155918
-0.037289
0.169484
-0.808253
0.030785
-2.877888
0.935133
-0.583707
0.691633
0.552458
0.456513
-0.101182
2.356812
3.792877
-5.083883
4.419533
0.279750
-1.776137
-0.187803
-1.883709
1.577673
-1.778180
-1.517689
0.556334
1.509363
-2.118772
-2.494703
-2.217692
-1.409747
0.657621
-0.565861
4.992989
-1.219444
-0.372768
1.401488
0.706904
3.249135
-3.041182
0.090112
-2.229855
-1.376648
2.914874
-1.147936
-0.504646
3.981232
-1.462623
-0.088542
0.557565
-0.752898
0.312042
1.418008
1.197502
0.494527
2.303778
-1.351382
1.730628
0.239897
-1.010341
-2.285585
1.261965
3.567281
3.722223
1.112275
0.395025
-5.231563
-4.359746
1.884731
-0.245335
-0.973186
0.950469
0.451366
3.300892
-1.806819
-3.032791
-1.215034
-0.363537
-0.739946
5.496629
-3.908637
-3.014409
-0.710584
3.526989
3.140123
0.008854
-6.001513
4.781575
-4.157051
-1.476179
-0.352154
0.263959
-1.224859
1.460052
-0.255132
-0.011241
2.291667
-3.167715
1.654973
-3.124029
-3.772502
-1.659467
-2.171352
0.755090
0.839127
-0.125036
-5.370279
-0.559831
-2.646787
-0.596346
-1.255925
-0.071664
0.841919
4.699438
1.619164
0.076313
0.940423
-0.765285
-2.147126
1.420566
1.742674
-3.197803
-1.834797
-0.780444
2.612376
-1.058912
-3.789518
-2.251681
-0.586020
0.382775
-1.249197
-2.796085
3.005267
0.204091
3.396579
0.485157
0.726415
6.000168
-0.301904
-0.431522
-0.527348
-1.251743
1.216030
-0.325815
3.242758
0.241844
-2.788669
1.239440
-0.370975
2.017563
-0.547109
-0.811322
-1.360612
-2.017078
-0.280600
5.601376
2.075352
2.504390
0.215317
-0.742550
3.142178
0.583466
2.763553
2.657457
-0.320360
-3.839075
0.215389
2.328626
3.887190
-1.748910
-0.787688
2.698797
-1.640394
1.760838
-2.608839
-0.075402
1.600257
4.113023
1.036804
-2.772894
0.086380
-0.365243
-2.895365
-1.305166
0.564436
1.555314
-3.015258
0.037666
1.477592
-0.208972
-4.445943
0.776626
2.181811
0.636754
-0.050198
1.830072
-1.837959
-1.087940
-0.805880
-2.292110
1.976698
2.121504
-0.530463
-2.944425
2.610734
4.550361
2.154396
0.467913
-3.579835
3.659994
0.878098
-0.530665
0.447710
0.886803
-2.053918
-1.816826
-1.622065
0.007713
3.424367
-2.054423
1.331440
-0.878028
3.103661
1.470979
-0.664495
0.623645
0.004940
-2.296394
1.566382
0.280369
-3.608149
-1.448068
-0.004754
-0.029801
1.182071
-0.414461
1.249397
3.370029
-0.092917
1.306211
-2.332661
-0.288389
-0.215149
1.633833
1.366183
-1.892189
1.058629
0.622945
0.226614
1.074386
-0.043932
2.267429
-2.010784
1.298521
-2.400735
-1.486241
-2.574595
-2.281115
-2.463585
-1.154668
-1.982578
-0.685739
-0.945023
1.191917
-0.800457
2.905650
2.468613
0.285462
-0.295808
1.285878
-1.080787
-0.238760
1.019702
1.391305
1.488024
-2.299041
0.618393
1.456965
0.708528
0.608677
-1.085624
-3.367024
-1.221317
-1.166836
1.455664
1.922569
0.514917
1.396668
1.353450
-1.789978
0.146761
3.025851
-0.936714
1.153787
2.181776
-0.083186
-0.399163
-1.269232
3.253420
-3.666253
1.190355
0.964949
-0.903423
-0.220038
-1.379898
-2.583915
-4.042653
1.570420
0.898210
1.066318
2.222419
-0.017931
2.176658
-2.117185
1.939657
-1.016488
-3.034772
1.096583
-0.815727
-1.471409
-1.048268
-2.029778
1.135052
-0.459161
-2.584712
0.389683
-0.974533
-0.318507
0.565243
1.796484
-3.641798
-1.106499
1.517819
1.321199
-1.873345
-2.233673
-0.486425
-0.469964
-1.202353
-1.164947
-0.556682
2.000838
-1.888659
1.272106
2.004633
0.972891
-0.860633
2.236855
2.197287
-1.576629
0.939212
1.418340
-1.382123
2.374489
1.445168
-1.710059
-1.293879
1.883681
1.053719
-1.948181
-2.262401
-0.406976
2.696831
-1.095597
0.573091
1.450691
-3.872056
0.033792
1.350235
3.288912
-0.758348
-0.310339
3.143397
-1.961546
-0.214750
3.221333
1.264818
2.564136
1.991416
0.129638
4.416084
-1.227387
-2.537120
0.889137
-0.788259
0.179883
3.335490
2.814575
0.003243
2.913484
4.432276
2.443782
-0.601397
1.246553
1.847671
-0.757779
-3.549158
-0.577281
-0.960349
-1.651665
-1.855747
-2.398959
3.235798
3.159558
2.150584
1.668898
-3.289922
0.135072
-0.281890
0.154276
-1.785548
-0.558337
-0.376856
-0.992033
0.393884
1.311273
-1.610275
1.276733
-2.272610
0.371599
-1.474192
-1.284100
-0.620465
0.561517
-0.751137
-3.939086
4.569902
-0.187831
0.730011
-0.584538
1.356486
0.466716
0.969145
0.148871
-3.212906
1.228523
0.110272
-1.904309
3.628450
1.153289
1.607456
0.882355
-2.907817
1.767353
-0.904417
-1.697693
0.714856
-0.748585
-0.284677
3.593171
1.647830
0.095692
1.660173
0.429096
-1.992351
1.516340
-0.073103
-0.954214
-0.018554
-0.732079
-0.319707
0.790639
0.481595
1.232211
2.082508
0.463972
-1.795304
-1.882211
-3.211506
-0.130280
-3.385252
1.629744
0.217004
1.377707
-1.847834
0.159949
-2.525808
0.600149
0.628066
-0.883078
-2.861683
-1.368129
0.668662
0.307810
-0.298434
0.182142
-1.562660
-0.301622
-2.201655
-1.416771
3.968334
1.112609
-0.321398
-0.486238
-0.671218
0.064674
1.014016
-1.652374
-1.743272
0.464053
2.575187
-0.859572
1.764933
2.334517
0.024312
0.964243
-0.563715
-1.883036
-0.131052
-2.399802
-1.401864
-0.222914
-0.298408
-0.308797
-1.268737
-1.252151
-0.240346
0.368705
-0.509143
1.747559
-1.355096
-2.181587
2.909757
2.850638
0.499484
1.271948
0.367691
0.396602
-1.104844
-1.347070
-1.226607
-1.427854
-0.478848
-1.760663
0.897513
-3.280373
0.004740
3.666717
0.526494
-1.184941
