-0.119873
0.375711
-0.099548
0.207320
-0.352167
0.212691
0.119689
0.323308
0.360308
0.417919
-0.372699
-0.346724
-0.137192
-0.661618
-0.278297
0.322834
0.106924
0.061942
-0.024937
-0.611368
-0.221071
0.588065
-0.470393
-0.077648
-0.408565
-0.069000
-0.036393
0.205905
0.481975
-0.357466
-0.149077
0.109964
0.128667
-0.534364
0.168908
0.379058
-0.194558
-0.093772
0.414004
0.204445
0.135044
-0.285021
-0.216517
-0.219297
-0.267328
-0.441484
0.169942
0.228339
0.206302
-0.136391
0.163136
-0.031751
0.327999
-0.282592
-0.464568
0.531527
0.075660
0.087837
-0.210691
0.281171
-0.222715
0.451098
0.204421
-0.258782
-0.509982
0.398864
-0.464152
-0.518962
-0.308362
-0.398858
0.007337
-0.412366
0.491526
-0.451199
0.358211
0.034934
0.073234
-0.040303
0.420632
-0.173178
0.202019
0.603215
-0.208574
-0.310555
-0.448462
-0.042133
0.031925
0.689744
-0.181484
-0.423755
-0.165094
0.249965
-0.135471
-0.453378
0.217964
0.005048
0.470977
-0.496645
-0.153544
0.337400
0.402442
-0.318924
0.220301
0.313498
0.069497
-0.213963
0.319194
0.496540
0.410293
-0.276623
-0.276620
-0.587400
0.229278
0.130508
-0.173900
0.251433
0.077033
-0.184264
-0.086451
-0.430425
-0.035736
-0.516046
-0.185253
-0.075320
0.381064
0.048086
-0.080085
0.350214
0.106764
0.030237
-0.574217
0.240752
-0.040698
0.309717
0.641724
0.135865
-0.519348
-0.643645
0.082578
0.225940
0.165444
-0.521980
-0.159434
0.275950
0.111381
-0.036960
-0.390326
0.170053
0.253612
0.360522
-0.218803
-0.139199
0.243248
0.004099
-0.036416
0.790029
-0.101081
0.268710
-0.664048
-0.094487
0.221385
-0.044820
0.352587
0.219968
-0.398605
0.363833
0.352995
0.185037
0.108712
0.414454
-0.208879
0.412220
0.669503
0.558107
0.119493
0.086822
0.622814
0.329518
0.016988
0.131347
-0.033467
0.797223
0.141672
-0.357576
0.034859
0.246287
-0.114164
0.270259
0.125411
0.175086
0.504651
0.053096
-0.434886
-0.237367
0.357931
0.468371
-0.304228
-0.440475
-0.214645
-0.305748
-0.092520
-0.531968
0.529488
0.279673
-0.151184
0.058453
-0.228294
-0.303666
0.532082
-0.262042
-0.128446
-0.424271
-0.314772
-0.177478
0.591244
0.567043
0.302841
-0.426254
-0.201799
-0.351296
-0.016503
0.404756
0.340826
0.378273
0.771298
0.039900
0.397140
-0.330711
-0.061060
0.089729
0.148063
0.477435
-0.197201
-0.621118
-0.015784
0.273308
0.300709
-0.418493
-0.106721
-0.453648
-0.520362
0.721594
-0.600555
0.209793
0.386350
0.315954
-0.306176
0.203065
0.308122
0.154717
0.057726
0.243460
0.308195
0.079020
-0.141452
0.553906
0.032449
-0.213322
-0.234368
0.033524
0.455236
-0.559096
-0.131422
-0.487649
-0.243048
0.013309
-0.196063
0.175026
0.159923
0.358089
-0.427879
0.232999
0.348022
0.175657
0.320915
-0.156711
0.220870
0.348460
0.531870
0.064482
-0.328227
0.213033
-0.422864
-0.121306
-0.152170
-0.402255
0.111919
-0.021791
0.370941
-0.555217
-0.330759
0.461095
0.390841
-0.205316
0.013652
0.267530
0.093335
0.166522
0.418186
0.218081
-0.244220
-0.457124
0.440164
0.065591
0.021122
0.553580
-0.015945
0.222015
0.618056
-0.631646
0.309830
-0.412604
-0.101465
-0.481390
0.802211
-0.491049
-0.382353
0.516784
-0.427868
0.208225
-0.206784
-0.075562
-0.134072
-0.006931
-0.479884
0.314544
0.337173
-0.399043
0.144313
0.488648
0.290335
-0.377787
0.263972
-0.595307
-0.134279
-0.654200
-0.378095
0.206571
-0.022348
-0.180298
0.162723
0.486570
-0.274755
-0.348958
-0.621560
-0.065622
0.123532
-0.123077
-0.531874
-0.028536
-0.075068
-0.607303
0.020421
0.205768
-0.145658
0.450044
0.284230
0.076949
-0.307051
0.425651
-0.305056
1.013452
0.236031
0.072666
-0.615036
0.501667
0.359874
-0.426533
0.103216
-0.350367
0.477833
0.564272
0.516868
0.289438
-0.265105
-0.207362
-0.751352
-0.096636
0.281572
0.150238
0.062720
-0.097293
-0.187753
0.083720
0.505860
0.454546
0.691125
0.296428
0.083172
0.233568
0.091382
-0.547121
-0.567922
0.268885
-0.008051
-0.592741
-0.111899
0.295035
-0.103418
-0.027539
-0.040242
0.330792
-0.479939
0.037993
0.617543
0.112058
0.108180
-0.089735
0.306165
0.283405
0.204707
0.354940
-0.075579
0.393387
-0.435065
0.205209
-0.064596
0.312330
0.214520
-0.608772
0.266291
0.398407
-0.190698
0.386429
0.484191
-0.037697
0.402975
-0.119373
-0.230349
-0.297542
0.326001
-0.159637
-0.640573
0.516559
0.451677
-0.122436
-0.110150
0.079070
-0.006059
0.212600
-0.549669
0.082153
-0.460671
-0.288760
-0.105389
-0.256410
-0.100477
0.426545
0.321691
-0.099497
-0.155179
0.218694
-0.044273
-0.209125
-0.358965
0.434344
-0.494285
0.293996
0.391487
0.116750
-0.312210
-0.832655
0.065099
-0.173023
-0.626069
0.032890
0.078604
-0.507141
0.018674
-0.460722
0.028846
-0.106959
-0.289060
0.259051
0.583175
-0.142700
-0.042779
-0.552634
-0.149665
-0.173364
0.349251
0.646100
-0.233785
-0.040725
0.539750
-0.541255
0.315291
-0.065577
0.123943
0.254963
-0.359921
0.056608
0.052685
-0.256981
0.156358
0.520882
-0.409542
-0.147935
-0.300699
-0.503639
0.172532
-0.079717
0.051173
0.658772
0.763977
-0.577808
0.036839
0.322745
0.578690
-0.208428
0.183927
-0.284237
-0.166811
-0.480351
-0.556093
-0.386480
0.400441
0.211245
-0.659182
-0.263151
-0.124420
0.569533
0.510678
-0.372140
-0.547578
0.248898
-0.297551
0.348546
-0.098628
-0.470767
0.216101
-0.165026
0.135514
0.591497
0.413539
0.007127
0.266006
-0.102292
0.049731
0.166193
0.068981
-0.496017
-0.204884
0.385588
0.177847
-0.044833
0.213236
0.174164
0.185395
-0.357811
0.325422
0.244187
0.358749
0.069090
0.164900
-0.103359
-0.157501
0.009708
-0.730578
-0.940665
-0.703334
0.162787
0.222712
0.395039
-0.539304
-0.355405
-0.386511
0.007533
-0.562879
0.138392
-0.264538
0.525369
-0.374485
0.071694
0.339830
0.091938
-0.053376
0.272817
-0.201385
-0.131629
0.337042
-0.018331
-0.030409
-0.231636
-0.349297
-0.060291
0.067442
-0.372807
0.135980
0.469879
-0.032077
-0.080291
-0.443708
-0.442454
-0.304540
0.340261
0.413827
0.388572
0.355070
0.233523
-0.056096
0.121681
-0.380545
-0.482533
-0.587228
0.222081
0.431467
-0.072242
0.232233
0.209414
-0.391003
-0.051873
-0.522636
0.370782
0.076341
-0.225968
0.816821
-0.021960
0.109021
-0.510228
0.330015
0.237975
0.199045
0.287286
-0.159726
0.164422
0.571493
0.347548
0.212593
0.119949
0.098641
-0.112432
0.006018
-0.452512
-0.482971
-0.445140
-0.621206
-0.404634
0.407376
0.357914
-0.513434
0.272816
-0.086816
0.018059
0.151934
0.003189
0.166159
-0.306482
-0.000270
-0.217849
0.379178
-0.093387
0.536187
0.086601
-0.027463
0.099961
-0.312901
-0.056029
-0.346373
0.680496
-0.312675
0.207465
-0.036524
-0.251404
-0.168737
-0.517587
0.398997
-0.351556
0.013602
0.048047
-0.395342
-0.011920
0.240751
0.258192
0.141726
0.197944
0.012441
0.288605
0.268761
-0.090537
-0.147224
0.692762
-0.102821
-0.645701
-0.379107
-0.293512
-0.142069
-0.338253
0.000185
0.239508
-0.201986
0.197724
-0.551485
-0.379422
-0.011692
0.291348
-0.114782
-0.087438
-0.185216
-0.300108
-0.243020
0.590154
-0.243487
0.474626
0.715599
-0.177209
0.699404
0.137025
0.460010
-0.162909
0.465168
0.100482
-0.327929
0.262747
0.372510
-0.118033
0.287401
-0.430013
-0.088615
-0.547447
-0.017423
0.155345
0.141589
0.373508
-0.742618
-0.227547
0.074472
-0.254335
-0.139925
0.521199
-0.065529
0.078775
-0.012104
-0.301812
-0.291455
-0.292728
-0.252632
0.144063
0.393686
0.104993
-0.387558
-0.068176
-0.102790
0.085722
-0.572184
-0.343560
0.378022
0.445734
-0.452622
-0.601242
0.308206
0.012962
-0.349669
-0.295095
0.112685
0.376241
0.274878
-0.389765
-0.208681
0.214544
0.173267
-0.305253
-0.011505
0.459717
-0.392095
-0.340619
0.069045
0.183990
-0.034609
0.478518
0.590108
-0.200451
-0.181001
-0.704609
-0.283632
0.716278
-0.317304
0.042449
0.293280
-0.413819
-0.263036
0.422511
0.197219
0.407717
-0.340678
-0.057651
-0.249479
-0.173410
-0.164329
0.235074
-0.031103
-0.017732
-0.438737
0.189280
-0.471909
0.084098
-0.257660
0.333750
0.057349
-0.091391
-0.386555
0.434371
0.176440
0.311342
-0.189558
0.415171
-0.298676
0.515460
-0.205934
0.224268
0.723261
-0.024630
-0.541927
0.185515
-0.150209
0.317161
