-0.019858
-0.295226
-0.086306
-0.069855
-0.622635
0.070684
-0.062836
0.130035
-0.227374
-0.140823
-0.068568
0.318692
0.081955
-0.572091
-0.217415
0.464614
0.017441
-0.045023
-0.408299
-0.603344
0.416191
-0.300502
-0.465322
0.425489
-0.345001
0.310392
-0.304594
-0.289610
-0.106679
-0.103939
0.047508
0.015587
-0.435697
-0.321841
0.109945
0.217968
0.015601
0.327291
0.061728
-0.304318
-0.282819
-0.056331
-0.081402
-0.035981
0.111293
-0.362959
0.101987
0.012145
0.244804
-0.043518
-0.057961
-0.317552
0.496320
-0.005135
0.076137
-0.271619
0.116935
0.198089
0.097085
0.341527
-0.113566
-0.163070
0.265254
-0.198598
0.089441
-0.339066
0.241873
-0.022559
0.048001
0.295200
-0.036333
0.556090
0.000538
0.388038
0.063197
0.109383
-0.036069
0.056686
0.234548
-0.521949
-0.167047
-0.165142
-0.422928
-0.396106
-0.298914
-0.338907
0.002446
0.476702
-0.249452
0.137381
-0.404114
0.342680
-0.135471
-0.237621
0.768208
-0.252231
0.156363
0.338711
0.328105
0.198692
-0.383356
0.179978
0.148327
0.110111
-0.276621
-0.350051
-0.166059
0.131161
0.378620
-0.239500
0.286403
-0.548320
0.330708
-0.311824
0.169484
-0.272780
0.291804
0.442128
0.323861
-0.249604
0.467864
0.113146
-0.250741
0.317796
-0.160567
0.336436
-0.043550
0.150471
0.116146
-0.423019
0.148984
0.706362
-0.252576
-0.054996
-0.437336
-0.175843
-0.164687
0.358505
-0.338023
0.366672
-0.628641
-0.472697
-0.541306
0.071186
-0.063238
0.261654
0.795794
0.049376
-0.045829
0.452545
0.040992
-0.342828
0.116562
0.090078
-0.510141
-0.466798
-0.127557
0.461933
0.271803
-0.306391
-0.659686
0.503680
0.218298
-0.125248
0.307340
0.420792
0.445739
-0.337386
-0.663804
-0.594032
0.042364
0.269576
0.060428
-0.686096
0.383128
-0.309709
-0.170024
-0.390250
0.063697
0.124213
-0.141169
0.318797
-0.044718
0.082694
-0.110190
-0.249750
0.199915
-0.403538
-0.246896
0.273106
-0.565136
-0.125108
-0.082550
-0.314260
0.497349
-0.110775
0.277895
-0.187895
0.406867
0.520259
0.386504
0.644767
-0.598669
-0.156397
-0.299261
0.015886
-0.264768
-0.326982
0.136887
-0.209897
-0.101089
0.386712
-0.176705
-0.301680
0.309608
-0.634834
-0.464409
-0.019616
0.094656
-0.453539
-0.190397
0.335423
0.387468
0.088755
0.414797
0.226794
-0.377854
0.207382
-0.011000
0.158349
-0.504868
0.289608
0.346252
-0.384162
-0.225362
-0.472706
0.664134
-0.406339
-0.026890
-0.656677
-0.619348
-0.003463
0.206125
0.119485
-0.528788
0.235758
0.174044
-0.047731
0.268361
-0.190943
-0.182843
-0.356860
0.259110
0.162999
0.367886
0.286447
0.047263
0.309802
-0.252545
0.067068
0.164490
0.248528
0.237869
0.616956
-0.469906
-0.067666
-0.084708
0.430861
-0.211105
0.119695
0.508800
-0.271545
0.789121
-0.374355
0.377004
0.281193
0.158376
-0.178396
-0.189031
0.064482
0.032411
0.049216
0.020765
0.304676
0.223830
-0.427113
-0.234674
0.080893
-0.487620
-0.241282
0.414871
-0.509620
-0.486765
0.163466
0.450226
-0.141036
-0.437315
-0.622038
0.360444
0.369837
0.102221
-0.308778
0.417501
0.562645
0.387232
-0.058795
0.017985
-0.406299
-0.093350
0.206307
-0.039702
-0.769611
-0.467480
0.068289
0.404726
-0.007784
0.281578
0.062506
0.302912
0.014877
-0.132466
-0.102005
-0.498809
-0.659430
-0.485229
-0.194505
0.221604
-0.294852
-0.459871
0.354247
0.253140
0.032729
-0.118805
0.171252
0.178706
-0.054080
-0.394140
0.373109
0.311596
0.172581
0.321110
0.270602
0.061208
0.054228
-0.074553
-0.289886
0.134230
-0.119109
-0.449566
0.258844
-0.171077
-0.620091
0.557150
-0.109076
-0.025301
-0.207852
-0.064444
-0.258111
0.386280
0.176383
0.033135
-0.082675
-0.044987
-0.187803
0.140312
0.215417
-0.579444
-0.362815
0.181577
-0.476003
-0.250813
0.414828
0.453764
0.270254
0.585955
-0.319837
-0.485160
0.016737
-0.287058
0.322560
0.130725
0.574543
-0.075939
0.234555
-0.432974
0.064642
-0.344299
-0.429158
0.128159
-0.131110
-0.162724
0.299340
0.289520
0.449356
0.512259
0.471183
-0.148606
0.021053
-0.308086
0.305929
-0.220917
-0.230146
-0.286691
0.205902
-0.112151
-0.042810
0.403361
-0.361935
0.442257
-0.374493
0.014343
0.600600
-0.068974
0.101113
-0.158980
-0.208145
-0.246840
0.251595
-0.367233
0.426124
0.483291
-0.105509
0.124482
0.107743
0.668385
-0.052265
-0.433430
-0.460938
0.394824
0.126024
0.344818
0.373019
-0.512788
0.094113
0.307336
0.082140
-0.491896
-0.244069
0.180930
0.366071
-0.040271
0.362610
-0.373239
0.610000
0.340608
0.422269
-0.100477
-0.219248
0.152271
-0.269070
-0.031021
0.085940
0.380205
-0.206979
-0.617900
-0.038640
0.005123
-0.426208
-0.071140
-0.309943
0.451613
0.009435
-0.274688
0.552709
-0.235132
-0.328987
-0.178464
0.121730
-0.007483
-0.564032
0.134921
-0.280747
-0.095623
0.225300
0.397381
-0.113670
-0.152645
0.144281
-0.656327
0.041262
-0.459362
0.097953
-0.019777
0.243305
-0.300924
-0.440741
0.503740
-0.166671
-0.474133
-0.331161
0.415492
-0.652304
0.038841
0.402042
-0.140439
-0.150107
-0.374593
-0.006674
-0.305164
-0.158875
0.045243
-0.239395
-0.089372
-0.357214
-0.595947
-0.156381
-0.595847
-0.125587
0.085682
0.305353
-0.124778
-0.275165
-0.024501
0.242855
-0.037946
0.153791
-0.419933
-0.541697
0.197807
-0.460790
-0.102896
-0.461485
0.090015
0.211307
-0.398422
0.179813
0.419194
0.294601
0.365941
-0.281212
-0.069305
0.162953
-0.214223
0.330493
0.210936
-0.362457
0.031686
-0.439595
0.279283
-0.336195
-0.345537
0.550344
-0.160006
0.236747
0.306414
0.251203
0.168962
0.222310
-0.430563
-0.095577
0.031234
-0.296941
0.167809
-0.033630
0.305576
0.316061
0.378920
0.114668
-0.383657
-0.273898
0.085194
0.347977
-0.036441
0.159312
0.377745
-0.052919
-0.286317
-0.342743
-0.107336
-0.491373
-0.565176
0.102059
-0.188665
-0.228654
-0.009315
0.115607
0.052748
-0.054492
-0.211375
-0.167854
0.087227
-0.271134
0.240352
0.205825
-0.370260
-0.483816
-0.476075
-0.422086
-0.297278
0.415683
-0.208222
-0.168093
0.521195
0.308173
0.282153
-0.758233
-0.079119
-0.197131
0.008507
0.263205
0.116156
0.488273
-0.380565
0.149628
-0.177901
-0.406589
0.436002
0.070677
0.562227
-0.276634
0.016787
0.515701
0.069952
-0.124986
0.379861
-0.174011
-0.324337
-0.313268
0.626539
-0.023315
-0.024056
-0.550793
0.089093
0.182999
0.575088
0.063949
-0.044241
0.094571
-0.150846
-0.259001
-0.165366
0.372840
0.313132
0.415028
-0.594409
-0.134055
-0.502813
0.335491
0.629962
0.013564
-0.487786
0.368940
0.523469
-0.494626
-0.516584
-0.034278
0.389830
-0.032106
0.517192
-0.574325
-0.246794
-0.529178
-0.072662
-0.591796
-0.423918
0.648770
-0.010985
0.294181
-0.479596
-0.092523
0.529670
0.250425
-0.379228
0.167252
0.220763
0.212475
-0.107914
-0.022614
0.136132
0.441977
-0.438111
-0.703871
0.411261
-0.411721
-0.047653
0.036163
-0.429027
-0.074900
0.240224
-0.283055
-0.142876
-0.134325
-0.675813
0.268094
-0.321934
0.157630
0.622899
0.055565
0.441764
0.414658
-0.115666
-0.254734
0.010586
0.297610
0.221100
-0.019925
0.445515
-0.187146
-0.003705
-0.454612
-0.195330
-0.513890
0.126494
-0.051158
-0.442623
0.548736
-0.136160
-0.368408
0.095588
-0.150973
0.344207
-0.155749
0.059358
-0.368954
0.099356
0.549541
0.370519
-0.626484
-0.303262
0.308406
0.166758
0.083555
-0.488317
0.101905
-0.511955
-0.315659
0.040925
0.499495
-0.456236
0.366660
0.064334
0.304601
0.466698
-0.161278
-0.394251
-0.380031
-0.390504
-0.403104
0.285261
-0.158418
-0.413257
-0.392776
0.206171
0.051033
-0.494058
-0.390095
-0.434073
0.420852
0.341381
0.264166
-0.248833
-0.226708
0.229786
0.274632
0.453410
0.130417
-0.497249
0.355855
0.526817
-0.444029
0.508910
-0.408728
0.255608
0.364576
0.459624
0.138021
0.041454
-0.255025
-0.082322
-0.068622
0.696232
0.320013
-0.320691
0.010642
-0.324439
-0.713161
-0.316075
0.436929
-0.549963
-0.539522
0.471088
0.199002
0.584716
0.464968
-0.540103
-0.250437
0.108189
-0.006615
0.350440
-0.003417
-0.077379
0.382411
0.013770
0.097898
-0.164497
0.112193
0.324438
0.220897
0.114341
0.563877
0.354126
0.178673
-0.233607
0.247579
0.333702
0.035874
-0.498566
-0.130637
0.477289
-0.288515
-0.677674
-0.050925
0.390776
-0.343169
0.414699
0.172779
