0.023797
-0.145858
0.011067
-0.599262
0.312529
-0.175275
-0.613437
0.592709
-0.019979
-0.032664
-0.100054
-0.359751
0.004658
-0.213877
-0.542780
0.204931
-0.223387
-0.477562
-0.230170
0.211469
0.493514
-0.317338
-0.140633
0.442184
0.002639
-0.122907
0.552689
-0.428030
0.373500
-0.261334
-0.075740
-0.106180
-0.187931
-0.129197
0.083469
-0.038422
-0.593224
-0.477403
-0.509415
-0.160953
-0.257297
-0.455728
0.332250
-0.212963
0.496729
-0.543204
0.266173
-0.107499
-0.272280
-0.289266
0.351185
0.525936
0.290054
-0.453176
0.246354
-0.264030
-0.282623
0.457119
-0.403540
0.596062
0.275011
0.518869
0.517703
-0.416740
-0.147624
0.417274
0.268322
0.055614
0.333981
-0.163228
-0.025945
-0.457553
0.063177
-0.412118
-0.129115
-0.182294
0.226491
-0.082210
0.572382
-0.020255
0.003473
-0.242125
-0.482876
0.074532
-0.507985
-0.444967
0.032555
-0.039409
-0.221193
0.270528
-0.248123
0.230511
-0.115214
0.218810
0.563295
-0.443926
-0.079202
0.182381
0.203109
0.381238
0.560530
-0.332340
0.354427
0.230220
-0.013867
-0.268547
-0.302837
-0.521575
0.495901
-0.347565
0.547019
0.252501
-0.523062
-0.225802
0.107777
-0.105006
-0.012426
-0.157195
-0.082979
0.507593
-0.270841
-0.258758
0.272035
-0.140620
0.186807
-0.311670
-0.185500
-0.147184
0.657332
-0.353029
-0.629637
-0.604785
0.296845
0.192009
-0.583060
0.175077
-0.626815
-0.458873
0.138223
0.134206
-0.255417
0.043428
0.171827
-0.303113
-0.465948
0.450167
-0.355102
-0.527389
0.092279
0.012197
-0.264882
-0.214570
0.496529
-0.324408
-0.142296
0.151586
-0.035071
0.819652
-0.152345
-0.139293
-0.161716
0.198364
0.731770
0.395719
-0.500884
0.039486
-0.116994
0.103534
-0.111390
0.138465
0.127635
0.457918
0.295895
-0.232338
0.168594
0.519274
-0.363340
-0.235796
0.290122
0.063331
-0.344791
0.302362
0.200354
0.274796
0.244701
0.141733
0.279503
-0.428580
0.030927
-0.008550
0.537880
0.364498
-0.110960
-0.163041
0.342212
0.173961
-0.188337
-0.024950
0.078726
-0.412922
-0.207393
0.105202
0.180143
-0.267487
-0.283938
-0.086069
-0.280472
0.065306
-0.206339
0.463086
-0.208374
0.341435
-0.373994
-0.146405
0.545558
-0.166342
0.208436
-0.239241
0.233619
0.144917
-0.381398
0.267889
0.594851
0.092116
0.119329
0.310782
0.009486
-0.546904
0.154210
-0.476175
0.260463
-0.551893
0.327124
-0.047791
-0.099827
0.180955
-0.090923
-0.358914
-0.441837
-0.020164
-0.486342
-0.422755
0.380720
-0.366279
-0.472350
0.426795
-0.059082
0.213476
-0.509788
0.626056
0.048379
0.876316
0.255016
0.255608
0.161268
-0.562135
-0.219733
0.031653
0.326115
-0.152415
0.175208
0.539872
0.349980
-0.050666
0.472116
0.541183
-0.236429
0.127867
0.005122
0.005162
0.362105
-0.317367
0.454894
0.492078
-0.236781
-0.732506
0.112443
-0.115506
-0.142094
-0.081194
-0.575165
0.446890
0.301809
0.380692
0.113104
-0.439059
-0.320915
0.064360
0.254153
0.186093
-0.398133
0.379169
0.198526
0.377395
0.127709
-0.155860
-0.055821
-0.124125
-0.337360
0.441838
0.365515
-0.448645
0.171878
0.120377
-0.056945
-0.335592
0.531277
0.402837
-0.082227
0.416745
0.238658
-0.426325
0.130195
-0.050007
0.364690
-0.089146
0.145488
-0.157105
0.113790
0.011662
-0.309406
-0.504644
-0.078381
0.017017
-0.384000
0.454068
-0.100553
0.235165
0.182779
-0.005424
0.123562
-0.224006
0.090636
-0.321164
0.092549
0.267298
-0.446219
0.430721
-0.131810
0.465782
-0.778369
0.182796
0.009159
-0.179813
0.023532
-0.468877
-0.196930
0.368468
0.303711
0.258968
-0.180214
-0.193153
-0.040748
-0.081793
0.082587
-0.311790
0.338149
0.286687
0.200626
-0.261013
-0.027631
0.050338
0.390016
0.257780
0.220204
-0.603252
-0.494139
-0.674518
0.369334
-0.070208
-0.146471
-0.442854
0.031304
-0.310997
0.355475
-0.262154
-0.494386
-0.296588
-0.027618
-0.305372
0.130986
-0.377244
-0.129312
-0.087173
-0.498581
-0.158498
0.179023
-0.367374
0.136502
0.067113
-0.012140
-0.399846
0.271820
0.272385
-0.097616
0.366153
-0.191634
-0.464212
0.044643
0.274635
0.031538
0.393978
0.199897
-0.055187
-0.057792
-0.124095
0.130662
-0.196142
-0.187223
0.342568
-0.386705
0.512818
-0.021665
0.335754
0.096583
-0.305290
0.220715
-0.142421
0.579636
0.222351
-0.021163
0.297927
0.140592
0.169106
-0.191520
-0.133581
-0.306619
-0.136203
-0.163526
-0.014986
0.274211
0.185547
-0.039852
-0.217128
-0.010131
0.195005
0.019887
0.538196
-0.038406
-0.225070
-0.509224
0.468342
0.161309
-0.720999
0.164142
-0.072738
0.403960
0.145074
0.309393
-0.329137
0.293867
-0.216553
0.063861
0.107843
-0.119421
-0.407510
-0.177033
-0.108077
-0.099443
0.177695
-0.100781
-0.196600
-0.072820
-0.481648
0.256595
-0.182099
0.429732
-0.414946
-0.545938
-0.656880
-0.417998
0.382576
0.258062
-0.268786
-0.036267
0.367127
0.120625
0.144281
-0.051157
0.653211
-0.432316
-0.403941
0.172826
0.380166
-0.214389
-0.467800
-0.071013
0.247463
-0.461180
0.690794
-0.416724
-0.233326
-0.014175
0.013981
0.281599
-0.135626
-0.178846
-0.265267
-0.087835
0.388513
0.014621
0.010510
-0.047044
0.461730
0.296244
0.557892
0.363035
-0.457606
0.232550
0.469126
-0.067788
0.057919
-0.354396
-0.195455
0.104624
0.541511
-0.599663
-0.368914
0.487268
-0.572233
-0.359864
-0.353659
0.043459
0.046679
-0.084644
0.052858
-0.351260
0.342058
0.378922
-0.369071
0.218246
0.588213
0.315810
0.244147
-0.114846
0.285857
0.194018
-0.248817
-0.036679
0.115505
0.096233
-0.391427
0.350232
-0.739885
-0.238217
-0.189655
-0.383440
-0.208435
0.173554
0.550118
0.070369
0.060572
0.264508
-0.188294
0.537182
-0.077530
-0.226589
-0.329827
-0.391689
-0.790231
0.236819
0.160846
0.019854
0.098680
-0.453515
-0.283833
0.076341
0.248055
0.007753
-0.525407
0.494988
0.634943
-0.470699
-0.106964
-0.034664
-0.281748
0.443010
-0.343363
0.385504
0.215645
0.214690
0.565918
-0.078575
0.629596
0.392057
0.174960
0.086219
0.499924
0.255899
-0.206843
0.521754
-0.367468
-0.241418
-0.582862
0.243730
0.202423
0.357298
0.483645
0.082350
-0.174322
-0.128990
0.275553
-0.255528
0.069335
-0.688602
0.022179
-0.133410
0.059953
-0.400048
0.097743
0.271894
0.476874
0.191963
-0.078861
-0.354828
-0.507363
0.501805
0.120871
-0.049908
0.275288
0.160612
0.696069
-0.572406
0.149813
0.187821
0.074277
-0.125844
0.511245
-0.164295
-0.069728
0.336249
-0.091481
0.196563
-0.345125
0.279438
0.512211
-0.564360
-0.394980
0.441268
-0.074860
0.624183
-0.311004
0.047797
-0.367086
0.560914
-0.348789
-0.311467
0.099680
0.049526
0.054879
0.409041
-0.670061
0.540895
-0.082132
-0.317755
-0.485323
0.153679
-0.036142
-0.235582
0.301777
0.157722
-0.566719
0.292376
-0.439648
0.268486
-0.200470
-0.210962
0.037849
0.075546
-0.088429
0.664927
0.005406
0.243862
0.673494
0.302061
-0.238501
-0.118592
-0.028306
-0.187218
-0.027292
0.349066
-0.349706
-0.531101
0.013491
0.085822
0.691126
-0.137737
0.102532
-0.074134
-0.215818
-0.244877
-0.196826
-0.687748
0.239921
-0.077015
-0.553728
-0.331528
-0.216765
-0.488603
-0.218251
0.550359
0.056052
0.029423
-0.307800
-0.184099
-0.178145
0.044716
0.135169
-0.207573
-0.124885
0.094974
-0.721949
-0.011071
0.394661
0.357299
0.236449
0.116011
-0.123759
0.550435
0.224910
0.177460
0.390098
-0.086109
0.033851
-0.078245
0.067446
0.158546
-0.284979
-0.260045
0.387427
-0.126277
0.621988
-0.362424
0.203507
-0.396038
-0.054762
-0.030773
0.596250
0.549092
-0.153238
-0.375070
-0.115456
0.414742
-0.369226
0.328536
-0.489980
0.108349
0.248189
0.153375
-0.242052
-0.314481
-0.069927
-0.424750
-0.165480
-0.015625
0.353198
-0.399658
0.216470
-0.470249
-0.302359
0.027695
0.104897
0.121938
0.115301
0.096966
-0.393216
0.230828
0.462150
-0.468872
-0.375504
0.296506
0.046560
0.210138
-0.456327
0.623562
-0.314442
-0.246381
-0.309914
-0.599138
0.470147
0.256859
-0.293465
0.471332
-0.702427
0.316115
-0.306347
0.390516
0.374859
-0.151664
0.298227
-0.097625
0.053356
0.258929
0.494632
-0.564587
-0.330329
0.332674
0.213116
-0.156108
-0.180703
0.324209
-0.075546
-0.100743
-0.157891
-0.022925
0.376717
-0.269094
0.234119
-0.316293
0.020890
0.011243
0.360404
-0.319584
-0.144458
0.218158
-0.299188
