0.108562
-0.556238
-0.025031
0.384520
-0.113836
0.379867
0.437313
0.436978
0.113225
0.357798
-0.072130
-0.555786
0.187960
-0.342236
0.096135
-0.177360
-0.033583
-0.055458
0.066320
-0.125018
0.613683
-0.187689
0.091237
0.311779
-0.421868
0.245568
0.771092
-0.313002
-0.404557
0.082285
0.256829
-0.129200
0.298954
-0.281326
-0.173085
0.052419
0.325201
-0.802774
-0.130729
-0.384380
0.250622
0.287024
0.262592
-0.144524
0.153586
-0.387749
-0.519512
0.401791
0.408513
-0.021451
0.695900
0.072779
0.698484
-0.408684
0.004011
0.062448
-0.559348
-0.582308
-0.033652
0.255370
0.087003
-0.521997
-0.009567
-0.524093
0.407672
-0.728268
0.279435
-0.227784
0.358768
-0.292910
-0.231575
-0.343338
0.342307
0.237309
0.573335
-0.052056
-0.528873
-0.119002
-0.277571
-0.690487
0.066734
0.421891
-0.381868
0.498232
-0.196461
-0.065769
-0.362905
0.531584
-0.114184
-0.101631
-0.030946
0.397381
-0.433383
-0.155512
0.016124
-0.083872
-0.207496
-0.506087
0.503720
0.444172
0.316794
0.396766
0.229862
-0.293950
-0.189156
0.517099
0.695634
0.214000
-0.034208
-0.188191
-0.216188
0.312046
0.371899
-0.298621
-0.264758
-0.419439
0.247974
-0.241042
0.400030
-0.455816
-0.253442
-0.138369
0.021591
0.291420
0.268531
0.539898
0.168891
0.174565
-0.302236
0.701756
0.273700
0.507107
-0.041566
0.310977
-0.516358
-0.291517
-0.137620
0.234119
-0.183965
0.396628
-0.583015
-0.441186
0.072336
0.075782
0.257889
0.159925
-0.389172
0.202487
0.035564
0.296843
-0.315679
-0.464115
0.587611
0.060822
0.029299
0.488255
0.008351
0.059310
0.046011
-0.252747
-0.483204
-0.079994
0.588097
-0.134817
-0.197141
-0.246430
-0.100707
-0.648909
-0.264988
-0.156488
0.425907
-0.152756
-0.512785
0.407840
0.146707
-0.189060
-0.460709
0.404583
-0.299400
0.094853
-0.179320
-0.071709
0.077030
-0.510178
0.321723
0.055665
-0.529910
-0.506840
0.362868
-0.179525
0.042140
-0.578069
-0.232528
-0.153958
0.048079
-0.374299
0.053509
0.281130
-0.537945
-0.477237
-0.117212
0.105615
0.253147
0.064753
0.058386
0.409175
0.337514
-0.364763
-0.204778
-0.016629
-0.193681
0.456296
0.097464
0.509732
0.471965
0.388435
0.132056
-0.092628
-0.159403
0.125627
-0.291640
-0.531670
-0.581850
0.070004
0.157328
0.466925
-0.125212
-0.673522
-0.182646
-0.426307
-0.474706
-0.180452
0.614219
0.231496
0.013698
0.212629
-0.051490
-0.145702
0.051935
-0.440769
0.177324
0.009541
-0.219832
-0.019089
0.751685
-0.005446
0.449907
-0.153545
0.016297
0.274433
0.513796
-0.216971
-0.030433
0.248812
0.155582
-0.113505
-0.093326
0.534520
0.614851
-0.532748
0.366622
-0.656719
-0.191364
0.415157
-0.352032
0.136859
-0.342377
0.412150
-0.476902
0.243018
-0.388347
-0.710361
0.010243
-0.163380
0.353408
-0.299101
-0.148405
-0.107152
-0.114192
-0.205186
0.220633
-0.248097
-0.337950
0.314260
0.276270
-0.491227
0.078832
-0.444365
0.453455
0.274785
0.434925
0.151566
0.177425
0.297485
0.465772
0.154358
0.475381
-0.606331
-0.095974
0.064560
0.110591
0.062932
-0.251331
-0.042655
0.339449
-0.007905
0.034817
-0.186811
-0.159056
0.568503
0.044390
-0.147902
-0.518564
0.239922
0.230881
0.221057
0.082117
-0.090462
0.720347
0.418431
0.069272
0.368733
-0.591055
0.238952
-0.031193
0.201551
-0.086133
-0.366241
-0.304069
-0.098568
0.044425
-0.354220
0.226777
-0.350280
0.168090
0.445314
-0.269529
0.118710
-0.574027
-0.012438
-0.337034
0.724013
-0.020630
0.521512
0.396780
0.312120
0.427989
-0.279060
-0.517529
-0.254510
-0.477425
-0.119900
-0.033008
0.490350
0.255992
0.539685
0.403128
0.349397
0.324673
0.388927
-0.081010
0.395844
-0.207399
0.148276
-0.701309
-0.125675
0.178635
0.460821
0.362400
-0.113540
-0.580053
0.323693
-0.098206
-0.535852
-0.256682
0.231600
-0.215853
-0.167174
-0.113578
0.072994
0.007054
0.381764
-0.345941
0.208788
-0.602732
-0.164820
-0.115561
-0.367374
0.179101
-0.411584
-0.181975
-0.280591
-0.350879
0.033687
0.332072
-0.389182
0.428445
0.441871
-0.055529
-0.728291
-0.157612
0.393978
-0.264990
0.455568
-0.127658
0.574022
0.033737
-0.170917
0.319287
0.424567
0.265742
-0.408839
0.087881
0.560883
-0.560615
-0.265431
0.013611
-0.119344
-0.159800
0.369662
0.122631
0.289057
0.128876
0.245410
-0.013254
-0.248626
-0.410891
0.020782
0.238767
-0.133348
-0.044725
0.216427
-0.412054
-0.341362
-0.067412
-0.039309
-0.021654
-0.059592
-0.451845
-0.134548
-0.253833
-0.250658
0.162875
0.586966
-0.316566
0.413744
0.010530
-0.001308
0.342811
0.219060
0.390989
0.250473
0.321745
0.045407
0.184646
-0.073077
-0.197655
-0.095205
-0.334494
-0.628895
0.569637
0.167557
0.235213
0.087531
-0.505927
-0.592639
-0.194445
-0.408967
-0.361744
-0.309107
0.439014
0.216797
0.461101
-0.012756
-0.264452
0.355773
-0.695074
0.101099
0.304285
0.066274
0.021091
-0.408839
0.122774
0.290819
0.019075
0.230222
0.363912
-0.237084
0.061198
0.121248
0.122092
-0.004631
0.328138
-0.086384
-0.659343
-0.021665
-0.266849
-0.071322
-0.526630
-0.086687
-0.405647
0.244227
0.299023
-0.311113
0.165580
0.000406
0.395139
-0.493829
-0.111086
-0.344035
0.079247
0.062575
-0.424999
0.388645
-0.311605
0.360860
0.413295
0.246492
0.254339
0.490593
0.333798
-0.108185
0.043459
-0.166486
-0.459786
0.441631
0.949378
0.417082
-0.003508
-0.156882
0.332187
0.192805
0.465306
0.221432
0.354544
0.126210
0.537852
-0.420646
0.350742
-0.057978
0.116011
0.069838
0.201509
-0.611218
0.637314
0.090711
0.056708
-0.159231
0.167547
0.090086
0.418692
0.439677
0.111175
-0.151187
0.047233
-0.096573
0.536341
0.737436
0.153787
0.197182
0.204515
-0.110206
0.268383
-0.168345
0.112343
0.221342
-0.470548
-0.100856
0.162756
-0.499756
0.323541
0.502667
0.142040
0.090502
-0.100050
-0.101491
-0.019386
-0.420741
-0.383152
-0.266511
0.017893
0.604055
-0.493482
-0.235533
-0.119048
-0.483999
-0.327833
-0.298348
-0.605577
-0.143079
0.180097
0.490595
-0.112816
-0.434805
0.038268
-0.281984
0.506119
-0.017347
-0.034065
0.395033
-0.196823
-0.342552
0.521362
0.237034
-0.564636
0.415215
0.215435
-0.178909
-0.129305
0.494569
-0.478571
-0.161430
0.253601
0.081849
-0.427237
-0.072987
-0.157441
0.140981
-0.187890
0.232698
0.480238
-0.496803
-0.295376
0.286542
0.386481
0.380468
-0.165413
0.153727
-0.059130
0.271598
-0.086121
0.496963
0.084433
-0.175570
0.181380
0.254163
-0.124651
0.142716
0.030373
0.174484
0.051219
-0.225055
-0.191397
-0.143438
-0.623174
0.007321
0.042327
0.041786
0.009683
-0.042678
0.035318
0.543470
-0.401322
0.407107
-0.242518
-0.264351
0.027771
-0.382448
-0.288951
0.169027
0.259635
-0.479894
0.100714
0.525448
0.110010
0.112939
-0.651558
-0.379941
0.024926
0.261577
-0.471949
-0.172779
-0.276534
0.200497
-0.538025
-0.188226
0.007573
0.276990
0.002546
0.236333
-0.085590
0.150754
-0.047717
0.112261
-0.412400
0.493080
-0.218464
-0.308278
-0.265211
0.324863
-0.674578
0.055237
0.107795
-0.058632
0.064736
0.174926
0.178970
0.076780
-0.325439
-0.251098
-0.278662
0.232316
0.039346
0.405955
-0.200657
0.081457
-0.575955
-0.445158
0.588020
0.302240
-0.524162
0.315860
-0.239386
0.439099
-0.119176
0.123978
0.068244
-0.158829
0.406419
0.436946
0.019251
0.247323
-0.214487
-0.030721
0.447375
-0.033891
0.230587
-0.674305
0.047148
-0.100036
-0.118697
0.588227
0.393837
0.597455
-0.417292
-0.102681
-0.331249
0.318205
-0.534960
-0.130848
-0.302083
-0.550721
-0.420102
0.454615
-0.563448
-0.567767
0.435404
-0.190034
-0.390647
0.262733
0.196486
-0.005207
0.083818
-0.110223
-0.239768
0.110265
-0.388890
0.214551
0.282880
0.302696
-0.316568
-0.012070
-0.188666
0.607878
0.053794
0.226313
-0.102526
-0.154814
0.106577
-0.209664
0.475673
-0.549171
-0.268662
0.377911
-0.225406
-0.002363
0.371550
0.278137
0.101071
0.076527
-0.154570
-0.293465
0.210489
-0.561334
-0.500272
-0.451046
0.474911
-0.479536
-0.007299
0.404429
-0.273626
-0.219574
-0.151625
0.486249
-0.564228
0.364747
0.246381
0.386913
0.134558
-0.252712
0.106548
-0.156349
-0.112555
-0.187864
-0.506461
-0.260313
0.252220
0.080816
-0.159178
0.053498
0.025553
0.032222
0.243452
0.007692
-0.609859
0.316906
