-0.081723
0.367676
-0.068362
-0.201439
-0.182299
0.077291
0.291207
0.499629
0.239321
0.386736
0.004604
0.416834
0.147510
0.576769
-0.469561
0.087057
0.019309
-0.299191
0.224565
-0.163283
-0.026461
-0.047085
-0.513556
-0.362052
0.143742
0.508171
0.460804
0.168527
-0.047819
0.005961
0.309536
-0.115113
-0.581295
-0.472395
0.033653
0.256962
0.362080
0.127857
0.215382
-0.519211
0.304988
-0.432982
-0.369557
-0.051511
0.025076
-0.145775
0.090574
0.004105
-0.209683
-0.448505
-0.375539
-0.402378
-0.182130
-0.528289
0.110536
-0.581663
0.003920
0.143858
-0.033652
-0.529675
-0.249874
-0.316205
0.432256
0.336095
0.475428
0.526508
-0.146614
-0.207769
0.099146
-0.455473
0.159531
-0.255818
0.211089
0.105506
0.285956
0.189876
-0.187553
0.366788
-0.131039
-0.516879
-0.161752
0.303100
-0.324241
0.246316
0.279546
0.211619
0.134016
0.236895
0.019478
-0.082514
0.036733
0.264116
0.255578
-0.453971
0.114725
-0.469741
-0.437136
-0.468296
0.196242
0.273032
0.519434
-0.371854
0.080024
0.204472
0.241184
-0.100300
-0.015917
-0.473318
0.116296
-0.390229
0.197456
0.594437
-0.402678
-0.409975
-0.454544
-0.168918
-0.200261
-0.359594
-0.238300
0.717625
0.353585
0.022896
-0.291724
-0.449680
-0.240757
-0.041186
0.335025
0.042315
0.165922
0.382812
0.273700
0.102167
0.254201
0.010730
-0.494521
0.198990
0.486619
-0.362690
0.590244
-0.228060
0.107055
-0.237383
0.051914
-0.404359
-0.615898
0.204910
-0.293287
0.134139
0.212772
0.298220
0.091740
-0.355044
-0.125198
-0.374955
0.063691
0.220010
-0.294151
-0.247736
-0.549168
0.323237
-0.161305
-0.309345
0.096273
0.066103
0.265722
0.043119
-0.353509
-0.106251
-0.358694
-0.283465
0.310836
-0.498386
-0.357733
-0.087807
0.121792
0.008022
-0.083634
-0.242342
-0.063072
-0.016366
-0.153161
0.476459
0.277935
0.223094
0.421255
0.231345
0.416750
0.295305
0.054649
-0.311115
-0.026402
0.065423
-0.159593
0.395753
0.404457
-0.014262
0.305912
-0.512424
0.020709
-0.596358
0.492028
0.426522
-0.539193
0.014172
-0.321876
0.323314
-0.245595
-0.042163
0.008008
0.123413
0.061551
0.491519
-0.134194
0.025987
0.409279
-0.173066
0.186080
-0.223821
0.011273
0.514182
-0.153517
0.053189
-0.451674
-0.160368
-0.071162
0.294034
-0.411942
0.169298
0.159884
0.094613
0.106956
0.039944
-0.387712
0.141458
0.347705
0.212629
-0.319599
0.180780
-0.574292
0.786885
-0.513374
-0.088937
0.031591
0.162399
-0.573368
-0.263379
-0.203178
0.078297
0.111652
0.548791
0.539814
-0.150512
0.259000
0.020019
0.186183
-0.445598
0.082699
0.257908
0.199945
0.185623
-0.118614
-0.530192
0.736445
0.666809
0.080445
-0.008617
0.155184
-0.337944
-0.347166
-0.224110
-0.440544
-0.531248
0.456236
0.017227
-0.260606
-0.073146
-0.658432
-0.257644
0.461512
-0.101784
0.376445
-0.326687
0.109207
0.318700
0.012481
0.090777
0.340177
0.077262
-0.483820
-0.329809
-0.764113
0.176440
0.366768
-0.855484
0.197128
-0.041568
0.377078
0.103137
0.517315
0.563199
-0.076544
-0.078950
-0.335855
0.062746
-0.346614
0.159604
-0.003872
0.570498
-0.355847
-0.058765
-0.075841
-0.182561
-0.707702
-0.091520
0.469708
-0.138446
-0.382936
0.606118
0.269459
-0.275701
0.217819
0.139693
-0.108836
0.216061
-0.028244
-0.150321
0.404910
0.185114
-0.051643
0.422078
0.272062
-0.206143
0.154390
-0.244233
0.076905
0.182299
0.036105
-0.057660
-0.491809
-0.272561
0.328159
-0.076146
0.252165
0.382931
-0.140454
0.279285
-0.098657
-0.042071
-0.663479
-0.113280
-0.473215
0.732016
-0.360344
0.671528
-0.217071
0.138585
-0.360089
0.656536
-0.168002
0.457600
-0.346061
0.285697
-0.021765
0.116106
0.639694
-0.398887
0.138169
-0.714378
0.123848
-0.096593
0.714371
-0.363756
0.161155
-0.563571
0.019435
-0.030764
0.234666
-0.592001
-0.227752
-0.311476
-0.334436
-0.062880
-0.107809
-0.099858
-0.349913
-0.013422
-0.144556
-0.425829
0.206136
0.147041
-0.280182
0.044936
0.306070
0.429875
0.126251
0.615760
-0.381787
-0.198445
-0.315680
0.196893
0.259531
-0.716347
-0.434673
0.269485
-0.064603
0.121582
0.424423
-0.393829
0.365004
-0.128922
0.080124
-0.392114
-0.227573
0.470847
-0.302529
0.189869
0.011261
0.207601
-0.581510
0.273432
0.452187
0.442368
-0.171735
0.346800
0.361243
0.173768
0.446367
-0.419674
-0.129153
-0.313732
0.352894
0.246746
-0.410075
0.217185
-0.079065
0.082501
0.017672
-0.408465
0.030150
-0.484024
0.243062
0.233939
0.308157
-0.825695
0.217872
-0.142352
-0.487058
-0.537968
-0.022867
0.134549
0.281170
-0.085029
0.528902
-0.458143
-0.453230
-0.072495
-0.528668
0.322303
0.251258
-0.120305
-0.494022
-0.086363
0.059424
0.340999
-0.068478
-0.040249
-0.523020
-0.018863
0.027089
0.385587
0.406922
-0.115255
-0.605257
-0.085894
0.780212
-0.287627
-0.321657
0.083533
-0.286456
-0.114314
0.808203
0.216395
0.261407
0.416437
-0.264350
0.555116
0.126681
-0.284104
-0.447224
0.451484
0.180326
0.141665
0.151236
-0.122840
-0.134853
0.163460
0.663274
-0.246389
0.074019
-0.436494
-0.581206
0.458741
0.526257
0.043718
-0.555027
0.115594
-0.285808
-0.191924
-0.290835
0.737361
0.661547
-0.294975
-0.152268
0.016236
0.052294
0.145939
0.392233
-0.107110
0.557197
0.215523
-0.329213
0.059214
0.081620
0.462178
0.427828
-0.171799
0.560780
0.119388
-0.087130
-0.314515
-0.338670
0.060936
-0.476333
0.406338
0.171186
-0.134034
0.381941
0.150035
0.139942
0.381685
-0.062067
0.288498
0.568859
0.300641
0.351222
0.013696
-0.386795
0.466715
-0.294321
0.582887
0.097978
0.142682
0.236380
0.654818
0.400760
0.026371
-0.484831
0.251343
-0.322303
-0.289530
-0.105400
0.099158
-0.513582
0.102192
0.679985
0.231761
-0.333170
-0.299302
-0.002922
-0.525407
0.166848
-0.134505
-0.515964
0.019229
-0.644881
0.457282
0.103074
-0.223293
-0.513818
0.041911
-0.533869
-0.054599
-0.140301
0.497373
-0.449332
0.298146
-0.375233
-0.026995
-0.634247
-0.085105
0.595575
0.001594
-0.289556
-0.109234
0.333684
-0.074462
0.228389
-0.006439
-0.069752
0.125889
-0.379508
-0.270702
-0.540018
-0.464197
0.481986
-0.239450
0.028182
0.076534
0.227692
0.387588
-0.473897
0.284852
-0.340750
-0.096941
0.114979
-0.033947
-0.037943
0.156997
0.395761
0.200545
0.570692
-0.001528
-0.434038
-0.002819
-0.212825
0.399995
0.076112
-0.243114
-0.198428
-0.097220
-0.655657
0.336266
0.172043
-0.056363
-0.317177
-0.010699
0.820111
0.307088
0.197429
-0.201040
0.677214
-0.022184
0.123238
-0.114063
-0.024112
0.573712
-0.042406
0.309571
0.582583
-0.065926
0.121065
0.053355
-0.032200
-0.195513
0.082268
0.422207
-0.349823
-0.205099
0.348577
0.533911
-0.378598
-0.214019
-0.358743
-0.361533
0.238177
0.307752
0.163215
-0.627790
-0.372887
-0.185711
0.146550
-0.358204
0.209673
0.136550
0.328513
-0.094636
-0.081765
0.128347
0.019004
0.416365
-0.263982
-0.417292
-0.030615
-0.071919
-0.286306
0.725047
0.055243
-0.108855
-0.433012
-0.352859
-0.160143
0.070575
0.105750
0.373032
-0.034172
-0.570250
0.178970
-0.471744
-0.179602
0.363239
-0.197020
0.093220
-0.595807
0.319128
-0.322996
0.094996
0.002947
-0.099680
-0.281186
-0.384254
0.205253
0.155283
0.032093
0.423831
0.054100
-0.278960
0.207526
-0.837546
0.771878
0.556048
-0.587427
-0.273140
-0.563811
0.136468
-0.343866
-0.183330
-0.290401
-0.001074
-0.246756
-0.543783
0.009653
-0.254041
0.344917
0.532917
0.267920
-0.068744
0.006503
-0.298698
0.449819
0.380211
-0.186077
-0.492447
0.075795
0.245447
-0.427152
-0.205793
0.190863
-0.281232
0.475522
0.418883
0.207491
0.128058
0.333962
0.472842
0.341522
0.280999
0.242590
-0.510281
-0.128857
-0.397355
0.037238
0.460814
-0.372645
-0.113500
0.287182
-0.340619
0.316336
-0.027072
0.369331
-0.396193
-0.346161
0.244318
-0.214189
0.346061
-0.333462
-0.095982
0.395037
0.121324
-0.172199
-0.268651
0.117997
-0.373141
0.166989
-0.156128
0.289800
0.637497
-0.042756
0.721922
0.169543
-0.348340
0.444984
0.270203
-0.078731
-0.379912
-0.406839
0.039369
0.108323
0.106108
0.195724
-0.048009
0.293033
0.021905
0.242485
-0.589517
0.076546
-0.170926
-0.171311
-0.576374
0.414532
-0.364430
-0.434054
0.152229
0.221084
-0.446598
0.145738
0.437196
