-0.176457
-0.376897
0.409982
-0.042908
-0.290689
-0.300618
0.343097
0.151529
0.418855
-0.054888
-0.008587
-0.156367
0.112291
-0.074639
-0.381780
-0.042646
0.025237
-0.138693
-0.039463
0.132096
-0.517019
0.227418
-0.074652
0.440815
-0.023800
-0.010901
0.717182
-0.015586
-0.274286
-0.096801
-0.036709
-0.125672
-0.474093
-0.069880
0.260188
0.288408
0.304995
0.042774
0.023232
-0.029751
-0.177831
-0.484180
-0.197879
0.685915
-0.348460
0.000410
-0.362160
0.065275
0.345355
0.596692
0.432810
0.080073
-0.456741
-0.363319
0.611429
-0.416102
-0.407935
-0.071831
0.064765
0.201683
0.351600
-0.393456
0.546882
-0.259246
0.575040
0.417274
-0.133540
-0.097075
0.129162
-0.330809
0.170786
0.127515
0.137197
0.299190
-0.080119
0.476602
0.290598
-0.342202
0.407128
-0.473150
-0.042325
0.099736
-0.333959
-0.152622
-0.595930
0.160759
-0.164969
-0.473506
-0.182420
0.202408
0.225179
-0.285840
-0.068138
-0.271772
0.276000
0.090369
0.254312
-0.652283
-0.263664
0.127834
-0.011890
0.044632
0.030480
-0.430571
0.216309
-0.496093
-0.261968
0.169441
-0.194258
-0.238086
0.443813
0.623975
-0.129779
-0.241309
-0.301212
-0.484690
-0.246564
-0.082947
0.023296
-0.072262
0.361974
0.408134
-0.203456
-0.475695
0.158308
0.475457
0.214023
-0.040091
0.042258
0.221329
0.408686
0.327086
0.399214
-0.119872
-0.430554
0.488129
-0.140174
-0.073967
-0.154715
0.333794
0.003845
-0.193279
-0.183812
0.357713
-0.310684
0.371885
-0.309079
-0.252563
0.515790
-0.354803
0.344642
-0.213924
0.095304
-0.377513
0.034018
0.222170
-0.378148
-0.721994
-0.685903
-0.414799
0.454274
-0.029669
0.353503
-0.521167
0.394558
0.204090
0.078895
-0.404938
0.358854
-0.327386
0.441007
0.528112
0.019534
-0.386949
-0.481393
-0.551548
-0.247885
-0.444120
-0.190726
-0.405907
-0.410162
-0.250122
0.200319
0.391058
-0.262738
-0.396452
-0.519682
-0.047790
0.053556
0.349276
0.083440
0.203354
-0.141051
-0.242533
0.095058
-0.257059
0.604740
-0.741085
0.033673
0.539652
0.167755
0.333346
0.732955
-0.460385
-0.351250
0.359579
0.449090
-0.499073
0.303580
-0.070328
0.409774
0.360073
0.524687
-0.261308
0.367729
-0.142732
0.126105
0.259563
-0.070829
-0.086595
-0.341634
0.366099
0.614746
-0.379967
0.077786
0.294730
0.684068
-0.281610
-0.315060
-0.246204
0.062787
0.108955
-0.980999
-0.346274
-0.075044
0.296589
-0.350085
0.050264
-0.633397
-0.350820
0.002099
-0.049110
-0.839845
-0.354680
0.177717
0.080086
-0.140062
-0.207468
-0.435837
-0.458953
0.066874
-0.011770
0.032276
-0.169708
0.558648
-0.216241
0.100216
0.500050
-0.202330
-0.432905
0.015471
-0.112791
0.476152
-0.451340
-0.182296
-0.015427
-0.223701
0.236325
0.537890
0.347935
-0.319027
-0.018943
0.047907
0.438074
0.041515
0.193215
0.353508
0.559455
-0.048469
0.016895
0.364106
0.498951
0.073651
0.200067
0.286728
0.325269
-0.438754
-0.228662
0.499604
0.300154
0.470072
-0.506872
0.320367
-0.480530
-0.252155
-0.060052
0.246299
-0.046546
-0.302702
-0.167146
0.249987
-0.103608
0.406997
-0.397244
-0.121335
-0.395945
-0.020205
0.254373
-0.399133
-0.606935
0.086174
-0.033147
-0.357123
-0.109109
-0.034196
0.359025
0.403323
-0.264723
-0.055302
-0.339516
-0.462353
0.531380
-0.441900
-0.126050
0.339611
-0.073854
0.317595
-0.336629
-0.509661
-0.210315
0.333838
-0.322949
-0.602652
-0.010581
-0.006849
-0.373454
0.293904
0.269094
-0.477645
0.542646
-0.430848
-0.044094
-0.156379
0.091435
0.303386
-0.077703
0.012765
0.406166
0.272621
0.168537
0.204579
-0.170421
-0.520359
0.009369
-0.087859
-0.154441
-0.622317
0.285605
0.211896
0.179593
-0.113334
-0.022592
0.197539
0.198746
-0.515758
-0.023744
0.334166
-0.338071
0.156595
-0.149132
-0.028097
0.287463
0.367242
0.375742
0.317068
0.044102
0.312137
-0.150098
-0.600766
0.114692
-0.390851
-0.092261
0.042231
0.533371
-0.324982
0.430419
0.336288
0.158306
0.496514
-0.003480
0.070959
0.020797
0.328707
-0.674442
-0.301635
-0.129312
0.193024
-0.157657
0.034559
0.561080
0.036811
-0.241174
0.036112
0.121075
0.018338
0.005253
-0.094599
-0.281826
-0.268314
0.361244
0.127936
0.427292
0.513810
0.590748
-0.065512
-0.321443
0.251118
-0.137697
0.414980
-0.392997
0.419743
-0.334905
0.145942
0.424500
-0.165195
-0.291355
-0.290691
-0.273767
0.418493
0.209731
0.433297
-0.155454
-0.380207
-0.547253
0.304221
-0.367451
-0.203256
0.438818
-0.452404
0.246141
-0.431187
0.390263
-0.024990
-0.410555
0.318269
-0.120967
0.324670
-0.111889
-0.197373
0.354131
0.739850
-0.456053
0.040930
0.166921
0.081220
0.348396
-0.383001
0.103479
-0.434622
0.267413
0.221349
-0.019098
0.343685
0.225840
0.237261
-0.359228
0.061960
-0.115697
-0.594369
-0.673912
-0.456331
-0.316451
0.647986
0.046202
0.524246
0.274655
-0.126043
0.448034
0.243420
-0.578309
0.363113
0.021901
0.015235
-0.047848
0.472773
-0.074048
-0.546268
-0.169398
-0.015505
0.283160
-0.484348
0.201137
-0.232911
-0.108892
-0.082096
0.212239
-0.357064
0.279841
-0.462049
-0.272478
-0.405762
0.251514
0.233678
-0.500212
0.548457
-0.350984
-0.365097
0.301255
-0.468779
0.539433
-0.070035
-0.283311
-0.122229
-0.474997
-0.155686
-0.385576
-0.027579
0.042198
-0.331698
-0.383852
0.380231
-0.059244
-0.133707
0.113690
-0.131029
0.585383
0.382180
-0.220431
0.275520
-0.354224
-0.219790
-0.119155
0.483865
-0.648830
-0.499228
0.175587
0.257831
0.336360
0.391342
-0.303704
0.317207
-0.143986
0.524596
0.059289
0.331176
-0.069941
0.261346
0.445901
0.148115
-0.551141
0.179541
0.347779
0.446298
-0.212539
-0.091920
-0.468440
-0.100221
-0.279147
-0.243133
-0.690334
-0.204616
-0.611410
-0.153730
0.205171
-0.300702
-0.075524
0.375456
-0.370512
-0.534575
-0.439598
-0.032354
0.449224
-0.525833
0.229333
-0.328184
-0.037107
-0.059468
-0.512504
0.059059
-0.478098
0.664071
-0.294637
0.186239
0.332065
-0.325173
-0.350832
0.803698
0.955544
-0.369983
0.310473
0.441404
-0.096008
-0.085443
-0.067765
0.521516
0.490004
0.350519
-0.135948
0.385200
-0.154080
-0.172764
0.282762
0.535705
0.756299
-0.418608
-0.026971
0.011487
-0.301713
-0.176508
0.443595
-0.194722
0.117307
0.280217
-0.080261
-0.074567
-0.471494
0.730907
-0.069411
0.083328
0.316143
-0.233761
-0.191394
0.277747
-0.106697
-0.442878
-0.051693
-0.243831
-0.295270
0.379392
-0.475307
0.189049
-0.119171
0.091517
-0.340769
-0.275373
-0.370589
0.226521
0.259033
0.541820
0.420122
-0.515238
-0.244778
0.018018
-0.512774
-0.018028
-0.298178
-0.416258
0.054099
0.247783
0.025871
0.727581
-0.166239
0.504471
-0.384166
-0.013435
0.423111
-0.417675
-0.456835
-0.706372
0.026196
-0.415525
-0.029600
0.046701
-0.591054
0.374694
-0.078983
-0.652601
-0.293759
-0.032881
-0.017624
-0.174394
-0.080757
0.397893
0.504575
0.011800
-0.432633
-0.148507
-0.093489
-0.107244
0.260959
-0.061771
0.282903
-0.812285
-0.079460
0.419652
0.051366
-0.120202
0.666025
0.150592
0.093289
-0.487349
-0.002683
0.745512
0.478115
0.261307
0.122094
-0.666870
-0.182508
0.559039
-0.091109
0.185694
0.239006
0.238254
-0.226524
0.278629
0.116620
-0.391034
-0.416148
0.058228
-0.220513
0.161721
0.150740
0.128913
-0.138633
0.451033
0.484462
-0.117073
-0.085109
0.138738
0.301004
0.221374
0.393749
-0.026225
0.259501
-0.376444
-0.054408
-0.108496
0.078924
-0.244630
-0.354137
0.658059
0.485331
0.154544
0.205652
0.039829
0.291359
-0.027173
0.038610
0.248894
-0.350521
-0.507873
0.519368
-0.505092
-0.510758
-0.108183
0.575573
-0.203611
0.631537
-0.522534
-0.120825
-0.474599
-0.342391
0.598956
0.536576
0.673982
-0.091722
-0.543026
-0.506074
-0.302777
-0.376762
-0.315727
-0.274401
-0.096108
0.263513
0.264904
0.029853
0.289184
-0.180855
-0.071555
-0.259280
0.296346
-0.238584
0.823199
-0.088295
0.049091
-0.575801
0.481238
-0.277381
-0.054439
0.112422
0.916311
-0.206829
0.147275
-0.355770
-0.032129
0.092999
0.212926
-0.448791
0.057431
0.748243
0.381452
-0.366856
0.118999
0.104081
0.020376
-0.316715
-0.442656
-0.295865
-0.003187
-0.408690
-0.164948
0.114192
-0.601586
-0.432270
0.465338
0.108780
-0.033191
-0.119285
-0.179606
0.417004
0.379934
0.254721
-0.011147
0.047179
-0.179946
-0.173587
