0.421719
-0.334003
-0.000384
0.115765
0.203980
-0.182222
0.258542
-0.090485
0.006086
0.332738
-0.390593
0.107619
0.260053
-0.373691
0.408745
0.322986
-0.361981
0.169209
0.204123
-0.559281
-0.046867
0.316526
-0.311557
-0.408046
-0.561184
-0.345273
0.373123
0.533208
0.293118
-0.128805
-0.210939
-0.596170
-0.329005
-0.270131
-0.295061
0.427065
-0.254010
0.285494
0.072098
0.399429
0.134887
-0.381644
-0.236129
-0.275525
0.111293
-0.497575
-0.372527
-0.079185
0.355382
-0.043518
0.279421
-0.088715
-0.148486
-0.436375
0.113150
0.430097
0.244296
0.081416
0.360384
0.282149
-0.192737
0.148555
0.280270
-0.269176
-0.266385
0.262731
0.282448
0.332462
-0.240629
-0.776280
-0.039696
0.295293
0.315335
-0.319431
0.438811
-0.282201
0.253013
-0.116324
0.170648
-0.412454
-0.203695
0.328578
-0.322470
0.509589
0.209700
0.094210
-0.184577
0.529841
-0.204053
-0.028193
0.131536
0.756264
-0.178081
0.072153
-0.599827
0.007744
0.422876
-0.732638
0.437373
-0.192632
0.537800
0.157541
0.290669
0.034856
-0.417969
-0.319140
0.042492
0.446204
-0.342257
-0.019940
0.250096
0.387714
0.083062
0.233071
0.210079
0.455755
0.286219
0.398857
-0.086233
-0.343298
0.395816
0.133855
-0.340096
0.382139
0.169825
-0.246422
-0.067561
0.364351
0.150947
-0.491634
-0.741929
0.503453
0.158458
0.265419
-0.159585
0.736375
-0.093543
-0.373169
-0.379846
-0.465999
-0.606205
-0.134305
0.184216
-0.029682
0.015060
0.277699
0.676659
0.111606
0.378971
0.209784
0.268449
-0.172700
0.627361
0.130930
0.221767
0.075300
0.064164
0.059310
-0.362471
-0.130672
0.054410
-0.001304
0.419393
-0.174611
-0.216850
0.365859
0.229644
-0.124403
0.188100
-0.496478
0.157347
0.426849
0.258015
-0.152676
0.072748
-0.108398
0.316696
-0.651687
-0.485901
-0.007172
-0.130073
-0.100351
0.359798
-0.415672
-0.142407
-0.475542
-0.173751
-0.408739
0.091995
-0.361965
0.547678
0.433227
0.364962
-0.486505
0.007542
0.658522
0.363037
0.229076
-0.103677
-0.459231
0.320972
-0.020236
-0.485615
-0.615328
-0.358199
0.686670
-0.029558
-0.176074
-0.110316
0.346084
0.292672
-0.191199
-0.246642
0.177273
0.191025
0.518487
-0.104344
0.089400
0.059056
0.372683
0.516580
-0.242216
0.165093
0.041329
0.304446
0.526071
-0.259883
-0.411548
0.055928
0.410191
-0.351806
-0.420184
-0.235223
0.003791
-0.342452
0.398227
-0.063532
-0.071491
-0.232546
-0.483441
-0.309850
0.469699
-0.655616
0.215374
-0.543545
0.413972
-0.306675
-0.092940
0.567193
-0.036330
-0.212660
0.181636
0.403405
0.070337
-0.315013
-0.232614
-0.014363
0.114380
0.444578
-0.424733
0.458905
0.440975
-0.378391
-0.341731
-0.102574
0.008904
0.213635
0.175026
-0.059601
0.464078
-0.173240
-0.427440
0.018729
-0.102400
0.723707
0.557234
0.399840
0.448493
-0.047643
-0.026778
0.301068
0.064316
0.382891
-0.332827
0.257340
-0.505322
-0.486444
-0.210006
0.342630
-0.048105
0.507751
-0.365833
0.285735
-0.707996
-0.283975
-0.140557
0.102042
-0.146510
0.298913
0.518306
-0.152599
-0.002451
-0.197189
0.294626
-0.259836
-0.167756
0.126533
0.057915
-0.192090
0.268281
-0.112584
0.085287
-0.470332
-0.165404
-0.303497
-0.263977
-0.451949
-0.042326
-0.147385
0.362903
-0.152057
0.327898
-0.138950
0.174982
-0.500776
0.177180
-0.205868
-0.626147
0.130338
-0.178341
0.091568
-0.226985
0.110832
0.065159
0.008649
0.215773
0.326571
-0.177111
0.250022
-0.273504
-0.574098
-0.624342
-0.139991
-0.445963
-0.060029
0.352097
0.519179
-0.097214
-0.432565
-0.524055
-0.339115
0.642765
-0.370487
-0.408609
0.194752
0.465692
0.121333
-0.084817
0.328810
0.209993
-0.019397
0.011324
0.565156
0.433189
0.313893
0.429430
0.213636
0.555080
-0.088969
0.252979
-0.418591
0.453419
0.452285
0.020084
0.419361
0.269306
-0.543095
-0.207678
-0.037525
0.425713
-0.260640
0.225968
-0.160737
-0.161538
0.276031
0.349963
0.179014
-0.311995
-0.073273
0.652272
-0.124071
-0.573746
0.297562
0.438208
0.299328
-0.513161
0.129019
0.358480
-0.255139
0.370084
-0.363929
-0.414088
0.356433
0.290558
0.451086
-0.178060
0.461862
-0.155884
-0.375462
-0.525873
-0.463129
0.118063
-0.897431
0.192774
-0.362005
-0.247673
-0.101083
0.331749
0.286039
-0.065584
-0.240011
0.581439
0.310948
-0.178448
0.613110
0.026131
0.025547
-0.297145
0.207904
0.130106
0.173014
-0.224993
0.248715
-0.171051
-0.354905
-0.174561
-0.556329
-0.413939
-0.587999
-0.420327
-0.019157
0.465578
0.180611
-0.165478
0.046668
-0.150343
0.178727
0.295630
0.091910
-0.618400
-0.296149
0.425391
-0.182947
0.099694
-0.277939
-0.738924
-0.193145
0.163245
-0.042968
0.124217
0.422945
-0.105316
0.233728
-0.160744
-0.412703
-0.485506
0.057049
-0.106025
-0.579292
-0.348509
-0.133388
-0.325388
0.154790
0.124145
-0.071412
-0.165486
0.257853
0.475760
-0.147878
-0.061971
-0.660627
-0.192201
-0.242373
0.051050
0.491887
0.105417
0.030575
-0.348249
0.261922
0.159709
0.113566
-0.291176
-0.162357
-0.171492
0.379903
0.089930
-0.442019
0.000181
0.162483
-0.377606
-0.418166
-0.379764
0.012861
0.206948
-0.320225
-0.346317
-0.240954
-0.321724
0.338064
-0.050317
-0.391484
0.226500
-0.375274
0.531822
0.318858
-0.208641
-0.448355
-0.506055
-0.385291
0.375103
-0.139358
0.298320
0.264934
-0.038610
0.258121
0.080762
0.208376
0.160340
-0.507359
-0.414981
-0.071214
-0.132728
-0.476333
0.016728
0.182211
-0.275535
-0.178560
-0.570453
-0.102811
0.016944
-0.341173
0.204534
-0.299120
0.004634
0.186443
-0.239954
-0.114710
0.421308
0.216185
0.251512
-0.209402
-0.342061
-0.526228
-0.359274
0.084137
-0.057839
0.413527
-0.679684
-0.026413
-0.313858
0.173851
0.214941
-0.348561
0.124709
0.025870
-0.252907
-0.666087
-0.109714
-0.015942
-0.512637
-0.121881
0.324954
0.335849
-0.005334
-0.100981
-0.035160
-0.083966
-0.313281
-0.513174
-0.185530
0.123819
0.426488
0.462697
0.308129
0.087881
-0.296718
0.137062
0.262674
0.362836
0.534117
0.379935
0.343031
0.119970
-0.692269
0.075361
-0.229566
-0.095226
0.369849
0.592657
0.312947
-0.153064
-0.284246
0.304465
0.112846
0.220152
-0.458013
-0.870877
0.336042
-0.070263
0.222705
-0.602843
0.105674
0.681696
0.359547
0.232152
0.249412
-0.083844
0.245212
0.024558
-0.652889
0.621332
-0.058898
0.363973
0.139443
-0.495721
-0.207042
-0.023542
0.767809
-0.136418
0.286097
-0.225257
0.044175
0.364580
0.160616
0.355646
0.331034
0.504829
0.545063
-0.221937
-0.000312
0.069606
0.083469
0.607706
0.200077
0.639717
-0.245776
-0.357957
0.036285
0.189164
-0.078737
0.169769
0.431228
0.253827
-0.527092
-0.514209
0.206909
-0.373989
-0.138204
0.230377
-0.145033
-0.261402
-0.057423
-0.116323
0.552187
-0.070646
0.313085
-0.165551
-0.244686
-0.405134
-0.758308
0.191772
-0.373476
-0.460807
-0.375820
0.108520
0.045953
0.042518
-0.176918
-0.067508
-0.563428
0.384111
0.312617
0.052607
-0.445722
-0.026158
-0.366088
-0.400164
0.569620
-0.063072
0.245890
-0.221365
0.119706
-0.341748
-0.303863
-0.276476
0.341598
0.094362
-0.143451
-0.336765
-0.268153
0.465016
0.276342
-0.212018
-0.260327
-0.653727
0.138288
-0.021938
-0.333567
-0.196335
0.663304
-0.055355
-0.171382
-0.154108
0.468514
0.431764
0.301795
0.251806
0.079531
-0.015035
-0.259488
-0.733742
-0.722220
-0.595354
0.289279
0.233522
0.166347
0.040762
-0.360597
0.016152
0.421913
0.482696
-0.029831
0.451984
0.403077
0.120557
-0.202048
-0.149699
0.322969
0.483051
-0.139375
0.034621
0.743682
-0.207604
-0.488625
-0.159880
-0.554732
-0.115377
0.111027
-0.284828
-0.451807
0.324070
-0.226708
0.381626
0.045596
-0.008225
0.419951
0.171178
-0.531107
-0.078646
0.343651
0.234413
0.184012
0.547758
0.436524
-0.399019
0.515811
0.111070
0.055555
0.179085
-0.212550
-0.479720
-0.230665
0.495709
-0.128991
-0.160059
-0.072686
0.379544
-0.243136
0.023209
-0.315899
0.585095
0.408652
0.063852
-0.267606
-0.627824
-0.490309
0.022162
0.297453
-0.407467
-0.320220
-0.075216
-0.237991
0.373287
0.534310
-0.062827
0.001758
0.269169
0.523475
0.051580
-0.159899
0.116990
-0.498083
-0.183770
0.096388
0.177394
0.008915
-0.303371
0.234119
-0.115870
0.308133
0.339377
0.184246
-0.128822
0.057980
0.333822
-0.543442
