-1.569100
1.387112
-1.719781
-1.209565
1.279966
-0.243532
-0.467017
-2.270312
2.106381
0.676132
0.702555
-2.084853
-4.723915
-2.276842
2.783211
-3.161827
0.527618
-1.661563
1.453074
1.892941
-0.865978
2.460095
1.601695
-1.751619
-2.149356
1.302031
3.425953
4.036291
0.728954
1.974268
1.008306
2.912575
-2.008365
-1.615244
1.450050
-1.318880
-4.511144
-1.945493
1.063422
0.570760
-0.831118
1.094609
1.746915
-1.675413
-3.877311
-2.060878
0.776245
-0.085710
-1.491366
-0.524400
1.145085
-1.274713
3.647372
2.496624
-2.329048
-0.865037
-0.388498
-0.834178
-2.747540
-1.687190
-2.186903
1.184475
2.003388
2.567417
1.558501
1.178628
3.849495
-0.105463
-3.938557
1.260885
2.708901
0.582656
3.014127
-0.169791
-0.704093
-1.994991
0.325798
0.315276
1.144487
-1.580555
1.215642
0.343870
-0.951559
-1.071307
0.973373
3.790724
-1.617617
1.560503
-0.504311
-2.688704
-0.576238
1.196387
-0.966842
-1.861906
-0.517132
0.752871
0.920992
2.426550
-0.193488
0.982586
-1.673412
-2.132720
2.387316
0.073926
-1.627138
-1.726793
1.677098
-0.400849
1.957213
3.401566
-2.948158
-3.211930
-0.527618
0.881171
-3.104859
-1.336829
1.396798
-3.045417
2.315261
-1.864155
-1.737798
-3.731702
-0.573914
1.319871
0.254886
0.260419
-2.160593
-2.499808
-1.794055
-1.645504
1.597283
-0.393844
2.078433
5.112053
-0.699461
-2.252156
-0.226867
-0.958369
-1.301315
2.008044
1.869721
-2.379231
-0.144792
1.735881
-0.347172
0.705464
5.130052
-0.727808
0.128922
-2.089124
-0.801475
-0.102904
-0.938999
2.834650
-4.168228
-0.987543
0.914479
2.282495
1.320624
0.309919
-1.745960
-0.864396
-0.804400
1.812012
-1.016200
4.077057
4.077728
-3.636920
0.583946
3.857809
-0.275668
-0.898446
-1.283655
0.118516
-0.587366
0.487976
0.618103
0.465765
-0.939981
0.512955
-1.431770
0.783483
-0.446440
2.241827
-1.676907
2.216479
-4.098724
3.638927
-2.621953
-0.822769
-0.522458
0.722290
1.658712
1.031935
-1.142745
1.336602
-3.846367
1.127268
-2.031317
-2.845604
0.535326
2.117727
-0.215666
-1.314209
-4.718491
-1.252264
2.740199
3.473703
0.562151
-1.001862
1.713311
-0.849104
-2.757699
-0.171281
-1.088693
-0.362133
1.875275
-0.419295
2.322567
-1.934300
-0.898885
-4.063102
3.509385
-1.453517
-0.513643
0.023049
-4.875207
0.598557
-2.692798
-2.168919
-3.733325
0.612288
1.811213
0.155918
-0.037289
0.169484
-0.808253
0.030785
-2.944242
0.935133
-0.484452
0.764681
0.464466
0.456513
-0.038498
2.404858
3.861155
-5.083883
3.840065
0.342179
-1.863690
-0.103120
-1.776197
1.577673
-1.829260
-1.539529
0.534788
1.509363
-2.118772
-2.569909
-2.043005
-1.324496
0.683628
-0.534541
4.936501
-1.299659
-0.356689
1.337243
0.666573
3.253984
-3.041182
0.019073
-2.150546
-1.327727
2.914874
-1.017540
-0.541417
4.037232
-1.462623
-0.091111
0.557565
-0.901003
0.409711
1.418008
1.251657
0.389330
2.274889
-1.388463
1.776059
0.078103
-0.940557
-2.285585
1.288333
3.503281
3.722223
1.107229
0.582138
-5.231563
-4.359746
2.011069
-0.245335
-0.973186
1.294376
0.451366
3.397996
-1.733181
-3.148650
-1.215034
-0.363537
-0.739946
5.496629
-3.874098
-2.977470
-0.739476
3.505840
2.922580
0.130269
-5.804874
4.753072
-4.157051
-1.566982
-0.231107
0.263959
-1.413742
1.322580
-0.062960
-0.011241
2.332546
-3.173567
1.654973
-3.126039
-3.584331
-1.729044
-2.261447
0.755090
0.752806
-0.137522
-5.379208
-0.664452
-2.686619
-0.596346
-1.193354
-0.027778
0.734229
4.611614
1.558169
0.145786
0.940423
-1.029729
-1.732723
1.251238
1.978441
-3.229175
-1.895154
-1.070845
2.614303
-0.994388
-3.789518
-2.251681
-0.532453
0.382775
-1.241628
-2.707763
3.017536
0.204091
3.414431
0.449469
0.354153
6.043838
-0.301904
-0.468606
-0.553982
-1.251743
1.053878
-0.220049
2.408707
0.241844
-2.700410
1.326944
-0.343167
2.152714
-0.493364
-0.811322
-1.416212
-2.017078
-0.155847
5.515692
2.075352
2.539204
0.215317
-0.929022
3.248445
0.746866
2.634952
2.612907
-0.128264
-4.019765
0.567145
2.354709
3.842226
-1.748910
-0.871956
2.689859
-1.728751
1.644897
-2.566410
-0.354205
1.574982
4.053302
1.185222
-2.752931
0.064901
-0.345095
-2.807043
-1.498311
0.554890
2.045574
-2.998109
0.121107
1.477592
-0.230878
-4.569051
0.815373
2.093236
0.236179
-0.365969
1.830072
-1.853093
-1.167872
-0.847519
-2.355803
1.976698
2.090460
-0.467275
-2.873479
2.625102
4.439148
2.246113
0.389150
-3.654381
3.400029
0.878098
-0.630057
0.497924
0.890122
-2.240572
-1.881974
-1.650712
-0.116859
3.456065
-1.987446
1.331440
-0.862326
3.008361
1.492218
-0.476988
0.725934
0.055767
-2.482754
1.665547
0.340586
-3.547179
-1.448068
-0.060849
0.475730
1.568922
-0.414461
1.249397
3.273779
0.109496
1.522756
-2.234539
-0.394208
-0.231903
1.662914
1.366183
-1.937844
1.137739
0.954924
0.202618
1.187222
0.022601
2.365908
-1.971070
1.342450
-2.400735
-1.648591
-2.850365
-2.281115
-2.561030
-1.128603
-1.914845
-0.693464
-0.945023
0.998616
-1.190889
2.961779
2.468613
0.285462
-0.277908
1.285878
-1.112041
-0.183205
0.931045
1.103610
1.488024
-2.299041
0.602399
1.421973
0.720356
0.637491
-1.117157
-3.367024
-1.191070
-1.315455
1.343091
1.922569
0.437316
1.489861
1.267314
-1.789978
0.146761
3.025851
-0.906866
1.144482
2.120801
-0.022974
-0.399163
-1.102948
3.336466
-3.753225
1.256999
1.053152
-1.412929
-0.236818
-1.387012
-2.630076
-4.042653
1.504057
0.939379
1.009972
2.375579
-0.153072
2.068867
-2.083052
2.288473
-1.016488
-3.034772
1.096583
-0.869113
-1.471409
-1.048268
-2.029778
1.135052
-0.357342
-2.622709
0.357366
-1.021703
-0.409990
1.018756
1.854491
-3.686349
-1.660785
1.420015
1.583953
-1.873345
-2.233673
-0.527207
-0.469964
-1.129889
-1.122127
-0.549058
1.958840
-1.874793
1.272106
1.514221
0.977288
-0.860604
2.175839
2.195408
-1.612712
0.991102
1.233243
-1.382123
2.317270
1.362749
-1.710059
-1.396515
1.680977
0.949594
-1.948556
-2.478998
-0.352175
2.722784
-1.095597
0.573091
1.085593
-3.493051
0.033792
1.700544
3.250949
-0.539614
-0.425956
3.196395
-2.086984
-0.200603
3.288829
1.245748
2.515392
1.902916
0.050678
4.438042
-1.206986
-2.537120
0.957164
-0.836597
0.240988
3.442752
2.802051
-0.105686
2.874865
4.432276
2.644075
-0.601397
1.317516
1.769702
-0.976063
-3.549158
-0.538622
-1.399055
-1.744414
-1.763419
-2.282413
3.235798
3.079660
2.150584
1.597981
-3.343387
0.180865
-0.330802
0.196620
-2.285946
-0.558337
-0.332594
-1.044088
0.393884
1.290817
-1.915842
0.909078
-2.272610
0.578845
-1.613261
-1.284100
-0.543399
0.531292
-0.676803
-3.939086
4.531808
-0.187831
0.580810
-0.636884
1.356486
0.662001
0.969145
0.142201
-3.526436
1.247190
0.257666
-1.904309
3.639483
1.067355
1.580049
0.799689
-3.778539
1.475550
-0.904417
-1.748564
0.714856
-0.671445
-0.311344
3.670731
1.647830
0.102352
1.460732
0.786333
-2.015214
1.202104
-0.260569
-0.806151
0.046384
-0.961371
-0.351307
0.755267
0.414460
1.076796
2.031346
0.408186
-1.795304
-1.785314
-3.012656
-0.313972
-2.896675
1.629744
0.313785
1.385856
-1.855859
0.420547
-2.485418
0.248631
0.840270
-0.883078
-2.861683
-1.509139
0.668662
0.043585
-0.334076
0.182142
-1.503042
-0.270100
-2.275920
-1.319795
3.951162
1.738361
-0.321398
-0.675199
-0.725241
0.117784
0.997366
-1.756642
-1.743272
0.464053
2.485623
-0.847229
1.764933
2.307240
-0.064842
0.936207
-0.517752
-2.655174
0.050819
-2.335614
-1.419490
-0.222914
-0.716122
-0.308797
-1.385572
-1.291721
0.086097
0.427193
-0.157520
1.626145
-1.513785
-2.114591
2.993485
2.687431
0.462833
1.356789
0.309500
0.510572
-1.104844
-1.218042
-2.025897
-1.427854
-0.355551
-1.760663
0.866310
-3.159879
-0.266380
3.337743
0.481431
-0.962596
