0.021121
-0.534494
-0.142563
-0.088351
0.346848
-0.044058
0.256570
-0.174619
-0.118233
0.091277
-0.193523
-0.495875
0.009640
0.367496
-0.092569
0.309353
0.021578
-0.125617
-0.268690
0.439439
0.429354
-0.069788
-0.620679
0.449045
-0.618962
0.482473
0.534935
-0.030999
0.090710
0.524599
-0.092793
0.223962
0.459052
-0.040887
-0.177305
-0.130938
0.304995
0.147886
-0.269920
0.296609
-0.041596
0.104505
-0.129264
-0.265043
-0.742534
-0.309905
0.109878
-0.039149
-0.152796
-0.276171
0.432810
-0.273542
-0.081647
-0.274287
0.023376
-0.302901
-0.025781
-0.439472
-0.427957
-0.359933
-0.091075
0.115650
-0.178736
0.776704
0.415116
0.294195
-0.543015
-0.078893
0.288197
-0.270855
-0.369697
-0.440507
0.515095
0.475549
0.164935
0.223193
-0.053127
-0.021200
-0.458269
-0.401221
0.135616
-0.455766
-0.478330
0.412827
-0.412928
0.220739
-0.524757
0.506849
-0.219674
-0.104854
-0.085017
-0.067324
-0.755492
-0.250796
0.487275
-0.493439
0.027017
-0.616477
-0.506674
0.365343
-0.000355
0.717211
0.065087
0.002014
0.234275
0.295715
0.719233
-0.259036
0.340353
-0.206853
0.393915
0.219198
0.076215
-0.133403
0.261874
0.342515
0.258600
-0.082358
0.036725
-0.263875
0.212343
0.156494
0.163626
-0.617786
-0.023210
-0.285138
-0.180940
0.005274
0.098864
-0.554403
0.622570
-0.201583
0.304705
0.221206
0.270454
0.539612
0.213950
0.160946
-0.228975
-0.052293
-0.035486
-0.188804
-0.193451
0.229318
-0.127839
-0.076915
0.397531
0.260040
0.452054
0.319699
-0.406730
-0.180083
0.298103
-0.274610
-0.193792
0.541266
-0.248769
-0.236684
-0.679983
0.102558
-0.447998
-0.564825
-0.027099
-0.306181
0.367669
-0.045371
0.126918
0.017039
-0.232853
0.288927
-0.145922
0.508780
0.245231
-0.410790
0.239448
-0.266226
0.309110
-0.151452
0.017861
-0.555659
-0.020638
0.706607
0.036870
0.439147
-0.159053
-0.303154
0.542909
0.259736
-0.096748
-0.486064
0.386566
-0.477551
-0.186635
-0.502093
-0.245580
-0.608016
-0.236014
0.217066
-0.330894
0.069475
0.045769
-0.042493
-0.481697
-0.170603
0.078637
-0.483984
0.143001
-0.477307
-0.316442
0.357663
0.016642
-0.186728
-0.168333
0.156574
0.152422
0.449276
-0.236585
-0.396335
-0.179090
-0.162516
0.077501
-0.351178
0.039885
0.419660
-0.227025
0.283726
0.169462
0.027859
0.426715
0.433640
-0.250724
-0.397847
-0.852021
-0.529273
0.191046
-0.441179
-0.019727
-0.456433
0.213446
-0.105913
0.376384
0.216496
-0.658492
-0.011935
-0.479605
0.127916
-0.439666
-0.329136
-0.270779
0.583233
0.222526
-0.436607
-0.131378
0.360250
-0.496736
0.095974
-0.577862
0.083786
0.357180
-0.374510
-0.087382
-0.112791
0.695503
-0.538539
0.187975
0.144292
0.083486
0.141790
-0.400490
0.424591
0.079462
-0.658277
0.361105
0.522793
0.233587
0.531928
0.353508
0.422889
0.005608
-0.413134
-0.217669
0.441216
0.510790
-0.225801
0.068202
-0.627858
-0.670908
-0.215626
-0.435885
0.034536
0.373119
-0.686329
0.145831
0.285457
0.522862
0.046577
0.202253
-0.595161
-0.404013
-0.203222
0.412584
-0.220235
0.191804
0.423154
-0.540750
0.575072
-0.504611
-0.370519
-0.274823
0.412611
-0.293011
-0.461026
-0.413187
-0.182782
0.519329
-0.434991
0.328631
0.596104
0.008063
0.401861
-0.162910
0.124642
-0.389603
0.089412
-0.657193
0.406044
-0.155198
0.053633
-0.399652
-0.073377
-0.093117
-0.004511
0.135544
0.116451
0.129586
-0.029727
-0.137318
0.368192
-0.036788
0.108699
-0.315945
0.446794
0.339617
0.420937
0.342173
-0.142058
0.269923
0.242404
-0.257302
0.292421
-0.327419
0.211776
0.039934
0.449429
-0.117787
0.349179
-0.033148
0.151896
0.362593
-0.227638
0.143689
-0.097963
0.197539
0.590499
-0.517816
-0.438517
0.088012
-0.390087
0.100626
-0.135497
0.568018
-0.368947
0.487640
-0.395755
0.059262
0.009136
0.053720
0.332981
-0.031699
-0.065184
0.104526
0.155414
-0.148836
-0.401980
-0.205160
0.439802
0.610788
-0.120724
0.231781
0.210776
0.319345
-0.358172
0.114136
0.511873
0.471018
0.458334
0.085972
0.420456
0.144605
-0.168968
0.013600
-0.428289
0.210681
-0.613892
-0.319283
-0.538749
0.097508
-0.088648
0.035890
0.129180
0.077014
0.390787
0.463514
-0.379091
-0.478675
0.294766
-0.214423
0.339308
-0.242672
0.201207
-0.117718
-0.170048
-0.346774
0.058233
0.292203
0.102259
-0.346749
-0.444874
0.403528
0.384649
0.020147
-0.185368
-0.200998
-0.161386
0.280250
0.018039
0.056317
0.164359
-0.133721
0.161174
-0.075973
0.326629
-0.194910
0.293822
-0.102209
0.511662
0.279639
-0.072681
0.432651
0.100048
-0.102257
0.405827
-0.200589
0.167387
-0.274952
-0.160335
0.215856
-0.357607
-0.085363
-0.259584
-0.108363
0.190456
0.256975
0.017484
-0.397071
0.650382
-0.332387
0.086570
-0.278702
-0.240258
0.341903
-0.113252
-0.219345
-0.265703
-0.237947
0.220166
0.047187
0.337120
-0.166437
0.128554
-0.524366
-0.026349
0.395660
-0.031205
-0.105254
0.603597
-0.112746
-0.656582
0.407316
-0.227484
-0.232582
0.274157
0.635009
0.087347
0.266221
0.210234
-0.067604
-0.364790
-0.226906
0.388513
-0.025480
-0.645857
0.451822
0.566603
-0.389054
0.531526
-0.495280
0.023688
-0.589389
0.465184
-0.451868
-0.149756
0.004746
0.019845
-0.021306
-0.514341
0.549717
-0.297094
-0.404593
-0.550203
-0.352739
-0.029019
-0.030435
-0.123166
0.001696
-0.030853
-0.162160
-0.263531
0.643492
-0.846295
-0.386862
-0.132728
0.221720
-0.175726
0.072920
0.393268
0.348263
0.353210
0.308358
0.257720
-0.022349
-0.495458
-0.160115
0.403316
0.085363
-0.536928
-0.165463
0.421463
-0.085222
-0.486023
0.310508
-0.549509
0.051687
-0.320635
0.447188
-0.349796
-0.170085
0.075076
0.718674
-0.100009
0.378675
0.509265
-0.268461
-0.483854
-0.564816
-0.245887
0.152318
-0.530437
0.339180
0.184429
-0.078733
0.510000
0.105017
-0.315447
0.101945
0.517462
-0.418374
-0.307596
0.188051
0.515389
0.755671
0.563748
-0.162247
0.361121
-0.080464
0.377917
-0.486173
-0.292481
-0.055696
-0.332937
0.052599
-0.273008
0.167376
-0.656873
0.679915
-0.210531
0.065968
0.367497
-0.202260
-0.229409
-0.168961
-0.118884
0.299560
-0.577230
-0.581900
0.293322
-0.135056
-0.343366
-0.230328
0.590772
-0.194722
-0.031617
0.335441
-0.281801
-0.644471
0.042783
-0.196972
-0.053097
0.173641
0.431171
0.431146
-0.432667
0.410795
-0.106697
0.223509
0.274194
0.085962
-0.153898
-0.202556
-0.559052
-0.194773
0.117005
0.126888
-0.025451
-0.355078
-0.388939
0.018503
-0.528726
-0.556005
-0.655609
-0.542679
-0.168813
0.175380
-0.158329
0.100971
0.195990
-0.014831
0.109287
-0.076349
-0.048852
0.260674
-0.323900
0.413767
-0.250468
-0.245629
-0.806269
0.240802
-0.322516
-0.495874
-0.719721
-0.152613
-0.096179
-0.264786
-0.291936
0.150148
-0.398303
0.647997
0.273527
0.187175
0.352849
0.217251
0.073357
-0.175932
-0.509483
0.036927
0.328154
0.075200
0.353503
-0.142543
-0.044490
-0.296077
0.312847
-0.235671
0.510644
0.239371
0.365962
0.302755
-0.127645
-0.024004
0.414658
0.058020
-0.337848
0.155639
0.028151
0.101874
0.252409
0.236546
-0.127313
-0.103878
0.439744
-0.014984
-0.361359
0.301003
0.547855
0.331311
-0.510782
-0.108559
-0.134494
-0.447967
0.157672
-0.007535
-0.330760
-0.061788
0.484719
0.187857
0.115265
0.217816
0.479467
0.195301
0.330571
-0.066484
-0.099127
-0.211392
-0.153147
0.648992
-0.536310
0.040762
0.280811
-0.598024
-0.360323
0.557178
-0.029831
0.248083
0.504330
0.063431
0.077478
0.065210
-0.093982
0.090187
0.137331
-0.465947
-0.144930
-0.087875
0.525364
-0.242708
0.109080
-0.374097
-0.001124
0.463248
0.465291
0.477004
-0.290516
-0.199482
-0.788380
-0.310445
-0.128906
0.301690
-0.615501
-0.267039
-0.334332
-0.323953
0.263489
0.030304
0.478807
-0.289227
0.566155
-0.002685
-0.138745
-0.106603
-0.262476
0.296346
-0.301507
0.267302
-0.487035
-0.020881
-0.089917
0.103296
0.395159
-0.444822
-0.154511
-0.047067
0.265567
0.299395
-0.483340
-0.503642
-0.600448
-0.235055
0.473786
-0.383104
0.664497
0.128092
0.532674
-0.195162
0.567764
-0.047742
0.006787
0.217150
0.575835
0.230728
-0.681858
-0.248605
0.460852
0.460686
0.024327
0.075176
0.183785
-0.124840
-0.048516
0.011185
-0.350475
0.530515
-0.005521
0.155017
0.159968
0.089197
0.373215
