-0.151172
-0.447015
-0.119287
-0.629785
-0.352167
0.530055
-0.153016
-0.049219
-0.172205
0.401320
-0.072130
0.265843
-0.501119
-0.159602
-0.489410
0.211654
-0.124997
0.610109
0.172285
0.468061
0.317876
0.242889
-0.093410
0.311779
-0.239384
-0.069000
-0.071529
-0.491406
0.086119
0.347467
0.095803
-0.128571
-0.415690
-0.059618
-0.568380
0.116859
-0.437325
-0.508663
0.095877
0.185595
-0.016782
-0.429938
-0.267094
0.151058
-0.568298
-0.372041
0.198693
0.119651
0.113475
-0.057327
-0.280564
0.451343
0.031489
-0.307764
0.164134
-0.500504
-0.266771
0.156883
-0.417463
0.255566
-0.227748
-0.653591
0.433786
-0.318527
-0.248356
0.292746
-0.616826
0.107980
-0.146896
-0.326178
0.620901
-0.412366
0.251541
-0.489739
0.283340
-0.071816
-0.427050
0.220785
0.120877
-0.581009
-0.137578
-0.534892
-0.494010
0.145715
0.381663
0.038857
-0.046603
0.081521
0.398042
-0.076032
0.320045
0.138344
0.154953
0.259245
-0.046993
-0.419184
-0.167344
-0.480847
-0.610813
0.393867
0.015099
0.102839
-0.036548
0.363364
0.799207
-0.275114
-0.302837
0.050962
-0.013822
0.308659
-0.196983
0.521350
-0.073742
-0.306615
-0.654104
0.011949
-0.226457
-0.114709
-0.119209
0.184327
0.101129
-0.502464
0.043204
0.291420
-0.477923
-0.219354
-0.120904
0.149572
-0.295170
0.603165
-0.126918
-0.686158
0.296845
0.233137
-0.463203
-0.733264
-0.127692
0.079135
-0.330822
0.606743
0.595023
-0.491737
-0.159527
0.307322
-0.051700
0.210133
-0.388506
0.111682
0.297382
-0.407510
-0.515220
-0.367862
-0.021304
-0.177012
-0.368724
-0.178918
-0.274495
0.347085
0.362524
0.320809
-0.323295
0.217906
0.715786
0.253454
0.159679
-0.217430
-0.334573
0.668215
0.248362
0.468595
-0.006196
0.532106
-0.044567
-0.161768
0.391455
-0.223789
-0.197561
0.047074
-0.107200
-0.128907
-0.108100
-0.439551
-0.310384
-0.305969
-0.326555
0.150516
0.568818
-0.484840
-0.049977
-0.367596
0.398907
-0.657901
-0.231314
-0.246150
0.327248
-0.123082
-0.387374
0.245484
0.059520
0.459826
0.400629
-0.514354
-0.593199
0.481709
-0.395329
0.498572
-0.322838
-0.190153
0.129250
0.238166
-0.326880
0.028436
0.560177
-0.328202
0.339048
-0.332721
0.258751
-0.295303
-0.052265
-0.172031
-0.029686
-0.312394
0.384242
-0.770714
-0.015406
0.016688
0.576232
-0.272875
0.044249
-0.276077
0.505751
0.230474
-0.188478
-0.214622
0.035792
-0.384412
-0.142248
-0.393744
-0.612498
-0.098416
-0.469271
-0.358860
-0.453750
0.287936
0.120709
0.486898
0.007607
0.263946
0.311165
0.391542
0.211594
-0.316996
-0.448158
0.068666
0.493191
0.441916
0.168741
0.507632
0.517628
0.230257
0.453346
-0.241398
0.031425
0.020020
-0.283665
-0.096485
-0.489858
0.432493
0.210173
0.552402
0.131927
-0.418732
-0.050981
0.459530
-0.323371
0.277101
0.073931
0.429651
-0.189602
0.177441
0.222712
-0.106308
-0.026604
0.298986
-0.227254
-0.090146
0.057055
-0.271541
0.377968
-0.478110
0.059748
-0.330631
0.325105
-0.196107
0.531620
-0.028055
0.093335
-0.640171
0.460224
-0.225013
0.238105
-0.051482
0.246753
-0.223766
0.147799
0.400780
-0.321938
0.199832
0.047068
-0.600091
0.063081
-0.003737
0.028109
-0.152852
0.433461
-0.119674
-0.291784
-0.264723
-0.163919
0.391883
-0.323156
-0.442376
-0.107906
-0.013430
-0.479040
-0.208957
0.119816
0.269039
-0.091815
0.025091
0.290335
-0.176041
-0.055964
-0.013516
-0.319582
-0.571609
0.523890
-0.336158
-0.095418
-0.116737
0.313107
-0.307711
0.560877
-0.348958
-0.093069
0.394737
-0.110209
-0.084349
-0.397336
0.148279
-0.170196
0.544593
0.374356
0.307091
0.178033
-0.212064
0.295495
0.285605
-0.014908
0.567447
0.020850
0.565773
0.310191
0.367651
-0.647849
-0.165737
0.123882
0.580665
0.079038
-0.325099
0.148018
-0.019116
-0.090011
0.408373
0.290535
-0.274941
0.403354
-0.273604
0.007941
0.056836
0.378029
-0.306612
-0.178643
-0.257090
0.484811
0.117121
-0.014900
0.270064
0.208130
0.061329
0.038386
0.020426
0.322701
0.400806
0.344586
-0.520506
-0.100558
0.365830
0.016715
0.006859
-0.523949
-0.414088
-0.295801
-0.099935
0.258494
0.232324
-0.126015
0.057297
0.324005
0.634549
-0.161569
0.605104
0.397898
0.335754
-0.471598
-0.275955
0.162209
-0.065956
0.520644
-0.299201
0.320235
-0.411284
0.065298
0.091082
0.196657
0.039641
0.454089
-0.075790
-0.269547
-0.305689
-0.224615
0.003990
-0.207171
-0.407469
-0.000041
-0.324280
-0.227648
-0.170105
0.162343
0.270964
-0.204306
0.031099
-0.338439
-0.258978
-0.075113
-0.326081
0.342416
-0.558974
0.471996
0.141572
-0.527308
0.156463
-0.222250
0.218447
0.392150
0.163744
0.263785
0.533003
0.084150
-0.111936
-0.555744
-0.471246
-0.025997
-0.186831
-0.150175
-0.406740
-0.170904
-0.306972
-0.324789
-0.025174
0.193212
0.284347
-0.025316
0.040073
0.881288
-0.042261
-0.128595
-0.461377
-0.302324
0.391785
-0.338374
0.188945
-0.078794
0.691224
-0.160249
-0.435941
-0.000457
0.055254
-0.039008
0.565617
-0.253862
0.175884
-0.162913
-0.013569
0.152403
-0.260749
-0.443475
-0.357073
-0.031651
-0.503639
0.056235
-0.537729
-0.301049
-0.117570
0.200060
-0.258347
0.329663
0.083200
0.308551
0.326975
-0.067788
0.438717
-0.375202
-0.501202
-0.337078
0.531397
-0.511973
-0.526755
0.125482
0.161903
0.312235
0.103488
0.044594
-0.505990
0.425485
-0.408633
0.103557
-0.371594
-0.218851
-0.513081
-0.498195
-0.120973
-0.393573
-0.603650
0.366329
-0.071002
-0.115156
-0.342798
-0.020004
0.132876
-0.062067
0.233300
0.363330
-0.295538
-0.167898
0.079692
0.139578
-0.127962
-0.483695
0.334931
0.398270
0.300734
0.145729
0.410052
0.495145
0.089705
0.059383
-0.003336
-0.391830
-0.663175
0.142985
-0.027873
-0.675415
-0.196851
-0.532743
-0.530475
0.031885
-0.128077
-0.283740
-0.578123
-0.157246
0.361296
-0.309423
-0.263055
-0.258186
-0.160356
-0.482604
0.459923
0.152119
-0.255104
0.089993
-0.067847
-0.480155
0.499341
-0.443093
-0.234038
0.216154
0.234707
-0.144322
-0.173283
-0.321472
0.240394
-0.170773
-0.582862
0.409380
-0.242425
0.402372
-0.044637
-0.103970
0.161419
-0.114091
-0.371388
0.100369
-0.433411
0.421751
-0.485957
-0.600007
0.276277
0.201176
0.404597
0.567610
0.143087
0.293284
0.227569
-0.153371
-0.167935
-0.187632
0.185287
-0.067828
0.200999
-0.020047
-0.058524
-0.220407
0.048342
-0.477072
-0.077273
0.040295
-0.551802
-0.132697
-0.134912
0.443313
0.589636
-0.525110
-0.805882
0.100303
0.390670
0.138501
-0.087544
0.544581
-0.010930
-0.090669
-0.321687
-0.264794
0.146905
0.476320
-0.477239
0.360892
0.227964
0.005744
-0.364550
0.489700
-0.560458
-0.283678
-0.391639
0.013356
-0.413767
0.356241
0.002404
-0.264449
-0.042726
-0.632790
-0.128322
0.403014
-0.027058
-0.232713
0.232905
0.171275
-0.690596
0.190734
-0.231210
-0.674955
-0.515650
-0.173740
0.104817
0.180484
-0.199597
0.134094
0.370468
-0.046799
0.260959
-0.273699
-0.009701
-0.466995
0.005648
0.345127
0.697672
0.266329
0.001516
0.052513
-0.470619
-0.181474
0.273360
0.385668
-0.314090
0.012559
0.239772
-0.271973
-0.124854
-0.325439
-0.218251
-0.291821
0.077597
-0.032079
0.237071
0.270037
-0.516739
0.269731
-0.253854
0.119791
-0.522544
0.011489
-0.552999
-0.009167
0.035854
-0.220074
-0.753380
0.263833
0.448719
0.266114
0.268462
-0.254255
-0.361569
0.402400
-0.569659
-0.277260
-0.301735
-0.171697
-0.135509
0.012597
-0.197033
-0.123956
0.065094
-0.014927
-0.089054
0.064221
-0.332634
0.385956
0.264678
0.064418
-0.390913
0.375625
-0.286031
0.182888
0.549210
-0.572184
-0.110905
0.055679
-0.184946
-0.366707
-0.465224
-0.522240
-0.294574
0.470805
0.508532
-0.382014
0.067031
0.157659
-0.351168
0.058270
0.302696
0.120855
0.047093
-0.146229
-0.577800
0.264436
-0.045972
0.098943
0.340195
0.009190
0.221517
0.441309
0.438073
0.172217
0.430073
0.146189
-0.098512
-0.240597
0.318138
0.118695
0.657063
0.469562
-0.049614
-0.113431
0.492248
-0.575959
-0.270481
-0.097582
0.327897
-0.229945
0.660862
-0.231554
-0.510893
0.006170
0.288986
0.277401
0.227317
0.294550
0.085591
-0.231377
-0.484308
-0.307484
0.206366
0.492808
-0.199606
0.062772
-0.082263
-0.616892
0.280155
-0.076297
-0.429188
0.011243
0.240029
0.154027
0.062527
-0.156597
-0.299188
