-0.161603
-0.566555
-0.122114
0.003934
-0.198431
0.038857
0.341380
-0.415272
-0.093401
0.608383
0.170852
-0.176678
-0.146845
-0.398625
0.164694
0.072613
0.455084
0.127298
0.011445
0.235356
-0.408527
-0.131757
-0.474796
0.289592
-0.571295
0.357561
0.098452
0.302699
0.125821
-0.366381
0.324956
-0.264849
0.136550
-0.100169
0.194013
0.191485
0.145204
-0.278805
0.227620
-0.315304
0.029298
-0.435352
-0.521520
-0.200593
0.544808
0.019018
-0.412097
-0.176591
0.345355
0.197746
0.060790
-0.472160
-0.253905
-0.360314
-0.349842
-0.359400
-0.407935
0.026213
-0.332730
0.596062
-0.327078
-0.542908
0.503408
0.028533
0.513155
-0.285981
0.186559
-0.395964
0.308407
-0.179189
0.098699
-0.434988
0.215081
0.243547
-0.375667
0.122187
-0.224624
-0.254514
0.162612
-0.503379
-0.117715
0.175028
-0.446163
0.245463
-0.448944
0.160759
-0.496243
0.424550
-0.270951
0.378041
-0.479250
-0.244334
-0.270912
-0.203553
-0.037111
-0.500450
-0.020179
-0.306959
-0.161606
0.166378
-0.119800
0.129033
-0.009040
-0.534315
-0.178741
-0.559832
-0.397757
0.269911
-0.013822
-0.225153
-0.030728
0.167548
0.471309
-0.387900
-0.150144
0.215067
0.286144
-0.278706
0.044694
-0.039018
0.626264
0.502977
-0.072601
-0.159164
-0.170409
-0.194515
0.086032
-0.381462
0.111100
-0.378636
0.444311
0.104619
0.000816
0.158791
-0.415358
0.462174
-0.069408
-0.174201
-0.487721
-0.287433
-0.667146
-0.263968
-0.159527
0.349211
-0.277265
0.150362
-0.319208
0.111682
0.189633
-0.751671
0.264471
0.358319
0.162059
-0.046204
0.165653
0.173311
0.269896
0.060497
-0.155132
-0.488744
-0.046529
-0.195110
0.666966
0.021313
0.195360
-0.138304
-0.329382
0.223253
-0.362932
0.150821
0.212089
-0.250654
0.244740
0.680932
-0.673448
-0.554787
-0.103521
-0.046339
-0.206764
-0.025036
0.009540
-0.137653
0.051835
0.638560
-0.080229
-0.294392
0.279503
0.124901
-0.090214
0.234288
0.420992
0.578020
-0.184724
-0.227719
-0.337450
-0.407900
0.332425
-0.554282
-0.229205
-0.611936
0.135101
-0.402752
0.827430
0.282541
-0.319452
-0.504532
0.181863
-0.188939
0.079541
0.103488
-0.442532
-0.018078
-0.078674
-0.314550
0.317735
0.170269
0.334572
0.281770
-0.106223
-0.089282
-0.318862
0.488311
0.508883
-0.164466
0.281629
-0.041075
0.618525
-0.399117
-0.174912
-0.069470
0.466419
-0.552248
0.008690
-0.166007
-0.483734
-0.626142
0.328199
-0.174839
-0.431236
-0.006624
0.149973
0.042315
0.128240
-0.173031
-0.508439
0.403678
0.037443
0.175666
0.226211
0.165552
0.351174
0.475236
0.209862
0.252582
0.105045
-0.022931
-0.135333
0.507866
0.487292
-0.270075
0.232043
-0.116986
0.022939
0.094333
0.015115
-0.154974
-0.333188
0.418868
0.064861
0.370114
-0.388518
-0.249618
0.285481
-0.407317
0.383286
0.392533
0.153650
-0.054700
-0.054537
-0.076973
0.220633
0.228027
0.020765
-0.261865
0.121321
-0.330912
0.057055
-0.228662
0.377968
-0.124124
-0.002415
-0.528542
-0.121291
0.073201
0.547264
0.014559
-0.094470
-0.046546
0.310554
-0.264869
0.261026
-0.381291
0.217527
0.237247
-0.220019
-0.254516
0.245742
-0.082861
-0.171890
-0.761107
0.004116
-0.004726
-0.321780
-0.179251
0.439171
-0.722165
0.047656
-0.264723
0.114896
-0.179108
-0.323156
-0.256989
0.481311
0.038475
0.389761
-0.176660
0.344482
-0.411062
-0.173537
0.195718
0.298788
0.290633
0.143591
-0.459029
0.481210
0.403357
-0.291641
-0.339825
0.581331
0.578924
-0.457152
-0.483476
-0.347193
0.288013
0.286389
-0.373075
-0.357057
-0.288139
-0.399358
0.168537
0.293290
0.697978
-0.071693
0.671528
-0.541793
0.082051
0.151134
0.285605
-0.210488
0.064092
-0.493806
0.139954
0.425728
0.595123
-0.018068
0.263935
0.074173
0.032012
-0.065935
-0.066862
-0.028097
0.423563
-0.393608
0.188876
0.502066
-0.537980
-0.018076
-0.037448
0.155164
0.307742
-0.104995
-0.288093
-0.211278
-0.124657
0.012819
0.298623
0.041322
0.018429
0.065686
-0.039963
0.137636
0.059610
0.083722
0.416824
-0.269717
-0.273898
0.260302
0.421922
-0.483795
-0.225194
-0.329324
0.429520
0.036112
-0.225966
-0.293107
-0.511077
0.153065
-0.157043
-0.470877
0.371779
0.107658
0.031239
-0.703950
0.968659
0.273602
-0.278425
0.196062
0.566838
0.388498
0.338820
0.268290
-0.047722
-0.171735
-0.435835
0.702872
-0.375057
0.201453
-0.405224
0.399962
-0.194726
0.216463
-0.091384
-0.470376
-0.596837
0.328216
0.131831
-0.122569
0.542610
0.206679
0.270964
-0.009080
0.470468
-0.362775
-0.376152
0.617362
-0.223475
0.010341
-0.371477
-0.552922
0.486475
0.345368
-0.154806
-0.088766
-0.689224
0.271453
-0.023027
0.443586
0.279693
0.251258
0.280581
0.323025
-0.248640
-0.032866
0.269024
0.322106
0.149117
-0.261573
-0.073545
0.449928
-0.348518
0.000295
-0.673546
0.549107
0.143957
0.041938
0.081062
0.068711
0.155325
-0.138905
-0.307135
-0.713125
0.244036
-0.279580
0.047705
-0.298029
-0.090227
0.126681
0.068491
0.016769
0.109291
-0.222878
0.201137
-0.216329
-0.149666
-0.016746
0.145016
-0.360954
-0.116146
-0.012019
-0.370842
-0.248508
0.169411
-0.324387
0.118259
0.468555
-0.258347
-0.321053
-0.353070
0.116311
0.058086
-0.189921
-0.012580
-0.111999
-0.144784
-0.159981
-0.346229
0.372919
-0.387736
0.316776
-0.138264
0.075985
0.018707
0.283115
-0.180514
-0.425962
0.635056
-0.166156
0.130070
-0.545467
-0.261577
0.069357
-0.123543
0.486884
-0.480749
0.357106
-0.356306
0.229351
-0.457975
0.369077
-0.214146
-0.053417
0.710525
0.372079
-0.294926
0.208422
0.202175
-0.093235
0.063911
0.511117
-0.404336
0.132480
0.372587
0.480895
-0.312100
0.047233
-0.011283
-0.151259
0.300910
0.403520
-0.760840
0.256611
-0.027873
0.169834
0.285759
0.225830
-0.074359
0.208553
-0.191913
-0.074334
-0.439598
-0.399407
0.449224
-0.482497
0.345014
-0.535143
-0.256459
0.049956
-0.266608
0.408649
-0.528044
-0.119945
-0.522130
0.224268
0.478700
-0.235952
0.159156
-0.406298
0.013313
0.075939
0.006590
0.311165
-0.143380
0.631641
-0.542930
0.250285
0.698016
-0.013331
-0.202256
0.472864
0.516655
0.145963
0.373731
-0.253230
0.501502
0.421751
-0.298773
-0.146563
0.114430
-0.240807
0.175005
-0.640726
0.515146
0.282180
0.904057
0.335807
-0.091638
-0.683280
-0.439093
0.092865
0.223777
-0.302430
0.315571
0.111454
0.109262
0.244614
0.151880
0.601020
-0.498153
-0.390151
0.215440
-0.005842
0.213112
-0.339038
-0.520243
-0.176435
-0.185557
0.148572
0.174401
-0.423015
-0.059191
0.135633
0.632104
0.302348
0.546558
0.477869
0.455568
0.086133
0.613160
0.004231
0.431142
0.204112
-0.083975
-0.108847
0.124441
-0.017012
-0.347052
0.193937
-0.127684
-0.013225
0.081576
-0.415525
-0.445496
-0.124264
0.377516
0.243248
0.129300
-0.382964
0.059810
0.083559
-0.396374
-0.325397
-0.099209
0.373878
0.594640
0.120961
-0.311393
-0.085283
-0.092383
-0.346103
0.376427
0.369617
-0.009701
-0.503218
-0.166646
-0.137031
0.013318
-0.297719
0.347600
0.085771
0.152528
-0.185560
-0.069224
-0.132109
0.446730
-0.005371
-0.005591
0.498512
0.411405
0.259841
0.115648
-0.048786
0.131121
0.466190
-0.070447
0.137441
0.085978
0.499474
0.258187
0.234269
-0.346822
0.216571
-0.720247
-0.298414
0.416887
-0.488252
-0.043651
0.276809
0.305110
0.138738
0.582866
0.085241
0.144765
-0.315671
0.313633
0.652938
0.025765
0.130989
-0.273229
-0.247556
0.374342
-0.361863
0.036138
0.276751
0.065229
0.055191
0.575117
0.047549
0.269308
-0.444045
0.436642
0.529564
-0.021297
0.200429
-0.424095
-0.343235
0.429899
0.438659
0.086907
0.682018
-0.495032
-0.503382
0.360888
-0.134705
0.534368
-0.076919
0.215027
-0.671424
-0.273656
0.199708
-0.334332
-0.157623
0.165743
0.362455
0.415318
-0.200163
-0.005728
0.266035
0.388706
0.564632
-0.043267
-0.549450
-0.373940
-0.199856
-0.326091
-0.112619
-0.629200
0.104968
-0.431081
-0.083739
-0.237404
0.537256
-0.354994
0.207723
0.196908
-0.038856
0.393888
-0.423311
-0.655579
-0.017960
-0.080195
-0.130252
-0.091202
-0.284256
0.251389
0.261864
0.160315
-0.489540
-0.304131
-0.064520
-0.433277
0.209137
0.206366
-0.195228
-0.421060
0.245296
-0.057227
-0.570044
-0.605619
0.482190
0.394976
0.011243
-0.202427
0.607218
-0.288890
0.432680
0.243612
