-0.056953
-0.477925
0.030449
-0.048962
-0.188005
0.015447
0.057602
0.288412
-0.172205
0.374118
-0.072130
0.093030
-0.186530
0.081819
-0.489410
0.033215
-0.075643
0.542944
0.200865
0.007095
-0.661810
0.274352
-0.030975
0.787043
0.143742
0.242920
-0.004721
0.007137
-0.049523
0.167150
0.234055
-0.172748
-0.391620
-0.220645
-0.568380
-0.038422
-0.106054
-0.508663
-0.206609
0.185595
0.334491
-0.372861
-0.263881
-0.224553
-0.571534
0.372186
0.383761
-0.698761
-0.073349
-0.057327
0.379637
0.311209
0.099276
0.189727
0.157742
-0.375310
-0.262268
-0.355665
-0.033652
-0.416416
-0.262254
-0.291964
0.231000
0.463648
-0.705810
0.411229
-0.543015
-0.395205
0.314996
0.550957
0.620901
0.382529
0.224910
-0.336765
0.610137
-0.226403
-0.395321
-0.063765
0.067332
-0.446086
-0.056428
-0.284841
-0.381868
0.293978
-0.160398
-0.444967
0.077537
-0.069756
0.313992
0.133106
0.346413
0.165494
0.420559
0.218810
-0.112192
-0.090647
0.334960
-0.037580
0.187156
-0.192632
-0.165041
-0.209791
0.010237
0.643157
0.066359
0.056791
-0.014129
0.590806
-0.082661
-0.271140
-0.225088
0.229993
0.395391
0.317993
-0.654104
0.131015
0.010096
-0.264901
-0.009129
0.200622
0.029045
0.640637
0.026942
0.044773
-0.011681
0.520364
-0.185500
0.341022
-0.249345
0.621526
0.148667
-0.238949
-0.025987
-0.058886
-0.657879
-0.577100
0.199163
-0.218134
0.041056
0.273615
0.623653
0.369191
-0.630571
-0.166929
-0.051700
0.186947
-0.421607
-0.583599
0.250377
-0.602021
-0.218803
-0.414655
-0.132632
0.109936
-0.440286
0.592452
-0.210378
0.783044
0.634909
0.371290
0.243501
-0.055585
0.544074
-0.184677
-0.116795
-0.533543
0.380392
-0.341938
0.248362
-0.442540
-0.053854
-0.581517
-0.161805
0.613011
0.069755
0.197144
-0.824801
0.304476
0.027810
-0.077337
-0.139812
-0.593372
-0.472302
0.268727
0.351185
0.205969
-0.237061
0.322451
-0.336225
0.117773
0.457342
0.618117
-0.232417
-0.432819
-0.371249
0.020899
-0.387374
0.245484
-0.336342
0.376019
0.290406
0.258772
0.498611
-0.247765
0.180325
-0.025312
0.264387
-0.488835
0.314919
-0.291896
-0.364799
0.322133
0.110853
-0.089148
0.418433
-0.216280
-0.236585
-0.204589
-0.025152
0.208976
0.356643
0.169810
0.348887
0.211194
-0.432083
0.016688
-0.109847
-0.428839
0.036082
-0.221176
0.126892
0.131760
0.248221
-0.312676
0.519927
0.200607
0.288033
0.311208
-0.612498
-0.014289
-0.513054
-0.176818
0.339971
0.375270
0.494499
-0.175982
-0.214254
0.491172
0.293006
0.261341
-0.186566
0.418870
0.268198
0.275756
0.474177
0.456414
-0.367495
0.154084
-0.631133
0.281378
0.553625
0.483798
-0.065099
0.507787
-0.211240
0.072078
-0.112234
0.454011
0.224762
-0.372846
0.267431
-0.448361
-0.486294
-0.069930
-0.091990
-0.605500
0.213173
0.345016
-0.530942
0.273578
-0.061868
-0.366585
-0.230323
-0.234300
-0.257949
0.089559
0.346245
0.234590
0.455663
0.082403
0.230666
-0.424439
0.230515
-0.285661
-0.256671
-0.043557
-0.018715
-0.231103
0.475658
0.132555
0.324815
-0.605415
0.506967
0.164108
0.197052
-0.048503
0.458257
0.362820
-0.009039
0.509265
0.009153
-0.043128
0.028109
0.211451
-0.305842
-0.113034
-0.166557
-0.239745
0.618115
0.349471
0.343100
-0.442376
-0.120031
0.304524
0.276195
-0.601575
0.024138
-0.434217
-0.037994
-0.302603
0.314459
-0.336957
0.110434
-0.073937
-0.004554
0.049807
-0.370239
-0.336158
-0.135433
-0.283218
0.236509
-0.108871
0.512358
0.055191
-0.116720
0.294373
-0.498006
0.145739
-0.420148
0.236124
0.543665
0.741015
0.078043
-0.163655
-0.485530
-0.217632
0.038949
0.040531
0.112404
-0.058893
-0.047789
0.694528
-0.110524
0.081468
0.497206
0.565983
-0.446626
-0.337529
-0.039898
-0.219883
0.141141
0.279595
-0.626873
-0.284574
-0.240748
0.009136
-0.593642
0.166332
-0.056015
-0.573930
-0.027114
-0.008514
-0.017052
-0.222762
-0.526273
-0.379100
-0.160595
0.002899
0.169733
0.091987
0.394950
-0.275442
-0.309111
0.215652
0.292469
-0.240789
0.020487
-0.464212
0.059506
0.301222
-0.272975
-0.037124
-0.306140
0.070765
-0.437733
-0.438107
-0.085097
-0.182988
-0.315486
-0.040819
-0.411544
-0.046188
0.439249
-0.509718
-0.208976
0.142895
0.007529
0.030866
-0.346446
-0.319793
-0.070147
-0.188256
0.066705
0.000868
0.566530
0.271651
-0.287611
0.151916
-0.467472
0.291739
0.000087
-0.432161
-0.407924
-0.597949
-0.317375
-0.541231
-0.043912
-0.146577
-0.076161
-0.061863
-0.225642
0.201741
-0.338439
-0.525064
-0.257775
-0.322300
-0.046570
0.034121
-0.016181
0.141572
-0.602557
-0.111481
-0.142898
-0.080285
-0.338508
0.163697
0.019749
-0.557365
0.161432
0.129548
-0.218556
0.353186
0.502358
0.557545
-0.106184
-0.080943
-0.028795
-0.409495
-0.593968
-0.467907
0.397515
-0.528768
0.534984
-0.310431
0.651790
0.471317
-0.087218
0.402043
0.418135
-0.083728
-0.432316
0.527429
0.152256
-0.165856
-0.286741
-0.490069
0.445532
0.052158
-0.471796
0.245968
-0.253862
-0.147210
-0.040302
-0.102357
-0.503862
0.105962
-0.082793
-0.084302
0.022833
-0.104474
0.155321
0.064465
-0.302943
-0.202377
0.350947
0.033232
0.096557
0.107166
0.394983
0.267876
-0.067788
0.126218
-0.303376
-0.528178
0.069802
-0.386480
-0.511973
-0.425325
0.380253
0.384915
0.533306
-0.272643
-0.030435
-0.165899
0.027437
0.180313
-0.412106
-0.287354
-0.115819
-0.513081
-0.043189
0.338681
-0.083338
-0.044000
0.182211
-0.111505
-0.154251
-0.246411
-0.091966
-0.795068
-0.044928
0.292646
0.337215
0.333129
-0.135941
-0.350209
0.166557
-0.403204
-0.568041
0.291290
0.408905
-0.250419
0.235371
0.428826
-0.087989
-0.294174
0.288907
-0.010073
-0.174098
0.150972
0.320630
-0.155178
-0.193161
-0.410343
-0.426252
-0.395068
0.066871
-0.049114
0.481578
-0.148172
0.385667
0.199299
-0.192492
-0.121773
0.056812
0.357791
-0.083966
-0.343363
-0.080038
0.587282
0.089993
0.512035
-0.500726
0.534621
-0.441911
0.332958
0.355274
-0.462154
-0.160262
-0.187242
0.162268
-0.621102
0.228840
0.146172
0.562318
-0.074462
0.363388
-0.017347
-0.103970
0.142028
0.623424
0.156662
0.397139
-0.448253
-0.155815
0.491771
-0.237755
-0.282414
0.153257
0.404597
0.505335
0.580599
0.196662
-0.159124
0.094277
-0.247319
-0.226566
-0.280646
0.002899
0.481642
-0.354459
-0.195936
0.122622
-0.104065
0.203685
0.264966
0.078075
0.585387
-0.349402
-0.082267
-0.613641
0.508512
-0.578213
-0.227438
0.005634
-0.401464
0.149579
0.358875
-0.154576
-0.107962
0.251163
-0.020710
-0.035769
0.317223
0.493995
0.320405
0.234085
-0.154002
0.539551
-0.156763
-0.065348
-0.555845
0.440293
0.025010
0.464269
0.800404
0.253917
0.497984
-0.372802
0.593188
-0.545077
-0.139650
-0.042659
-0.060947
0.001638
0.426359
0.297185
-0.121974
-0.275119
-0.244907
0.215854
0.151874
-0.017517
-0.400526
0.450878
0.402164
-0.292797
0.196972
0.450025
0.416365
-0.296957
0.487923
-0.466995
0.184919
0.028913
-0.394960
0.314704
-0.420788
0.010408
-0.315264
-0.221969
-0.274697
0.184918
0.321705
0.022103
0.239772
-0.577642
-0.146408
-0.380867
0.142734
0.475441
0.178504
0.473955
0.453562
0.434940
-0.522041
-0.514678
0.080170
0.191157
-0.259080
-0.060630
-0.171481
-0.009167
-0.122713
-0.153140
0.076059
0.304443
0.097527
-0.081253
0.264193
-0.271559
-0.313449
0.013651
0.067663
-0.296299
-0.177193
0.362465
0.368966
0.135753
-0.178537
-0.050340
0.065094
0.043047
-0.085079
-0.129388
0.127308
0.125922
0.304303
0.115272
-0.376453
0.258417
-0.088044
0.152216
0.412136
-0.587372
-0.110905
0.164846
0.378167
0.410418
0.289787
-0.503488
-0.329076
-0.162499
0.508532
-0.321825
0.191181
0.379284
0.151800
-0.282078
0.336346
0.075157
-0.044965
-0.249345
0.001120
0.186525
0.361152
0.043908
0.259304
-0.325644
0.306954
0.537683
0.122212
0.561544
-0.338568
-0.000117
-0.341398
-0.147626
0.330560
-0.088348
0.170534
-0.046617
-0.484912
0.247218
0.148391
-0.398209
-0.241705
-0.833025
0.390424
-0.408424
0.336056
0.368714
0.147391
-0.099304
0.328361
-0.062702
-0.324097
-0.682262
0.085591
-0.078157
-0.318461
0.221434
-0.274568
0.412021
-0.196192
-0.397757
-0.359561
0.227992
0.280155
0.414384
-0.439238
0.354705
-0.028963
0.123247
-0.001868
0.388584
-0.307026
