-0.193544
-0.077206
-0.102811
0.019094
0.454187
-0.289654
-0.223206
0.149635
-0.013992
0.426129
-0.270120
-0.381731
0.125855
-0.308948
-0.338358
0.204931
-0.441953
0.638349
-0.238411
-0.405843
0.629190
-0.339086
-0.453847
0.360380
-0.353384
0.172263
0.246801
0.296999
-0.121255
0.603952
0.768718
-0.222085
0.431756
-0.185178
-0.128061
0.030138
0.625997
0.467992
0.170000
0.421883
-0.334572
-0.041163
0.323461
-0.220210
-0.433429
-0.601627
-0.219968
0.309388
-0.117168
0.385145
-0.489303
0.132144
-0.202091
-0.377039
-0.115683
-0.387499
-0.415168
-0.191633
-0.153951
0.255566
0.044949
-0.391826
0.170444
-0.248659
-0.225329
-0.642994
-0.846620
0.145972
0.307913
-0.193452
0.355164
0.460348
0.342307
0.000284
0.564838
-0.277168
-0.013241
0.445799
-0.277571
-0.253008
-0.130237
-0.243158
-0.645165
0.074532
-0.021956
0.549274
0.032555
0.768937
-0.075788
0.045139
0.204251
-0.695673
0.009942
-0.348355
-0.016293
0.151532
0.166778
-0.537857
-0.280092
0.202468
-0.291893
0.241873
-0.092384
0.643157
0.302197
-0.184953
-0.237707
0.246336
-0.389342
0.262136
0.024408
-0.226281
0.386872
-0.393315
-0.362951
0.131015
0.209363
0.053212
-0.027676
0.453179
0.669713
0.769372
0.290898
-0.428996
-0.400316
-0.349847
0.059894
-0.112629
-0.003804
0.492515
0.284662
0.554154
0.175056
0.277906
0.017428
0.489582
-0.224427
-0.756813
-0.154599
-0.040860
-0.155305
-0.041441
-0.108531
0.262556
-0.595711
-0.537839
-0.067967
0.009352
0.370773
0.109369
-0.442864
-0.220789
0.330701
-0.190496
0.323281
-0.028952
-0.465579
0.898688
-0.279426
-0.259488
-0.313545
-0.129376
-0.096181
0.362333
0.225070
0.588250
-0.002039
-0.257655
-0.284082
-0.704603
-0.006196
-0.043083
-0.176625
0.322192
0.283810
-0.279105
0.247330
-0.370255
-0.107200
-0.377441
-0.206676
-0.083045
0.059938
0.429529
0.681950
0.072798
-0.237061
-0.543221
0.088534
-0.225049
0.333251
0.423784
-0.185036
-0.020527
0.646847
-0.014262
0.134715
0.153199
-0.091623
0.481116
0.319579
-0.115346
0.271305
-0.095076
-0.092787
-0.306630
-0.076622
0.142015
-0.223649
-0.016629
0.599200
0.518968
0.124059
0.276121
0.012594
-0.172197
0.234344
-0.304172
-0.109299
0.018113
-0.029686
0.337857
0.671223
-0.147726
0.462933
-0.022323
-0.442293
-0.200760
-0.056818
0.339500
0.041450
0.108955
0.382379
-0.215053
-0.419799
-0.471336
-0.048060
-0.204329
-0.227395
-0.440769
0.129208
0.162271
-0.142272
0.138396
0.201279
-0.068159
-0.524947
-0.218833
-0.371085
0.039371
0.008341
-0.032222
-0.015736
-0.152607
0.504511
0.032503
-0.153361
0.043481
-0.123279
0.405295
0.265519
0.048462
-0.446157
-0.342489
0.175448
-0.009731
-0.609617
0.407773
-0.031360
0.712949
0.338483
-0.312316
0.286021
0.048103
0.324413
0.288049
0.195347
0.394974
0.252999
-0.065634
0.304006
-0.174037
0.413308
0.036246
0.485984
0.005247
-0.099662
0.124218
0.429782
0.654284
0.059748
-0.358610
0.325105
0.409975
0.574918
-0.157742
-0.400653
-0.042576
0.509979
0.466895
0.448684
-0.142849
0.440164
-0.095387
0.147799
-0.233357
-0.031915
0.163039
0.212590
-0.349677
-0.058863
0.513118
0.252607
0.519012
0.437949
-0.533895
-0.411519
0.347254
-0.047906
-0.018308
0.052061
0.006995
-0.160799
-0.210110
-0.483300
0.407941
-0.459241
0.293455
-0.456484
-0.359762
-0.096085
-0.180833
0.124425
-0.169023
0.207880
0.500621
0.416183
-0.336158
-0.387848
0.433972
0.095810
-0.077344
0.185251
-0.233236
-0.531350
-0.361916
-0.386664
-0.363245
-0.667308
0.373554
-0.490243
0.235448
0.374356
-0.414273
-0.009002
0.378441
0.128696
0.167400
0.285599
-0.071943
0.161481
0.592168
-0.291291
0.121344
0.239522
-0.117664
0.126736
0.135121
0.103022
0.009814
0.227283
0.043382
0.427590
0.247527
-0.084415
0.052145
-0.203350
-0.411630
0.020186
0.417265
-0.071836
-0.599487
-0.481424
-0.224854
-0.525762
-0.313187
-0.061620
-0.255162
0.573001
-0.044948
0.513231
-0.128006
0.271287
-0.690051
-0.400015
-0.396264
0.210262
0.207174
0.382287
0.185421
0.040001
-0.485824
-0.160616
-0.077752
0.602116
0.137973
0.284305
-0.165588
-0.420357
0.408285
-0.397790
0.118963
-0.381833
0.014967
-0.143565
-0.157493
-0.163727
0.566838
0.233248
0.028884
0.378140
0.320373
0.062635
0.169106
-0.063030
-0.187605
-0.138924
0.023926
-0.462002
-0.355935
0.335624
0.054009
-0.186267
0.169403
-0.247464
-0.016893
-0.481690
-0.344406
-0.014267
0.405556
-0.154123
-0.175348
-0.371696
-0.306967
-0.068684
-0.008243
0.084710
-0.515444
-0.236567
0.141572
0.461521
-0.012172
0.114458
-0.093789
0.091992
0.163744
-0.017227
0.091452
-0.268098
0.241556
0.569637
-0.153997
-0.087816
0.242355
-0.353690
-0.441786
0.354525
-0.152779
0.183778
-0.025174
-0.175730
-0.265460
0.398839
0.356141
-0.036267
0.066223
-0.285924
0.161623
-0.030679
0.247225
-0.418698
-0.128170
-0.140174
0.366881
-0.639246
-0.331685
0.374852
-0.380237
-0.392923
0.022133
0.282532
0.237737
0.932873
0.385454
0.434285
-0.072565
-0.482212
-0.014080
0.218488
-0.204633
-0.486419
0.049904
0.204521
-0.031051
-0.199226
0.547619
0.268235
0.196883
-0.393803
0.433555
-0.023583
0.438717
-0.349073
-0.477866
0.650084
-0.395948
-0.342985
-0.488745
-0.331698
-0.345236
0.414562
0.421074
-0.249028
0.383251
-0.010343
-0.506225
0.213047
0.526584
0.194677
-0.034183
0.275813
0.190832
-0.472755
0.474693
0.366204
0.112539
0.518978
0.063942
0.279783
0.013629
0.270809
0.120235
-0.571261
-0.246948
-0.097028
0.162277
-0.110168
0.078647
0.313279
0.435718
0.284162
-0.182910
0.342439
0.621388
0.093752
-0.039812
0.413527
0.181784
0.430861
-0.036803
0.412484
0.149415
0.188139
0.069342
-0.039569
0.194653
0.095116
-0.210836
-0.011913
0.209529
-0.653154
0.352462
0.339766
0.016649
-0.477010
0.113578
-0.057701
0.377245
0.209220
-0.682596
-0.088568
-0.222088
-0.351061
0.478700
-0.372989
-0.305101
0.163142
0.514540
0.130131
-0.089994
-0.146706
0.183384
0.126020
-0.443290
-0.232444
-0.041946
-0.084332
-0.124698
0.347933
0.161419
-0.109124
0.358107
0.484332
0.444339
-0.376681
0.263481
-0.573147
-0.224615
0.105588
0.127620
-0.400411
0.063546
-0.470720
-0.037786
0.178964
-0.079711
0.591860
-0.275821
-0.841369
-0.074912
-0.388775
-0.027023
0.296950
0.095294
-0.614093
-0.012282
0.134292
0.218069
-0.608493
-0.117159
-0.437839
-0.320288
0.192893
0.327361
-0.594409
0.329936
0.460161
0.177004
0.041170
0.390642
0.135633
-0.020710
-0.248629
-0.378794
-0.578843
0.074835
0.442640
0.380502
0.010277
0.522712
0.360872
0.029175
-0.289106
-0.523057
-0.245629
0.136213
-0.316779
0.301147
-0.278759
0.608111
-0.159669
0.358206
0.064937
-0.105298
-0.259064
0.272283
0.590592
0.439405
0.198690
0.439479
-0.703651
-0.125926
0.013548
-0.388633
0.154134
0.407860
-0.101752
-0.018400
-0.019074
-0.316732
-0.417971
-0.561229
-0.761591
0.112261
0.024990
-0.436371
-0.254795
-0.379459
-0.101158
-0.249852
-0.696536
-0.258799
-0.383035
0.169600
-0.219935
-0.149411
-0.036627
0.076780
-0.544019
-0.150877
0.473020
-0.452931
-0.258825
0.468854
-0.436454
-0.194709
0.271484
0.176426
0.071303
0.519008
0.037793
0.486127
-0.030091
0.641362
-0.650450
0.303235
0.389651
0.121273
0.266114
0.691128
0.059245
-0.361569
0.282749
0.101905
-0.414098
0.175467
-0.155924
0.354023
-0.303483
-0.365778
0.166011
0.663909
0.196954
0.412535
-0.312091
0.510122
0.203122
-0.212747
-0.399648
-0.270556
-0.429554
-0.088044
-0.620518
0.115265
0.103571
-0.349222
-0.120823
-0.086291
-0.070603
0.360502
-0.508872
-0.115869
-0.397148
0.230513
0.140187
-0.180802
-0.403633
-0.261428
0.048084
-0.391576
0.039745
-0.087806
0.274402
-0.456136
-0.204080
-0.807826
0.120317
0.193017
0.020857
0.166666
0.499942
-0.276576
-0.132552
0.503547
-0.054957
-0.112973
0.475344
0.297471
-0.250248
-0.215577
0.054523
0.494386
0.411072
0.138938
-0.510507
-0.008191
0.496386
-0.488675
0.048506
0.028972
-0.162847
-0.070865
-0.221570
0.397440
-0.047742
-0.069391
0.241883
0.121229
0.108227
0.114089
0.014803
0.175906
-0.019838
-0.786955
0.338787
0.209637
-0.621727
0.146675
0.477289
-0.395679
0.466671
-0.121316
0.057643
-0.268606
0.387241
0.223830
