0.522281
0.048583
-0.029683
-0.227000
-0.111973
-0.018057
-0.182514
0.018595
0.447965
0.492810
-0.222337
0.046159
0.139544
-0.117514
-0.372696
0.376494
0.249475
0.228580
-0.336134
-0.021161
-0.155683
-0.438696
-0.283881
0.138251
0.300159
0.022748
-0.060056
-0.410546
0.043104
-0.240093
-0.015649
-0.022877
-0.327584
0.019522
0.534094
-0.138632
-0.112847
0.468161
-0.309000
0.424548
0.064191
-0.238434
0.079251
-0.201431
0.337186
0.108258
-0.039925
0.254913
-0.195976
0.309122
-0.127958
-0.233729
-0.021740
0.393818
0.527099
0.456042
0.388589
0.272912
-0.139993
-0.363444
-0.136783
-0.352446
0.515052
-0.466364
-0.156055
-0.143697
-0.665638
-0.389132
-0.238048
-0.266418
0.062790
0.144935
0.208602
0.678330
-0.375667
-0.110340
-0.328710
0.132651
0.508041
-0.318502
-0.230540
0.418454
-0.406436
-0.370541
-0.411611
0.399556
0.188829
0.759575
-0.128856
-0.446302
0.127422
-0.016948
-0.086985
0.331979
-0.005471
-0.543157
0.462307
-0.466330
-0.090859
0.341546
0.606499
-0.090598
0.167441
0.191477
-0.146422
0.165895
0.123796
0.416285
0.767840
-0.113220
-0.117205
0.570601
-0.025318
0.051853
0.184119
-0.197635
0.291770
-0.315609
-0.614181
-0.190405
-0.419293
0.599530
-0.328829
-0.376360
0.070777
-0.323007
0.149011
-0.079788
-0.478365
0.040728
-0.200270
0.140257
0.562518
0.153025
-0.148371
0.727871
0.065874
0.241558
0.023908
0.614662
-0.085517
0.034465
0.078822
-0.031973
-0.785787
-0.296065
-0.090622
-0.002026
-0.332633
-0.553916
0.069285
-0.258345
0.270591
0.100577
-0.227627
-0.190447
-0.090187
0.253858
-0.444467
-0.060424
0.072508
-0.157086
-0.078330
-0.227331
0.056798
-0.073159
-0.362567
-0.216294
0.457426
0.115070
-0.121867
-0.094341
0.101269
-0.171751
0.255763
-0.339407
0.004136
-0.187988
0.435853
0.088297
-0.134642
-0.092575
-0.213376
-0.254289
0.458775
0.287869
-0.174429
-0.025646
-0.011509
-0.307457
0.564724
0.498823
-0.207516
0.008743
0.481574
-0.325963
0.084175
-0.577750
-0.508343
0.227307
0.214263
-0.151995
0.707430
-0.196407
0.124350
0.236786
0.393348
-0.262755
-0.103888
0.181995
-0.087840
-0.413458
-0.234913
0.309565
0.150982
-0.548767
0.258770
-0.240607
-0.001454
0.525907
-0.012631
-0.031605
0.230714
-0.356923
0.070935
-0.146775
-0.678654
-0.146186
0.266359
-0.236446
-0.284873
-0.403045
-0.080282
-0.098232
0.081908
0.099850
0.655828
-0.233292
-0.292627
-0.389906
0.431235
-0.118676
-0.636529
0.273074
-0.333093
-0.305506
-0.397641
0.137762
-0.201671
-0.492456
0.092114
0.396245
0.302458
0.000141
-0.082221
-0.313667
-0.705572
0.557442
0.217416
0.147470
-0.214138
0.284731
-0.215085
0.036000
-0.508801
0.631766
-0.054763
-0.240419
-0.250550
0.097200
-0.258785
-0.271325
0.404950
-0.377612
0.529122
-0.333793
-0.177525
-0.247176
-0.164946
-0.004819
-0.271081
-0.161870
-0.436144
-0.125116
-0.111595
-0.323689
-0.315249
-0.614735
0.002126
-0.320293
-0.705606
-0.566568
0.300682
0.077069
0.456522
-0.247399
0.125570
-0.055187
-0.302702
0.465370
-0.255090
0.267341
-0.051785
-0.296077
0.068645
-0.561346
-0.143535
0.386690
0.094939
-0.220966
0.069231
0.113862
-0.417598
0.023535
0.428136
-0.350710
0.106031
0.257767
0.343933
0.405433
-0.546261
0.038676
-0.324935
-0.376517
-0.102602
-0.122365
-0.229916
0.053633
-0.325278
-0.152727
-0.349791
0.144445
-0.090423
-0.169023
-0.074209
-0.195074
-0.261856
0.459577
-0.310584
-0.273504
0.230535
0.400750
0.318669
0.022258
-0.100094
0.559090
0.413118
0.268498
-0.325221
0.466911
-0.318741
0.354251
0.564801
0.442630
-0.086862
-0.041077
0.344569
0.270321
-0.010064
0.129967
-0.034011
0.209336
0.139610
-0.006302
0.332567
0.298429
0.237822
0.287566
0.192507
-0.196194
-0.045999
0.315121
-0.399701
0.294137
0.480222
0.045407
-0.494249
-0.094614
-0.215959
0.223400
-0.148137
-0.064057
-0.338431
-0.112266
-0.053417
-0.288072
-0.152706
-0.141987
-0.088120
0.357547
0.121594
0.087842
0.082572
-0.660965
-0.391342
0.775407
0.208014
0.086996
0.197319
-0.389937
-0.138935
-0.338438
-0.191998
0.086681
0.258494
-0.345763
0.465320
-0.224263
0.378380
0.469345
0.168725
0.313772
-0.440845
0.590748
0.424095
-0.283858
-0.252359
-0.240966
-0.078586
-0.064001
-0.476515
-0.068119
0.018771
-0.068071
0.399731
-0.109975
-0.470676
-0.000377
0.105629
-0.161352
0.564586
-0.298381
-0.535066
0.004047
-0.547922
0.002633
-0.277744
-0.133816
0.204422
-0.382204
-0.236381
0.361464
-0.300870
-0.340378
-0.098820
-0.102475
0.404418
-0.550590
0.241740
0.059872
-0.065294
0.070751
0.382100
0.166921
-0.205719
-0.243236
-0.023196
0.055739
-0.592479
-0.384164
-0.073679
0.214527
-0.104283
0.605338
-0.659620
0.059215
-0.226367
-0.323207
0.058642
0.144402
-0.357871
-0.029950
0.279764
-0.176167
0.615257
0.057999
0.549972
0.541124
0.476913
-0.149256
-0.507503
0.221499
-0.571366
0.514497
0.366871
-0.590089
-0.046034
-0.179156
-0.149698
0.037748
0.390623
0.123527
0.351327
0.019006
-0.404805
0.128872
-0.029065
-0.160276
0.091561
0.449095
-0.374817
0.260299
0.055989
0.127652
-0.454674
-0.179582
-0.337185
0.598475
0.404029
-0.169439
0.718119
0.136610
-0.668880
0.192906
-0.375009
-0.488082
0.474517
0.289828
-0.340131
0.185155
0.172064
-0.210653
0.717313
0.374804
-0.435230
0.671315
-0.581903
0.388920
-0.438030
-0.059123
-0.238622
0.559793
-0.241888
0.077797
0.199097
-0.036986
-0.474036
-0.328044
-0.035368
-0.253929
-0.756992
-0.099015
-0.286628
-0.252205
-0.050273
0.173940
-0.568320
0.382810
-0.193389
0.055681
-0.052797
-0.527646
0.176611
-0.142008
0.316978
-0.322031
-0.281402
0.071951
-0.437919
0.215989
0.113401
0.025541
0.409227
-0.117559
-0.545614
-0.219564
-0.301244
-0.169231
-0.408365
-0.102934
0.034611
0.453964
0.191287
-0.181486
0.226971
-0.233463
0.277492
0.484458
0.093547
0.433456
-0.046630
0.604013
0.511724
-0.093896
-0.081224
0.375405
0.031538
-0.152637
0.334682
0.436942
0.531812
0.434591
-0.514979
-0.668286
-0.006811
0.267449
-0.119940
0.364488
0.437078
-0.212305
-0.123758
0.291486
0.045441
0.544410
0.458154
0.329136
0.321157
-0.203178
0.081107
0.058882
-0.778425
-0.012946
-0.222413
0.497714
-0.468825
-0.310434
-0.382219
-0.324300
0.099649
0.246953
0.451915
-0.109119
-0.218121
0.157146
0.231712
-0.008607
-0.540870
-0.196663
-0.688374
0.332594
-0.216921
0.437318
0.057363
-0.439287
-0.337901
0.226386
-0.413979
-0.041734
-0.175269
0.483588
0.056693
0.061047
0.590975
0.554258
0.128179
0.474868
0.672579
-0.224929
0.267492
0.266487
0.154936
-0.307809
0.385926
-0.677136
0.446874
-0.314982
0.304337
0.231574
0.146164
-0.123098
-0.219080
-0.070782
0.623535
0.025965
0.159663
0.271679
0.467639
-0.121063
0.023454
-0.159766
0.168836
0.685028
-0.644261
0.525931
0.092624
-0.186451
0.394713
-0.069463
0.365755
-0.701222
-0.041516
-0.355919
0.073624
-0.590963
0.092900
0.204277
0.321639
0.176546
0.219931
0.508283
-0.303988
-0.575493
0.030964
0.075487
-0.058790
-0.495615
-0.025999
-0.066221
0.001747
-0.154110
0.091239
0.050282
0.006914
0.567152
0.655789
0.552373
-0.508082
-0.624770
0.528610
-0.108513
0.178175
-0.285098
0.382424
0.346520
-0.711923
0.184868
0.188291
0.136538
-0.215227
0.254740
-0.315695
0.239521
-0.472319
0.259024
-0.003967
-0.054408
0.164218
-0.540096
-0.362110
0.419286
-0.143547
-0.279722
0.159818
0.204881
-0.035465
0.251133
-0.608664
0.453661
0.395921
0.189859
0.461544
-0.232299
-0.446111
-0.377998
-0.348608
-0.298716
-0.197953
0.177976
0.363472
0.722961
-0.622428
-0.113196
0.125695
-0.075463
0.673982
-0.420081
-0.663134
0.052557
0.413032
-0.287226
-0.115264
-0.138711
0.007622
0.495473
0.454802
0.148555
0.352872
-0.450511
-0.490475
-0.072203
0.458959
0.543298
-0.251797
0.000624
0.254131
-0.276922
-0.443357
-0.197698
-0.361008
-0.177905
0.333067
-0.638582
0.248197
0.611983
-0.635346
-0.241705
-0.044841
0.526239
0.284951
-0.433511
-0.153902
-0.414820
0.002872
0.076818
-0.636365
-0.628963
0.018357
0.067570
0.248307
-0.496946
0.036019
0.424180
0.391613
0.247579
-0.075145
0.079138
-0.576704
-0.618470
-0.404820
0.284537
-0.293057
0.038618
0.107822
-0.649940
0.153985
0.310031
