0.381318
-0.214953
0.014908
0.277782
-0.485749
-0.493843
0.274105
0.436978
0.488747
0.103612
-0.284863
0.119695
-0.516364
-0.117514
-0.062541
0.276672
-0.553650
-0.380426
0.200863
0.497444
-0.136609
0.179296
-0.007695
0.153313
-0.474985
-0.063858
-0.137723
-0.242192
0.556904
-0.363011
0.417233
0.009937
0.349671
-0.052953
-0.413994
0.348322
-0.311539
0.494121
0.104073
-0.603816
0.112873
-0.322790
-0.211525
0.250527
0.394256
-0.543204
-0.053630
-0.366240
-0.438956
0.073945
0.308223
-0.278322
0.313142
0.206996
0.340574
-0.492134
0.060709
-0.287825
0.366294
0.359340
-0.254678
0.036692
0.036726
0.618133
-0.636670
0.439978
-0.133540
-0.297485
-0.304259
-0.308346
0.453170
-0.419854
-0.185684
0.221247
0.459306
-0.087106
0.137004
0.214311
0.407128
-0.465716
-0.423565
-0.391800
0.511676
0.432961
-0.318437
0.211997
0.467889
0.572335
-0.254155
-0.025170
-0.162815
0.391087
0.012125
0.358687
0.563295
0.578554
-0.106632
-0.474556
-0.039007
0.179710
-0.007889
0.024579
-0.097243
-0.191629
-0.013867
-0.408291
-0.232605
-0.281414
0.133418
0.199336
-0.225125
-0.431425
0.316489
0.069727
-0.201468
0.141529
0.215762
-0.028338
0.161234
0.552133
0.584954
0.578498
-0.065320
0.132250
0.114414
-0.035488
0.016534
-0.082395
0.625113
-0.464068
-0.058174
-0.267369
0.204379
0.170489
-0.393652
0.300461
-0.248188
0.380944
-0.330822
-0.400079
0.293386
0.171198
0.516314
0.409467
-0.367899
-0.079876
-0.221475
-0.034299
-0.240924
0.350759
0.231700
0.410861
0.081366
-0.294346
-0.173608
0.577858
-0.444366
0.065416
-0.539292
-0.397714
-0.495570
0.301719
0.252143
0.024971
0.367462
0.576194
-0.410653
0.112503
-0.210627
-0.498677
0.028266
0.532106
-0.293336
0.548759
-0.273657
0.060880
0.307869
-0.051694
-0.209717
-0.104441
-0.118771
0.774509
0.103219
-0.319483
0.070760
-0.285147
-0.108719
0.104058
0.370993
0.067303
-0.383450
0.318661
0.181514
-0.110774
-0.037951
-0.613023
-0.326998
-0.008445
-0.278564
-0.155579
0.099195
0.145875
-0.723122
0.149622
-0.539036
0.315815
-0.001503
-0.499073
0.346133
0.463086
-0.007414
-0.254618
-0.285383
0.210201
-0.495176
-0.279398
-0.045830
0.649306
-0.108867
-0.305597
-0.100056
0.162951
0.252825
0.037694
0.851838
-0.465102
0.094169
-0.201662
0.480979
-0.383238
0.026826
-0.258813
-0.482565
0.230146
-0.578974
0.178054
0.202040
-0.216173
-0.638117
0.427661
0.439929
0.040597
-0.606236
0.066692
-0.536858
0.286538
-0.524438
-0.438804
0.410161
0.040582
0.237270
-0.055720
0.279585
0.171526
-0.081911
-0.235934
0.208739
0.023635
0.440956
0.282750
0.470086
-0.307668
-0.022336
-0.342121
-0.192704
0.103538
-0.457038
-0.478695
0.174151
0.419406
-0.194459
-0.146671
0.616937
0.218769
-0.417445
-0.649962
0.222814
-0.163596
0.013618
-0.113576
0.113092
-0.326150
0.147796
0.479611
-0.016309
0.110033
0.374724
-0.416181
0.823277
-0.197446
0.377658
-0.232269
0.436101
-0.282248
0.453443
0.159889
0.375749
-0.379634
-0.427261
0.536595
0.293011
0.243650
0.180596
-0.053329
0.060019
0.650800
0.345715
0.303978
0.249979
0.080730
0.110305
-0.102287
-0.470332
-0.018067
0.090554
0.405456
0.283831
-0.077742
-0.189971
-0.273279
-0.309406
0.011443
0.081063
0.216469
-0.219889
0.489405
-0.160165
-0.222479
-0.374409
-0.436573
0.376841
-0.209395
0.390760
-0.187206
-0.121521
0.006889
-0.348342
0.350136
-0.012996
0.433187
-0.012989
-0.086435
-0.021412
-0.348958
-0.575413
-0.130732
0.527445
-0.115126
0.269936
0.127577
0.116669
-0.072089
-0.491295
0.001352
-0.344129
-0.337009
0.125613
-0.226179
-0.307051
0.269330
-0.293392
0.525076
0.468161
0.315817
-0.652567
0.033289
0.618121
-0.413017
0.451015
-0.149523
0.143934
0.276843
0.389651
0.289027
-0.207708
-0.180345
-0.241356
0.271906
-0.374329
0.475941
-0.268652
-0.519181
-0.326019
-0.372804
-0.457635
0.177741
0.102258
-0.240845
0.204704
0.295254
-0.142773
-0.329938
0.150410
-0.548325
0.259042
0.618100
-0.061929
-0.547758
-0.432971
0.419295
-0.229585
-0.273959
0.319886
0.329494
0.331833
-0.033107
0.179446
-0.174132
0.307935
-0.264606
-0.465729
0.354940
-0.003849
0.512653
-0.236761
-0.166972
0.381706
0.560450
-0.396393
-0.605042
-0.136211
0.020599
0.035748
0.044400
0.106671
-0.323849
0.138772
0.071681
-0.348201
-0.318358
0.453975
0.572823
0.434974
-0.200808
0.452048
-0.550440
-0.065339
0.635063
-0.038710
0.871977
0.196409
0.373410
0.109250
-0.332685
-0.180789
-0.103094
-0.123132
0.009426
0.421287
-0.053393
-0.234171
-0.468841
0.258129
0.195545
0.464694
-0.412432
0.394331
0.067404
0.204894
-0.501935
-0.224722
-0.036612
0.197692
0.703663
-0.426925
-0.468076
-0.233809
0.139710
0.281290
-0.262260
-0.243311
-0.176776
-0.183111
0.111168
0.549476
-0.123506
-0.222353
0.155918
-0.265570
-0.458111
0.111190
0.173897
-0.145760
-0.048551
-0.359886
0.204381
0.374852
-0.100688
-0.098381
0.376077
-0.224211
0.072759
0.160497
-0.058771
0.009986
0.054314
-0.375937
-0.194626
-0.024495
-0.228872
0.028047
0.517416
0.353985
-0.226763
-0.135885
-0.158116
-0.427880
-0.493052
-0.196665
-0.295178
0.154116
0.301029
0.117254
0.101066
-0.041906
-0.436276
-0.111341
-0.107110
-0.604828
0.320296
-0.129374
-0.137911
0.165309
-0.038882
-0.331572
-0.145330
0.413145
0.247767
0.170628
0.183950
0.271203
-0.085266
0.246117
0.512449
-0.030509
-0.185652
0.330113
0.148282
-0.149805
-0.239557
-0.133039
-0.474825
0.096609
0.274861
-0.351701
0.347220
-0.515000
-0.164701
-0.494361
0.637605
0.042061
-0.546926
0.060336
0.213414
-0.351586
0.031109
0.478334
-0.413193
-0.378919
-0.045282
-0.735305
0.332317
0.056476
0.377567
-0.495364
0.490381
0.217413
0.096188
-0.297202
-0.519626
-0.059596
0.456457
-0.291645
-0.092170
-0.289843
0.423786
-0.482604
-0.349110
0.430121
-0.325358
-0.357729
-0.222088
-0.030409
-0.036951
-0.350965
0.304655
0.068332
-0.189716
0.500414
0.325832
-0.125959
-0.218509
-0.419858
0.165805
-0.271674
-0.137948
-0.255502
-0.232551
-0.092714
0.342376
-0.273442
-0.919190
0.132569
0.341027
0.521567
0.382166
-0.499728
0.320215
0.118604
0.504845
-0.280951
-0.320229
-0.677449
0.387212
0.170776
-0.313193
0.284134
-0.419768
-0.740250
-0.308749
0.026489
-0.431632
-0.147267
-0.280492
-0.427438
0.346371
-0.489768
-0.049371
-0.458001
-0.297567
-0.115465
-0.080043
-0.000609
0.407763
-0.260119
-0.328759
0.508758
0.032228
0.050007
0.293283
-0.675303
-0.237689
0.270373
0.019418
-0.257260
-0.298522
0.379247
0.008888
0.172464
-0.571001
-0.257618
-0.158613
-0.145304
-0.445384
-0.036174
-0.083518
0.197640
0.128776
0.500765
0.185862
0.174578
-0.210426
0.181924
0.273141
0.293117
0.087682
0.331068
0.228042
0.071054
-0.357009
-0.447133
-0.155779
-0.268000
-0.411721
-0.107957
0.274859
0.036188
0.438583
-0.105330
-0.545919
0.170687
0.185944
-0.620423
-0.061010
-0.016568
0.105744
-0.142069
0.638602
-0.134264
0.134684
-0.206229
-0.201642
0.248981
-0.174774
0.075821
-0.016181
-0.704125
-0.112524
-0.171014
-0.454530
0.306435
0.176894
-0.061592
-0.283989
-0.236236
0.148916
0.396038
-0.451605
-0.174669
0.320352
0.141268
-0.285098
0.319647
0.050350
-0.698973
0.581349
-0.409914
-0.278950
0.528484
-0.429959
-0.229716
0.348909
0.082867
-0.127925
-0.173340
-0.333413
-0.182415
-0.098233
0.189285
-0.069852
0.100497
-0.052044
0.333113
-0.006507
-0.085286
-0.308631
0.275117
0.172835
-0.601529
-0.197620
-0.008792
0.570372
-0.223469
0.428004
-0.448568
-0.444069
0.215040
0.421807
-0.236555
-0.208427
0.259342
-0.353578
-0.431383
-0.336774
-0.450877
0.366324
0.365475
0.165582
-0.360898
0.331442
0.470141
0.024120
-0.361338
-0.601214
-0.208744
0.101568
0.566634
0.251764
0.358147
-0.298295
0.641984
-0.303495
0.096610
-0.238690
-0.225406
-0.250545
-0.178516
-0.071452
-0.362490
-0.207206
-0.237461
0.090031
-0.350829
-0.370002
-0.089456
-0.357308
-0.162879
0.312508
-0.134915
-0.197212
-0.391612
-0.447607
-0.040642
0.475743
-0.695892
0.230129
0.382755
0.763893
-0.043276
-0.504290
0.225203
-0.543717
0.538470
-0.013906
0.647982
0.426510
-0.035946
0.260433
-0.380541
-0.371259
0.447232
0.386724
-0.543403
0.056097
0.032052
-0.331340
