-0.184348
0.006180
-0.408008
0.038965
-0.352167
-0.377940
-0.004952
-0.121614
0.400794
0.419762
0.137520
0.131718
-0.387926
-0.334479
-0.432198
0.316703
-0.248664
-0.310630
-0.196709
-0.457842
0.320110
-0.350722
-0.524756
0.541726
0.327085
-0.377433
-0.389803
-0.213392
-0.372961
-0.018444
-0.035471
0.482523
-0.021912
0.069734
0.788291
0.021870
-0.112847
-0.120675
-0.264259
0.371818
-0.583822
0.025178
-0.326447
-0.223735
-0.193793
-0.560186
-0.582093
-0.039149
-0.308694
0.028167
0.100083
0.471205
-0.327694
-0.382864
0.143973
0.458787
-0.286886
-0.390335
0.235376
-0.553181
0.161915
-0.521997
0.306029
-0.293204
-0.617966
-0.660914
-0.682059
0.473297
0.340277
-0.474431
0.104978
-0.247412
0.097993
-0.389540
0.048256
0.045217
-0.024422
0.059706
0.453460
0.134862
-0.048633
0.412232
-0.350093
-0.386912
0.267534
0.119432
-0.074095
-0.458743
0.216834
0.300924
-0.060579
0.330852
-0.353280
-0.270290
0.167377
-0.066007
0.222286
-0.280676
-0.435211
-0.567835
0.011637
-0.028087
0.370362
-0.022953
0.430399
-0.318080
-0.171310
0.046925
0.238558
0.213868
0.423758
0.219198
-0.128266
0.360220
0.120158
0.429899
0.426862
0.387155
0.386542
-0.551002
0.081620
0.177840
0.052103
-0.206196
-0.319214
-0.323142
-0.244669
0.310738
-0.369656
0.164650
-0.629637
0.221957
0.170360
0.203272
-0.649577
-0.484390
-0.366679
-0.556438
0.395994
0.074402
0.394669
0.405059
0.080644
0.196845
0.435637
-0.458559
-0.316881
0.105976
0.489227
-0.358163
-0.062305
-0.072788
-0.159957
-0.374955
-0.259690
0.436109
-0.148166
0.214406
0.691603
-0.402103
-0.571435
-0.073166
0.683028
0.115911
0.351429
0.183109
-0.511358
0.262400
-0.263944
0.152149
0.008452
0.046956
0.028451
0.504366
0.423824
0.045978
-0.336926
-0.253236
0.263463
-0.368328
-0.165584
-0.238243
0.078410
0.534786
-0.046647
0.055154
-0.053789
-0.415869
-0.466732
-0.230369
0.452664
-0.827047
0.392229
0.011684
0.255159
-0.415214
-0.148782
-0.604800
-0.190773
-0.278893
-0.043468
-0.471822
-0.099575
0.264767
-0.112786
0.322664
0.084169
-0.530636
-0.242682
0.045046
0.433296
0.414209
0.572347
0.464559
-0.017688
-0.239845
0.163565
-0.467897
0.446840
0.465675
-0.455801
-0.061170
0.374563
0.055666
0.103773
0.022885
0.404578
-0.394051
-0.281988
-0.368148
0.198965
-0.351083
-0.182754
0.135304
0.613718
-0.355052
-0.373142
-0.178741
0.128357
-0.077268
0.267172
-0.445348
-0.616658
-0.326543
0.301792
0.580802
-0.177670
0.224504
0.600441
0.080968
0.351174
0.301569
0.289078
0.460186
-0.215981
-0.065569
-0.066558
0.309802
-0.239489
-0.365615
0.043571
0.301896
0.479078
-0.193183
-0.283665
-0.087870
-0.490175
0.075855
0.356184
-0.305230
0.318081
-0.638206
0.012712
-0.312338
0.363866
-0.254802
0.106402
0.323162
-0.316142
0.049693
0.583966
-0.332265
-0.354745
-0.204190
-0.198428
-0.248243
0.007688
0.390653
-0.375674
0.141205
-0.719587
-0.476651
0.276820
0.211556
-0.195577
0.136572
-0.358019
-0.180481
-0.273974
0.385105
0.155287
-0.366164
0.183722
-0.022056
-0.191229
-0.139148
0.274147
0.188802
-0.218218
-0.465444
-0.218698
-0.325500
-0.056641
0.239922
-0.553041
-0.317358
-0.244575
-0.463202
0.463463
-0.068459
0.064371
0.048634
-0.021339
0.171822
-0.318008
0.312753
0.217286
0.253890
-0.294042
-0.228921
-0.026020
-0.304726
0.346239
0.311640
-0.026497
-0.764541
-0.476798
0.016809
-0.433281
0.116156
-0.338818
-0.260683
-0.347193
0.324396
-0.042431
0.394737
-0.156571
-0.063918
-0.480571
-0.150292
-0.035725
0.191830
0.392189
-0.143587
-0.167000
0.492591
0.196828
0.430934
0.320137
0.638140
-0.257204
-0.265519
-0.073524
-0.338178
0.159240
0.483185
0.163951
-0.261507
-0.044757
-0.133626
0.249977
-0.017258
-0.413274
-0.667718
0.438199
-0.213928
-0.154840
0.248396
0.019617
-0.015928
-0.152064
-0.293622
-0.145089
-0.659925
0.143610
0.426375
-0.020897
-0.125685
0.068051
0.115525
-0.317546
0.339175
-0.425100
0.073311
-0.439022
0.484757
-0.214871
0.387820
0.055606
0.419586
-0.049867
-0.515216
-0.149651
0.207028
-0.486773
0.295837
0.351905
-0.114845
0.409375
0.311754
-0.075996
-0.130941
0.545275
0.342145
-0.570869
-0.314637
-0.153926
-0.311722
-0.277282
0.028884
0.202728
-0.111468
-0.190083
-0.263600
0.387247
0.363936
0.053160
-0.122957
-0.441201
-0.440836
0.132572
-0.289137
0.174222
-0.242562
0.313757
-0.270911
-0.082148
-0.311277
-0.212705
0.395260
0.059476
0.276100
-0.161143
-0.398400
-0.219554
-0.159995
0.088432
-0.097205
-0.003558
-0.353535
-0.432847
-0.012172
0.097725
-0.024035
-0.600802
0.163819
-0.476434
-0.512186
-0.012020
-0.067698
0.251847
-0.598189
0.179503
0.114845
0.328906
0.159046
-0.350320
-0.503518
-0.420472
-0.106144
0.207073
-0.016557
0.418127
-0.233268
-0.025689
0.080379
0.454386
0.437034
0.268109
0.143581
-0.149627
-0.150695
-0.367631
0.589268
0.482649
0.018950
0.407580
-0.206114
0.005072
-0.520275
0.153801
-0.197860
0.561197
0.281946
0.031040
0.040021
-0.360587
0.246206
-0.543839
-0.121075
-0.438450
0.357324
0.268935
0.405584
0.359982
0.115594
-0.438583
-0.346788
0.160911
-0.368354
0.116697
0.245867
-0.424999
0.097891
-0.549209
-0.422466
0.409842
-0.158958
0.568322
0.308434
0.184041
-0.408691
-0.270590
0.017013
-0.292749
0.572930
0.793080
0.436803
0.078740
0.278525
-0.303605
-0.077428
-0.538511
-0.237666
0.173154
-0.504292
-0.273509
-0.289864
0.173006
-0.000978
-0.111890
0.365636
-0.112359
-0.274457
-0.164535
0.199510
-0.193094
-0.046124
0.191002
0.060664
-0.196654
0.327496
-0.108563
-0.423008
0.391145
0.113659
0.215427
-0.276603
-0.305502
0.200262
0.260802
0.210890
-0.723592
0.464239
-0.760097
0.158402
-0.220902
0.285976
-0.264476
-0.450777
-0.074558
0.358024
0.363499
-0.200620
0.320240
-0.449020
-0.008686
0.319302
0.226749
0.519900
-0.088568
-0.340603
-0.197879
-0.155756
-0.271069
-0.286138
0.846102
-0.297158
0.420190
0.373432
0.152858
-0.223033
-0.197102
-0.552796
0.347834
-0.005578
-0.304086
0.229622
-0.332199
0.360370
-0.361754
0.379314
0.375690
-0.329008
-0.421654
-0.240032
-0.582889
0.085152
0.170259
0.032740
0.474529
0.234951
0.254197
0.485083
0.170776
-0.406043
-0.505656
0.118643
-0.021586
0.305039
0.371278
-0.459308
-0.174112
-0.439276
0.376386
0.029777
-0.252613
0.247332
-0.383619
-0.275135
-0.347788
-0.320288
0.085918
0.203066
-0.371276
-0.474942
-0.111475
0.411848
0.411590
-0.162593
0.052583
-0.204150
-0.465524
-0.407646
0.545204
-0.018011
0.462815
-0.268314
0.277084
0.158377
0.348904
-0.297971
-0.215456
-0.228171
0.238176
0.701008
0.145117
0.450839
-0.292900
-0.146401
0.138298
-0.531154
-0.497166
0.391619
-0.301808
0.076129
-0.608468
-0.101600
0.121191
-0.264003
-0.447133
0.040879
-0.377556
0.009646
-0.503622
0.401451
0.386512
-0.060187
0.601758
0.349133
-0.383589
-0.001360
0.051446
0.337659
0.281702
-0.200263
-0.154264
0.780168
-0.101158
-0.048367
-0.239831
-0.155101
-0.315216
-0.088293
-0.152730
0.018508
0.145811
0.297547
-0.499420
-0.454756
0.336777
-0.221222
-0.036090
0.227539
0.371676
-0.233615
-0.046911
-0.465171
-0.613644
0.381018
-0.140421
-0.392426
-0.197271
-0.690476
0.301267
0.014681
0.497593
0.070423
-0.238622
0.501951
-0.045754
0.174747
-0.116574
0.008951
-0.425494
-0.259891
-0.243657
0.283742
0.389730
-0.060021
0.364203
0.286935
0.274990
0.219595
-0.462649
-0.397776
0.136268
0.596250
-0.263334
0.184538
-0.128935
-0.088044
-0.532228
-0.045948
0.382613
0.531648
-0.204276
0.307298
-0.426912
0.206430
0.096479
0.062440
-0.032040
0.618745
0.071472
-0.289494
0.220894
0.288650
-0.223197
-0.296018
-0.099597
-0.036968
0.007622
-0.549112
0.184421
-0.340619
-0.369954
0.543661
0.106560
-0.197707
-0.557915
-0.387120
-0.524092
0.524931
-0.141956
0.294705
0.320050
-0.427906
-0.619174
0.226084
-0.204908
-0.078167
0.020277
-0.235239
-0.599993
-0.354018
-0.078142
-0.030235
0.134282
-0.107715
-0.015198
-0.040509
-0.272289
-0.045611
0.193470
-0.325216
0.488147
0.535363
-0.123476
-0.071571
0.270450
-0.187861
-0.422478
0.311342
0.068221
0.372172
-0.423081
-0.068329
-0.212506
-0.449242
-0.378841
0.089099
0.554573
-0.563590
0.289454
0.259850
