-0.315957
-0.227009
-0.362078
0.030090
0.130130
-0.276465
0.229628
0.042748
-0.142376
-0.017108
-0.163388
-0.381272
-0.378537
-0.067467
0.342822
-0.147908
-0.124086
-0.104494
-0.515015
-0.068863
0.295704
-0.218500
0.032235
0.410511
0.200272
-0.535038
0.226518
-0.196948
-0.500744
0.039093
0.129442
0.223962
-0.108286
0.231575
-0.228713
0.214664
0.255890
0.361866
0.087744
0.282316
-0.527489
0.560534
0.210144
0.182503
-0.431094
-0.521983
0.303791
0.083852
0.244042
-0.335136
-0.302898
-0.075863
0.215567
-0.012726
0.037079
-0.441915
-0.215772
0.003061
-0.406282
0.531402
-0.285049
-0.500865
-0.007932
-0.351648
0.499928
0.101106
0.094380
-0.106858
-0.314871
-0.161613
-0.166433
0.122513
-0.168057
-0.106191
0.364631
-0.303755
0.259505
-0.361390
-0.430194
-0.453468
-0.332912
0.324004
0.238049
0.461438
-0.510303
0.294161
-0.245601
-0.453498
-0.015417
0.147235
-0.168323
0.017068
-0.238098
0.188605
-0.354212
0.073225
-0.193761
-0.407889
0.821007
0.257488
-0.064935
0.631462
-0.347981
0.170030
-0.560418
-0.541544
0.319293
0.397978
0.397457
-0.421607
-0.103571
0.159851
0.064505
-0.111872
-0.214095
-0.225582
0.334203
-0.414090
-0.156282
-0.360333
0.010613
-0.329234
-0.532720
-0.234121
-0.271477
-0.408837
0.398020
0.452701
0.101027
0.498051
-0.544637
-0.603316
0.271976
0.108818
-0.366875
-0.018644
-0.014037
0.054256
0.331378
-0.337266
-0.077885
-0.039409
0.063546
-0.596991
-0.253137
-0.190012
-0.390326
-0.327458
0.611408
0.303321
-0.125155
-0.096638
-0.089152
-0.154665
0.105384
0.592187
-0.633883
0.181205
0.302180
-0.414899
0.243501
-0.267661
0.086427
-0.364316
-0.099851
-0.164009
0.156936
0.038591
-0.248081
0.065718
0.094661
0.347439
-0.531463
-0.066885
0.225538
-0.335006
0.595600
-0.061850
-0.005548
-0.222404
-0.006260
0.078131
-0.002821
-0.354158
0.245390
0.338878
-0.655000
0.240930
-0.296739
0.198374
0.487648
0.525542
-0.518786
0.091544
0.261313
-0.006399
-0.136597
-0.707175
-0.547223
0.399344
0.092895
0.397608
-0.528275
-0.424398
0.471505
0.299831
-0.014333
-0.301666
0.115934
-0.224827
-0.221572
0.238219
0.630011
-0.451200
0.196527
-0.492800
0.172459
0.243912
0.107204
-0.050066
-0.223411
0.048526
0.123856
0.084595
-0.574605
-0.133059
0.474113
0.112721
0.082013
-0.431267
0.484946
0.399480
-0.637902
0.362393
0.672354
0.300210
-0.171182
-0.129383
-0.405801
-0.020164
-0.513054
0.057486
-0.349495
0.021734
-0.442923
0.112310
-0.028060
-0.153170
-0.479370
-0.540562
0.014424
0.243460
0.019515
-0.062423
-0.199228
0.313647
0.286881
0.000551
0.336543
0.109271
0.143093
0.076610
-0.278885
0.658942
0.013584
0.282027
0.150849
-0.288738
-0.010050
0.476718
-0.469897
0.165559
0.622168
-0.043929
0.369505
0.228421
-0.320866
0.094618
0.472968
-0.337185
-0.084935
0.143143
-0.369488
-0.056890
0.221442
0.207904
-0.670908
-0.138992
-0.107082
0.366361
-0.103924
-0.033892
0.184820
-0.380180
-0.389946
0.418170
0.493778
-0.009741
-0.188602
-0.574039
-0.016572
0.337919
0.441734
0.037210
-0.072140
-0.314991
0.039333
-0.067536
0.277179
0.156238
0.047397
-0.506846
-0.595815
0.434218
-0.018590
0.259757
0.250566
0.088466
0.251722
-0.199555
0.647587
0.178084
-0.105026
0.346148
-0.142262
-0.584874
0.219651
-0.645117
-0.408002
-0.104445
0.233403
0.186540
-0.342699
-0.440626
0.102524
0.403357
-0.128445
0.005292
-0.380760
0.111174
-0.263728
0.021449
0.665342
0.365736
-0.093678
0.350026
0.364486
-0.050472
0.219178
-0.482629
-0.386665
-0.232621
0.091972
0.402563
-0.018738
0.459940
-0.209530
-0.301439
0.412280
0.132000
0.315584
-0.245892
-0.306506
0.395247
0.280270
0.488746
0.009669
-0.263693
-0.056453
-0.272408
0.278686
-0.448699
0.309568
0.545400
-0.023140
0.002020
-0.230617
0.037100
-0.060993
-0.223624
-0.080765
-0.288093
-0.364327
0.202477
-0.512818
0.196048
0.560956
0.173062
-0.534346
0.024707
-0.322322
-0.248367
-0.028875
-0.184781
-0.076177
-0.157644
0.035946
0.151518
-0.492184
-0.393931
0.044167
-0.333348
-0.093823
-0.112854
0.138711
-0.443438
-0.054266
0.189238
-0.290277
0.062302
-0.282088
0.587712
0.423448
0.620309
-0.325116
0.204720
-0.067643
0.321851
-0.381417
-0.027414
-0.043208
0.668978
0.228112
0.314813
0.153041
0.520699
-0.702980
0.117679
-0.113195
-0.138168
0.138406
-0.289997
-0.433345
0.614117
0.167191
0.047610
-0.184167
0.423990
-0.300610
-0.117795
0.327803
0.169735
0.247187
-0.286676
0.308019
-0.244199
0.178438
-0.000667
0.138990
0.129571
0.413710
0.632998
-0.379774
0.224535
0.199562
-0.037935
-0.173280
0.281885
0.178139
0.368552
-0.492632
-0.256020
-0.305625
0.298992
0.274794
-0.161770
0.233607
0.191911
-0.402476
-0.554348
0.358080
-0.154143
0.344402
-0.477290
0.403924
-0.321241
-0.663510
0.847264
0.000762
-0.118743
0.167725
0.230617
0.228757
-0.121350
0.482649
-0.188276
0.070863
0.151625
0.284376
-0.081925
0.185085
-0.068933
0.492851
0.061678
0.111741
-0.309931
-0.227082
-0.572711
-0.360067
0.571899
-0.502863
-0.082299
-0.093079
-0.033015
0.516259
0.265971
-0.122218
-0.112200
-0.289412
0.267489
-0.023583
-0.596654
-0.374954
0.679656
-0.555724
0.283295
0.473439
0.146524
-0.341641
0.089627
0.510228
0.355841
0.058577
0.010381
0.402038
0.206466
-0.229364
0.087287
-0.228265
-0.810661
-0.022657
-0.225765
-0.344025
0.212502
0.431797
0.348930
0.462151
-0.246411
0.285500
-0.284064
0.078371
0.217735
0.506722
0.377170
0.207351
0.037883
-0.166230
0.162095
0.017744
-0.466362
0.305268
0.545997
0.326804
0.468921
-0.054057
-0.316335
0.188840
0.525413
0.309179
-0.340569
0.053236
-0.251269
0.365970
-0.012172
0.014156
0.544777
0.079694
-0.082268
-0.327177
-0.378987
-0.557719
-0.156707
0.341968
0.154573
-0.174268
0.055442
0.195366
-0.068592
0.553766
-0.145168
0.257261
0.132730
-0.813513
0.580272
0.371819
0.602831
0.193790
-0.388889
-0.059411
-0.207183
0.058159
-0.015412
0.124836
-0.523263
0.430939
-0.166260
0.406100
-0.283145
-0.278952
-0.221697
0.366947
-0.548145
-0.302524
0.358335
-0.468557
-0.002935
-0.622930
0.301695
-0.227118
0.376194
0.946783
0.248664
0.537009
0.267626
-0.439329
-0.480285
0.191667
-0.056636
-0.055344
0.481642
0.297137
-0.418892
0.199045
0.108510
0.580798
0.100185
-0.392465
-0.673206
0.105948
-0.133923
-0.021662
-0.322937
0.188125
0.321756
0.116112
-0.092875
-0.395542
-0.415128
-0.512717
-0.579656
0.189593
0.224657
-0.018440
-0.026951
0.687428
-0.303825
0.347960
-0.190530
0.110144
-0.494682
0.225880
-0.306385
-0.209490
0.205518
0.700108
0.315874
0.120927
0.333512
0.255220
-0.062529
0.479146
-0.725405
-0.281683
-0.124913
0.121336
-0.410587
0.149855
0.133749
0.371551
0.577818
0.606626
0.257760
-0.313544
-0.078512
0.322419
0.096335
-0.106489
-0.046454
-0.048916
-0.042823
0.281591
0.214721
-0.356271
-0.515882
-0.133419
-0.344656
-0.194677
0.347600
-0.076717
0.254151
-0.217299
0.041121
0.143824
-0.583631
0.519277
0.227905
0.164420
0.047909
-0.182083
-0.111156
0.009987
0.401491
0.077537
0.234542
-0.120757
0.097702
0.021684
0.660159
0.153070
0.396895
-0.124600
-0.566692
-0.365718
-0.032155
-0.268391
-0.125691
-0.290887
0.122299
0.594738
0.081886
-0.062942
-0.078589
0.185070
0.925521
-0.173340
-0.099382
-0.143627
-0.685195
0.316610
-0.094569
-0.304424
-0.110749
0.318490
0.071018
0.558548
0.114889
-0.304330
0.088784
-0.196993
0.472629
-0.135480
-0.667580
0.471801
0.459709
0.075192
0.576235
-0.242811
0.146904
0.134199
0.652965
0.308206
0.436133
0.120165
0.396694
-0.596616
-0.426279
0.089520
-0.680415
-0.061200
0.343521
-0.168738
0.173928
0.326416
-0.488090
-0.069436
0.035684
0.145473
0.162360
0.527205
0.360615
0.390520
0.016449
-0.027806
0.377557
-0.275714
0.323704
0.161180
0.408050
-0.537215
0.135120
0.889310
-0.425891
-0.166513
0.069075
0.038430
0.024086
-0.408091
0.284799
0.431344
-0.221335
-0.218289
-0.413384
-0.118683
-0.005778
-0.162475
0.657541
0.714026
0.018825
0.063394
0.254993
0.304018
0.153886
-0.236746
0.396440
0.074965
-0.127386
-0.791125
-0.538407
-0.071149
0.315233
-0.424453
-0.067677
0.176734
-0.262660
0.228624
-0.420940
