0.163699
-0.140046
0.128562
0.329920
-0.090656
0.612916
0.419572
-0.181777
0.488286
0.150729
0.272757
0.220140
-0.124524
-0.500441
-0.165397
-0.510250
0.242483
0.216811
0.208414
0.142520
0.375304
-0.043822
0.223528
0.264910
-0.517080
-0.377433
-0.511213
-0.340064
0.081459
-0.234596
0.700508
0.298871
0.321642
-0.064055
-0.191880
0.079971
0.434842
-0.023538
-0.090299
0.428673
0.109782
-0.164908
-0.316920
-0.379254
-0.603359
-0.302765
0.265866
-0.551516
0.081052
0.016594
-0.027357
-0.176617
0.141342
0.494872
0.543160
0.183253
0.023524
0.256365
-0.184405
-0.435207
0.289286
-0.234312
0.330721
-0.301114
-0.440649
0.142872
-0.745746
0.297300
-0.431570
-0.288444
-0.101376
0.253044
0.414641
-0.148377
0.554993
0.225558
0.086003
0.058100
0.030868
0.216815
-0.224308
-0.414739
-0.297034
0.477795
0.116609
-0.173587
-0.508150
-0.354190
-0.413082
0.177377
-0.065269
0.555643
0.194326
-0.188533
0.131859
0.616921
0.097739
-0.648988
0.754415
0.238487
-0.583367
0.129033
-0.202874
0.304152
0.066282
0.212815
0.207587
0.340228
0.289022
-0.484071
0.112344
0.681807
0.269618
0.833905
-0.299113
0.171456
-0.062599
0.037904
0.106173
-0.377289
-0.098120
0.548695
0.446276
-0.496155
-0.171691
-0.037113
0.239665
0.379456
-0.338034
-0.547724
0.540666
-0.267369
0.189990
0.050466
-0.318385
0.567532
0.204632
-0.398930
0.540898
0.540363
0.265810
-0.015188
-0.112429
0.269142
0.385920
0.561822
0.519950
0.380086
0.385007
-0.342691
0.208210
-0.124370
0.014585
-0.007853
0.040488
0.521194
-0.331478
0.085495
-0.613859
-0.549435
0.114264
0.060710
0.541027
-0.085149
0.170339
0.414589
0.246568
0.668215
-0.332810
-0.295466
0.129605
0.316206
0.186636
-0.365779
0.477886
0.435374
0.120652
-0.282652
-0.222444
-0.033565
-0.182108
-0.206266
0.092819
-0.543941
-0.573029
-0.582081
0.568818
0.224313
0.393768
0.139038
0.546519
-0.096224
-0.542001
0.122754
-0.219925
0.115648
-0.546434
-0.203690
-0.063907
-0.254556
-0.371573
-0.137511
0.493501
0.258492
-0.458343
0.133377
-0.412424
-0.208067
-0.492507
-0.030565
-0.100495
0.273434
-0.124201
0.463434
0.090086
0.258892
-0.464409
-0.207185
0.036657
-0.411172
-0.385551
-0.464549
0.556060
-0.066103
0.186994
0.495218
0.239968
0.073840
-0.172843
0.304893
-0.295084
0.122723
0.326827
-0.264584
-0.225362
0.212629
0.172843
-0.392212
-0.176782
0.045767
0.156392
0.026936
-0.538070
-0.004334
-0.619495
0.503133
0.346721
-0.387432
0.447404
-0.563750
0.468216
0.465571
0.151209
0.178291
0.521366
0.077827
-0.023120
0.290604
-0.501370
-0.247624
0.309467
-0.431180
0.468414
0.046833
0.668520
0.105205
-0.104978
0.347882
0.235634
-0.170128
-0.076966
-0.574669
-0.032185
-0.140168
0.377004
0.287013
0.065294
0.433697
0.016927
-0.130422
0.237942
-0.090714
0.217922
0.305091
-0.111595
-0.246512
-0.167811
-0.105087
0.381211
0.178848
-0.177577
-0.498526
-0.082298
-0.487604
0.478103
-0.001032
-0.691436
-0.472704
-0.567798
-0.076453
0.439139
-0.173909
-0.280872
-0.250470
-0.346614
0.020316
0.005153
0.023597
-0.621329
0.085229
0.073255
-0.723288
0.232790
-0.392662
-0.412778
-0.019409
0.014888
-0.156702
-0.088369
-0.047556
0.124883
-0.307081
-0.139430
0.069182
-0.568201
0.312753
0.571211
0.311288
0.154897
0.316820
0.227968
-0.192544
0.068323
0.457531
0.493654
0.444396
-0.406365
-0.158238
-0.372027
0.578924
0.212659
-0.579117
0.289066
0.346627
-0.097990
-0.353943
0.538218
-0.478385
-0.547891
0.352694
0.567345
0.057249
-0.015355
-0.611381
0.037467
0.101559
0.136019
0.124151
0.344055
-0.363057
-0.179887
0.193416
0.541819
-0.228819
-0.589406
0.189736
0.003953
0.429958
0.226464
-0.183934
-0.029991
-0.107492
0.244800
0.108374
-0.019435
-0.212724
-0.610937
-0.032655
0.022391
0.237195
-0.367608
0.061614
-0.107632
0.508726
-0.556123
-0.026622
-0.027035
0.096742
-0.201110
-0.229793
-0.086980
0.227701
0.177328
-0.384725
-0.242914
0.025362
0.107669
0.487309
-0.266568
-0.097317
0.592617
-0.670255
-0.306056
0.510622
-0.061437
0.048580
0.590843
-0.470591
0.262792
0.480183
-0.060713
0.212098
-0.130008
0.597147
0.557258
-0.278425
0.135768
0.434651
-0.323321
-0.252701
0.040258
-0.097590
0.252133
0.394080
0.405892
-0.451840
0.345353
0.149960
-0.035671
-0.339830
0.086070
0.099859
-0.699561
0.496345
-0.138272
-0.048870
-0.089832
0.547989
-0.120576
0.207995
0.014505
0.385290
-0.036483
-0.376152
0.235991
-0.030109
-0.146281
-0.022030
0.359777
0.066646
-0.379216
0.117113
-0.485067
-0.058645
-0.458863
0.027051
-0.531579
-0.416991
0.105723
-0.271653
-0.338491
0.422274
0.068040
0.290212
0.209682
-0.178853
-0.099560
-0.087715
0.175694
0.331615
-0.367488
0.163105
0.443786
-0.183007
-0.114799
-0.174880
-0.227201
0.280467
0.084722
-0.358421
-0.281227
0.109759
0.098956
-0.301145
-0.174363
-0.644782
0.230731
-0.301122
-0.019377
0.291070
0.140193
0.241086
-0.008672
0.500793
0.192070
-0.021018
0.050778
0.376011
-0.040390
-0.410411
-0.258506
0.275415
-0.578054
0.278645
-0.422530
-0.081460
-0.005879
0.613155
-0.428900
0.208262
-0.095533
-0.159576
-0.272575
-0.402071
-0.414871
-0.208641
-0.599706
-0.205997
0.380253
-0.574817
0.645722
0.205873
0.122134
-0.057047
0.269267
-0.538769
0.341066
-0.204869
0.009460
-0.287000
0.178138
0.203636
0.174866
0.094900
0.371742
0.362215
0.363969
-0.274144
0.369077
-0.016527
0.138760
0.228668
0.257861
0.455566
0.607187
-0.003378
-0.242983
0.063911
-0.270074
-0.524748
0.340226
0.361999
0.200234
0.726737
-0.138414
-0.073594
-0.106334
0.073008
0.297950
-0.718195
-0.368517
-0.615520
-0.568267
0.452144
-0.320355
0.169760
0.429679
0.352105
0.330813
-0.130599
-0.053668
0.389082
-0.307525
-0.178919
-0.208473
-0.352445
0.249517
-0.222468
0.389206
-0.358470
0.346680
0.625524
0.544798
-0.365354
-0.200714
-0.324694
0.219853
0.622159
-0.616191
-0.089954
0.146929
-0.036424
-0.000544
-0.240254
-0.432099
-0.003097
-0.004594
0.325349
0.208849
0.281402
0.064932
0.336843
-0.335837
0.449274
0.148537
0.139874
-0.319442
0.020666
0.802217
0.026231
-0.084533
0.242659
0.399092
0.673463
0.179661
0.107083
0.054232
-0.303377
0.116365
0.623064
0.065757
0.199523
0.470970
0.220032
0.078111
-0.364989
0.015700
0.348084
-0.216305
-0.479894
-0.265016
-0.244335
0.291313
0.398895
-0.352495
-0.351788
-0.515003
0.126037
0.332128
0.039693
0.364788
-0.199473
0.021413
-0.407646
0.563862
-0.303825
0.198355
-0.010268
0.367505
-0.377051
0.344704
-0.119863
-0.154298
-0.189099
0.586557
0.750684
0.204102
0.412581
-0.058240
0.220504
0.314167
-0.586083
-0.042180
-0.470380
-0.277765
-0.361650
0.395517
0.233049
-0.087189
0.016747
-0.497404
0.216772
0.344717
0.065793
0.190536
0.302918
-0.394139
-0.084386
-0.054459
0.397243
-0.021747
-0.078567
-0.443599
-0.544054
0.329382
-0.384171
0.350549
0.148894
-0.182262
-0.331121
0.260074
-0.088139
-0.303285
-0.083480
-0.072977
0.404354
-0.720593
-0.136182
0.546198
-0.093836
-0.138853
-0.710734
0.046219
-0.058012
0.819795
0.064921
0.519354
-0.038584
-0.412591
-0.146241
-0.129484
0.306041
-0.287790
0.435726
0.156875
0.645745
-0.047362
0.526808
0.138738
-0.194131
-0.659437
0.307823
-0.613316
0.017052
-0.573874
0.384324
-0.214483
-0.777389
-0.495293
-0.321839
0.054163
0.376436
0.563022
0.204443
-0.338620
0.077478
0.332037
0.201931
-0.478490
-0.224869
-0.121724
0.148673
0.204669
0.222389
-0.216579
-0.034000
0.314130
0.647881
0.347909
0.026273
-0.407223
0.060410
0.088732
0.373107
0.451378
0.290665
0.389127
0.349173
0.130524
0.336313
0.074405
0.116057
0.442531
0.070369
-0.139918
0.029853
0.039333
0.367876
0.517708
0.162173
0.171252
-0.627519
0.747190
0.290562
0.497103
-0.499458
0.331726
-0.071452
-0.027096
-0.317790
0.378517
0.102918
-0.016716
0.083947
-0.262328
0.183515
-0.112424
0.386905
0.059880
-0.169202
0.296555
-0.189252
-0.070856
0.591072
0.310084
-0.083637
0.458926
0.022964
0.381578
0.254471
-0.076415
-0.078542
-0.422581
0.095264
0.149804
-0.385396
-0.432520
0.367819
-0.211827
0.063430
0.342277
0.333980
0.529429
-0.573535
0.208117
0.226328
