-0.034125
-0.305950
0.002157
0.215501
-0.275935
-0.052534
0.177021
0.258347
-0.112975
-0.180573
0.265425
-0.308926
0.147510
0.483615
0.440659
-0.080419
-0.248664
-0.033000
-0.503644
-0.092547
-0.219643
-0.231152
-0.097369
0.410511
-0.087766
-0.535038
-0.065169
0.036923
-0.277727
0.413715
0.095803
-0.161737
0.213333
-0.170562
-0.319600
0.214664
0.257235
0.108917
-0.044333
0.153264
0.054344
0.146248
-0.655085
0.182503
0.414306
0.024813
0.574519
0.346754
0.318511
-0.161936
0.477545
-0.037514
0.075201
0.293627
0.112869
0.074223
-0.301244
0.175574
-0.411875
-0.309853
-0.262254
-0.014161
-0.007932
-0.443059
0.173085
0.193487
0.575553
-0.263165
-0.312274
-0.366862
-0.153216
0.245310
0.564904
-0.154706
0.129380
-0.026205
0.178554
-0.316134
-0.430719
-0.173178
0.154977
-0.263763
0.165286
-0.105369
-0.027738
-0.459643
0.095553
-0.576373
-0.524106
-0.522973
-0.197002
0.017068
0.459332
-0.067926
-0.080549
-0.487240
0.253203
-0.328807
0.262022
-0.436535
0.456278
-0.203094
0.010512
0.007125
-0.417969
-0.241620
-0.224634
0.099776
0.764807
-0.365682
-0.090872
0.460355
0.064505
0.517505
0.415959
-0.428161
0.011851
-0.370211
-0.163837
0.477913
0.076165
-0.329234
0.019521
-0.137982
0.024610
0.456021
0.295011
-0.554569
0.054018
0.320697
0.284662
-0.483292
0.307128
0.343796
-0.304552
-0.367203
-0.058184
-0.262228
0.168690
0.030945
0.323714
-0.100964
-0.235851
0.151779
-0.060633
0.350505
-0.449465
0.099728
0.266136
0.258110
0.268585
-0.324560
0.236188
-0.062702
0.088017
0.588639
0.032844
-0.321960
0.255647
-0.414899
0.086285
-0.424114
0.648457
0.242985
0.437748
0.523432
-0.017430
-0.156519
-0.151252
-0.512929
0.400693
0.347439
-0.178008
-0.101960
-0.355470
-0.299692
-0.684932
-0.244403
-0.157194
-0.279556
-0.415187
0.562011
-0.417299
0.216486
-0.499001
0.320067
0.509165
0.299515
-0.296739
-0.278674
0.505572
0.220185
-0.147808
-0.639246
-0.056342
0.060152
0.386477
-0.707175
-0.218997
-0.372553
-0.132317
0.299665
-0.447768
0.351048
-0.321876
0.308506
-0.406640
-0.241996
0.321632
0.098228
0.399265
0.329072
0.066198
-0.150180
-0.473295
-0.239845
-0.556619
-0.291067
-0.083941
0.008378
-0.223411
-0.078574
0.355240
0.054628
0.323103
0.285613
-0.157192
-0.281544
-0.007291
-0.276077
-0.152797
0.475947
0.363699
0.294970
0.387079
0.132579
-0.171182
-0.281039
-0.646814
-0.020164
-0.038756
0.141028
0.304484
-0.065028
0.386350
0.210090
-0.013972
0.188852
0.337953
-0.547413
0.404229
-0.167408
0.629203
0.144430
0.253691
-0.063842
0.286881
0.264785
-0.595576
-0.095451
0.502320
-0.014254
-0.292826
0.616956
-0.099834
-0.044360
-0.449664
0.514344
-0.122659
0.036760
0.145230
0.473332
0.499068
0.104829
0.430101
0.238641
0.020003
-0.194669
-0.566312
-0.011795
0.402352
0.014011
0.550447
-0.144362
0.093020
-0.420298
0.195801
-0.224264
0.395855
-0.425218
0.449384
-0.454269
0.140842
-0.427801
0.427823
-0.211174
-0.307830
-0.244958
-0.375892
-0.266559
0.071098
-0.270947
0.191804
0.077394
-0.072140
-0.305756
-0.378379
0.299572
-0.171890
-0.456234
-0.246239
-0.476546
-0.595815
0.102979
0.582226
-0.285772
0.321971
0.063704
0.485609
0.273519
0.179274
-0.074208
-0.219356
0.465844
-0.372294
-0.164990
-0.223664
-0.459217
0.143044
0.034915
0.172094
-0.018468
0.070973
0.469331
-0.148971
0.044684
0.444013
-0.133836
-0.511252
0.015096
-0.520082
-0.371518
0.327152
0.043228
-0.135017
0.267584
0.258723
-0.327609
-0.329758
0.326308
-0.256827
0.661823
-0.305964
-0.036708
0.127421
-0.067389
0.299357
-0.247679
0.334574
-0.393097
-0.328708
0.231978
-0.415483
0.606836
0.233019
-0.162465
-0.290395
0.281517
0.414725
-0.451464
0.780836
-0.042784
0.192679
0.422146
-0.119117
0.002020
-0.294630
0.401599
0.219986
0.532201
-0.233580
0.574222
-0.400713
-0.372804
-0.555233
0.015684
-0.004671
0.296428
0.344825
0.088807
0.118343
-0.354786
0.171162
-0.100252
0.470430
-0.447024
-0.296399
0.038271
0.022460
0.617375
0.039157
-0.135454
-0.434673
-0.003724
-0.033831
0.136353
0.034476
-0.289147
0.262585
-0.420654
0.191505
0.064668
-0.043991
0.566503
-0.183462
-0.278213
-0.133490
0.458910
-0.196951
0.222948
-0.044541
0.032351
0.304991
-0.031601
0.211791
0.565167
0.218195
0.077169
0.400341
0.199137
0.080238
0.302525
-0.382897
0.230143
0.167191
-0.217835
-0.184167
0.164359
-0.234224
0.652473
-0.075973
0.365733
0.286783
-0.629535
-0.293210
-0.410875
0.268645
-0.111889
0.322123
0.578509
0.219965
0.420021
-0.363411
0.249816
-0.305284
-0.151560
-0.111455
-0.101297
-0.235989
-0.528357
-0.185467
0.248831
0.177457
0.586699
-0.573734
-0.420709
0.405334
-0.076351
-0.294952
-0.348518
-0.211609
0.159819
-0.219345
-0.346431
-0.268742
-0.174436
-0.151067
-0.592498
-0.219671
-0.041020
0.233610
0.509172
0.395660
0.129482
0.282592
-0.208936
0.210685
0.167662
-0.513578
-0.141953
0.153801
0.177292
-0.223223
-0.607419
-0.468573
0.155904
-0.357864
-0.387644
-0.170538
-0.189310
-0.428581
-0.385314
0.079917
-0.581152
0.726666
-0.171078
0.358230
0.294852
-0.137692
0.289804
0.653477
0.272825
-0.175007
0.060389
-0.126087
-0.002868
-0.443976
-0.205997
0.117618
0.089627
0.151000
0.041055
0.152268
-0.266667
-0.045391
-0.053809
0.567950
0.200578
-0.228265
0.267212
0.140507
-0.204427
0.457412
0.199194
0.431797
0.348930
-0.215148
-0.364623
-0.088414
-0.284064
-0.103850
0.474982
-0.017400
0.278172
0.143937
-0.147412
0.114318
0.063710
-0.430955
-0.086319
0.338482
-0.521470
0.507844
0.536075
-0.168579
-0.443265
0.185728
-0.330725
-0.238804
0.064747
0.415207
0.458183
-0.009777
0.461923
-0.451516
0.253910
0.152318
-0.316988
0.121200
-0.100667
0.001042
-0.022732
-0.476979
0.084784
-0.418341
0.050549
-0.199935
-0.113050
-0.229265
0.495804
0.241069
0.490401
0.060069
0.443841
-0.197008
-0.350224
0.369702
0.245717
-0.060511
-0.295132
-0.151602
-0.690621
0.397574
-0.618989
-0.182780
-0.762402
-0.135091
-0.021761
0.372618
-0.409256
-0.055295
0.357573
0.132569
-0.017720
0.152178
-0.130225
-0.619981
-0.087093
-0.042559
0.385912
-0.489012
0.076018
-0.315776
0.225912
0.116473
-0.279088
-0.364532
-0.275821
0.152571
0.401825
-0.004139
-0.170517
0.163522
0.048342
0.183713
0.061239
0.586789
0.545348
-0.383619
0.250284
0.340334
-0.113330
-0.328320
0.507595
-0.622447
0.240771
0.213000
0.334615
-0.278097
-0.104210
0.067844
0.398078
-0.029289
-0.158329
-0.532434
-0.382821
0.303252
0.068261
0.013270
0.056735
0.190596
-0.527980
-0.220364
-0.548697
-0.293486
-0.469652
0.200677
-0.352998
-0.233957
0.834602
-0.588589
0.332869
0.342287
-0.124913
-0.189415
0.494351
0.688747
-0.336530
0.197379
0.486623
0.312621
-0.489598
-0.516092
-0.413772
0.405551
-0.005906
-0.067319
-0.103985
0.117488
-0.261060
-0.225489
0.312493
-0.635355
-0.574271
-0.133419
-0.139157
-0.254795
-0.113896
-0.077895
-0.522563
-0.130998
-0.258843
0.000250
0.239921
0.237296
0.434691
-0.114782
0.186327
0.225553
-0.109475
0.608638
-0.361359
-0.044354
0.240030
0.414252
-0.135150
-0.675976
0.460566
-0.086032
0.274832
-0.011070
0.484825
0.441647
-0.433623
-0.773843
0.615356
0.734573
-0.110217
0.224839
0.388471
-0.240742
-0.455369
0.207210
-0.388495
-0.647373
-0.362126
0.172237
-0.453827
0.127208
0.060969
-0.211280
-0.235292
0.274990
-0.026129
0.547126
0.077478
-0.097885
0.000504
0.269533
-0.333747
-0.105829
0.541451
-0.352419
-0.132097
0.548887
0.023051
-0.054021
0.108381
-0.060129
-0.288685
0.280963
-0.320665
-0.198657
-0.433629
-0.617513
-0.303226
0.113308
0.370356
0.293325
-0.333873
-0.280374
0.077687
-0.291278
-0.578221
0.067783
0.112670
0.155129
0.279083
-0.124257
-0.296954
0.490434
0.171003
-0.410471
-0.355355
-0.300213
-0.315328
0.476025
-0.326093
-0.353609
-0.054306
0.380188
-0.399315
0.038563
0.453797
-0.596887
0.654844
-0.624364
0.060228
0.202933
-0.066290
-0.048855
0.193469
-0.071545
-0.097320
0.147954
-0.555570
0.629941
-0.078961
-0.174616
-0.527737
0.202102
-0.218079
-0.450466
0.334217
0.114054
0.274864
-0.328262
-0.608218
0.419765
0.126810
-0.511300
0.237606
0.654388
0.129730
-0.783545
0.354242
