0.208900
-0.145858
0.015627
0.119223
-0.192035
-0.071517
-0.117825
-0.527808
-0.122665
0.146608
0.072328
-0.555786
-0.421863
-0.548075
0.267122
0.204931
-0.067494
-0.396406
0.033883
-0.125018
-0.221071
-0.029075
-0.237500
0.294287
-0.151593
-0.022127
0.428403
0.042431
-0.032214
0.474321
-0.161708
0.167313
-0.201979
-0.241989
0.123098
0.312966
0.222501
0.257310
0.151798
0.226823
0.016070
-0.440773
0.030039
0.621784
0.693321
-0.444533
-0.078429
-0.328932
-0.221957
-0.021451
0.143728
0.671943
-0.031533
-0.294716
0.686797
0.375007
-0.282623
0.044315
-0.211904
0.250031
0.261881
0.175243
-0.009567
0.672182
0.243498
0.417274
-0.167599
-0.268262
0.358768
-0.230598
0.194328
0.495332
0.209061
-0.381105
0.340539
0.091299
0.160512
0.102272
0.491677
-0.356229
-0.252395
-0.101596
-0.377120
0.297291
0.441726
-0.208308
-0.362905
0.531584
-0.128261
-0.302471
0.134442
0.230511
-0.481266
0.039191
0.208296
-0.083872
0.111294
0.755369
0.303012
0.365133
0.007185
-0.249579
0.402837
0.241483
0.161636
-0.328168
-0.672458
-0.440753
-0.078117
-0.107461
0.495957
0.199508
-0.284981
0.238104
0.441301
0.323555
0.272753
0.011732
0.290012
0.244754
-0.133160
0.409418
0.008618
-0.181195
0.262830
-0.288243
0.168891
0.293024
0.215031
0.251786
0.407204
0.507107
0.296845
0.219044
0.186521
0.107877
0.664552
-0.203582
-0.078607
-0.049865
0.197632
-0.000982
0.487571
0.072878
-0.634823
0.024111
-0.389172
-0.559488
0.514405
0.297648
0.073157
-0.000005
0.151401
0.004099
0.165653
0.447275
0.576501
0.135847
0.015417
-0.453478
-0.161716
-0.012514
0.588097
-0.054326
0.281470
0.024403
-0.100707
-0.483448
-0.264988
-0.328907
-0.368420
0.395344
0.107460
-0.318618
0.146707
0.552594
0.709011
-0.117117
-0.160175
0.064136
0.061598
0.439469
-0.034580
0.178668
-0.112272
-0.338185
0.279503
-0.303204
0.206841
-0.542339
0.441382
0.424707
-0.232528
-0.157383
-0.196156
-0.374299
-0.334966
0.149517
-0.537945
-0.674436
-0.117212
0.404663
-0.445261
0.050439
-0.351250
0.449707
-0.228294
-0.038329
-0.528329
0.314564
0.204737
-0.274162
-0.233356
0.417088
-0.360489
0.310584
0.072349
-0.204801
0.163602
-0.269536
-0.134050
-0.150515
-0.495005
0.202295
-0.199305
0.578729
-0.146668
0.189512
-0.182646
-0.336878
0.104871
-0.232959
0.248221
0.295224
-0.333091
0.290258
-0.002386
0.030020
0.234637
-0.468680
-0.513152
0.438174
0.066757
0.223800
0.381773
0.185666
0.115039
0.297020
-0.565651
-0.207902
-0.134030
0.534923
0.148721
-0.476969
-0.056367
0.120803
-0.093326
0.534520
0.614851
-0.491932
0.398266
-0.232043
-0.288438
-0.340575
-0.071226
0.182698
-0.540141
0.387203
-0.132054
0.625370
0.228061
-0.710361
0.206461
-0.374355
0.353408
-0.054574
-0.148405
0.191731
-0.168260
-0.337691
0.245130
-0.221210
0.372452
0.266824
0.181808
-0.418034
-0.001632
-0.322375
0.383969
0.544178
-0.537308
-0.330420
-0.318834
-0.707996
0.494288
-0.160873
0.136847
0.003479
-0.082039
-0.244694
0.236675
-0.780185
0.152076
-0.491373
-0.135313
-0.359681
-0.083036
-0.186811
-0.192575
-0.406789
-0.167102
0.311603
-0.516297
-0.549044
0.384674
0.450254
0.182871
-0.005935
0.388963
0.404461
0.029362
0.162837
-0.625394
0.017533
-0.112303
0.201551
-0.086133
0.048717
-0.343181
-0.475693
-0.274090
-0.137158
0.063790
0.147845
0.181279
0.357499
-0.150358
-0.140469
0.296785
0.478195
0.091017
0.805422
-0.077311
0.521512
-0.375834
0.349110
0.202570
-0.279060
0.174599
0.333558
-0.323009
-0.398509
-0.060966
-0.396739
0.259478
-0.182888
0.082365
0.221484
-0.032341
0.030583
-0.108605
0.291180
0.225043
-0.144625
0.136015
0.010987
0.256042
-0.153400
0.193897
0.127000
0.507333
-0.542081
-0.288678
0.541796
-0.256682
0.060553
0.240253
-0.321699
-0.144540
0.195522
0.007054
-0.404084
-0.129312
-0.616691
-0.210789
-0.379100
-0.041839
-0.367374
0.000554
0.413249
0.087522
-0.114926
0.294405
-0.026893
-0.532521
0.527039
-0.153123
0.280471
-0.065802
-0.299355
0.108742
-0.322087
0.271840
0.455568
-0.067257
-0.163255
0.222826
-0.200254
0.038725
0.386640
-0.253478
0.485482
-0.137091
0.560883
-0.479090
-0.143822
0.122087
0.327429
-0.275185
-0.047198
-0.152535
0.281635
-0.054898
0.230378
0.425247
-0.037846
-0.176502
0.039335
0.144380
-0.546823
0.017037
-0.185696
-0.669257
-0.702082
0.337254
-0.039309
0.212433
-0.380618
0.019128
0.270964
0.344696
0.221839
0.310394
-0.520284
-0.009509
0.430380
0.268645
-0.441214
0.212937
0.389382
0.312023
-0.322033
0.578487
-0.181559
-0.243715
0.430733
-0.263340
0.101741
0.033545
0.225104
-0.025084
-0.757164
0.095591
-0.111812
-0.576452
0.082632
-0.194445
0.190855
0.316299
-0.369207
-0.189861
0.268406
0.257810
0.462357
-0.542663
0.311302
0.301671
0.216907
-0.077105
-0.162324
0.138203
-0.455739
0.142454
0.142430
0.195396
0.320597
0.251157
-0.512423
-0.084466
-0.324993
0.307246
0.552396
-0.017695
-0.445336
0.282390
-0.021665
-0.266849
-0.487047
-0.056875
-0.169437
-0.083383
-0.566318
-0.461138
0.204361
-0.101580
-0.025024
-0.529778
0.790113
0.380739
-0.295178
-0.189921
0.126218
-0.509511
-0.443657
-0.650638
-0.075272
-0.647190
-0.418072
0.254339
-0.242841
0.330177
0.021747
0.028930
-0.543887
-0.402264
0.375527
0.131525
0.189586
0.225709
-0.757860
-0.154513
-0.205027
0.081151
0.291727
-0.477626
0.135474
-0.174056
0.025746
0.049731
0.137397
0.004673
-0.319336
0.421810
0.278172
0.063405
-0.216580
0.295017
-0.214378
0.167547
0.577629
-0.142979
0.361333
-0.471165
-0.170346
-0.222318
-0.075893
0.536341
-0.056734
0.481028
-0.280092
0.258268
0.182280
-0.032312
-0.384916
0.112343
-0.418849
-0.059130
-0.100856
-0.245615
-0.512517
-0.346306
0.397935
0.331307
-0.014096
-0.714059
-0.190162
0.007828
-0.326581
0.266906
-0.266511
0.465224
0.604055
0.000074
0.158871
0.392057
0.146466
-0.513417
0.321198
-0.199667
-0.143079
-0.061506
-0.014989
-0.309759
-0.092377
0.254763
-0.534971
0.157577
-0.053945
-0.034065
-0.047572
0.240346
0.463827
0.461284
0.305797
-0.166984
-0.107709
-0.333852
-0.497676
0.396420
-0.352825
0.364732
-0.072998
-0.408167
0.897074
-0.427237
-0.347213
0.313057
0.231455
0.070038
-0.551169
0.369532
0.505679
0.074175
0.159790
0.254086
0.380468
-0.556636
-0.205172
-0.015381
-0.748476
-0.086121
0.332508
-0.208544
0.405855
-0.190405
-0.337874
-0.115918
0.334615
0.744134
-0.058566
0.358368
0.083469
-0.502251
0.513128
0.546057
-0.335023
0.128993
0.264690
0.384496
0.403963
0.035318
0.543470
-0.251399
0.443969
-0.066011
0.212053
-0.166572
-0.147378
-0.288951
0.104864
0.259635
-0.104401
0.625840
-0.364859
0.154854
0.230607
0.143757
0.244809
0.024926
-0.795885
-0.346131
-0.194324
-0.332951
-0.269994
-0.051551
0.076074
0.004192
0.462647
-0.236517
-0.563428
-0.245527
-0.475030
-0.685724
0.224758
0.006734
0.287648
-0.052295
0.408149
-0.265211
-0.150023
-0.177003
0.093816
-0.206163
0.127112
0.339880
0.174926
0.711724
-0.290433
0.259841
0.045975
-0.278662
0.127666
-0.564343
-0.456067
-0.134878
0.025749
-0.575955
-0.528351
-0.420942
0.413997
0.563334
-0.720247
-0.359201
-0.463603
-0.099799
-0.597292
0.339846
-0.158829
0.406419
0.454429
0.042885
0.278453
-0.004678
-0.127925
-0.444106
0.180958
-0.114734
0.310186
0.020145
-0.268912
0.229985
0.485331
-0.626558
0.597455
-0.201979
0.511073
0.214990
0.419840
0.059293
-0.761555
-0.302083
0.517223
-0.313962
0.564037
0.242230
-0.294771
0.020511
0.106495
0.047856
-0.470161
0.141866
-0.380224
0.432787
-0.110223
-0.211536
-0.046387
0.292177
0.052557
-0.397998
0.278491
0.294882
-0.282051
0.157702
0.434240
-0.427730
0.226313
-0.360984
-0.212538
-0.503384
-0.374886
0.606788
-0.003856
-0.157980
-0.354764
0.083393
-0.301848
-0.280314
-0.059546
-0.280855
-0.267149
-0.154570
-0.293465
-0.358050
0.350669
0.319073
0.175511
0.474911
-0.198422
-0.007299
-0.346681
-0.209727
-0.310597
-0.151625
-0.270098
0.414190
-0.467209
-0.285408
0.736974
-0.092015
0.047957
0.106548
-0.533401
0.251097
-0.800968
0.287323
0.268854
-0.263570
0.525631
-0.316293
0.032052
-0.017043
0.344763
-0.541927
0.067080
-0.095416
0.302226
