0.437832
-0.115141
-0.065256
0.183361
-0.078152
0.080988
-0.088237
0.530882
0.440478
0.211594
0.119489
-0.610705
-0.409438
-0.462867
0.230220
0.354011
0.125674
0.354177
0.226650
0.477611
0.236434
-0.186498
-0.138707
-0.203122
-0.163763
0.500703
-0.486399
-0.364436
-0.149452
-0.055585
0.673799
0.056952
0.196874
-0.472395
-0.016792
-0.122841
-0.021672
-0.144052
0.095877
0.210370
-0.259809
-0.216766
0.138234
0.001009
0.102483
0.108258
-0.158229
0.375018
0.158909
0.489587
-0.191590
0.060946
0.439091
0.051259
0.267723
0.487267
0.185184
0.680732
0.005390
0.635698
-0.363619
0.380892
0.250288
0.092874
0.389866
-0.289514
-0.633280
0.025611
0.288197
-0.365302
0.222267
-0.066135
0.108523
0.006224
0.293212
0.093856
-0.500039
-0.030062
0.101255
-0.157337
-0.217526
-0.231848
-0.136908
-0.048829
0.524212
0.178624
0.347318
0.384254
-0.556841
-0.123053
-0.198716
-0.284582
0.137470
0.142033
0.461573
0.549345
0.220648
-0.226106
0.493650
-0.157197
-0.235161
-0.173959
0.167441
0.321705
0.136102
-0.353121
0.168692
0.444375
-0.250378
-0.189682
-0.096223
0.071134
-0.427838
0.684657
0.149721
0.088270
0.514948
-0.080857
-0.164783
-0.565994
-0.463597
0.101637
-0.065981
-0.309100
0.189680
0.491960
-0.093867
0.370707
0.524216
-0.316921
-0.129184
0.012759
0.101016
0.464541
-0.526680
0.207095
0.284459
0.093632
-0.378041
0.097336
-0.402040
-0.105179
-0.142370
-0.029394
0.301809
-0.234889
-0.447491
0.495475
-0.251196
0.235644
0.115384
-0.128379
0.102985
-0.343667
0.047536
0.396174
-0.000531
0.256587
0.214117
-0.099545
0.109112
-0.000384
-0.321861
0.246576
0.050370
0.118081
-0.194550
0.175660
-0.128615
-0.044826
0.442913
-0.206726
0.073879
-0.034218
0.157881
-0.387004
-0.770463
0.101047
0.143596
0.026362
0.530602
0.544361
-0.570663
-0.048863
-0.389104
0.108428
-0.307059
-0.093181
0.276973
0.130721
-0.188000
-0.172391
-0.123301
-0.163676
0.323249
-0.339832
0.438071
-0.689056
0.169929
-0.611936
0.335302
0.292118
-0.221003
-0.301945
0.629256
-0.184951
-0.242448
-0.175404
0.167901
0.418634
0.155729
0.340388
-0.110151
0.481954
0.625174
-0.506792
0.391349
0.308623
-0.165649
0.219821
-0.191106
-0.135644
-0.693334
0.247455
-0.074363
0.426176
-0.691294
-0.365507
0.227454
0.082772
0.260463
-0.371439
-0.231702
0.362393
-0.411373
0.289953
-0.046452
-0.195029
-0.208496
-0.242257
-0.479082
-0.417606
0.132145
-0.001371
-0.376379
0.382975
-0.514284
-0.308307
-0.252235
0.061554
0.258146
-0.283068
0.055907
0.360149
-0.154747
-0.113505
0.475631
-0.206161
0.141793
-0.247611
0.414354
-0.370279
-0.238723
-0.256659
-0.228329
0.039443
0.217613
0.573028
0.548023
0.307542
0.398125
-0.463121
0.057053
-0.454152
0.383286
0.260375
0.222814
0.431820
0.347069
-0.265963
0.033120
0.181292
0.550911
0.279407
-0.375092
-0.100291
-0.303223
-0.607967
0.038706
0.181117
0.583475
-0.077950
0.167447
0.378574
0.451479
-0.155563
-0.229823
-0.082239
-0.415517
-0.219549
0.218354
0.257207
-0.217991
0.222304
-0.175844
-0.108944
0.071665
-0.362179
0.122194
-0.481127
0.090034
-0.062624
-0.429167
0.014021
-0.613917
-0.359041
0.009745
0.151710
0.119380
0.312801
-0.027537
0.548682
-0.189555
0.039032
-0.091301
-0.232543
-0.138433
-0.117324
-0.692975
0.350539
0.137507
-0.247360
0.320727
0.038792
-0.063764
0.108177
-0.537040
-0.225992
-0.021254
-0.210507
0.344508
0.454203
-0.132673
0.129014
0.203250
-0.672059
0.061073
0.216796
-0.539091
-0.407925
-0.107987
-0.058227
0.588944
0.105827
-0.269852
-0.141455
0.338149
-0.096402
0.461582
0.029853
0.071522
-0.228636
0.045529
0.462281
0.097398
0.056902
0.428067
-0.705011
0.089459
0.076460
0.182438
-0.526382
-0.155116
-0.480199
-0.055679
-0.056172
-0.420267
0.234828
-0.036129
0.200689
-0.327023
-0.278630
0.031201
0.330106
-0.166191
0.263299
0.019657
0.114538
-0.255797
-0.455869
-0.252377
-0.169944
-0.360673
-0.104332
0.320936
-0.618404
0.139494
0.215290
0.234690
-0.406560
-0.448041
-0.428289
-0.051229
0.456008
-0.145352
-0.265191
0.200437
-0.351528
-0.459627
0.318587
-0.144668
-0.264418
-0.198295
-0.427112
0.282140
-0.468202
0.039120
0.581845
-0.241564
-0.393982
0.212037
-0.007609
-0.101709
0.310684
0.075858
-0.361765
0.552363
0.329049
-0.083234
0.280933
0.138406
0.198780
-0.413916
0.144611
-0.061990
-0.259771
-0.007524
0.602952
-0.084247
-0.638738
0.590717
-0.513697
-0.137080
-0.344685
0.275487
-0.084293
0.166292
-0.663961
0.286236
0.010318
-0.285861
0.177989
-0.363411
-0.130471
-0.140582
0.163819
-0.410936
0.162857
-0.078715
0.475731
-0.607805
-0.222434
-0.343731
0.389115
-0.525612
0.159046
-0.100824
-0.172680
0.074153
-0.304436
0.028283
0.264006
0.129861
-0.195160
0.138611
-0.358047
0.257853
0.443453
-0.004631
0.001665
0.141310
-0.107513
0.123908
0.146405
-0.503193
0.287646
0.339864
-0.190934
-0.019282
-0.257605
-0.249186
-0.574476
0.518249
-0.273322
-0.107873
0.037821
-0.261835
-0.352063
-0.140570
-0.208906
0.222105
-0.119082
-0.077628
-0.287521
-0.577269
-0.316768
0.128543
-0.431972
-0.433653
-0.027585
0.643949
0.237569
-0.502999
0.322971
-0.228829
-0.156885
0.146771
0.008352
-0.380064
0.336747
-0.332154
0.473122
0.674010
0.045040
-0.468194
0.260627
-0.431425
0.648923
-0.572560
0.117239
-0.523083
0.119127
0.282974
-0.053578
0.300837
0.393652
-0.226010
0.000099
0.035163
-0.093370
0.014505
-0.152309
0.005976
0.439573
-0.267880
-0.629717
-0.518836
-0.126518
-0.351659
-0.262254
-0.052797
0.388082
-0.609929
0.578690
0.468572
0.348510
-0.295889
-0.478419
0.427761
0.106832
-0.125224
0.065656
0.048356
0.353880
-0.148757
-0.088411
-0.223887
-0.406750
-0.047537
0.245190
-0.061504
-0.040446
0.304775
-0.359915
-0.512649
-0.304664
0.410863
-0.272323
-0.401601
-0.169099
0.323650
0.419621
-0.235627
-0.257726
0.020634
0.302230
0.165430
-0.063953
0.470834
0.268783
-0.134532
0.369494
-0.041858
0.332259
0.159912
-0.303859
0.092621
-0.350954
-0.585413
-0.168845
-0.234841
0.156662
-0.233415
0.175261
-0.527599
-0.298773
0.394471
0.255361
0.856663
0.151118
-0.103941
0.083617
0.223239
-0.141599
0.174670
-0.601655
-0.217027
0.223158
-0.194040
0.271678
0.563707
-0.267573
-0.170947
0.224568
0.369534
0.185837
-0.392465
0.359939
0.552900
0.296307
0.240150
0.227890
-0.224959
-0.040186
-0.559492
0.401004
0.092642
0.040447
0.231778
0.186591
-0.203796
-0.254131
0.533615
0.557261
0.794886
0.150149
0.218258
0.290212
0.450259
0.412941
0.075077
-0.322382
-0.038752
-0.258972
-0.013362
-0.642099
0.371093
-0.245305
-0.244065
0.046895
0.283896
0.008789
0.012726
0.386720
0.056479
0.362084
0.434215
-0.049243
0.164833
0.439479
0.106420
-0.344974
-0.262728
-0.400526
0.387067
0.170744
0.048174
0.034878
-0.497870
0.199504
-0.260699
-0.290221
-0.019894
0.168689
0.374061
-0.601676
-0.333225
0.032552
-0.030383
0.221354
-0.221212
-0.073851
0.633736
0.154864
-0.253635
0.216689
0.474182
-0.102698
0.138168
-0.070145
0.630630
-0.093798
-0.457182
0.305901
-0.235812
-0.316621
0.329994
-0.044138
0.191157
0.456464
0.056180
0.112847
-0.350453
0.333471
-0.237912
0.264976
-0.038103
-0.351194
0.076587
0.238738
0.323807
0.347238
-0.405712
0.142046
0.074352
-0.183080
-0.127217
-0.018811
-0.096725
-0.130006
0.122672
0.325832
0.237996
-0.262775
0.209130
-0.586251
0.153722
-0.572124
0.624290
0.634440
0.544819
-0.418735
-0.102790
-0.159975
0.162535
0.326990
-0.308189
0.225283
0.180977
0.661316
0.429368
0.324099
0.191547
-0.332146
0.055636
-0.357003
0.333194
-0.673110
0.271058
-0.369238
0.581379
0.136654
0.049824
0.104916
0.081574
-0.075367
0.188537
0.554225
0.190057
0.034609
0.374817
0.543508
0.025273
0.386164
-0.191222
-0.305876
0.320050
0.009446
-0.511391
-0.406596
0.006894
0.374519
0.008864
-0.108619
0.124486
-0.127878
-0.139975
0.342947
-0.110420
0.616855
-0.240755
-0.452265
-0.169473
-0.390084
0.048541
-0.466527
-0.262175
0.087156
0.046776
0.036561
-0.246366
-0.584494
0.554135
0.130557
0.122146
0.135531
0.374597
-0.050925
0.334662
-0.099957
-0.008303
0.560070
-0.116278
-0.563590
0.432680
-0.135053
