-0.306278
-0.407217
-0.321323
0.605839
-0.102100
-0.194268
-0.201516
0.236582
-0.215886
0.167286
-0.226513
0.318692
0.014312
0.546878
0.308014
-0.008786
0.432947
-0.353383
-0.240767
-0.005843
-0.653757
0.233285
0.320243
0.075243
-0.108396
-0.418594
-0.276524
-0.078499
-0.432076
0.659351
0.676300
-0.104377
-0.462532
0.493122
-0.073126
-0.086624
-0.268344
0.362357
-0.290239
-0.054901
-0.388738
-0.065956
-0.200814
-0.321443
-0.079291
-0.267400
0.088439
0.243745
0.166197
-0.313361
0.175633
-0.217690
-0.244123
0.159330
0.042810
-0.169467
0.384929
-0.099359
0.301026
0.130556
-0.116182
0.042261
-0.192244
0.434670
0.018225
-0.550482
-0.000513
0.559395
0.244418
-0.072626
-0.114758
-0.275004
0.454616
0.630418
0.414787
0.270260
-0.156831
0.276759
0.389204
-0.009092
-0.124928
0.529975
-0.458980
0.529388
-0.087740
0.120763
0.439710
0.521412
0.104578
-0.363126
-0.445073
0.230822
-0.410939
0.007386
-0.052144
0.122951
-0.528245
0.095157
-0.469036
-0.195353
-0.241742
0.014422
-0.241028
-0.421192
-0.096081
0.178899
0.465443
0.287732
0.474257
0.254885
-0.167299
0.242401
0.237950
-0.231230
-0.210702
0.324509
-0.114091
-0.421494
-0.040782
-0.407748
-0.158767
0.258897
-0.088731
-0.242562
-0.342016
-0.269110
-0.043664
0.454343
-0.289941
-0.495705
-0.289525
-0.148410
0.469227
-0.133256
-0.494521
-0.101331
-0.084426
0.197130
-0.038494
-0.484522
0.616542
-0.280972
-0.307312
0.046402
0.020086
-0.357459
-0.598831
-0.439652
0.506217
0.247777
0.204122
-0.044518
0.379799
-0.194868
0.385034
-0.139795
0.571342
-0.290310
0.280923
0.344990
-0.027549
0.565182
0.557986
0.013457
-0.464793
0.170986
-0.127918
-0.137186
-0.249836
0.698532
0.168981
-0.324357
0.148491
-0.324723
0.088060
0.079175
0.526589
-0.088949
-0.196651
-0.297760
-0.154318
-0.193286
-0.198612
0.412857
-0.351648
-0.405740
-0.521846
0.025323
0.180989
0.156691
0.521052
0.053096
0.392229
-0.375346
0.162912
-0.255043
-0.267162
-0.656922
0.086919
-0.069209
0.280107
0.414239
-0.513913
-0.185026
-0.592023
0.022212
0.258739
-0.042163
0.321901
-0.206019
0.477047
-0.059190
-0.279546
0.301160
0.510720
-0.180144
-0.035930
-0.173609
0.103697
0.338447
0.338123
-0.069219
-0.029564
-0.817651
-0.464875
0.320352
0.283688
-0.146186
0.228630
-0.151232
0.130917
-0.004663
-0.346490
-0.246352
-0.210393
0.196925
0.612097
-0.404235
0.155407
-0.173318
-0.308442
0.175544
-0.176679
0.066637
0.787848
0.233972
0.203579
0.165773
0.566131
0.139536
-0.200669
-0.428640
0.398811
-0.074094
-0.223426
-0.124819
0.246295
0.137036
-0.451404
-0.556943
0.043571
0.102219
0.638969
-0.116506
-0.469906
-0.433504
-0.528485
-0.127833
-0.233939
-0.579640
-0.383408
0.264229
0.375921
0.180943
0.241409
-0.321012
-0.263122
0.454051
-0.037612
0.154784
0.353261
-0.320380
0.003335
0.136016
0.211902
0.644848
-0.240510
0.075027
0.441631
-0.018606
0.501240
-0.476651
0.147823
-0.259725
0.267041
-0.090919
-0.351809
0.542488
-0.322647
0.054579
0.499441
-0.401218
-0.074655
-0.454584
-0.069935
0.408767
-0.142694
-0.608330
-0.212521
0.696311
-0.711896
0.351272
-0.403049
0.150757
0.288904
-0.242117
-0.525458
-0.388788
0.423229
-0.086133
-0.427469
0.118105
-0.241744
0.088472
0.510204
0.201551
0.255594
0.061622
0.057725
-0.270427
0.395484
-0.290855
0.136734
0.478922
0.189974
0.044684
-0.516479
-0.038782
-0.560685
-0.186035
-0.337341
0.223343
-0.153115
-0.075142
0.304834
-0.717102
-0.098647
-0.184293
0.061288
-0.242817
-0.320767
0.071257
-0.012092
-0.115411
-0.062714
-0.128414
0.056605
0.428184
-0.536773
-0.090949
0.246373
0.245149
-0.264635
0.709783
0.390861
-0.251443
-0.440031
0.130943
-0.223262
-0.198778
0.116002
0.121815
0.232587
-0.207878
0.549605
-0.341505
-0.264516
-0.005193
-0.148956
0.189684
-0.040606
-0.318966
-0.142426
0.053616
-0.321587
-0.159766
-0.104254
0.189103
0.104808
0.173887
0.079092
-0.761156
0.324930
0.181028
-0.008051
0.561378
0.542437
0.362332
0.193949
0.355481
-0.086728
-0.256942
0.171551
0.402687
-0.384432
-0.586644
-0.082242
-0.163756
0.119541
-0.177814
0.006716
0.262168
0.181978
0.405776
0.310145
-0.254192
0.288241
-0.114671
0.439121
-0.308623
0.558897
-0.158316
0.009921
0.346800
0.305719
-0.147415
-0.324328
0.214701
-0.230349
0.406048
0.317468
-0.427647
-0.409851
-0.170563
0.161796
-0.047797
0.280915
0.357607
0.380839
-0.388582
-0.307211
0.360757
0.397021
0.293053
0.022567
-0.070829
-0.056093
0.067585
0.192429
-0.713526
0.155412
0.348962
0.076509
0.219075
0.092833
0.249976
-0.624991
0.135170
-0.559769
0.094889
-0.367967
0.175827
-0.293818
0.517558
-0.368396
-0.067195
-0.094202
0.203838
0.191350
-0.208073
-0.422934
-0.364710
-0.190767
-0.023955
0.165349
-0.296797
-0.514070
0.133955
0.330725
-0.120310
-0.547630
-0.033768
-0.635623
0.050170
0.455031
-0.609844
0.423930
-0.051693
0.030641
0.065879
-0.388552
0.009860
0.650266
-0.425896
-0.048793
0.091418
0.567887
-0.115102
0.290243
0.164490
-0.538251
0.225793
0.509100
-0.231599
0.356734
-0.037872
-0.314710
0.191801
0.380739
0.342397
-0.104952
0.540485
-0.435560
0.441547
-0.492790
-0.159769
-0.159472
0.313374
0.042889
-0.200108
0.155703
0.090884
0.148949
-0.092571
0.191289
0.416444
-0.451034
0.057294
0.254693
-0.654721
0.225466
0.446690
0.221017
0.008263
0.219737
-0.304398
0.449823
-0.364623
-0.148976
-0.284064
0.019773
-0.507368
0.417223
0.424113
-0.013722
0.089507
-0.630373
-0.216632
-0.369862
-0.390667
0.023474
-0.378932
0.115566
0.131068
-0.353109
-0.048355
-0.514234
0.650815
-0.404845
-0.272758
-0.255567
-0.709751
0.218631
0.116623
-0.528348
0.266022
-0.628896
-0.176926
-0.384854
-0.525407
-0.094125
0.220201
0.284385
0.469107
0.024684
-0.292468
0.352610
0.058510
-0.361072
-0.404988
0.438314
0.563748
-0.114160
0.471590
-0.271069
-0.073272
0.846102
-0.318785
0.666064
0.299578
-0.031851
-0.666166
0.254538
-0.483063
0.297072
-0.784016
0.322587
-0.416290
-0.166751
0.241240
-0.231203
-0.223850
-0.400335
-0.468165
-0.501347
0.377437
-0.374522
-0.327516
-0.001773
-0.208687
-0.180088
0.118897
0.312946
-0.208463
-0.356168
0.410349
-0.244523
0.142794
-0.301281
0.273099
-0.318380
-0.205489
0.106873
-0.184433
-0.128126
0.178912
-0.300061
-0.554361
-0.390778
0.159140
0.275971
0.257190
0.268672
-0.021718
0.202096
-0.261301
0.134132
0.131039
0.334327
-0.102255
-0.077143
0.432623
0.190050
0.436171
-0.420435
0.508250
0.278953
0.156922
0.201983
0.054879
0.344288
-0.196698
-0.199166
-0.244354
-0.364195
0.508271
0.081044
-0.413690
0.166393
-0.706943
-0.082805
0.175812
-0.189281
0.467409
0.141937
0.146295
0.495149
-0.129650
0.030961
-0.381370
-0.443735
0.012222
-0.224958
0.455131
0.219935
-0.624870
0.237668
0.487127
0.209311
-0.241332
0.421050
0.582102
-0.322110
-0.579388
0.114891
-0.331722
-0.288817
0.261598
-0.234686
-0.215818
-0.238735
-0.271136
0.036898
0.150315
0.315584
0.255428
-0.114782
0.035883
0.003148
-0.387980
0.572358
0.342454
0.091446
0.176416
0.573403
0.215177
0.029939
-0.386125
-0.329745
-0.506497
-0.016038
0.440177
0.047968
0.572119
-0.018792
0.031466
0.212821
-0.448017
0.659864
0.092819
0.222510
0.171503
-0.019810
-0.167733
0.019874
-0.116263
-0.564530
-0.379384
-0.631425
-0.512762
0.501893
0.391915
-0.168652
-0.067488
0.321465
0.073864
0.262539
-0.099004
0.476246
-0.355212
0.229073
-0.232299
-0.058357
-0.517082
0.204792
-0.181433
-0.287595
-0.037365
0.038363
0.275640
0.268337
0.469495
-0.071396
0.602819
-0.559066
0.136461
0.137235
-0.376283
-0.286843
0.422223
-0.058154
-0.176757
-0.214361
0.116359
-0.228161
-0.304872
0.169017
-0.246431
-0.083721
-0.047973
-0.233238
-0.366841
-0.263476
-0.236259
-0.176972
-0.022401
-0.368210
0.461154
-0.091187
-0.420838
0.111549
0.551897
0.714685
-0.377351
-0.300807
-0.306347
0.417347
0.017930
0.338824
-0.157740
-0.072077
0.204635
-0.060198
0.318951
-0.084323
0.149471
-0.154193
0.139353
0.077241
0.200239
0.263259
0.099354
0.300272
-0.670766
-0.279030
0.585148
0.067024
0.270389
-0.365775
-0.343856
-0.423749
0.027148
0.049748
-0.017163
0.071065
0.508719
