0.186541
0.085277
0.012738
-0.629785
0.318184
-0.094097
0.195315
-0.168492
-0.159018
0.253345
-0.228351
-0.436629
0.153806
-0.019374
0.225466
0.345499
0.383043
0.354150
0.177010
0.051680
0.326345
-0.209213
-0.031616
0.707047
-0.512915
-0.136050
0.534935
0.145484
-0.443271
-0.515666
-0.182189
-0.244123
-0.143630
0.087583
-0.137952
0.240731
0.271287
0.301380
0.557528
-0.503203
0.026800
0.282850
0.322332
-0.195627
-0.336847
0.173885
-0.062620
-0.145188
0.200824
0.719776
0.079910
-0.105059
-0.237820
-0.725616
0.064562
0.245113
0.072974
-0.526136
-0.249069
-0.305303
0.031257
-0.195115
-0.289835
0.279390
-0.225329
-0.642994
0.376322
-0.036555
0.298566
-0.278434
0.355164
-0.353420
0.116494
-0.356905
0.351971
0.127871
-0.403011
-0.027378
-0.033045
-0.346952
-0.473939
-0.623740
-0.399746
0.270488
0.116872
0.184572
0.268171
-0.205692
-0.214961
0.234200
-0.306998
-0.298599
-0.215397
-0.245512
-0.400989
0.393761
0.017279
-0.596230
-0.478837
0.282799
0.014622
-0.379475
0.238773
-0.019616
-0.507275
-0.363756
0.238846
0.540112
-0.081353
-0.347418
0.478061
0.249980
-0.351235
-0.225802
-0.324734
-0.071402
-0.146300
-0.054028
0.056270
0.188191
-0.463597
0.463960
0.234221
-0.488341
-0.388888
-0.042459
0.106790
0.176949
0.044993
0.471681
0.491246
-0.604785
0.192618
-0.102577
0.711999
0.135865
0.412998
-0.064967
0.510043
-0.681590
0.009200
-0.118778
0.407841
0.025439
-0.097389
0.311995
-0.578571
0.410920
0.118583
0.283626
-0.225564
-0.225376
0.592764
0.117980
-0.374085
0.587373
-0.285890
-0.217118
0.049207
-0.355374
-0.391499
0.223186
0.182574
-0.047737
0.302164
-0.211163
0.059716
-0.368825
-0.132847
-0.311713
-0.083548
0.452138
-0.339472
0.372567
-0.152871
-0.387004
0.208117
-0.107469
-0.685126
0.085581
-0.179373
0.667974
-0.172313
0.463245
0.297076
-0.215545
-0.424725
0.136454
-0.054678
-0.055559
0.453969
-0.077611
-0.485381
-0.187140
-0.047995
-0.188099
-0.256522
0.203172
-0.512423
-0.350867
0.152864
0.546819
-0.220010
-0.060627
0.433416
0.006862
0.108070
-0.209276
0.135533
0.357663
-0.334695
-0.202298
0.218006
0.506529
0.419749
0.198063
-0.439599
-0.227447
0.492926
0.026901
-0.158777
0.579505
0.342275
-0.075620
0.282534
0.225605
0.280126
-0.407299
-0.047966
0.158349
-0.170089
-0.179693
0.351164
-0.161252
-0.503135
-0.337181
-0.051875
-0.257606
-0.534901
-0.341237
0.469499
0.322222
0.149717
-0.154234
0.005151
0.255550
0.015463
-0.162264
0.233147
0.047745
-0.234235
-0.340807
-0.188292
-0.499138
-0.495642
-0.154883
0.440981
0.373640
-0.554916
0.405295
0.811110
-0.037862
0.147448
-0.431420
-0.285676
-0.144513
-0.335625
0.347223
-0.099276
-0.500777
-0.109405
-0.252579
0.360757
-0.368120
-0.175609
0.386956
0.195347
0.385063
0.001110
-0.318973
0.065906
0.506683
0.434758
0.437453
0.142944
0.207106
-0.164569
-0.048553
-0.449000
0.481562
-0.365980
-0.155954
0.207937
0.221757
0.200201
0.185660
-0.320789
-0.589812
0.333446
0.100563
0.021418
-0.281878
0.228433
-0.037179
0.118223
-0.452001
0.430676
-0.289753
-0.244935
-0.415218
0.141646
-0.632602
0.041184
-0.575190
0.137673
-0.102655
-0.442938
-0.291455
0.145942
-0.008623
-0.064883
0.400421
-0.400317
0.157308
-0.507583
-0.204411
-0.068631
0.017684
-0.304081
-0.332914
0.330962
0.007620
0.265303
-0.682431
-0.069930
0.272197
0.433596
0.284135
-0.068450
0.547783
-0.270695
-0.244600
-0.166771
0.146774
0.488403
-0.537182
-0.407815
0.298962
-0.509588
-0.615848
-0.324477
-0.244756
0.043308
0.364417
-0.320481
0.423157
0.237861
0.145792
0.260889
0.054720
-0.178290
0.256399
0.425728
0.627678
0.054678
-0.071195
-0.029048
0.282539
0.122211
-0.229817
0.040371
0.441615
0.403714
0.339865
0.257296
-0.201169
0.016518
-0.365798
0.301379
0.393536
-0.087787
0.167184
-0.034654
0.053616
-0.223887
-0.113843
0.267892
0.410973
-0.200013
-0.268646
0.281359
-0.233266
0.174501
-0.474739
0.499235
-0.296049
0.224572
0.502539
-0.092014
-0.516741
-0.445271
-0.537422
-0.242212
0.032791
-0.127668
-0.226183
0.688906
-0.172152
0.021361
0.077559
0.068892
0.113755
-0.371067
0.293471
-0.615024
-0.419989
0.119719
0.197832
0.456480
-0.514345
-0.152535
-0.555387
0.025355
0.232368
0.199876
0.043330
0.331043
-0.579861
-0.462002
0.222725
0.281453
0.160697
-0.053310
0.463693
-0.546552
-0.282749
0.361071
-0.224828
0.050257
0.403033
0.597843
0.208218
0.226975
-0.310417
-0.079855
-0.323008
0.112814
0.074782
0.415180
0.290078
0.177654
0.430829
-0.259776
-0.011095
0.528319
-0.078971
-0.210512
0.251278
-0.524070
0.167519
0.275824
-0.373230
0.231596
-0.214370
-0.577982
-0.386057
-0.005457
0.182792
0.110819
-0.364032
0.341903
-0.069330
0.053372
-0.114651
-0.025689
0.179845
0.069837
0.448672
-0.196265
0.172175
-0.509974
0.114382
0.314134
0.001070
-0.162295
0.539272
0.443665
0.259494
-0.389067
0.164828
0.111898
0.295768
0.637676
-0.357189
0.384113
0.080837
-0.159896
-0.468716
-0.175998
-0.156188
0.001359
-0.093656
0.407879
-0.164061
-0.369071
-0.416474
-0.294276
0.061766
-0.529500
-0.260157
-0.061393
0.066397
0.102190
0.346471
0.094106
-0.077170
0.340308
0.267650
0.613610
0.428457
0.556639
-0.368560
-0.030435
-0.159645
0.125590
-0.506225
0.009801
0.142798
-0.674912
-0.747091
-0.320869
-0.008612
0.202373
0.521856
0.225470
-0.357056
0.271970
-0.193178
0.425636
-0.232535
-0.047040
0.483221
-0.464063
0.490339
-0.255565
0.162820
-0.398233
-0.428026
0.129583
0.422564
0.380638
0.289652
0.410005
-0.113301
0.121615
-0.031108
-0.638080
-0.371671
-0.435868
-0.690334
0.195790
0.134276
-0.213618
0.474550
0.748789
0.055756
-0.223887
-0.261976
-0.483533
0.382545
-0.451437
0.352650
0.286307
-0.293360
-0.378099
-0.341846
-0.339316
-0.226085
0.234795
-0.324232
-0.047446
-0.192516
0.229498
0.556890
-0.471696
-0.155155
0.172192
0.399289
-0.155253
-0.089994
0.283871
-0.386627
0.276721
-0.232719
-0.574845
-0.297360
-0.095226
0.563763
0.045795
0.714319
0.405015
0.426032
0.519421
-0.440203
-0.187302
0.106924
0.264012
-0.362435
0.147734
0.057501
-0.173427
0.149868
0.289171
0.812632
0.317681
-0.031870
0.625881
0.327349
0.157453
0.031145
0.508495
-0.165867
0.059979
-0.106697
0.160929
-0.117421
-0.057585
0.409829
0.379392
0.004060
-0.181547
-0.384440
-0.296630
-0.614373
0.413795
-0.185557
0.295199
0.121464
-0.640490
0.127947
-0.651013
-0.014746
-0.124690
-0.355698
0.085753
0.259165
0.523858
0.263007
0.330637
0.308187
-0.074453
-0.767715
-0.060787
-0.380081
-0.131733
0.425952
-0.388700
0.040385
0.244556
0.546258
-0.478773
0.017843
0.230320
-0.661127
0.332377
0.223389
-0.192724
0.183879
-0.508148
0.057846
-0.265720
0.088216
-0.069065
0.595252
-0.124834
0.643846
-0.068037
0.294208
-0.369886
0.376427
-0.516552
-0.101271
-0.506554
0.281561
-0.320148
-0.407853
-0.114689
-0.371293
0.112271
0.244022
0.458592
-0.295307
-0.414963
-0.686511
-0.182183
0.032653
0.222077
-0.301848
0.391295
-0.218251
-0.347159
-0.058499
-0.041493
0.583558
-0.388296
-0.224855
-0.009923
-0.248865
-0.451042
-0.043695
0.071979
0.074424
-0.286847
0.316224
0.110839
-0.000622
-0.553685
-0.315695
0.469983
-0.534139
-0.404380
-0.002784
-0.352204
0.049889
-0.031660
-0.536310
0.010385
-0.105449
-0.573938
-0.116626
-0.351026
0.240629
0.337602
-0.119155
-0.145421
-0.124272
0.314483
-0.163117
0.326732
-0.312652
-0.026934
-0.227604
-0.449807
0.185531
-0.042828
0.475097
-0.120823
0.463284
0.554005
0.575227
0.299392
0.202843
0.493820
-0.528661
-0.310445
0.321720
-0.289492
-0.247426
-0.259918
-0.334332
-0.345584
-0.335973
0.294110
0.460099
-0.072627
0.543991
0.171522
0.375233
-0.075044
-0.400293
0.410915
-0.144290
0.301028
0.032572
0.003713
-0.099293
0.287117
0.301879
-0.308116
-0.312647
-0.249976
-0.047229
0.091690
0.595863
-0.053346
-0.213142
-0.316022
0.332721
-0.157952
0.028972
0.057071
0.074861
-0.163736
-0.390084
0.224997
0.878029
-0.267707
-0.518920
0.006189
0.498901
0.507114
0.592453
0.106373
0.097686
-0.154988
0.040172
0.454082
0.216913
0.448779
-0.452461
0.289548
0.249162
0.155017
0.423642
-0.102236
-0.449631
