-0.098081
0.354091
0.043814
0.597411
-0.032934
-0.228007
-0.441669
0.567346
-0.124827
-0.254038
-0.067502
-0.172926
0.147510
-0.661618
-0.303163
-0.637685
0.302637
0.359305
-0.491209
-0.648555
0.596555
0.110137
-0.323131
-0.188412
0.295934
0.499021
0.113718
0.032706
-0.194543
0.016585
0.307768
0.167313
-0.201979
-0.472395
0.320122
0.066643
0.647160
0.006561
0.285408
0.189392
-0.180788
0.232336
0.002136
-0.294220
0.025076
-0.441484
0.032183
0.499700
0.060805
0.232141
-0.121530
-0.126586
0.620951
-0.282592
-0.464568
0.496879
-0.394842
0.057817
-0.210691
-0.402424
0.257944
0.451098
-0.247121
-0.076751
0.216667
0.357902
0.403103
-0.096879
-0.263679
-0.147898
-0.070411
0.465138
0.119281
0.375212
0.330977
0.024098
-0.373841
-0.040303
0.248367
-0.512291
-0.334978
-0.575404
-0.240827
0.412927
0.066792
-0.064399
-0.079780
0.183685
-0.069552
0.489797
-0.052138
-0.081904
-0.153366
0.309789
0.087427
-0.241399
0.329327
0.238364
-0.710532
0.365967
-0.083082
0.387589
0.076314
0.061719
-0.427795
0.157785
0.319194
-0.186196
-0.041688
0.293814
-0.230994
0.304056
0.085983
0.007859
0.132752
-0.250731
0.367594
-0.053651
0.180719
0.540142
0.206260
0.513588
-0.592376
0.164464
0.567291
-0.133619
-0.074897
0.382392
0.694462
0.257407
0.073761
0.451582
0.075001
0.403166
-0.613232
-0.191238
-0.470816
-0.229324
0.082578
-0.203437
-0.469137
-0.210533
-0.198252
-0.747328
0.280577
-0.211542
-0.261452
-0.124673
-0.238994
0.457431
-0.304257
-0.139199
0.283725
0.440070
0.231091
0.283560
0.183578
0.121223
-0.069649
-0.416835
-0.452292
0.058563
0.371408
-0.172333
0.577753
0.533015
-0.152826
-0.127448
0.020604
0.150697
-0.346625
0.512477
0.219822
-0.087807
0.276230
0.086822
0.082301
-0.045063
-0.143374
-0.141642
-0.033467
0.396256
-0.337729
0.036760
0.098641
-0.301027
-0.093421
0.023368
-0.004181
0.107703
0.245331
-0.454241
-0.227789
-0.163041
0.052122
-0.134864
-0.224218
-0.449034
-0.228563
-0.451496
-0.093378
0.280374
0.529488
0.354533
-0.193868
-0.051338
-0.382688
0.163295
-0.574456
0.134686
0.040616
-0.647749
-0.176705
0.109827
-0.506309
-0.024654
-0.108541
-0.226010
0.507024
-0.038615
-0.285658
-0.698884
0.300417
0.440144
0.522635
0.157135
-0.325718
-0.459033
0.195793
-0.258488
-0.235630
0.157458
0.612410
0.385744
0.178996
-0.203123
0.083424
0.149912
-0.183254
-0.442690
0.149869
-0.183240
-0.399404
-0.028873
0.766027
0.343786
0.305362
-0.300284
-0.441908
0.019152
0.192858
-0.198824
0.308195
0.327493
-0.256180
0.068040
0.414879
0.137036
0.228540
-0.237916
0.449883
-0.483864
0.388106
-0.386445
-0.165343
-0.038370
-0.309713
-0.420536
-0.046829
0.498751
-0.511797
0.232999
0.579144
0.175657
0.293022
0.457547
-0.197470
0.108562
-0.002351
0.140723
-0.480762
-0.359195
-0.033335
0.250339
0.675420
-0.402255
-0.350522
0.290461
0.447390
-0.112125
-0.707810
0.215359
-0.029498
0.061585
0.478103
-0.239720
-0.446496
-0.097679
0.298913
0.387938
0.144894
-0.569868
0.440164
0.284386
0.396354
-0.462768
0.005153
0.054615
-0.183216
0.385748
-0.275812
0.371288
-0.578731
0.564488
0.011115
-0.433293
-0.046230
0.080356
0.513733
-0.057903
-0.248024
0.433542
-0.134072
-0.534743
-0.444119
-0.399007
-0.210433
-0.170577
0.050197
-0.172745
0.232862
-0.451534
0.569059
-0.114415
-0.057138
0.054895
-0.397163
0.206571
0.284011
0.309765
0.246232
0.348837
-0.134528
-0.205479
0.503493
-0.503690
-0.103056
-0.130738
-0.501694
0.130882
0.567345
-0.710486
-0.347600
-0.083989
0.150265
0.252429
-0.297447
0.006246
0.312270
-0.392518
-0.297455
0.232250
-0.110727
0.170674
0.284452
-0.011563
-0.298981
0.142572
0.119860
-0.325099
0.432502
-0.381522
0.076150
0.289438
0.080070
-0.133693
-0.600099
0.591017
-0.120536
0.463651
0.433107
-0.377244
-0.102971
0.431085
0.505860
-0.045935
-0.101571
0.263809
0.309589
0.304099
0.469343
-0.039428
-0.130900
0.037887
0.385216
-0.190286
0.101469
0.018356
0.176831
-0.397734
-0.416256
0.339851
-0.219219
-0.082310
0.532737
-0.623750
0.790863
-0.182988
-0.122746
0.321745
-0.390948
0.192943
0.610875
0.403933
-0.185179
-0.388219
-0.010463
-0.130305
-0.516557
-0.254552
-0.337276
-0.379238
0.074522
-0.151939
0.347175
0.144786
-0.210405
-0.282380
-0.201899
-0.023497
0.280960
-0.159637
0.242169
0.082384
0.069286
-0.007633
0.465981
0.815147
-0.006059
0.208416
0.505726
0.326780
0.065397
-0.541059
-0.086422
-0.400485
0.126871
0.426545
0.020168
0.118104
0.025880
0.117113
0.247585
-0.567071
-0.484962
0.007545
0.102378
0.175802
-0.174521
0.433269
-0.312210
0.285697
0.065099
0.238684
-0.611289
-0.396964
-0.059065
0.040353
-0.613571
-0.246672
0.293558
-0.141350
-0.017128
0.171354
0.237596
-0.088008
-0.105108
0.287940
-0.137515
0.454400
0.239009
0.186242
0.012003
-0.074935
0.605498
0.236000
-0.082723
-0.161466
0.142840
-0.379876
0.213323
0.230831
0.394074
-0.018682
-0.315565
0.105962
-0.518169
-0.345911
0.324617
0.492802
0.329992
0.177392
0.123490
0.451621
-0.194217
0.142986
0.092631
0.452070
0.303857
0.472252
-0.278316
-0.213834
-0.420742
-0.010830
0.369348
-0.018835
0.216238
-0.498820
0.168124
0.340054
-0.223520
-0.145607
-0.304971
0.530459
-0.579432
0.026815
-0.651634
0.118862
-0.154163
-0.452858
0.210945
-0.076128
-0.588164
0.404321
0.357187
0.007127
-0.464438
-0.344920
-0.275518
-0.145861
0.133946
0.400791
0.239939
0.189297
0.252399
0.167363
0.181822
0.523828
-0.639763
-0.357811
-0.200794
-0.727463
0.271537
0.399661
0.210529
-0.226188
0.516539
-0.109574
-0.259673
-0.364271
-0.054558
-0.257096
-0.058807
-0.121453
-0.289525
-0.133813
-0.409979
-0.068117
0.281790
0.382605
-0.423758
0.510000
0.297765
-0.049916
0.086382
0.091938
-0.144180
0.023785
-0.317514
0.457696
0.588113
0.017111
0.139298
0.493399
-0.338869
0.219547
-0.430203
0.299347
0.034072
0.469879
-0.211963
0.057451
-0.469522
-0.216646
-0.576407
-0.112790
-0.166761
-0.446118
0.409298
-0.345403
-0.301670
-0.496412
0.453224
-0.249998
-0.532125
0.404339
-0.522998
-0.005387
-0.006806
0.219707
0.382152
0.242659
-0.175998
-0.033979
0.504407
-0.226613
0.737869
-0.034205
0.532596
-0.167875
-0.289723
0.315571
0.369156
-0.129692
-0.419252
0.101588
0.571493
0.370416
-0.322482
0.119949
-0.266291
-0.110665
0.293581
-0.115911
-0.487452
-0.137745
-0.534281
0.156359
-0.069731
-0.154006
-0.716290
-0.405057
-0.473511
0.304434
-0.136179
-0.524011
0.285469
0.192048
0.264758
-0.005192
0.379178
0.517363
-0.063196
0.475490
0.082032
0.526061
0.412740
-0.015041
0.382920
-0.040013
0.193703
0.468030
-0.353142
0.525713
0.050710
0.224404
-0.397500
-0.044201
-0.335943
-0.396374
-0.238014
0.687017
-0.285524
0.104211
-0.068171
0.042017
0.075433
-0.084386
-0.368547
0.297782
0.067567
-0.442844
-0.030615
0.327659
0.454670
0.317878
-0.068180
0.084174
0.000185
-0.036789
-0.191851
0.273452
0.390191
0.157107
0.207784
-0.272700
0.030787
0.004253
-0.811534
0.002487
0.264456
0.344910
-0.137484
-0.058012
-0.162546
0.210596
-0.681981
-0.105766
-0.646034
-0.146241
0.465168
-0.313192
-0.087861
0.333897
0.306822
-0.204529
0.387692
-0.364409
0.566264
0.454429
-0.398196
0.180403
-0.170370
0.212742
-0.742618
0.012756
-0.234754
-0.444337
0.323306
0.419286
-0.034780
-0.259472
-0.428662
-0.202264
-0.016509
-0.068744
0.154012
0.154463
-0.332614
0.593162
-0.367981
-0.221239
-0.254004
-0.443861
0.180183
0.247326
0.566786
0.533665
0.472500
-0.478847
-0.081527
0.340252
0.170951
0.072359
0.249576
-0.142714
-0.550484
-0.060279
-0.251676
-0.419873
-0.156720
-0.335973
0.519241
0.460992
-0.112816
0.001812
-0.222275
0.130642
-0.258041
0.478518
-0.052989
0.472931
-0.486367
0.326899
0.475486
0.180036
0.339995
0.306065
-0.211028
-0.317790
0.161064
0.416667
0.229205
-0.777874
-0.464080
0.637497
-0.235694
-0.499448
-0.135913
-0.024020
-0.031103
-0.543688
-0.077131
0.086562
-0.244981
0.039146
0.330852
-0.568863
0.012062
-0.011674
-0.396389
-0.513713
0.555173
-0.512536
0.143891
0.425459
-0.363484
-0.074357
-0.138439
-0.067933
-0.238435
-0.159183
0.159135
-0.047111
-0.462831
0.317161
