0.163699
0.444330
-0.124581
-0.088351
-0.369820
0.212691
-0.053501
0.288483
0.322522
0.289724
-0.300234
-0.346724
-0.020829
0.620143
-0.278297
0.361941
0.277491
0.061942
-0.450324
0.609117
0.314240
0.205091
-0.423598
-0.077648
0.143742
-0.339015
-0.036393
0.096486
0.481975
-0.357466
0.601325
0.109964
0.128667
-0.392953
0.241238
0.313915
-0.112847
-0.131485
0.414004
0.421883
0.135044
-0.285021
-0.216517
-0.219297
-0.267328
-0.048454
0.142507
0.174561
0.286041
-0.136391
0.163136
-0.031751
0.395818
-0.557202
0.020708
0.549975
0.174394
0.272912
0.213259
0.254065
-0.206306
-0.055310
0.204421
-0.258782
0.679386
0.398864
-0.143999
-0.518962
-0.308362
-0.326331
-0.116779
-0.412366
0.491526
-0.451199
0.358211
0.034934
-0.452093
0.304364
0.420632
-0.173178
0.234528
0.603215
-0.208574
-0.310555
-0.448462
-0.098664
0.031925
0.689744
-0.181484
0.045801
-0.071445
-0.098954
-0.098119
0.309789
0.217964
-0.461118
0.448780
-0.496645
0.493650
0.315360
-0.291893
-0.318924
0.220301
0.382845
-0.363221
-0.155970
0.472851
0.496540
0.410293
-0.276623
-0.276620
-0.587400
0.229278
0.130508
-0.125124
0.088270
0.077033
-0.184264
-0.086451
-0.430425
-0.035736
-0.516046
-0.185253
-0.113064
0.381064
0.286713
-0.080085
0.050017
0.155970
-0.323702
-0.252152
0.240752
-0.040698
0.073733
-0.043094
-0.621943
-0.496195
-0.737154
0.373972
0.225940
-0.402040
-0.471252
-0.440703
0.024804
0.111381
-0.286988
0.069214
0.170053
0.307157
0.392757
0.164237
-0.063986
0.176721
-0.273615
-0.036416
0.758748
-0.000531
0.268710
-0.589296
-0.160119
0.159990
-0.044820
0.698741
0.219968
-0.321080
0.363833
0.275502
-0.141228
-0.169234
-0.438518
-0.334166
0.088477
0.577213
0.526491
0.414333
0.108671
0.576212
0.300484
-0.047516
0.131347
0.506124
0.597543
0.141672
0.151970
0.017780
0.252744
-0.165058
0.412051
0.054185
0.175086
0.466803
0.053096
-0.434886
-0.277789
0.357931
-0.025352
-0.317985
-0.591775
0.149094
-0.305748
0.559061
-0.514354
0.187305
0.185227
-0.151184
0.230576
0.326269
-0.303666
0.176266
0.357663
-0.128446
-0.348359
-0.314772
-0.177478
-0.103960
0.567043
0.302841
-0.426254
-0.243118
0.421025
0.066442
0.404756
0.340826
0.168442
0.771298
0.039900
0.397140
-0.203021
-0.270167
-0.236583
0.148063
0.545638
-0.197201
-0.621118
-0.479554
0.220150
-0.195211
0.187090
-0.233351
-0.453648
-0.520362
0.020733
-0.440377
0.296315
0.386350
0.315954
-0.306176
-0.281561
-0.371085
0.154717
-0.075975
-0.026755
0.365863
0.079020
-0.141452
0.553906
-0.606586
-0.213322
-0.234368
0.033524
0.512530
0.277011
-0.131422
-0.120597
0.289531
0.013309
-0.223701
0.175026
0.115847
0.358089
0.372029
-0.492388
-0.013237
0.549427
0.383286
-0.012685
0.195828
0.438860
0.461512
0.359918
-0.423180
-0.170042
-0.358983
0.326477
-0.152170
-0.346564
0.111919
-0.021791
0.431562
-0.309367
-0.330759
0.461095
0.390841
0.345718
-0.027335
0.267530
0.064132
0.166522
0.389760
0.218081
-0.244220
-0.475189
-0.210577
-0.011465
0.021122
0.594042
-0.015945
0.032403
0.216493
0.546401
0.311797
-0.412604
-0.423254
-0.183275
0.802211
-0.491049
-0.382353
0.516784
-0.272870
0.323205
0.217819
-0.015583
-0.458979
-0.060315
-0.479040
0.314544
0.337173
-0.548073
-0.456484
-0.412570
0.128756
-0.342898
0.263972
-0.696012
-0.068846
-0.654200
-0.370130
0.591848
-0.022348
-0.145623
0.228002
0.486570
-0.274755
-0.362930
-0.621560
-0.131220
0.123532
0.317627
-0.531874
-0.424434
-0.087312
-0.383497
0.020421
0.205768
-0.346414
0.293041
0.520264
0.116664
-0.307051
-0.044452
-0.305056
1.013452
0.236031
0.512058
-0.615036
0.501667
-0.489887
0.140847
0.089459
-0.350367
0.538888
-0.471783
0.439500
-0.197754
0.104862
-0.207362
-0.420267
0.153714
0.281572
-0.163729
0.062720
-0.097293
-0.187753
0.083720
-0.053647
-0.107417
-0.144556
0.296428
0.083172
0.229818
0.091382
-0.547121
-0.017394
-0.238590
-0.283892
-0.592741
-0.033116
0.295035
-0.103418
-0.355446
0.015107
-0.329537
-0.479939
0.037993
0.617543
0.112058
0.108180
-0.089735
0.306165
0.243173
0.419358
0.354940
-0.075579
0.393387
-0.435065
-0.031932
0.197775
0.312330
0.214520
-0.368791
0.293038
0.348495
-0.190698
0.386429
0.338883
-0.030342
0.402975
-0.098834
-0.233461
-0.224613
-0.028775
0.064327
-0.165935
0.516559
0.451677
-0.122436
-0.110150
0.079070
-0.598049
0.292384
-0.549669
0.082153
-0.452755
-0.288760
-0.105389
-0.256410
-0.176822
-0.006110
0.351725
-0.382448
-0.155179
0.218694
0.329843
-0.209125
-0.405440
0.434344
-0.465093
0.425300
0.441491
0.116750
0.186051
-0.059673
-0.041166
-0.082814
-0.626069
0.106501
0.078604
-0.355930
0.086175
-0.460722
0.028846
-0.492920
-0.274362
0.020170
0.585082
-0.197478
-0.089595
0.081876
-0.123693
-0.173364
0.349251
0.646100
-0.233785
-0.040725
-0.392976
-0.541255
0.315291
-0.190934
0.123943
0.254963
-0.454748
0.056608
0.052685
-0.256981
0.156358
0.520882
0.279779
-0.147935
-0.300699
-0.503639
0.172532
-0.079717
0.496722
-0.227926
0.286720
-0.577808
-0.798169
0.398054
0.578690
-0.208428
0.219522
-0.284237
-0.166811
-0.469131
-0.556093
-0.386480
0.467431
-0.541697
-0.700196
-0.263151
-0.218068
0.475615
0.510678
-0.109681
0.237115
0.248898
-0.297551
0.285572
-0.070697
-0.173898
0.216101
-0.228409
0.584795
0.653505
0.413539
0.112539
0.266006
-0.080031
-0.019360
0.166193
0.071594
-0.496017
-0.204884
0.385588
0.177847
-0.092632
0.213236
-0.042916
-0.147861
-0.398073
0.325422
0.195128
0.333175
0.069090
0.164900
-0.103359
-0.106334
0.009708
-0.730578
-0.940665
-0.703334
0.147221
-0.714898
0.409691
-0.558834
0.020212
-0.320300
0.034894
-0.562879
0.138392
-0.202645
0.017642
-0.374485
0.002050
0.339830
-0.314808
-0.066368
0.272817
-0.201385
-0.079438
0.304803
-0.018331
-0.366814
-0.231636
-0.340588
0.418044
0.047037
-0.372807
0.173045
0.360400
0.078194
0.358235
-0.443708
-0.350070
-0.326217
0.340261
0.413827
0.274938
0.355070
0.233523
-0.226859
-0.315771
0.314580
-0.482533
-0.587228
0.222081
-0.670890
-0.072242
0.232233
0.209414
0.448624
-0.051873
0.223239
0.018869
0.076341
-0.167053
0.753263
0.175512
0.109021
0.049277
0.330015
0.059779
-0.120745
0.287286
0.256404
0.164422
-0.315158
0.386112
0.212593
-0.162842
0.335104
-0.112432
0.073977
-0.452512
-0.559492
0.058173
-0.621206
0.172420
0.407376
0.357914
-0.513434
0.272816
-0.154263
0.018059
0.151934
-0.081954
0.166159
-0.306482
-0.000270
-0.217849
0.165688
0.319135
-0.129806
0.171168
-0.027463
0.238201
-0.312901
0.301147
-0.346373
0.694926
-0.458445
-0.042688
0.046701
-0.251404
-0.210356
-0.023789
0.401941
-0.369417
0.013602
-0.002310
0.428342
-0.162694
0.240751
0.182703
-0.173010
0.113481
0.014313
0.288605
0.268761
-0.109617
-0.124538
0.738541
-0.102821
-0.645537
-0.275426
-0.331254
-0.142069
0.569620
0.354224
-0.287591
-0.221212
-0.184548
0.013231
0.407916
0.028784
0.291348
-0.440632
-0.087438
-0.185216
0.308920
-0.161808
0.508283
-0.243487
0.474626
0.719372
-0.177209
0.699404
0.156545
0.298377
0.556891
0.162281
0.100482
-0.327929
0.287369
0.372510
-0.118033
0.287401
-0.335695
-0.155639
0.669141
-0.017423
0.155345
0.141589
0.373508
0.202952
-0.227547
0.096873
0.171794
-0.139925
0.507459
-0.130734
0.078775
-0.054859
-0.262775
-0.291455
-0.218347
-0.252632
0.198966
0.393686
0.104993
-0.251955
-0.068176
-0.102790
0.085722
-0.572184
-0.319534
0.378022
0.127865
-0.452622
-0.669885
-0.466088
0.012962
-0.439182
-0.487112
0.058547
0.376241
0.274878
-0.133749
0.128139
0.234493
0.173267
-0.305253
-0.011505
0.459717
-0.332562
-0.340619
0.146513
0.183990
-0.034609
-0.160565
0.164070
-0.246151
-0.098858
0.346061
-0.285405
0.716278
0.271977
0.042449
0.293280
-0.413819
-0.263036
0.422511
0.411072
0.407717
-0.006229
-0.057651
-0.344221
-0.173410
-0.166372
-0.269261
-0.042386
-0.017732
-0.438737
0.189280
-0.471909
0.084098
-0.162472
0.333750
0.590582
-0.091391
0.399413
0.613558
0.176440
0.311342
-0.189558
0.415171
-0.299700
-0.038663
-0.205934
-0.099957
0.723261
-0.024630
-0.541927
-0.210480
-0.094605
0.296207
