-0.186665
-0.165284
-0.224720
-0.095684
-0.187692
0.205714
0.390547
-0.014658
-0.302904
0.146608
0.009613
-0.284421
0.535143
-0.168529
-0.035220
0.204931
-0.507133
-0.591280
0.000824
0.004695
0.243961
-0.457969
0.047374
-0.037606
0.227760
-0.564550
-0.418817
0.135076
0.291180
0.013990
-0.180962
-0.296078
-0.420473
-0.254185
-0.272592
0.475713
-0.224292
0.100786
0.108247
-0.412386
0.436501
-0.455728
-0.044259
0.052927
-0.041186
0.073589
0.348026
-0.379623
0.179602
0.017566
-0.192650
0.499692
0.119812
-0.056164
-0.505905
0.424106
-0.406906
0.108376
0.356027
0.419732
-0.476506
-0.331830
0.292430
-0.157386
0.008989
-0.544562
-0.433510
-0.237766
0.350423
0.100062
-0.054496
0.086508
0.288452
-0.288946
0.205512
0.119122
-0.126600
0.020233
0.491677
-0.085816
0.174416
0.437397
-0.571379
0.233058
-0.021247
-0.160883
-0.290794
-0.038991
-0.212996
0.495588
0.085302
0.262123
-0.079486
-0.062169
0.415078
0.007744
-0.393104
-0.140131
0.188198
0.559053
0.662667
-0.216323
-0.013304
0.611444
0.016778
0.704425
-0.331900
0.282690
-0.034751
0.164396
0.204079
-0.346417
0.276219
0.068282
-0.257365
-0.403762
0.334203
-0.189329
0.104213
-0.352025
-0.352941
0.091975
0.359896
-0.499980
0.445103
-0.317365
0.105070
0.290148
-0.042538
0.571491
-0.653922
0.287914
-0.258031
-0.306119
-0.325052
-0.771879
0.046470
0.265575
-0.441051
0.115285
0.139147
-0.171651
0.115192
-0.236258
-0.715093
-0.176944
-0.448786
0.394845
0.124711
0.072543
0.074425
-0.439643
0.130837
-0.109311
0.252880
0.669569
-0.567541
0.295404
0.143710
-0.409519
0.101572
-0.005480
-0.199536
-0.924611
0.286490
0.555133
0.217713
0.114478
-0.625576
-0.214064
0.134234
0.077445
0.311130
-0.269256
0.109409
-0.632436
0.397722
0.366285
-0.228516
0.011066
-0.405043
-0.148794
0.254547
-0.335246
-0.794908
-0.495955
-0.628596
0.662910
-0.037107
0.022468
-0.314360
0.570835
-0.329875
-0.161325
0.007069
-0.327670
-0.155384
0.216714
-0.592517
-0.549279
0.339912
0.181702
-0.347300
0.297905
0.134868
0.155399
0.057754
-0.025181
0.309355
0.410165
0.505381
0.209169
-0.212775
-0.040687
0.004064
-0.230092
-0.251568
0.284219
0.063895
0.295242
-0.400947
0.525524
0.380038
-0.029207
0.349247
0.604690
0.159538
0.169298
0.208066
0.016177
0.138452
-0.357525
-0.040021
-0.218892
-0.463872
-0.346976
0.270946
0.175936
0.205967
-0.395374
0.402283
-0.456510
-0.707131
0.223326
-0.426546
-0.006575
-0.306176
0.134667
0.106931
-0.182485
-0.022922
0.464319
0.576658
0.408715
-0.517459
-0.414524
-0.012901
-0.213537
-0.170324
-0.166424
0.255624
-0.030167
-0.360997
-0.240067
-0.220044
0.335602
-0.342377
-0.006473
-0.144244
0.053665
-0.218925
-0.118917
0.188972
-0.455945
0.332407
-0.419476
0.107523
0.176725
-0.223360
0.485294
-0.206748
-0.023054
-0.051467
0.335677
-0.035441
-0.403998
0.271332
0.546279
-0.369548
0.152775
-0.102264
-0.279304
-0.090884
-0.447143
0.552139
0.450997
0.275145
-0.425985
0.207287
0.356944
0.196090
-0.515432
-0.438496
0.556149
0.361470
-0.063061
-0.394679
-0.735742
0.166826
-0.264194
-0.299077
-0.171432
-0.481789
-0.235890
0.233084
-0.456312
-0.401814
-0.115879
-0.448757
-0.123335
-0.022529
0.338806
-0.207682
0.248882
-0.351210
0.103434
0.240467
-0.337610
0.301452
-0.123701
0.080695
-0.534700
-0.013260
-0.609222
0.164427
-0.108279
-0.208912
-0.010139
0.158511
-0.021678
-0.079702
0.146030
-0.017467
0.139573
-0.115934
0.536077
-0.156571
-0.105030
-0.366065
0.078771
-0.512178
-0.332722
-0.037010
0.193365
-0.271338
0.168523
-0.199470
0.074347
0.415611
-0.149849
-0.116115
0.385043
0.109940
0.615272
0.083177
-0.022159
0.154267
-0.629067
0.451015
-0.469152
0.867469
-0.479454
-0.109646
0.339324
-0.140454
0.230226
0.056222
-0.145777
0.279833
0.044301
-0.208817
0.535228
-0.105146
-0.004671
-0.614345
0.404778
0.242870
0.061846
0.106416
-0.459569
0.046404
-0.401136
0.331833
0.026009
0.361977
-0.389182
0.210668
-0.064425
-0.288394
-0.032044
-0.315258
-0.453029
-0.128287
0.522506
-0.266299
0.188097
0.209785
-0.518036
-0.176894
0.402316
0.090309
0.407115
-0.308037
0.917440
-0.333114
0.160456
-0.095530
-0.209345
-0.211336
-0.124509
0.314564
0.303598
0.301166
0.568121
0.356147
0.447911
0.295983
-0.513106
0.558121
-0.505274
0.090196
0.158762
0.434974
-0.360503
-0.292192
-0.692283
0.069269
0.061402
0.031891
0.737515
0.276179
0.199474
-0.426781
-0.284694
0.357281
0.409817
-0.483708
-0.174450
-0.552922
-0.319328
0.336593
0.069739
0.003376
-0.197659
0.394078
-0.118492
0.384082
-0.753005
-0.138315
0.073145
-0.321464
-0.216892
-0.112905
0.017310
-0.316258
-0.337300
-0.159478
-0.359884
0.088786
-0.483786
0.227145
0.103234
0.431692
0.536900
0.219278
0.249388
-0.130767
0.094620
0.252918
0.026638
-0.564698
0.080945
-0.408770
0.145254
-0.026894
0.109393
0.400309
-0.654772
-0.023643
0.084343
0.451022
0.391377
-0.014175
-0.068871
0.180688
0.201946
-0.395628
-0.413529
-0.151502
-0.145498
0.017421
0.382029
-0.537819
0.429574
0.131094
-0.127078
0.459731
-0.525588
-0.534092
-0.219318
-0.496131
-0.049345
0.250020
-0.477796
-0.455257
0.649091
0.348807
-0.038532
-0.256205
-0.463022
0.380822
0.299568
-0.250943
0.063193
0.483887
0.258432
0.219382
0.020764
0.022473
0.159592
-0.434292
-0.240090
0.014916
0.264469
0.408439
-0.521470
-0.322248
-0.261229
0.137528
-0.593321
0.446908
-0.601475
0.374279
-0.410637
-0.085582
-0.577279
-0.021133
-0.017825
-0.116730
-0.503202
0.464478
-0.456071
-0.574079
0.438177
0.031687
0.099031
0.120569
-0.092718
0.161659
-0.004330
-0.215800
-0.052411
0.180264
0.076874
0.306445
-0.281934
-0.316034
-0.279775
0.392353
0.308511
-0.167712
0.437680
0.369448
0.088662
-0.128427
0.089429
-0.510918
-0.294988
-0.412690
0.489474
-0.206330
-0.145163
-0.421281
0.060500
-0.831987
0.171666
-0.510925
-0.311774
0.442237
0.192856
-0.159183
-0.361731
-0.251300
0.200161
0.270570
-0.858780
-0.383608
-0.166406
-0.079575
0.311436
0.461480
-0.751361
0.041991
0.813903
0.612482
-0.305226
-0.550719
0.100979
-0.449131
0.503939
-0.191817
0.062876
0.163073
-0.632209
0.105598
-0.534980
0.574912
0.255309
0.558791
0.246601
0.432940
0.598245
-0.476164
0.254758
0.253814
0.047894
0.090381
0.014033
0.512638
-0.178755
-0.244383
0.150635
-0.715922
0.400477
0.469776
-0.085655
-0.234287
-0.253175
0.635450
0.154363
0.154008
-0.041197
-0.228471
-0.078880
-0.045512
0.090349
0.042327
-0.326276
-0.526289
0.333064
0.236064
-0.046281
0.033478
-0.577369
-0.391332
-0.254641
-0.285805
-0.399867
-0.419148
0.817865
-0.635720
-0.131688
0.167704
-0.301347
-0.243281
0.339461
-0.583216
0.053994
-0.098206
-0.548906
-0.556138
0.431383
0.270736
-0.051454
0.265755
-0.009729
0.383448
0.097521
0.266338
0.224021
-0.282001
0.123818
0.147822
-0.238566
-0.427627
-0.030283
-0.305714
-0.320456
0.305583
0.318081
-0.161324
-0.088139
-0.025015
-0.627262
-0.148524
-0.070026
0.237451
0.411900
0.289251
-0.176690
0.248768
-0.740555
0.186550
0.161493
-0.169397
0.539240
0.068798
-0.086523
0.401084
0.285160
0.054769
0.225451
0.105312
-0.079245
0.143136
0.377431
0.207795
-0.158829
0.057205
0.128012
0.109401
-0.350108
-0.050630
-0.374019
-0.064165
-0.054408
-0.578978
0.068840
-0.136225
-0.438326
-0.517554
-0.032755
0.250089
0.522387
-0.060363
-0.167897
-0.276818
0.405460
-0.328827
-0.185847
0.065664
-0.190458
-0.071422
-0.424095
-0.644298
0.168552
0.395661
0.222777
0.288488
-0.596042
-0.378253
0.108917
-0.462785
0.253326
-0.289068
-0.337644
-0.601526
-0.517694
0.025145
0.365544
-0.304604
-0.066636
-0.375974
-0.042204
0.438491
-0.681554
-0.428821
0.017556
-0.390808
-0.045229
0.293637
-0.014426
0.161800
0.696810
-0.098392
-0.148307
-0.182168
0.319283
-0.323244
-0.608593
0.910790
-0.521805
-0.195813
0.500477
-0.552343
-0.240507
-0.139413
0.198275
0.649502
0.197578
-0.097506
0.169503
-0.177605
0.115201
-0.075304
-0.097451
0.394380
0.056827
0.043466
0.312321
0.106205
0.310105
0.470031
0.239566
-0.146164
0.234641
0.343160
-0.907392
-0.588547
0.386750
0.046483
0.072899
-0.190395
0.251270
0.361824
0.395819
