-1.738276
1.748269
-1.493059
-1.209565
1.322052
-0.313008
-0.303756
-2.141525
2.089792
0.776657
0.786002
-1.997381
-4.696410
-2.154413
2.633917
-2.942319
0.622990
-1.642181
1.428420
2.006944
-0.635392
2.367957
1.192665
-1.242894
-1.938741
1.340531
3.425953
3.544485
0.880132
2.051965
0.846995
3.111425
-1.831449
-1.650713
1.495977
-0.949115
-4.168638
-1.945566
1.048015
0.690012
-0.545943
0.936609
1.836280
-1.637152
-3.952723
-2.164896
0.817839
-0.185223
-1.760846
-0.569990
0.731912
-0.957359
3.838670
2.496624
-2.502241
-0.872870
-0.476346
-0.817591
-2.727158
-1.324172
-1.971480
1.035802
1.620116
2.278347
1.602700
1.079185
3.822502
-0.280151
-4.141165
1.415576
2.260473
-0.009501
2.818490
-0.229294
-0.786872
-2.303346
0.138657
0.443895
1.347217
-0.942921
0.796388
0.424338
-0.961376
-1.426297
1.045818
4.085744
-1.740964
1.098464
-0.552818
-2.874214
-0.541117
1.291796
-1.074589
-2.147684
-0.645353
0.668477
0.979327
2.226572
-0.511432
0.680935
-1.514686
-2.242322
2.457151
-0.082973
-1.803234
-1.840229
1.686579
-0.473017
1.981113
3.483777
-2.948437
-3.133118
-0.332389
0.816238
-2.864872
-1.111073
1.359483
-3.068950
2.315261
-1.718485
-1.842343
-3.802933
-0.509777
1.684268
0.272392
0.236494
-2.312218
-2.508727
-1.837157
-1.968798
1.963981
-0.484470
2.293171
4.913521
-0.673232
-2.421457
-0.177943
-0.787260
-1.117666
2.320793
1.861544
-2.572081
0.287150
1.948019
-0.537672
0.864511
5.255938
-0.661129
0.047344
-2.167015
-0.795293
0.098640
-0.868633
2.511613
-4.354533
-1.016011
1.052463
2.282495
1.379168
0.202333
-1.902902
-1.027177
-0.977712
1.798440
-0.679157
4.058383
4.014945
-3.742981
0.719916
4.086933
-0.275668
-0.957002
-1.283655
0.118516
-0.559527
0.459889
0.725916
0.663606
-0.771864
0.526401
-1.789424
0.344738
-0.266214
2.221647
-1.783263
2.272556
-4.040520
3.786268
-2.508374
-0.767425
-1.094788
0.723754
1.782483
0.956175
-1.121917
1.081747
-3.963072
1.327434
-2.428941
-2.674134
0.687860
2.380908
-0.178254
-0.846282
-4.603048
-1.336673
2.326994
3.419346
0.659265
-0.805725
1.614941
-0.670721
-2.522107
-0.306845
-0.833084
-0.362133
1.713613
0.363591
2.450554
-1.932684
-0.676836
-4.047181
3.455012
-1.431498
-0.514003
-0.224183
-4.783986
0.598557
-2.872466
-1.806674
-3.733325
0.665862
1.791754
0.158625
-0.224184
0.215091
-0.897560
-0.229317
-3.038939
0.957210
-0.651833
0.700953
0.531303
0.689681
-0.261637
2.384724
4.213477
-5.150806
3.726174
0.222836
-1.799806
-0.067007
-1.712869
1.423302
-1.937792
-1.698353
0.418719
1.519816
-2.122245
-2.380309
-1.889756
-1.409747
0.394056
-0.719310
4.982628
-1.271891
-0.384154
1.334294
0.269015
3.124142
-3.341966
0.257948
-2.015763
-1.158170
2.608502
-1.124721
-0.543651
4.037232
-1.477542
0.123438
0.505184
-0.987397
0.200800
1.418008
1.358095
0.374469
2.121408
-1.607173
1.745275
0.341890
-0.386816
-2.731363
1.372047
3.356978
3.362392
0.812037
0.605368
-5.180369
-4.552780
2.049850
-0.212207
-1.071367
1.041115
0.474973
3.099953
-1.634679
-3.247843
-1.340448
-0.557936
-0.739946
5.556075
-3.939119
-2.940291
-0.810421
3.553610
3.029998
0.058275
-5.785298
4.231355
-4.280737
-1.769145
-0.231107
0.099424
-1.154232
1.460052
-0.178147
-0.088188
2.338642
-3.155972
1.957742
-3.240095
-3.372469
-1.536979
-2.197803
0.813151
0.752806
0.101832
-5.334771
-0.004122
-3.244471
-0.556900
-1.245784
-0.087036
0.715108
4.845070
1.790597
-0.042687
0.933871
-0.919097
-2.116783
1.333366
1.978441
-3.257580
-1.867017
-0.780444
2.686119
-0.701482
-3.985507
-2.295120
-0.597092
0.476655
-1.110309
-2.545033
3.005267
0.265381
3.260328
0.449469
0.597800
5.851493
-0.097680
-0.728409
-0.653384
-1.066330
1.007929
-0.450329
3.119604
0.003477
-2.235605
1.257833
-0.185882
2.292077
-0.378770
-0.876369
-1.352764
-1.467189
-0.181527
5.852739
2.038633
2.504390
0.094233
-0.785537
3.125953
0.385881
2.993127
2.585667
-0.535641
-4.008713
0.061485
2.170605
3.941651
-1.739457
-0.606368
2.444413
-1.939368
1.826655
-2.184560
-0.154688
1.516130
4.136903
1.083850
-2.814518
0.112968
-0.617547
-2.957535
-1.502113
0.688152
2.005970
-3.186096
0.919906
1.423245
-0.235439
-4.659886
0.645599
2.271626
0.346470
-0.274239
1.830072
-1.732404
-1.106395
-0.920651
-2.288327
2.090374
2.164141
-0.773510
-2.781655
2.857326
4.569200
2.036861
0.163901
-3.634703
3.332975
0.878098
-0.635132
0.466599
0.975059
-2.318127
-1.958075
-1.509593
-0.144447
3.440875
-1.851864
1.842039
-1.215950
3.117938
1.558416
-0.677757
0.624880
-0.424650
-2.495195
1.541977
0.340593
-3.873456
-1.977673
0.105902
0.439313
1.228811
-0.596015
1.000995
3.131357
0.184682
1.247168
-2.260460
-0.375673
0.052503
1.603209
1.366183
-1.840870
0.871762
1.002976
-0.247664
0.961520
0.115611
2.227497
-2.054544
1.422560
-3.343941
-1.655541
-2.376989
-2.722021
-2.578787
-1.401742
-1.907487
-0.937377
-1.351469
0.937975
-0.844804
2.905650
2.435991
0.331771
-0.245485
1.258401
-1.254466
-0.024431
0.893742
1.181524
1.559239
-2.371019
0.922481
1.758231
0.655427
1.070799
-1.171835
-3.320666
-1.409473
-0.976709
0.613323
1.904298
0.437316
1.269519
1.373403
-1.687003
0.225205
2.836877
-0.843556
1.069506
2.120801
-0.302167
-0.340933
-1.236749
3.353292
-3.521992
1.282787
0.918059
-0.945065
-0.527617
-1.599234
-2.678561
-3.982557
1.576766
0.898210
1.009972
2.462987
-0.261664
2.119966
-1.226504
2.030900
-0.941584
-2.809314
0.748211
-0.711644
-1.538545
-0.839462
-2.029778
1.135052
0.137545
-2.612698
0.288734
-1.076798
-0.464402
1.380517
1.720881
-4.020374
-1.115467
1.536338
1.088327
-1.763961
-2.178816
-0.245003
-0.684033
-1.241332
-1.309581
-0.476500
1.958840
-1.806054
0.997224
1.623367
0.955787
-0.921398
2.086671
2.195408
-1.477561
1.199859
1.316799
-1.238045
2.347337
1.182753
-1.719615
-1.062688
2.221959
1.059030
-2.110545
-2.282201
-0.502971
2.671436
-1.250792
0.560482
1.348505
-3.801939
0.126107
1.593383
3.274925
-0.758348
-0.270904
3.087273
-1.657448
0.096027
2.978793
1.272234
2.564136
1.770978
0.443604
3.978740
-1.432422
-2.698879
0.760660
-0.756571
0.195794
3.183266
2.889263
-0.020219
2.799517
4.657913
2.382379
-0.636956
1.368064
1.850169
-0.938963
-3.505094
-0.497844
-0.960349
-1.405437
-2.049424
-2.446377
3.492742
2.965569
1.818026
1.831419
-3.390003
0.135771
-0.282736
-0.278485
-2.292064
-0.302446
-0.205690
-0.991813
0.297418
1.250659
-1.577796
1.651092
-2.620964
0.479874
-1.555042
-1.265931
-0.321323
0.121370
-0.945205
-4.157391
4.320444
-0.006734
0.294633
-0.588763
1.283845
0.937830
0.969145
-0.035366
-3.497795
1.468915
0.534817
-2.166001
3.863039
1.141095
1.607456
0.802531
-3.105805
1.267545
-1.112978
-1.727432
0.609088
-0.571850
-0.158907
4.018832
1.423455
0.322739
1.127021
0.453210
-1.595174
1.116215
-0.073103
-0.825378
0.454824
-0.775107
-0.411239
0.701316
0.372720
1.443778
2.019110
0.266691
-1.844367
-1.898543
-2.913892
-0.192647
-3.248550
1.897649
0.191547
1.545317
-1.717662
0.123518
-2.212438
0.515159
0.876680
-0.762480
-3.189131
-1.510477
0.599619
0.297338
-0.640324
0.223886
-1.521897
-0.152159
-2.568997
-1.470774
3.902112
1.112609
-0.376015
-0.360433
-1.068828
0.152854
1.191575
-1.657372
-1.469598
0.367817
2.231444
-0.756342
1.599565
2.417618
0.037530
-0.165223
-0.476239
-1.831607
0.094282
-2.335614
-1.457149
0.135812
-0.879115
-0.402963
-1.422557
-1.254663
0.152750
0.337138
-0.470706
1.982682
-1.466538
-2.311806
2.800563
2.741251
0.589215
1.469415
0.429988
0.458910
-1.104844
-1.905986
-2.003413
-1.474608
-0.006866
-1.560330
0.991504
-3.280373
-0.080386
3.293736
0.400433
-1.023728
