0.028885
0.533530
-0.010135
0.207463
-0.332989
-0.652786
-0.004952
0.301693
-0.005737
0.329685
-0.042050
0.220140
-0.474833
0.014254
0.207897
0.301275
-0.002335
0.205405
-0.084535
-0.718933
0.314240
-0.284750
-0.072393
0.289592
0.060092
-0.375029
-0.061282
-0.479096
-0.049523
-0.144369
0.336983
-0.213835
0.172778
0.078102
-0.423061
0.160255
0.351216
-0.183835
-0.549076
-0.673717
-0.479970
0.229704
-0.251000
0.159869
0.213195
0.350444
0.523901
0.144553
0.337116
0.213709
-0.334794
-0.356692
0.075201
-0.155651
0.067242
-0.267183
-0.183755
-0.076747
0.205353
0.423270
-0.026683
-0.395314
0.046413
-0.028320
-0.019371
-0.306602
-0.566114
0.055614
-0.016302
-0.317816
0.238975
-0.385406
-0.366914
-0.457881
0.590329
0.221090
0.111963
0.478057
0.243284
-0.281859
0.026586
0.288068
-0.563401
-0.067142
0.048285
-0.055389
-0.496174
0.580564
-0.634502
0.047287
-0.353031
-0.209094
-0.635414
-0.020774
0.067751
-0.461118
-0.131039
-0.603604
0.693604
-0.667045
0.465704
0.290787
0.198727
-0.330826
0.204133
0.053370
0.228474
-0.464229
-0.022501
-0.215304
-0.126958
0.494031
-0.359199
-0.023332
-0.285088
-0.146572
0.059493
-0.260499
0.141628
0.621374
-0.599743
0.050567
-0.039526
-0.358092
-0.518209
0.577881
-0.139764
0.152395
-0.076428
-0.518350
-0.046667
-0.813321
0.240418
-0.069471
0.445242
-0.445655
-0.459602
-0.488967
0.383110
0.212325
0.341255
-0.375471
-0.229317
-0.181834
-0.011518
0.231163
0.097383
-0.092155
0.491396
0.465196
-0.391501
-0.541663
0.219340
-0.177012
0.146106
0.412529
-0.355715
0.021773
0.295120
-0.359495
-0.452292
0.367827
-0.217043
-0.386744
-0.179401
0.181468
0.135077
-0.482565
0.102055
-0.179508
0.484085
0.384774
0.243172
-0.067356
0.307126
0.440197
0.019134
-0.000380
0.147156
0.234490
-0.058645
0.358929
-0.375046
-0.000980
-0.499001
-0.138364
0.450894
0.199307
0.521719
0.121846
-0.026402
-0.239605
-0.221004
0.540593
-0.092463
0.200431
0.233009
-0.042189
-0.052849
-0.461908
0.165781
0.526473
-0.503930
0.071544
0.186691
0.284474
0.175703
0.591625
-0.416272
0.448037
0.415922
-0.005713
-0.243119
-0.198278
0.051473
-0.269081
-0.118876
-0.280564
0.424244
0.421025
-0.217626
-0.162477
0.448867
0.329867
-0.047524
0.239436
-0.259941
-0.387225
-0.219882
0.089729
0.234784
0.462689
-0.928671
-0.029353
-0.299860
-0.379392
0.029490
-0.316871
0.040399
-0.118067
0.376384
-0.130492
0.110499
0.398741
-0.303717
0.372055
0.115039
0.195219
-0.220926
0.211654
-0.180944
-0.115422
0.188548
0.154869
0.462849
0.246755
-0.362924
0.324057
0.167856
-0.226943
-0.243791
0.102219
-0.301069
0.641091
-0.418455
0.057989
-0.129314
0.406913
-0.132054
0.369314
0.249771
0.400051
0.317395
-0.153410
-0.339063
-0.388763
0.073365
-0.221437
0.400413
-0.057339
-0.201662
-0.526156
0.408757
-0.259474
0.290623
-0.154306
-0.306384
-0.153475
-0.361690
-0.360811
-0.657530
0.356865
-0.310124
0.345718
-0.353976
-0.272481
-0.087906
0.067112
-0.206809
-0.013034
0.291441
0.338711
-0.333367
-0.342742
-0.175844
-0.229214
-0.314781
0.653985
0.065992
0.206836
-0.018317
0.615461
-0.530268
-0.183275
0.137673
-0.442440
0.442442
0.093056
0.467362
0.139977
0.331223
-0.033768
-0.348579
0.088472
-0.434690
-0.296332
0.784404
-0.009487
0.051233
-0.201158
0.393881
-0.392974
-0.018516
-0.373618
0.053331
-0.068116
-0.348189
0.195964
-0.248702
0.033055
0.005848
-0.437817
0.271482
0.182102
0.362885
-0.489781
-0.127189
0.326630
-0.486801
-0.319211
-0.283752
0.829847
0.481020
0.219809
0.295932
-0.291880
0.284230
0.275749
-0.168002
-0.554640
0.553769
0.368957
-0.289719
-0.138629
-0.533320
-0.402429
-0.479781
0.196473
-0.061547
-0.616379
-0.074601
0.284962
-0.684083
0.112616
0.124841
-0.318709
-0.540025
0.167218
-0.234638
0.249707
-0.190719
0.092953
-0.027111
0.552921
-0.023742
0.268056
0.028384
-0.216417
0.211394
-0.065876
0.499297
0.091669
0.381848
0.113424
-0.146569
-0.339745
-0.418274
0.488755
0.257840
0.084322
-0.494907
-0.365058
-0.195021
0.295413
-0.398814
0.165814
0.191870
-0.404958
0.044121
0.138383
0.008067
0.228581
-0.539480
0.090762
-0.127524
-0.313952
-0.146694
-0.219789
-0.346446
0.048519
0.479899
0.004010
0.184809
-0.218400
-0.302273
0.462267
0.367271
-0.080414
-0.186134
0.323756
0.053894
-0.303743
-0.364696
-0.416646
-0.074111
-0.251683
0.130675
0.142627
0.210705
0.053319
-0.113415
0.552733
-0.647687
0.707802
0.281282
-0.392517
0.225365
-0.000667
0.351725
-0.934412
-0.167995
0.014261
0.014568
0.219183
-0.726085
0.296357
0.154117
-0.568619
-0.161172
0.252447
0.125844
-0.036612
0.318121
-0.031051
-0.241597
0.142650
-0.170754
-0.483506
0.183778
-0.362264
0.294966
0.020814
-0.270453
-0.063790
-0.096889
0.375120
0.170740
0.413522
0.594082
0.290148
0.217096
-0.417789
0.199733
0.422749
0.059141
0.024982
0.443665
0.109609
0.188034
-0.422263
0.220975
-0.092869
0.180442
-0.280171
0.164332
-0.534665
-0.403155
-0.203226
0.197108
0.531357
-0.475624
-0.341365
0.061814
-0.224887
0.739859
-0.239085
-0.283506
-0.358012
0.089412
0.441828
-0.308015
-0.106460
-0.356146
-0.485726
-0.089472
0.550259
0.214220
-0.283486
0.004715
0.413707
0.217804
-0.137911
-0.417615
-0.330513
-0.410349
0.747971
0.084322
0.188216
-0.264897
-0.397754
0.187370
-0.143515
-0.131655
0.091320
-0.154794
0.293583
0.229351
-0.338341
-0.078612
-0.041914
-0.312509
0.102292
0.145555
-0.405879
0.312727
-0.094942
-0.120213
-0.214378
0.466549
-0.233001
-0.156522
0.349978
0.198641
0.387806
-0.087989
-0.223336
0.310731
-0.185710
0.288561
-0.432757
-0.731876
0.384978
0.079857
0.337967
-0.462866
-0.197589
-0.427024
-0.130235
-0.171398
0.109800
-0.407486
0.350466
0.408334
0.261887
-0.059076
-0.127463
0.085364
-0.373424
-0.433064
-0.324232
0.523020
-0.006352
-0.631457
0.207471
-0.009780
-0.344094
-0.560998
-0.227837
-0.382331
-0.192960
-0.084805
0.152381
0.373312
-0.487171
-0.464932
-0.093044
-0.234039
0.154960
0.356275
-0.393123
-0.300841
0.019744
-0.276462
-0.538596
-0.703160
0.157769
0.509212
-0.274212
-0.170456
0.168284
0.187493
0.238321
0.193616
0.124703
0.186146
-0.291447
0.569647
-0.468915
0.150237
-0.559512
0.030949
0.272714
0.111454
0.037544
-0.555207
-0.329941
-0.393447
-0.501722
-0.104619
0.012342
-0.196274
-0.401540
0.039479
0.502211
-0.615729
-0.315814
0.466853
0.028209
0.108443
0.474127
-0.687815
-0.341640
0.085561
0.244859
0.020373
0.489048
0.006415
0.014997
-0.434666
-0.097796
0.289648
0.451843
-0.164411
0.050316
-0.066011
-0.206899
0.219508
0.220670
-0.362104
0.598071
-0.304651
-0.280426
0.046701
0.620058
-0.330233
-0.327462
0.744847
-0.293759
0.273733
0.651191
-0.089887
-0.403973
0.034988
0.531248
0.469202
0.076074
0.114705
-0.228397
-0.497870
0.342637
-0.126974
-0.255462
-0.398128
0.046319
0.408191
-0.348435
-0.306252
-0.180750
-0.310009
-0.171582
-0.094044
-0.110569
0.165865
-0.011213
0.307613
0.017500
-0.440632
-0.274392
0.190361
-0.152595
0.318594
-0.726083
0.291661
0.110045
0.350604
0.319410
0.157537
0.247041
0.321951
0.265809
-0.096502
-0.251580
0.213098
0.504444
-0.668085
0.369427
0.343520
0.124847
0.208537
0.432522
-0.365179
-0.253599
0.283261
0.313886
-0.416261
0.222158
0.093158
0.137415
-0.303483
0.372384
0.415874
0.209864
0.095230
0.263991
0.002956
0.220339
-0.086999
0.138523
-0.382108
-0.189932
-0.315363
0.048417
0.001313
0.527443
0.462053
0.160765
-0.113782
-0.325663
-0.502543
0.283244
0.074035
0.582739
-0.134705
0.607275
-0.138286
0.054342
-0.556397
0.201833
0.690779
-0.455834
0.522518
0.116057
-0.148930
-0.589494
-0.392095
0.173707
0.232310
-0.056987
-0.286260
-0.288098
0.486094
-0.135253
0.491111
0.384642
-0.275714
-0.220554
0.248660
0.009437
-0.493115
0.435567
-0.003346
-0.613739
0.199596
-0.227127
-0.210892
-0.302521
0.040944
0.254086
0.227864
-0.131132
-0.110960
-0.431676
-0.078731
-0.372471
0.303851
-0.123035
-0.285408
0.641521
0.252846
-0.489552
-0.482890
-0.168470
0.192022
0.469427
0.021786
0.340713
-0.452739
-0.142322
0.667048
0.395900
0.775450
0.496263
0.143959
0.304742
0.488362
-0.087714
