-0.034163
-0.061965
-0.547332
0.123734
-0.582999
-0.086634
-0.084265
-0.106867
0.370490
-0.066531
-0.174108
0.318692
-0.496894
-0.438804
0.160190
-0.367331
-0.264165
-0.188533
0.227579
0.087684
0.249563
-0.265819
-0.492878
-0.234448
-0.169924
0.368915
-0.021820
-0.103825
-0.246151
-0.212407
0.255828
-0.293192
-0.418992
-0.143389
0.219838
0.223387
0.151491
-0.059693
-0.092391
0.137757
0.061426
-0.488563
-0.202255
0.151058
0.414359
-0.265700
0.174605
0.315554
-0.302930
-0.217327
-0.193094
0.528894
0.338401
0.321700
0.152378
-0.096717
0.192057
-0.372709
0.026079
-0.328607
-0.013694
0.273269
0.523070
-0.092142
-0.514075
0.411297
-0.658782
-0.048868
0.226652
0.179212
-0.389511
-0.140791
-0.223032
-0.368260
0.371380
0.204454
-0.104213
-0.503129
0.189517
-0.261220
0.150331
-0.475294
-0.381868
0.432961
-0.361308
0.068218
0.478642
0.423225
0.014366
0.092056
-0.195159
0.180560
0.173145
-0.524643
-0.633303
0.064114
-0.162965
-0.280676
-0.486582
-0.141724
-0.354324
0.449652
0.009201
0.250955
-0.417969
-0.547764
0.064184
-0.146148
-0.119184
-0.139326
-0.021802
0.613423
0.105692
0.042590
-0.370530
0.037812
0.369493
0.011732
-0.189553
0.454845
-0.425137
-0.334665
-0.592376
0.044966
-0.375403
-0.382929
-0.201379
0.104146
0.093735
0.524063
0.173449
0.316675
0.233931
0.130379
0.009419
-0.636112
-0.103613
-0.278545
-0.176437
-0.268507
0.023453
-0.237665
-0.532976
0.076085
-0.215285
-0.196496
0.220607
-0.110497
-0.222579
-0.362434
-0.426174
0.202542
0.129630
0.067601
-0.251750
-0.492104
-0.551360
0.300463
0.634909
-0.250823
-0.519247
0.016761
0.490087
0.199943
-0.472417
-0.407000
-0.261364
-0.284091
0.230683
0.223362
-0.167684
0.377527
0.180711
-0.369349
0.221177
-0.509848
-0.285313
-0.474529
-0.076822
-0.035242
0.593002
-0.172126
-0.447446
0.409329
-0.351648
0.150248
0.535368
0.185357
0.027049
0.276287
0.264471
-0.435769
-0.679597
-0.215159
0.447971
0.029126
0.355826
-0.528995
-0.074628
-0.585363
0.268730
0.037035
0.487879
0.259269
0.179430
0.199203
0.208165
-0.499073
-0.070469
-0.488915
0.096877
-0.149148
-0.173794
-0.618930
0.248419
0.301381
-0.076449
-0.465256
-0.144697
0.023998
0.496139
0.076202
0.479710
-0.011570
0.433857
0.170848
0.760480
-0.424896
-0.298049
-0.077084
0.538470
0.498983
0.246295
0.105042
0.509249
-0.210828
-0.310824
0.453814
-0.370139
0.057111
0.066160
-0.383293
-0.533195
-0.192718
0.348230
0.176475
0.617578
0.206760
-0.625699
-0.527679
0.119407
-0.026755
0.224976
0.470005
0.493191
0.350506
0.229635
0.096284
-0.384044
0.032738
0.647134
-0.282690
-0.323686
-0.342121
0.176413
-0.022973
-0.268771
0.452088
-0.329164
0.489107
-0.220975
0.486927
-0.348956
0.263339
-0.507789
0.500565
0.042731
0.277326
0.000103
0.591586
0.322180
-0.507319
0.574078
0.146376
0.120859
0.437839
-0.709832
-0.017226
0.038706
-0.467265
-0.319610
0.587410
-0.563712
-0.409328
-0.105159
-0.208977
0.579072
-0.715916
-0.354810
0.400068
0.336566
-0.104625
0.112824
-0.082379
0.031564
0.085663
-0.275655
0.160217
-0.188291
0.406216
-0.260240
0.044800
-0.222288
-0.015300
-0.328013
-0.643558
-0.107356
-0.592930
-0.268371
0.055323
-0.163070
0.567413
-0.286299
-0.665142
-0.034259
-0.052824
0.243079
-0.129456
-0.521626
-0.073377
0.136030
-0.017633
0.061290
-0.291366
-0.073148
0.086922
-0.412463
-0.443592
-0.170730
0.118907
0.391565
-0.393769
0.009159
0.195398
0.340932
0.363550
-0.195231
-0.253659
-0.601490
0.287482
-0.346373
-0.425195
0.073225
-0.133482
0.460305
0.181305
0.283086
0.127326
-0.171016
-0.071472
-0.143025
-0.190135
0.294416
0.310174
0.415363
-0.055000
-0.277252
-0.422529
-0.063218
-0.142779
-0.031835
-0.016960
0.169922
-0.156697
0.578452
-0.182235
0.160728
0.223167
-0.599981
-0.028361
-0.239436
-0.767691
-0.119931
0.199704
-0.274857
0.165365
-0.058346
-0.379105
0.059714
0.179409
-0.012140
-0.531869
0.246618
0.204990
0.401223
-0.466574
0.567117
0.279578
-0.180661
0.494339
-0.182167
-0.414088
-0.309410
-0.035054
0.532737
-0.538749
0.063357
-0.449978
0.229733
0.309078
-0.433289
0.601388
-0.060004
0.214371
-0.831734
0.291437
0.280608
-0.222459
-0.203985
0.386143
-0.073908
-0.111468
0.011261
0.611948
0.147023
0.099199
0.622220
0.138532
-0.181391
-0.450674
0.502264
-0.239388
0.229290
-0.492590
-0.053188
-0.284940
0.211541
0.508796
-0.398505
0.705642
-0.254481
0.298956
0.221281
-0.347509
0.572817
-0.050566
0.166521
-0.001588
0.032620
0.201293
0.570526
-0.404757
0.441638
0.311741
0.062716
-0.754833
-0.602503
0.687935
-0.012072
0.329776
0.363683
-0.832655
-0.439819
0.528874
-0.207275
-0.449495
-0.060653
0.246718
0.227601
-0.283830
0.216093
0.273921
0.350631
-0.333504
0.399155
-0.383741
-0.300439
0.149847
-0.224796
-0.143269
-0.453425
0.080153
-0.238680
0.366881
-0.241296
-0.575839
-0.172402
0.072353
-0.156206
0.488493
0.338989
0.200519
-0.047577
-0.094767
-0.548888
0.199169
-0.364255
0.036047
0.206657
-0.411609
-0.251682
0.362975
-0.081491
-0.360751
-0.465861
-0.351071
-0.001404
-0.125587
0.073761
-0.058850
-0.055561
0.074345
-0.224959
-0.054786
-0.381606
-0.310140
-0.529378
0.170611
0.115871
0.332287
0.389714
-0.068641
0.154611
0.715917
0.338575
0.225040
-0.245648
0.525302
0.179226
0.061421
-0.465957
0.037048
0.528211
-0.059736
0.546772
0.137720
0.135516
-0.332819
-0.081756
-0.264712
-0.474233
0.196189
-0.218173
0.084867
0.467348
-0.038201
-0.392900
0.174164
-0.079546
0.254770
0.334589
-0.036573
0.174943
-0.399657
-0.192912
-0.053756
-0.414130
-0.358292
0.402823
-0.148818
-0.449814
-0.318475
-0.030213
0.245917
-0.501270
-0.557909
-0.299032
-0.069216
0.074512
0.223485
-0.313565
0.244007
-0.477523
0.078473
0.202593
0.327949
0.460557
0.336045
-0.061053
0.289985
0.359520
-0.081905
0.232000
0.486204
-0.540258
0.295962
0.235797
0.806206
-0.119906
0.336005
0.052599
-0.014989
-0.276308
0.602901
0.075361
-0.141030
0.340023
0.135086
0.364492
0.244745
-0.056497
-0.306516
0.321265
0.336828
-0.452276
0.080078
-0.704585
0.066042
0.102188
-0.467603
0.535088
0.467295
-0.434094
0.379375
-0.397335
-0.272773
0.437527
-0.583570
0.011025
0.806917
0.579422
-0.433920
0.316049
0.396293
-0.824579
0.371568
0.086353
-0.112458
-0.197965
-0.191222
0.221328
-0.461465
0.121027
-0.093740
-0.220952
0.428948
0.569700
0.062565
-0.453445
0.030493
0.364788
-0.348822
-0.382918
-0.239748
0.702022
0.148043
0.335484
0.099680
0.331978
-0.494682
0.334635
0.176823
0.012857
-0.395734
0.488412
0.002561
-0.301682
-0.204069
0.678972
-0.106618
-0.170832
-0.021897
-0.282849
0.273141
0.434928
0.017613
0.127717
0.064394
-0.451538
-0.114308
-0.277060
-0.522382
0.260660
0.009625
0.432718
0.308642
0.125786
-0.012186
0.266338
0.091061
0.452396
-0.201201
-0.844284
-0.454131
-0.427627
-0.252622
-0.284454
0.632046
0.336906
0.323485
0.173353
-0.170016
0.158371
-0.126533
-0.021752
0.232508
0.497042
0.043165
-0.180861
0.470087
-0.005404
0.113822
0.087499
0.275477
0.387769
-0.115714
0.027191
-0.218086
-0.007110
0.393647
0.611951
0.301781
0.109412
0.130437
-0.144673
0.433760
0.397545
-0.443570
0.490730
-0.570477
-0.116017
0.347238
0.316173
0.161590
0.118714
-0.186458
0.059861
0.479241
-0.136688
-0.212354
0.151847
0.285867
-0.052355
-0.281669
0.645132
-0.023344
0.057367
0.426693
-0.215258
0.028425
-0.075587
0.530234
-0.104870
-0.009366
0.286635
-0.489980
0.499080
-0.120683
0.562698
-0.375538
0.449515
-0.138634
0.190524
-0.332771
-0.542912
0.026540
0.170064
0.295322
-0.371392
-0.433971
-0.097264
-0.267505
-0.078228
0.497904
0.315618
-0.075149
-0.464254
-0.021369
-0.060648
0.092952
0.148250
-0.525084
-0.213369
-0.003932
-0.227452
-0.516542
-0.184689
-0.440665
-0.073528
0.328844
0.237700
0.454719
-0.172813
-0.010358
-0.179420
-0.202711
-0.229664
-0.102831
0.408733
-0.206529
-0.059076
0.286228
-0.066212
0.189280
-0.107423
-0.091395
0.451089
0.423130
0.070589
0.036561
0.071870
-0.612590
0.353674
0.186177
-0.171019
-0.057414
0.339979
0.306931
-0.246022
0.160555
0.018277
-0.020125
0.133405
0.056044
-0.187246
-0.462200
