0.161235
0.340127
0.587817
-0.011325
-0.294390
-0.019722
0.231953
0.567346
-0.040380
0.111638
-0.150435
-0.274675
0.035146
-0.019374
0.164694
-0.066674
-0.406737
0.000583
-0.162445
-0.405843
-0.128339
0.095499
-0.201395
0.109412
0.044483
-0.540046
-0.205358
-0.010154
-0.274629
0.298604
0.005186
-0.455362
-0.445915
-0.040887
0.315590
0.201351
-0.007657
0.207710
-0.103625
-0.254003
-0.108338
-0.063830
-0.655176
-0.198291
0.216162
-0.274873
0.517755
0.045053
-0.116635
0.152311
0.060790
-0.268002
-0.236657
-0.528928
-0.154518
0.401892
0.168408
0.026213
-0.274397
0.568606
0.052097
0.454800
0.523070
-0.343973
-0.198243
-0.373509
-0.434283
0.418334
0.283328
-0.567543
0.067018
0.005322
0.175127
0.108312
0.098727
-0.040179
-0.173915
-0.295382
-0.425204
-0.071014
-0.067989
-0.200801
0.544156
0.350790
-0.226452
0.047968
0.368486
-0.071800
0.130456
0.116569
-0.104965
-0.758574
0.108595
0.110659
-0.615629
-0.018388
-0.458266
-0.138300
0.235936
0.244646
-0.354324
0.284560
0.366683
0.306504
0.624054
-0.147052
0.148076
0.297958
0.226828
-0.099198
0.391060
0.594437
-0.002733
0.539576
0.124171
-0.071538
0.362980
-0.203267
-0.381105
0.262496
0.170323
0.235461
0.031289
0.269120
-0.336972
0.592684
0.378870
-0.051892
0.036992
0.258733
0.035776
0.061365
-0.112807
0.152576
0.050696
-0.579454
-0.229275
0.380284
-0.327987
-0.451291
0.639032
-0.199826
-0.240226
-0.116628
-0.611040
0.024252
0.380318
-0.055024
0.347128
0.043913
-0.256032
-0.238024
0.359932
-0.176055
0.399069
0.656501
-0.445122
-0.077031
0.075226
0.357405
-0.018105
-0.064971
0.648457
-0.258083
0.446636
-0.192416
-0.529012
0.050974
-0.329783
-0.606573
0.182675
-0.156009
0.035826
-0.458324
0.311166
-0.089867
0.285256
-0.050971
-0.110259
0.291160
-0.318846
-0.054369
0.361416
0.260353
0.028916
-0.299121
-0.047510
-0.015735
-0.043415
-0.148540
0.179580
-0.200315
-0.235577
-0.271901
0.243795
-0.091897
-0.187796
0.222362
-0.031788
-0.483074
0.030530
0.131356
-0.718677
0.253379
-0.292368
-0.073300
0.317543
0.555768
0.240992
0.029897
0.040616
-0.166849
0.816428
0.013530
0.504601
0.207833
0.124686
-0.004259
-0.211809
0.316897
0.312845
-0.128094
0.187266
-0.235225
0.156098
-0.548864
-0.404246
0.168942
-0.141120
-0.000928
0.438163
-0.162611
-0.079917
-0.541454
-0.014528
-0.605959
-0.398874
-0.207571
-0.667090
-0.051629
-0.196181
0.010194
0.481195
0.217672
0.328897
0.229378
-0.313517
-0.073797
-0.321620
0.122332
0.006898
-0.014352
-0.136711
0.346456
0.304885
0.048316
-0.202678
0.221498
0.069490
0.155488
0.063451
-0.580476
-0.323686
-0.306586
0.355285
0.344870
0.245945
-0.249834
-0.347166
0.035512
-0.259687
0.064835
0.477247
-0.070966
0.620014
-0.154843
0.333861
-0.106177
-0.472904
-0.341972
0.371077
-0.708139
0.239481
-0.018678
0.053493
0.249946
-0.251794
0.372693
0.587293
-0.108544
-0.508471
-0.029680
0.390261
0.299823
0.674253
0.211094
0.093335
-0.267426
-0.181402
0.281615
0.112414
-0.539819
0.043077
0.141671
0.015120
0.058727
-0.180342
0.472588
0.045210
0.446655
-0.075841
-0.094118
-0.392702
-0.315205
-0.450583
-0.045945
-0.117511
0.059601
0.316732
-0.024176
-0.217847
0.411186
-0.068668
-0.140085
0.581920
-0.243114
0.314520
0.392487
-0.100317
-0.475693
0.214622
-0.551009
0.311170
0.542897
-0.042157
0.152383
0.174861
-0.520243
-0.315754
-0.025408
0.197668
0.647354
-0.036926
-0.005096
-0.414073
0.372960
0.421378
0.183785
0.264441
-0.578741
-0.292361
0.455212
-0.088949
0.012367
0.174137
0.255943
0.198252
-0.375594
0.180799
0.165614
-0.071671
-0.271860
0.058174
-0.326284
0.227121
-0.398887
0.123882
-0.204672
0.471860
-0.555388
-0.125002
-0.588357
0.274053
0.020084
0.538374
0.138238
0.263965
-0.304729
0.002139
-0.405808
-0.276292
0.308285
-0.052712
-0.344037
-0.258026
0.484688
-0.111399
0.549982
0.227417
-0.252367
-0.169023
-0.761156
-0.035453
0.131546
-0.316321
-0.540506
0.305690
0.621949
0.021772
0.643675
-0.117060
-0.382613
-0.107777
-0.042160
0.504209
0.047595
-0.177917
-0.388702
-0.388188
0.454334
-0.576788
-0.351875
-0.552958
0.492565
-0.441711
-0.069891
-0.011901
-0.043383
0.404883
-0.056203
-0.337276
-0.180216
0.508965
-0.184189
0.274979
-0.177615
0.331244
-0.463518
-0.412649
0.384649
-0.123103
-0.502506
0.050149
-0.005487
0.096302
0.048827
0.231913
0.120718
0.139119
0.102959
0.402645
0.298516
0.136588
-0.578546
0.111108
-0.244144
0.126458
-0.167534
0.277517
0.129660
0.094727
-0.012172
0.380867
0.313242
-0.266755
-0.291200
0.184502
0.095331
-0.444368
-0.197427
0.256498
-0.331090
-0.385120
0.071579
-0.191153
0.561453
-0.043747
0.284775
-0.223747
-0.230456
0.227816
0.375747
-0.124206
-0.018326
0.548792
-0.088228
-0.570444
-0.292320
-0.124781
0.260435
0.371141
-0.068815
0.262826
-0.050125
0.449364
-0.524788
-0.177715
-0.063201
0.415828
-0.427303
0.225368
0.178148
-0.108754
0.570625
0.111741
0.089930
-0.240031
-0.453244
-0.098241
-0.213392
-0.426984
0.232426
-0.065674
0.158435
-0.247379
0.157261
0.329115
0.503757
0.282975
-0.426198
0.695243
0.070183
0.371524
-0.109938
-0.397990
0.187775
0.475065
-0.370739
0.405258
0.394852
-0.100731
0.103488
-0.324898
0.153163
0.080084
0.276636
0.213266
0.108713
0.089633
-0.657793
0.061659
-0.198526
0.092181
0.036084
0.357187
0.156264
-0.193781
-0.026463
-0.003403
-0.375098
0.135468
0.278414
-0.064392
-0.747613
-0.140846
-0.163107
-0.288877
0.337248
0.100902
0.470900
0.170091
0.554851
0.115744
-0.335291
-0.088696
-0.271426
-0.274061
-0.295550
0.191028
-0.799451
-0.223960
-0.127137
0.424456
-0.131360
0.608971
0.270672
0.079252
-0.345233
0.339180
-0.246150
-0.450399
0.459580
-0.123181
-0.005334
0.092481
-0.163486
0.070882
0.246614
0.173008
-0.504343
0.612863
0.563748
-0.188829
0.486204
-0.475209
-0.301475
-0.140120
0.397507
0.381326
0.366705
-0.119345
0.324995
-0.237006
-0.280887
0.121530
0.320256
-0.339927
0.495328
0.445822
0.160272
-0.136695
0.328926
0.358190
0.429390
-0.343060
-0.275299
-0.265084
0.189325
0.069345
-0.292251
-0.118172
0.501823
0.255591
0.793211
0.252571
0.091839
-0.541676
-0.187325
0.179572
0.186970
0.144544
-0.180426
-0.053060
-0.789916
0.361525
-0.421167
0.511938
0.017938
0.512638
-0.559052
0.279349
0.534543
-0.733085
-0.093740
0.231686
0.025138
-0.336113
0.283762
0.181866
-0.117623
-0.494872
-0.074475
0.463988
0.608924
0.150821
-0.389901
0.556423
0.144574
0.303608
0.177450
0.709392
0.319135
-0.157498
-0.112434
-0.327731
0.508148
-0.265393
-0.182012
0.316642
0.759625
-0.315109
0.196440
-0.023403
0.273141
0.070843
0.308673
0.564235
-0.096148
0.371551
0.563167
-0.013039
0.325040
0.018477
0.068434
-0.079026
-0.028124
0.437928
-0.032686
-0.073912
0.086417
-0.426319
-0.040491
-0.349671
0.040614
-0.336858
-0.634031
0.442677
0.250514
0.318510
-0.439139
-0.214597
0.275997
0.162510
0.181919
0.029560
-0.062516
0.072412
-0.128776
0.441141
0.367557
0.315954
0.176137
-0.566946
-0.452333
0.092113
-0.252502
-0.132901
-0.134494
0.227721
0.278871
0.049997
-0.150480
-0.276059
0.488188
-0.038720
0.254119
0.160998
-0.330604
-0.479300
-0.565753
-0.468478
-0.732262
-0.387020
0.101905
-0.716933
0.051732
0.411588
0.369484
-0.015315
-0.002736
-0.308524
0.663909
-0.558359
-0.293967
0.151142
-0.212506
-0.208617
-0.204837
-0.098892
0.084020
0.106093
-0.201917
0.000904
-0.225231
0.056419
-0.281556
-0.017853
0.593496
0.610137
0.554234
-0.474343
0.047059
0.186092
-0.326403
-0.325776
0.144844
0.200989
-0.025756
0.095298
-0.352017
-0.271899
-0.200669
-0.069282
-0.526563
0.415339
-0.167669
-0.008899
0.280739
0.337183
-0.015457
-0.369909
0.435683
0.580787
0.223930
-0.207897
0.158091
-0.437585
-0.332941
-0.005897
-0.488796
-0.213254
-0.214725
0.308165
0.292227
-0.217273
-0.085907
0.343172
0.769160
-0.220359
-0.633920
-0.250168
-0.010873
-0.328344
0.239605
-0.340067
-0.386847
0.134924
0.580401
0.127387
-0.284006
-0.012396
0.222583
0.313270
0.028831
-0.438529
-0.083057
-0.465438
0.130382
0.601210
0.410741
-0.175771
0.280890
0.072142
-0.493058
0.236520
0.404311
