0.380222
-0.333450
0.001291
-0.047319
0.206684
-0.418981
-0.226499
0.139263
0.345294
0.389372
-0.147668
0.251602
-0.332616
0.445349
-0.092791
-0.379939
0.302590
-0.526179
0.304399
0.501458
0.382051
-0.129110
-0.072393
-0.303369
-0.517560
0.562017
0.669212
-0.156621
0.401598
-0.144369
0.336983
-0.143898
0.219803
-0.241989
-0.116973
0.312966
0.128109
0.314782
-0.015720
0.005760
-0.565051
-0.021790
-0.255592
0.396379
0.695860
0.467846
0.523901
-0.181927
0.006067
0.416968
0.192982
0.116261
0.405426
-0.250213
0.001866
-0.367764
-0.513531
-0.108771
-0.155118
-0.256361
0.035748
-0.341985
0.672415
-0.542124
0.031995
-0.316794
-0.726810
0.075517
-0.465421
-0.262034
0.194328
-0.385406
0.301828
0.367657
-0.567306
-0.635872
0.238305
-0.028036
0.526859
-0.271319
0.027279
0.076741
-0.377120
-0.191300
0.174145
0.146543
-0.337159
0.654230
-0.130386
0.213618
0.043323
-0.042894
-0.481266
-0.061196
-0.080549
-0.031159
-0.066066
0.407406
0.303012
0.233410
-0.370995
0.290787
-0.315607
-0.330826
-0.534877
-0.305086
0.420804
0.065344
-0.022501
-0.107461
0.252878
0.031377
-0.284981
0.539576
-0.239949
-0.197635
-0.047423
-0.259076
-0.098833
0.262496
-0.007519
0.098334
-0.654641
-0.423410
0.004591
0.143674
0.217454
0.152395
0.215031
-0.518350
0.306672
0.771142
0.105579
0.258227
-0.337311
-0.445655
-0.067819
0.244756
-0.194000
0.497227
-0.182037
-0.262277
0.072837
-0.241644
-0.068554
-0.254785
-0.486800
0.175536
0.424067
-0.532273
0.274907
-0.443064
0.177041
0.256524
0.146106
0.105624
0.485041
0.225202
0.118628
-0.547316
-0.429991
0.211377
0.806644
-0.114982
-0.157249
0.240814
0.135077
0.321139
-0.082711
0.210147
0.484085
-0.104747
-0.055536
0.558936
0.195955
-0.115345
0.709011
-0.117117
0.330810
-0.249061
-0.333603
-0.625362
0.356277
-0.423138
0.277485
0.018860
-0.132128
-0.109376
0.161216
0.277880
0.446862
-0.213124
-0.378335
-0.377679
-0.192289
0.029740
-0.362766
-0.015259
-0.517747
-0.674436
0.214263
0.357532
-0.503930
-0.023225
0.255834
-0.031019
0.163583
-0.314507
-0.416272
0.488173
0.040616
-0.233759
0.203150
-0.499181
-0.360489
0.290846
0.745124
-0.250382
0.009830
0.371730
-0.134050
0.434703
0.320676
0.094510
-0.150253
0.018601
0.659369
-0.572085
-0.069095
0.065961
0.545216
-0.264797
-0.187724
0.082890
-0.264307
0.452718
0.317226
0.148222
-0.013460
0.340424
-0.513152
-0.336004
0.122516
0.167372
-0.505918
0.554131
0.560328
-0.363131
0.526911
-0.207902
-0.022432
0.211921
0.369373
0.272944
-0.529963
0.151914
-0.402954
0.169291
0.344376
-0.095451
0.412799
0.102219
-0.287105
-0.340575
-0.501316
0.023273
-0.129314
0.406913
-0.132054
0.040375
-0.312473
-0.259258
0.402894
0.522793
0.394764
-0.037827
0.020003
0.137380
0.487325
0.385658
0.442021
-0.057859
0.432551
0.156693
0.061603
-0.351575
-0.536001
-0.186878
-0.402197
0.197498
-0.139925
0.444456
0.252810
-0.521091
0.048244
-0.160873
-0.452112
-0.488698
-0.219226
-0.221057
-0.472170
0.352765
-0.338982
-0.282503
0.071215
0.143201
-0.339132
0.402837
-0.422668
0.304134
-0.157723
-0.307679
-0.530268
-0.417462
-0.181564
0.247592
-0.031808
-0.098341
0.388963
0.380851
-0.119434
-0.206026
0.050321
-0.007955
-0.510446
-0.265516
-0.459241
-0.040690
-0.022255
-0.579052
0.032062
-0.345766
0.143848
0.034418
-0.132085
-0.195074
-0.348849
-0.456161
-0.159764
0.099192
-0.323887
-0.304376
0.404830
0.463805
0.345816
0.435548
-0.079403
0.326630
-0.365181
-0.319211
-0.196654
-0.585471
0.364598
-0.396739
0.255675
-0.291721
-0.208013
0.515536
-0.275474
-0.023074
-0.252944
0.368957
0.281311
0.221327
0.346723
-0.102069
-0.311553
-0.123525
0.043995
0.230008
0.507333
0.328018
0.293166
0.541796
-0.182201
-0.209036
-0.065865
-0.138979
-0.227129
0.132642
-0.473478
-0.308310
0.137205
-0.616691
-0.035227
-0.556013
-0.014900
0.099956
0.079491
-0.074948
-0.279401
-0.595855
0.271006
-0.342971
-0.532521
0.388722
0.344735
0.253422
-0.338286
0.224888
0.062099
0.382537
-0.247544
-0.076493
-0.439961
0.156848
0.661840
-0.143334
-0.456427
0.191956
-0.388222
0.358352
0.608894
0.492565
0.189407
-0.268308
-0.194955
0.201478
-0.275185
0.048519
0.131918
0.004010
0.269448
0.236698
-0.175078
-0.587765
-0.288068
-0.403541
-0.202747
-0.184827
0.017037
-0.402756
0.132007
-0.358585
0.002876
0.154969
0.164604
0.492319
-0.068992
0.256911
0.059545
0.366256
0.479946
-0.211176
-0.009509
-0.132465
0.174802
0.058525
0.212937
-0.435373
-0.265774
-0.113141
0.578487
0.192138
-0.576493
0.208876
-0.039079
0.650365
0.431599
-0.096718
0.227792
-0.098438
0.020971
-0.012586
-0.577982
-0.099803
0.306291
0.190855
-0.311233
-0.195246
-0.357871
0.062202
0.257810
0.491430
0.028082
0.022925
0.084154
0.088425
-0.068741
-0.162324
-0.498985
-0.263933
-0.440627
0.131672
-0.091050
-0.657563
-0.107793
0.109609
0.267201
-0.206801
-0.293023
-0.629777
-0.275757
-0.198514
0.240166
-0.155735
-0.097815
-0.324987
0.134759
-0.095304
-0.682025
-0.659680
0.126547
0.552616
0.606238
-0.025024
0.330601
0.790113
-0.273079
-0.295178
-0.302831
0.126218
-0.205281
-0.351905
-0.419341
-0.239371
-0.647190
-0.376575
-0.209912
-0.200988
-0.284769
-0.145607
0.028930
0.304176
0.323568
0.051387
0.490855
0.121539
-0.192972
0.243916
-0.170886
0.275130
0.026900
0.471382
0.192050
0.398684
0.416558
-0.312359
0.001080
-0.661669
-0.630814
0.422700
-0.180202
-0.405879
-0.155152
-0.049864
-0.176782
-0.214378
0.466549
-0.297023
-0.303145
-0.222519
0.238839
-0.354568
-0.307267
-0.271426
0.448761
-0.056734
-0.311424
0.161124
0.231469
0.182280
0.149919
0.018554
-0.575848
-0.197589
-0.616103
0.406665
0.033177
0.568588
0.081166
0.213416
0.331307
0.468283
-0.646157
-0.397126
-0.062010
0.270967
0.146884
-0.271176
0.800896
-0.068488
-0.203610
0.318247
-0.501048
-0.015654
-0.023678
0.245717
0.334682
-0.181835
-0.029047
0.387829
0.728519
-0.539932
-0.674938
-0.184178
0.701072
-0.353116
-0.062803
0.279789
-0.108673
0.357573
0.204466
-0.274983
-0.166984
0.133648
0.244402
-0.497676
0.411824
0.131334
0.367920
-0.305589
-0.574878
0.682522
-0.329808
-0.142188
0.313057
-0.128546
0.113682
0.526022
-0.222305
0.505679
0.515533
0.107899
0.514763
0.022626
0.044209
0.465122
-0.015381
0.124946
0.325148
-0.296410
-0.208544
-0.351048
-0.453123
-0.315814
0.139835
-0.469491
0.610808
-0.408109
-0.027342
0.063753
0.100867
0.513128
-0.049194
-0.390311
0.080136
0.383817
-0.434666
0.126558
0.409041
0.698951
0.427742
-0.032072
-0.066011
0.502110
0.324486
-0.228644
-0.291300
-0.172047
0.191346
-0.104401
0.625840
0.160534
0.154854
0.337059
-0.665116
0.176920
-0.012798
-0.045446
-0.320469
0.026498
-0.222595
0.104211
0.232772
0.076074
-0.072159
0.200744
0.267402
-0.563428
-0.240010
0.160360
-0.398128
-0.238566
0.073787
-0.397452
-0.393833
0.004645
0.007943
-0.439139
-0.228593
-0.689640
0.154779
-0.752924
0.010956
-0.335823
-0.252545
0.147669
-0.744359
-0.584285
0.266394
-0.726083
0.103136
0.046420
0.134408
-0.274663
-0.041115
-0.183033
0.444477
0.577359
-0.325951
0.283898
0.279537
-0.463603
-0.236409
0.404675
0.343520
0.421133
0.409354
0.504708
-0.240742
0.225516
-0.350152
0.313886
-0.444106
0.347759
0.148521
-0.342120
0.359372
-0.130555
-0.209457
-0.279447
-0.626558
0.263991
0.209130
0.220339
0.050389
0.419840
-0.463504
-0.189932
-0.177779
0.593184
0.471801
0.458129
-0.310916
-0.077100
0.154567
0.359346
0.410418
-0.093688
0.074035
0.153812
0.053287
0.270049
-0.275092
-0.166684
-0.388830
-0.387093
-0.470180
0.336906
0.294882
0.044784
-0.167528
-0.013447
-0.377526
-0.748890
-0.360984
0.275085
-0.170113
-0.187725
-0.241472
0.283647
0.020861
0.384642
0.701489
0.240099
-0.280314
-0.498322
0.188817
0.538667
-0.313716
0.426339
0.269970
-0.227127
-0.502038
-0.389738
0.417347
-0.170245
0.109488
-0.042851
-0.198915
-0.431676
-0.321059
-0.274887
0.414190
-0.532151
-0.285408
-0.448937
-0.174616
0.047957
0.238652
0.248085
-0.366125
-0.330051
0.002980
0.592721
-0.382968
0.297455
0.447218
0.041570
0.045711
0.299613
0.143959
0.161719
0.204444
-0.162835
