0.311810
-0.425641
-0.025031
0.398565
-0.113836
-0.318012
0.384107
0.544170
-0.065462
0.261471
-0.100054
0.170425
-0.137192
0.105826
0.520742
0.191909
-0.024476
-0.179443
0.073861
-0.606711
0.532185
-0.209213
-0.502232
0.311779
-0.392791
0.245568
-0.340589
0.218565
-0.404557
0.082285
0.315802
-0.129200
0.298954
-0.207183
-0.173085
0.231138
0.265140
-0.688994
0.092200
0.065259
-0.332396
0.113717
-0.132413
0.179834
0.173188
-0.191644
-0.132425
-0.623606
-0.034370
0.754340
0.614019
-0.222997
0.776531
0.062474
0.004011
0.062448
0.120126
-0.582308
0.141614
0.261451
0.168778
-0.521997
-0.573473
-0.524093
0.318007
0.336423
0.403103
-0.333984
0.481152
-0.033056
0.014188
-0.343338
0.342307
0.237309
0.513252
0.128525
-0.437003
0.101594
-0.277571
-0.654033
0.031277
0.337726
-0.358216
0.423426
-0.196461
-0.150793
0.109219
-0.296900
-0.147076
0.264449
-0.392070
0.347888
-0.581915
-0.155512
0.016124
-0.140485
-0.207496
-0.506087
-0.530259
0.399142
-0.027608
0.346401
0.239873
0.380388
-0.178741
0.517099
-0.368535
0.246336
0.462325
-0.301517
0.358120
0.375856
0.405751
0.180266
-0.029339
-0.114986
-0.315513
-0.319178
0.400030
0.246229
-0.169451
-0.364015
-0.414964
0.291420
0.252899
0.571231
-0.270283
0.174565
-0.302236
0.743538
0.273700
-0.408538
0.394246
0.201726
0.771007
-0.291517
-0.109639
0.312961
-0.658425
0.488844
-0.583015
-0.278257
0.060590
0.233107
-0.560537
0.159925
0.117864
-0.737511
0.217864
0.296843
-0.210003
-0.222164
0.514850
0.060822
0.029299
0.355407
0.008351
0.087752
0.013475
-0.473787
-0.428556
0.007447
0.611634
-0.316074
-0.197141
-0.241105
-0.338543
0.070671
-0.539114
0.572722
0.437600
-0.129204
-0.529230
0.421587
0.214999
-0.632973
0.551365
-0.342283
0.071350
0.094853
-0.206676
0.478830
-0.069701
0.325595
0.349831
0.055665
-0.307059
-0.506840
0.013150
-0.179525
0.272476
-0.649539
-0.232417
-0.153958
0.133677
0.476028
0.095504
0.099677
0.402235
-0.279507
0.478181
-0.622142
0.253147
-0.095076
-0.460245
0.449707
0.521134
-0.364763
-0.293870
0.044202
0.175180
0.418408
0.097464
0.307449
0.359382
0.369960
0.132056
-0.020827
-0.148477
0.097768
-0.217342
-0.582046
0.072350
-0.374431
0.157328
0.104020
-0.339215
0.282161
0.374485
0.137088
-0.401562
-0.180452
-0.205919
0.041465
0.042251
0.212629
-0.126996
-0.190092
0.033024
-0.440769
0.206784
0.083677
-0.416396
0.100587
-0.129339
0.010054
0.449907
-0.244464
0.027096
0.604009
-0.076726
0.531765
-0.614616
0.263733
-0.306105
-0.113505
-0.250407
0.309802
0.332499
-0.549345
0.527525
-0.030203
0.043004
0.455300
-0.352032
0.321967
-0.132112
-0.248500
-0.068741
0.179110
-0.388347
-0.279662
0.010243
0.642217
0.233587
0.579970
0.199446
-0.025108
0.432244
-0.205186
0.220633
-0.075623
-0.354745
0.289479
0.336769
-0.491227
-0.369934
-0.604329
0.453455
0.235600
-0.130282
-0.505602
0.227118
0.367177
0.424996
-0.108414
-0.042757
-0.606331
-0.228820
0.224733
-0.244220
0.062932
-0.274365
0.354510
0.080958
0.058641
-0.239932
-0.068050
0.289420
-0.676867
0.110205
-0.147902
-0.492334
-0.014838
0.191433
-0.489412
0.097102
-0.102867
0.720347
0.370925
-0.040524
0.343159
-0.036456
0.078054
-0.151290
-0.362217
0.219651
0.055509
-0.304069
-0.112274
0.044425
-0.622675
-0.408998
0.090135
0.167420
0.412531
-0.361568
0.061720
-0.069958
0.187667
-0.337034
-0.061193
-0.020630
-0.110598
-0.155350
0.352718
0.427989
-0.301589
-0.517529
-0.237705
-0.269834
-0.185833
-0.033008
0.678476
-0.242483
0.063004
0.403128
0.349397
-0.325866
0.391951
0.160596
0.395844
0.329554
0.442365
-0.701309
-0.125675
0.178635
-0.061497
0.079038
-0.506249
0.327276
0.385502
-0.098206
0.024617
0.549605
0.231600
-0.173197
-0.130780
-0.149190
-0.431190
0.171539
-0.012569
-0.345941
0.263885
-0.194241
-0.721770
-0.079559
0.516312
0.143240
-0.411584
0.052011
0.258415
-0.378999
0.078178
0.332254
0.129232
0.428445
0.365830
-0.087846
-0.643277
-0.157612
0.393978
-0.092424
-0.040886
-0.272890
-0.531669
0.529604
-0.108182
-0.272284
0.466595
0.265742
-0.474020
-0.281210
0.205852
-0.456032
-0.265431
-0.029989
-0.070481
0.332475
0.114953
0.212037
-0.541958
0.128876
0.154823
-0.006584
0.050540
0.027022
-0.252506
0.281607
-0.699934
0.341283
-0.263490
-0.412054
-0.153249
0.030535
0.443684
0.049450
-0.059592
0.126090
-0.134548
0.330242
-0.250658
-0.241091
-0.281061
0.483769
0.422269
0.142806
-0.038222
-0.012761
-0.166861
0.312524
0.106760
0.395666
0.045407
0.267707
-0.079714
-0.145021
0.013965
0.004190
-0.419950
0.569637
0.127890
0.119929
0.044989
-0.505927
-0.520680
0.370581
-0.233858
0.237026
-0.240266
0.168366
-0.241099
-0.696016
-0.012756
0.583175
0.373128
-0.695074
0.177498
0.263235
0.066274
0.475571
0.138485
-0.468760
0.290819
0.086600
0.033626
0.263558
-0.303414
-0.408635
0.036000
0.148066
-0.133284
0.160108
-0.086384
0.748917
-0.490197
0.127461
-0.071322
0.105123
-0.158736
-0.426936
0.227230
0.607195
-0.311113
-0.369807
-0.674125
0.395139
0.120320
-0.390065
-0.344035
0.662395
-0.073124
-0.107704
0.388645
-0.311605
-0.344964
0.062974
-0.257526
0.220948
0.422443
0.395445
-0.029019
-0.359713
-0.166486
-0.459786
0.505122
-0.536931
0.259513
-0.538677
-0.106613
0.126968
-0.143433
0.479535
-0.433368
0.426637
-0.099681
0.183078
-0.161977
-0.080871
0.119613
-0.361257
0.069838
0.201509
0.341263
0.454519
-0.177289
0.056708
0.116265
-0.195685
0.086438
-0.083648
0.439677
0.111175
-0.100775
0.326570
-0.353745
0.413527
-0.234124
0.427761
-0.339382
0.124327
0.069855
-0.344623
0.377395
-0.011001
-0.385122
-0.400173
-0.110743
-0.431723
-0.462365
0.278179
-0.388454
0.155946
0.225470
-0.005678
0.149772
0.009650
-0.400387
-0.358889
-0.301797
0.017893
-0.002672
0.107168
-0.189850
-0.528300
-0.151739
-0.333470
-0.254970
-0.166945
0.456123
-0.199159
0.205982
-0.411034
-0.434805
-0.007916
-0.319044
0.388653
-0.653451
0.358748
-0.297385
-0.196823
0.021147
0.521362
0.237034
-0.175969
0.415215
0.159936
-0.486381
-0.124706
0.287821
-0.724913
-0.284795
0.214927
0.122547
-0.086492
-0.044489
-0.081084
0.229333
-0.035060
-0.540250
0.592397
-0.543648
-0.295376
0.252177
-0.157161
-0.273695
0.099273
0.153727
0.443520
-0.174193
0.422544
0.496963
0.060892
-0.177116
0.107604
0.138147
-0.298395
0.358196
0.030373
0.191273
0.624183
0.083701
-0.476089
-0.082254
-0.676209
0.007321
0.268702
-0.026262
-0.391569
-0.042678
0.075077
0.555198
-0.307883
0.407107
-0.414585
0.317458
-0.102135
-0.815552
-0.439277
0.165021
0.257458
0.447198
0.100714
0.525448
0.110010
0.191934
-0.700303
0.079972
-0.387701
-0.363404
-0.471949
-0.268942
-0.601119
0.258041
-0.131704
-0.153468
-0.172328
0.276990
0.049746
0.141463
0.407949
0.059680
-0.222356
0.173113
-0.438141
0.493080
-0.246483
-0.446232
-0.064839
0.288289
0.173353
0.070528
0.137052
-0.030380
-0.208437
-0.272700
0.260676
0.100468
-0.325439
-0.251098
0.128369
0.324136
0.097626
0.373346
-0.333129
0.047604
-0.314513
-0.445158
0.301844
-0.435282
-0.360961
0.315860
0.145950
0.549040
0.225860
0.109431
-0.551755
-0.334526
0.163548
0.069787
0.410005
0.135747
-0.095601
-0.051397
-0.492108
0.234440
0.101228
-0.251885
-0.081227
-0.101471
-0.118697
0.406178
0.232907
-0.467265
0.178364
-0.102681
-0.185712
0.023739
-0.519939
0.582644
0.632650
-0.559097
0.614863
0.133143
0.386971
-0.567767
-0.249343
0.016701
-0.466580
0.284766
0.335003
-0.005207
0.083818
0.215104
-0.187138
-0.231971
-0.388890
0.214551
0.282880
-0.031581
0.655692
-0.031268
-0.188666
-0.562684
-0.191114
0.155641
0.160368
-0.154814
-0.111979
-0.260141
0.475673
-0.455024
-0.268662
0.333308
-0.132019
-0.002363
-0.327414
-0.290863
-0.029533
0.153010
0.061816
-0.581063
-0.763393
0.138938
-0.471144
-0.444384
-0.435811
0.531807
-0.103031
0.518115
-0.269547
-0.265683
-0.350006
0.493803
-0.044363
0.364747
0.258145
0.303102
0.080039
-0.252712
0.601573
0.312106
-0.122588
-0.133498
-0.506461
-0.324940
0.252220
0.100920
-0.210197
0.126810
-0.031891
0.156071
0.243452
0.161722
0.512058
-0.091554
