-0.119164
-0.076414
-0.122114
-0.121671
-0.272656
-0.345610
0.157476
0.014462
0.488747
0.083756
0.106085
-0.237925
-0.104114
-0.523252
-0.576209
0.204931
-0.393213
-0.284929
0.033883
0.132660
-0.221071
0.106094
-0.228559
-0.351614
-0.059076
-0.364748
0.622283
0.036636
-0.049833
0.226046
-0.172050
0.114383
-0.198296
-0.139428
0.042123
0.413420
0.264852
0.201137
0.305719
0.334049
0.176519
0.104505
-0.206144
0.143298
-0.282492
0.064086
-0.078429
-0.169010
-0.094600
-0.500939
0.427856
-0.189497
0.736374
-0.202805
0.261648
0.375007
-0.384432
0.021758
-0.018046
-0.321109
0.000155
0.066988
0.349529
0.092874
-0.446327
0.406606
-0.016686
-0.297485
0.147005
-0.256381
0.083612
0.194322
-0.014946
0.475549
0.265751
0.098070
0.334192
0.102272
-0.203699
-0.227632
-0.576561
-0.128611
-0.404444
-0.325962
-0.127826
0.280253
-0.524757
0.506849
-0.127233
-0.203167
-0.251773
0.373775
-0.157591
-0.042552
0.056973
-0.087357
0.111294
0.532864
-0.253651
0.381238
-0.060482
0.095743
0.372231
-0.084677
-0.047756
-0.182183
0.570344
0.590806
0.308125
-0.441672
-0.194631
0.199508
0.291900
-0.031162
-0.257365
-0.383730
-0.114091
0.026547
0.248563
-0.326469
0.212343
0.343996
0.102480
-0.617786
0.153206
0.068420
-0.387275
0.042183
0.553008
0.037337
0.337883
-0.393659
0.304020
0.145377
-0.532179
0.561193
0.213950
-0.463983
0.435310
-0.157515
0.197632
-0.328092
-0.193451
0.399668
0.121309
-0.313338
-0.396320
0.141246
0.513187
0.318280
-0.320638
-0.099653
0.298103
-0.050598
0.137154
0.047607
-0.213197
0.124861
0.096450
-0.505365
0.136686
-0.007735
0.727046
-0.306181
-0.363112
0.006668
-0.031752
0.220347
0.645146
-0.080748
0.308859
0.403332
0.019710
-0.073474
0.239448
0.590940
-0.715657
-0.041035
-0.118272
0.074058
-0.466130
0.617893
-0.285062
-0.544523
-0.080229
-0.402650
0.119328
0.119916
0.030927
0.061003
-0.455126
0.434873
-0.197297
-0.151830
0.319266
-0.404074
-0.236014
-0.751800
0.119086
0.606272
-0.170085
-0.042493
0.221573
-0.433305
-0.299612
0.449707
-0.394177
-0.038329
-0.558109
0.324686
0.205415
-0.593274
0.036110
0.450605
-0.618722
-0.162789
-0.047323
-0.173609
0.141601
0.567617
0.046564
-0.290383
0.039885
-0.661528
-0.124012
0.320352
0.553012
-0.399117
-0.330957
-0.336878
0.034988
-0.374425
0.497599
0.376027
0.191046
-0.321948
-0.017018
-0.209895
0.428364
-0.317820
0.391583
0.479109
0.049622
-0.439192
-0.438985
0.095399
-0.129318
0.329512
0.419351
0.583233
0.297799
0.012897
0.534413
0.300505
-0.330113
-0.095450
-0.148483
0.366658
0.264122
0.297720
0.013656
-0.232043
0.408628
-0.428163
-0.249016
0.216932
0.042915
0.294493
-0.109279
0.424591
-0.343983
-0.111000
-0.291554
0.522793
-0.025055
0.154385
0.012130
-0.054700
-0.142094
0.336524
0.019680
-0.311004
0.510790
-0.007036
0.068202
-0.405722
-0.240510
-0.216261
-0.380847
-0.170966
-0.062062
-0.279304
0.315795
0.285457
-0.052146
0.009689
0.443325
0.053900
-0.343204
-0.203222
0.115620
-0.044512
0.191804
0.423154
0.438596
-0.668501
0.095055
0.366184
-0.192575
-0.416494
-0.228683
-0.461026
0.152890
-0.366155
0.384674
0.404327
-0.565659
-0.157105
-0.077784
0.401861
-0.034330
0.109888
-0.017068
0.143523
-0.144674
0.121938
-0.036215
-0.100021
0.218109
0.341461
0.322694
-0.241488
0.188443
-0.248047
-0.220123
0.037460
-0.255644
-0.088644
0.429632
0.503907
-0.102228
0.085251
0.070218
-0.219599
-0.184264
-0.319006
0.233831
0.224856
0.098966
-0.365705
-0.162296
-0.257368
-0.040069
-0.408609
-0.244245
-0.300095
0.271811
0.436662
-0.301492
-0.227638
0.004005
0.050338
0.151799
-0.234754
-0.517816
-0.078705
0.473178
-0.187230
0.159393
-0.198778
-0.134186
-0.547829
-0.357093
0.176602
-0.304713
0.009136
0.327001
-0.321699
-0.031699
0.210132
-0.014776
-0.015149
-0.043079
-0.541202
-0.039311
0.021410
-0.105872
-0.343303
0.231781
0.242703
0.426783
-0.154316
0.331833
-0.267521
-0.149124
-0.365520
0.085972
-0.570016
0.053491
-0.435640
0.091445
0.346650
-0.290201
0.216170
-0.190423
-0.069199
0.190669
-0.118069
0.083948
0.234040
-0.386705
0.477739
-0.016847
-0.379091
0.361180
0.150750
0.181912
0.080837
-0.496517
0.220165
-0.177276
0.281635
0.037239
-0.371236
-0.165195
-0.303265
-0.270628
-0.122732
0.648444
-0.307918
0.280960
0.219173
-0.437955
-0.376020
-0.442949
-0.136680
0.167027
-0.323428
0.052775
-0.565300
-0.381288
0.253998
-0.158742
0.387164
0.090446
-0.070380
-0.086273
-0.204547
0.545728
-0.321589
0.665761
0.517460
0.257748
0.167387
0.229324
-0.189710
-0.689581
0.110761
0.049852
-0.486711
-0.108363
-0.509697
0.256975
-0.084939
0.312126
-0.389502
-0.544628
-0.392548
0.127729
-0.350833
-0.600948
-0.272000
-0.051705
-0.317507
-0.537756
0.339320
0.047187
0.351995
-0.191145
-0.300111
0.081487
0.115945
-0.235651
0.131672
0.662306
-0.188276
-0.189360
-0.333232
0.382678
-0.227484
-0.138585
0.039039
0.035962
0.087347
0.013194
-0.068958
-0.312505
-0.649773
0.133627
-0.268231
-0.025480
0.086222
-0.397316
-0.187569
-0.474811
-0.186947
-0.528041
-0.515238
0.299432
0.465184
-0.199745
0.028016
0.250020
0.177887
-0.368800
0.284304
0.549717
-0.541697
-0.331698
-0.113913
0.553904
0.573722
-0.048260
-0.296725
0.242686
0.097898
-0.304661
0.342058
-0.183913
0.388403
-0.499653
0.272045
-0.485958
-0.175726
-0.589286
-0.076940
0.231536
0.025746
-0.138640
-0.264311
0.028999
-0.258456
0.464041
0.377172
0.333643
-0.669559
0.162707
0.289126
0.063798
-0.486023
-0.280943
0.046003
-0.511916
-0.203677
0.447188
0.051471
-0.276290
-0.394848
0.147180
-0.898297
0.378675
0.258415
-0.010665
-0.291436
-0.465569
-0.090678
-0.590550
-0.190106
-0.327817
0.184429
-0.829265
0.103353
0.298664
-0.075383
0.533334
-0.218981
0.161086
-0.322063
-0.555914
0.088216
0.268846
0.468636
0.346068
0.557876
-0.196041
0.071936
-0.486173
-0.423361
-0.055696
0.390907
0.006937
-0.197490
-0.110778
-0.023327
0.238214
-0.210531
-0.163529
0.013858
0.445521
0.566147
0.214639
0.366230
-0.037876
-0.577230
-0.187302
-0.216190
-0.146563
-0.035907
0.276407
0.175005
-0.194722
-0.033923
0.421816
0.046890
-0.228806
0.042783
-0.107234
0.231455
0.168458
0.349196
0.431146
-0.432667
-0.116154
-0.323876
-0.333772
-0.265307
0.059844
-0.268126
0.325767
0.103414
-0.184212
0.316157
0.126888
-0.345125
-0.049692
0.016099
-0.478114
0.369848
-0.556005
-0.035437
-0.542679
0.083469
0.180982
-0.215264
-0.048609
0.475202
0.426773
0.109287
-0.104720
0.110300
0.531018
0.344940
0.428566
-0.669832
-0.092331
-0.565106
0.173416
0.297016
-0.495874
0.090051
-0.346936
-0.516613
-0.207209
0.324204
0.125746
-0.018177
0.390479
0.244809
0.024926
-0.820461
-0.477531
0.123733
-0.018064
0.273708
0.426711
-0.109033
-0.219255
-0.651340
-0.292430
-0.147556
-0.235665
-0.370455
-0.771818
-0.292533
-0.043994
-0.287323
-0.259707
0.605498
-0.072154
0.414658
-0.269026
0.031093
-0.090816
0.165418
-0.097781
-0.403966
0.027480
-0.014598
0.130899
-0.207014
0.405940
0.340770
-0.180264
-0.456067
-0.276654
0.001057
0.419490
-0.065726
0.382873
-0.452793
-0.254997
-0.618406
0.417713
-0.001713
0.455000
-0.534665
0.131252
-0.137858
0.195301
0.450700
-0.066484
0.266953
-0.036369
-0.068204
-0.712978
-0.080917
0.172237
0.273513
-0.211859
-0.086612
-0.061251
0.236985
0.315015
0.504222
-0.482638
-0.325742
-0.597418
0.269308
-0.593783
-0.663664
0.053469
0.041370
-0.599797
0.476746
-0.192341
0.672712
0.438659
0.327336
0.463329
-0.341528
-0.203416
-0.448208
-0.052244
-0.788380
-0.111760
-0.082012
-0.468172
-0.008794
-0.394164
0.237538
0.529979
0.354703
0.157702
0.478807
-0.225337
0.388128
-0.198040
-0.162940
-0.468872
-0.403640
0.492091
-0.436793
-0.292868
0.123478
0.015988
0.141485
0.542172
-0.460317
-0.091187
-0.297625
0.884957
-0.293465
0.299395
-0.483340
0.055732
-0.292258
-0.162879
-0.058179
-0.369626
0.664497
-0.154539
-0.297172
-0.060211
0.188215
-0.570698
-0.467209
0.015253
0.260974
-0.148971
-0.592284
0.162199
-0.586218
-0.279341
-0.096022
-0.591855
0.380472
0.351533
-0.193346
-0.316293
0.146876
-0.016791
-0.138997
-0.280813
0.132997
-0.077284
-0.440175
