0.012846
0.398763
-0.062133
-0.201439
-0.182299
0.180945
0.166759
-0.016692
-0.065244
0.332738
0.008777
0.416834
-0.424949
-0.187761
-0.564497
-0.015093
0.067545
-0.113349
0.224565
0.582353
0.040163
0.162917
-0.088412
-0.317413
0.109049
-0.169784
-0.195559
0.062180
-0.047819
0.535126
0.545685
-0.105570
-0.496294
0.003625
-0.196438
0.164437
0.257235
0.080901
0.178585
-0.451099
0.304988
-0.161710
-0.255592
-0.208637
-0.615155
-0.450438
0.174605
0.004105
-0.186577
0.112105
-0.292415
-0.030705
-0.242783
-0.528289
0.446172
-0.164200
0.357682
-0.047493
-0.033652
-0.529675
-0.166486
-0.563941
0.172835
0.336095
0.188688
-0.328456
0.343894
-0.207769
-0.207697
-0.533387
0.125293
-0.547031
0.261553
0.405485
0.467795
0.157268
0.226982
0.273402
0.185236
-0.049892
-0.123644
0.331360
-0.393886
0.269899
-0.066477
0.026472
-0.311424
0.236895
-0.189118
-0.131614
-0.132114
-0.432761
0.308199
0.422112
0.126145
0.539176
-0.541141
-0.061051
-0.375070
0.202468
-0.376125
0.198665
0.153196
0.257191
0.047082
-0.211504
-0.093618
-0.473318
0.116296
0.471351
-0.102221
0.521810
-0.362049
-0.485233
0.349723
-0.142350
0.314280
-0.359594
0.209288
0.717625
0.082691
0.233502
-0.130898
0.348660
-0.207116
0.599448
0.335025
0.116664
0.032041
-0.297283
-0.519647
0.512337
0.374411
-0.135266
-0.475141
0.284339
-0.421320
0.301377
0.014869
0.017718
0.187827
-0.285338
-0.399086
-0.652642
0.049435
-0.338500
-0.293287
-0.445516
0.453354
-0.582720
0.266995
-0.212451
-0.029749
-0.064554
0.147177
0.747478
-0.210378
-0.275326
-0.302531
-0.387673
0.331598
-0.091287
0.487088
-0.307910
0.346873
0.103224
-0.353509
0.347566
-0.495824
-0.283465
0.306762
-0.422687
0.127659
0.133707
-0.489774
0.229664
0.502672
-0.171923
-0.063072
-0.087652
-0.130356
0.476459
0.289859
0.090151
0.237511
-0.419183
-0.016741
0.305268
0.036243
-0.281139
0.467067
0.150839
-0.200514
0.404906
0.323842
-0.002525
0.559589
-0.512424
-0.480726
-0.472341
0.323193
0.074593
-0.373930
0.421481
-0.330417
0.323314
-0.194400
0.223056
-0.266695
-0.035643
0.123859
0.467723
0.098297
-0.048325
0.100350
-0.160326
0.059211
-0.202520
0.309102
-0.197683
-0.177079
-0.046474
-0.451674
-0.671515
-0.176159
0.364981
-0.306783
-0.400730
-0.386393
0.074358
0.133917
-0.044883
-0.387712
0.301477
-0.233044
-0.022811
-0.392929
-0.174191
-0.611789
0.757426
-0.374928
-0.028216
0.116851
0.050310
-0.573368
-0.269652
-0.120146
-0.289024
0.016230
0.581307
0.539814
0.727233
0.481465
0.162999
-0.245999
-0.592761
-0.236168
-0.167973
0.199945
0.146345
0.009352
-0.648199
0.540621
-0.466751
0.047039
-0.137753
-0.407523
0.412150
-0.273009
0.331928
-0.342171
-0.444368
0.419768
-0.029689
0.505858
-0.012685
-0.658432
-0.088971
0.461512
-0.101784
0.348522
0.363503
0.104715
0.065871
0.012481
0.494785
0.500528
0.546279
-0.451016
0.034536
0.103177
-0.502520
0.133240
-0.514175
0.206753
0.166185
0.152337
-0.054343
0.612997
-0.141085
0.041601
-0.195083
-0.230696
-0.026543
0.015120
-0.528354
-0.370843
-0.040106
0.441929
-0.131111
-0.075841
-0.124698
0.094554
-0.337295
0.236577
0.054675
-0.341200
0.462036
0.455102
-0.275701
0.217819
0.014609
0.473720
-0.237737
-0.028244
-0.591599
0.404910
-0.124996
-0.522073
0.422078
0.270788
-0.330020
0.382916
0.457712
-0.138165
0.378910
0.494966
0.191185
-0.416272
-0.085918
0.135629
-0.504967
0.401645
0.027279
-0.012540
0.365693
-0.404645
-0.159773
-0.645003
-0.153068
-0.379681
0.732016
0.546307
0.632724
-0.216416
-0.190333
-0.134296
0.371434
-0.168002
0.470610
-0.375783
-0.338800
-0.076590
0.028538
-0.018068
-0.421922
-0.440031
-0.573162
0.375811
-0.674609
0.090295
0.096970
-0.127007
-0.120928
-0.036610
-0.261824
-0.648335
0.241741
-0.020859
-0.693678
-0.241540
-0.718224
0.031201
-0.290587
-0.440498
-0.013422
-0.143259
-0.226338
0.196034
-0.255392
0.054026
-0.091474
0.467792
0.342610
0.182745
-0.365558
-0.414097
-0.039070
-0.256626
-0.067053
0.190698
-0.438989
-0.425515
0.023683
-0.064603
0.155709
-0.258689
-0.175953
-0.209822
-0.266696
0.191505
-0.392114
-0.323913
0.612188
-0.224603
0.465145
0.007529
-0.105517
-0.540567
-0.264423
0.452187
0.209600
-0.171735
0.161032
-0.265440
0.089463
0.117354
-0.419674
-0.223482
-0.111151
0.086070
0.203616
-0.047697
0.124435
-0.074647
-0.015441
0.079034
0.347268
0.044418
-0.174324
-0.290911
0.269231
0.148049
-0.244659
0.249357
-0.159672
-0.429547
-0.141547
-0.063105
-0.044417
0.185608
-0.085029
0.480934
-0.458143
-0.262778
-0.297008
0.162035
0.225919
-0.705864
-0.559194
-0.514650
0.349095
-0.490774
0.274338
-0.106184
-0.374757
-0.140028
-0.266039
-0.066202
-0.458397
-0.075642
-0.381695
-0.593295
0.227996
-0.025689
-0.023466
-0.321657
0.363336
0.518327
-0.373670
-0.073216
0.257367
-0.333041
0.197652
-0.264350
-0.575303
-0.171870
-0.239097
-0.425115
-0.154612
-0.452429
-0.304335
0.579402
0.016738
-0.134853
0.126511
0.567887
-0.160435
0.055155
-0.302064
-0.516346
0.500888
-0.012588
0.043718
-0.255321
0.251709
0.378647
-0.200528
-0.328114
0.422444
0.730362
0.201762
0.031893
0.016236
0.013659
0.145939
-0.013318
0.383715
0.380253
0.138590
-0.348975
0.038562
-0.121764
0.165639
-0.576525
-0.390892
0.456787
0.035504
-0.087130
-0.310010
0.220137
0.400634
0.299264
-0.153943
0.062256
-0.052281
0.287773
0.045754
-0.082860
-0.401863
-0.062067
0.373652
0.492877
0.110176
0.263993
-0.022513
-0.358513
0.500224
-0.437140
0.582887
0.097978
0.120062
-0.577890
-0.293415
0.516345
0.089045
-0.484831
0.560098
-0.232387
-0.353668
-0.351860
0.196948
-0.335888
-0.470621
0.337695
-0.276809
-0.247593
-0.181096
-0.300502
-0.179930
-0.089275
0.069735
-0.559189
0.103422
-0.644881
0.457282
-0.520746
0.121078
0.408649
0.251602
-0.208595
-0.054599
0.062784
0.241469
-0.077745
0.332958
-0.600799
-0.401786
-0.164935
-0.161248
0.512550
0.001594
-0.289556
-0.126739
-0.365055
-0.074462
0.227059
-0.084165
0.127874
0.425731
-0.379508
-0.236853
0.266885
0.294397
0.437053
-0.239450
-0.001430
0.170990
0.202676
0.306765
-0.375828
0.104456
-0.244014
-0.119739
-0.387208
-0.033947
-0.129880
0.271647
0.341557
0.433647
-0.325707
-0.429347
0.193293
0.012883
0.551311
0.251044
0.086353
-0.181066
-0.268364
0.074827
0.136387
-0.166738
-0.299198
-0.345125
0.233745
0.209834
0.849402
-0.439296
0.080437
-0.558008
0.644382
-0.062926
0.043096
0.663251
-0.024112
0.101401
0.352224
0.026048
0.519508
-0.001506
-0.314164
0.035021
-0.032200
-0.235235
0.027729
0.422207
-0.312901
-0.366904
-0.413549
-0.293180
0.301371
0.309162
0.402638
0.330135
0.174814
0.212475
0.408170
-0.639997
-0.286830
-0.476386
0.309393
-0.006982
0.140009
0.084041
0.328513
0.517183
-0.090868
-0.369828
0.218104
0.401061
-0.273876
-0.067751
-0.034368
0.226438
-0.170558
0.710434
0.042292
0.231121
0.202367
0.267736
-0.069966
0.084036
-0.238948
0.398652
0.175070
0.289306
-0.372024
-0.044976
-0.198266
0.300431
-0.197020
0.093220
-0.567762
0.035146
0.479068
-0.146957
0.002947
-0.354480
-0.219972
0.518203
0.131790
0.344862
0.108158
0.447147
-0.045031
-0.674801
0.068091
-0.127959
0.226159
0.285826
-0.674359
-0.361569
0.200219
0.353379
-0.343866
-0.435057
-0.264035
-0.001074
0.212399
0.295477
-0.275123
-0.246330
-0.474744
0.467824
0.310490
-0.349105
0.045723
-0.294484
-0.608647
0.524772
-0.122030
-0.492447
0.121788
0.011459
-0.368300
-0.259774
0.190863
-0.281232
-0.221022
0.333689
-0.552013
-0.107903
0.255484
0.097466
-0.499971
-0.437857
-0.461550
0.102528
-0.128857
-0.432980
0.028262
0.387698
-0.436430
-0.113500
0.226052
0.151561
0.229520
0.537196
0.298593
-0.108880
0.226757
0.610152
0.544304
0.389824
-0.286307
-0.095982
0.325430
0.192107
0.021473
0.199761
0.399212
-0.601006
0.166989
0.291323
0.289800
0.365671
-0.105235
0.473786
-0.593259
-0.348340
0.529860
-0.310597
-0.256078
-0.376753
-0.781788
0.244877
-0.449142
-0.070832
0.063519
-0.511420
0.062658
-0.030389
-0.433062
0.095264
-0.254372
0.167039
-0.099619
-0.817823
-0.278363
-0.583550
-0.084421
0.292512
0.051274
0.061825
0.035196
0.485236
