-0.205924
-0.077206
-0.010135
0.511410
0.454187
-0.447134
-0.152157
-0.184348
-0.299080
0.395729
-0.297474
-0.188583
-0.003540
-0.241709
-0.035220
-0.223915
-0.120309
-0.327345
0.483238
-0.047519
0.629157
-0.000685
0.036970
0.311779
-0.353384
0.297373
0.113598
0.248827
-0.121255
0.605590
0.255828
-0.276083
0.383813
-0.254185
-0.337756
-0.004253
-0.271791
0.424984
-0.361880
0.402453
-0.236171
-0.364387
-0.570254
-0.195627
-0.387450
-0.392640
-0.186276
0.101094
-0.030463
-0.125940
0.098813
-0.057375
-0.143810
-0.415072
0.189288
-0.365777
-0.286653
-0.233038
0.428192
-0.604408
-0.004016
0.404630
-0.249957
0.573471
0.327998
0.477906
-0.500883
-0.082472
-0.327264
-0.230886
0.099198
0.460348
0.011960
-0.009136
-0.088226
0.212006
-0.111991
0.102272
0.001486
-0.471695
0.045762
-0.381626
-0.552049
-0.273820
-0.028542
-0.237748
0.042206
0.768937
0.396679
-0.025526
-0.096483
0.136912
0.015452
-0.370806
0.056973
-0.516704
0.070207
0.537090
-0.144031
0.598208
-0.072072
-0.207779
-0.161810
-0.327442
0.296103
-0.090914
-0.094596
0.035030
-0.457932
-0.103747
-0.019276
0.260810
-0.595790
-0.097949
-0.063944
0.047828
0.158535
-0.231700
-0.203901
0.354736
-0.269569
0.062756
0.289822
0.094254
-0.326373
-0.174983
0.217146
-0.539515
-0.106522
-0.318961
0.315116
-0.642850
0.604731
0.249762
0.872782
-0.307074
-0.000992
0.223585
0.327551
-0.322969
-0.438618
-0.219363
-0.243814
0.323859
0.323782
0.228432
-0.505179
-0.299285
0.217864
0.130081
-0.148061
-0.374773
-0.109130
0.071298
0.165653
0.347625
-0.483476
-0.304918
0.143710
-0.453478
0.075916
0.730045
0.391003
-0.203997
0.282736
-0.292967
-0.341256
-0.577011
-0.255907
-0.230193
-0.060041
-0.091012
-0.173254
-0.238226
-0.460802
0.057197
0.554960
0.091752
-0.255467
-0.035242
-0.126694
-0.137653
-0.238541
-0.456056
-0.210748
0.062378
-0.268671
-0.543221
0.155199
-0.247544
0.594292
0.469754
-0.400452
-0.186757
0.381792
-0.172416
0.207869
-0.467687
0.078726
-0.176710
-0.089049
-0.481159
0.304066
0.021593
-0.312714
0.155399
-0.273282
0.142015
0.353148
0.238166
0.211945
0.305797
0.128975
-0.401287
0.505730
0.180480
-0.481103
-0.316571
-0.001587
0.538654
0.686309
0.173525
0.152567
-0.163116
0.428807
0.285613
-0.397850
-0.441998
0.375709
-0.592720
-0.009911
0.223103
0.615649
-0.233958
-0.432214
0.169687
0.332674
-0.257606
0.376120
-0.460017
0.374901
0.113020
-0.535218
-0.050809
-0.583592
-0.394134
-0.172507
-0.106626
0.586673
-0.531164
0.041322
-0.012203
0.122443
-0.080604
0.198197
-0.301627
0.035700
0.202718
-0.123279
-0.246324
0.194705
-0.320285
-0.292023
0.678667
0.689035
0.141407
0.126848
-0.055589
-0.064257
-0.197030
0.338483
-0.184492
0.341185
-0.212850
0.357578
-0.122058
0.195347
0.433033
-0.223360
-0.024498
0.008258
-0.417949
-0.054732
0.036246
-0.160556
-0.403998
-0.620305
0.132973
-0.435024
-0.533949
-0.445551
-0.452471
0.135203
0.330870
-0.030477
-0.120436
0.005764
0.158392
-0.166624
-0.296935
0.282921
-0.533344
-0.470596
0.657577
-0.297944
-0.262191
-0.123388
0.139010
0.158030
-0.257538
-0.090539
0.411894
0.087655
0.164014
0.384674
-0.191295
-0.644533
0.078923
0.490141
0.459862
-0.440372
-0.024756
-0.207682
0.017017
-0.520446
0.450868
-0.543437
-0.267769
-0.318812
-0.321891
-0.096085
-0.285580
-0.098479
0.116451
0.037508
0.507897
-0.534404
-0.109205
0.217204
-0.072025
-0.760083
-0.171335
0.203348
0.056917
0.488403
0.352718
0.016576
-0.104901
-0.520586
-0.489768
0.281831
-0.253694
0.481020
0.146467
-0.500283
0.168523
-0.497765
0.229168
0.285599
0.306596
-0.019397
0.533203
-0.479004
0.242184
0.133737
-0.299482
0.565027
0.135121
0.037848
-0.469152
0.376548
0.343879
0.150075
0.340162
0.354848
0.036436
-0.447584
0.224941
-0.069021
0.446388
0.089077
-0.691639
-0.289564
-0.154247
-0.214552
-0.158498
0.278628
-0.240132
0.157269
-0.061604
0.331624
-0.068782
0.271287
-0.255474
0.411407
0.016640
0.036766
0.012271
-0.204122
0.056179
-0.453665
0.128068
0.176282
0.522506
-0.239896
0.066397
0.332137
-0.106699
0.231277
0.288480
-0.419524
0.092317
-0.254646
0.560883
-0.089140
-0.145830
-0.163727
0.553183
0.446037
0.134317
0.073832
0.414566
0.349272
-0.216582
-0.105939
0.013250
0.509644
0.015413
-0.523080
-0.082502
-0.044725
-0.029530
-0.186267
-0.482472
0.072707
-0.016893
-0.106962
0.061402
0.019997
0.331417
0.204932
0.199474
-0.398226
-0.284694
-0.140118
0.409817
-0.254913
-0.023831
-0.515030
0.093720
0.078266
-0.378912
0.125840
-0.197659
0.014903
-0.099571
0.029178
0.144459
-0.653149
0.073145
0.569637
-0.087870
-0.592093
-0.194137
-0.086421
-0.345452
0.178428
0.009157
-0.139445
-0.463348
-0.175730
-0.173120
0.517198
-0.098199
-0.050177
0.039522
-0.695074
0.083533
-0.097593
0.135077
0.745707
0.169532
-0.220820
0.153509
0.256921
-0.018375
0.131494
-0.295925
0.255567
-0.538407
-0.516309
-0.353107
0.678241
0.508609
0.159619
0.201946
-0.097815
0.385365
0.079711
0.128127
0.104649
0.382029
0.209029
-0.340084
-0.233431
-0.228030
-0.195577
-0.222516
-0.338689
0.519868
-0.496131
0.223658
0.020602
0.223295
0.650084
-0.042087
-0.587189
-0.220249
0.277989
0.459117
0.414562
0.369646
-0.269565
0.383251
0.065750
-0.417929
0.213047
0.430885
0.234063
0.143053
-0.167559
0.183959
-0.393573
0.474693
0.260089
-0.434795
0.444934
0.353210
0.137528
0.075395
-0.254331
-0.601475
-0.490352
0.295385
0.550899
0.168313
0.510262
-0.094461
-0.406967
0.632317
-0.178782
-0.329061
0.643216
-0.584324
0.403262
0.329491
0.305479
-0.191775
0.430861
-0.227593
0.433431
0.617656
-0.169648
-0.264727
0.391211
-0.117010
0.125055
-0.306118
0.126384
0.189860
-0.134037
0.179896
-0.370378
0.153335
-0.058381
-0.380951
0.028172
0.153017
0.142744
0.413961
0.497278
-0.274827
0.107993
0.478700
-0.262994
-0.381865
0.148075
-0.226479
0.471304
-0.140207
-0.159183
0.154835
0.084886
0.247485
0.270570
-0.858523
0.294306
-0.352774
-0.208108
-0.240337
0.461480
0.050932
0.503861
0.413894
-0.175969
0.496597
-0.643837
-0.142340
-0.234107
0.145705
-0.470720
0.002755
-0.022836
0.310842
-0.079057
-0.193434
0.401720
-0.021960
0.006407
0.044036
0.446652
-0.125268
0.308668
-0.010972
-0.636983
-0.061898
-0.332747
0.499247
0.379392
-0.186971
-0.464804
0.174570
-0.002273
0.353797
0.121315
0.009665
0.011156
0.367777
0.030373
0.010962
0.154008
0.500976
0.158211
0.536730
0.085753
-0.020275
0.193006
-0.148713
0.075359
-0.599381
0.306555
0.032313
-0.038752
-0.169309
-0.225814
0.273347
-0.583926
0.021826
-0.235582
0.548263
-0.504407
0.270261
0.167704
-0.201681
0.074873
0.038033
-0.493217
0.060351
-0.238937
-0.548906
-0.303139
-0.489598
-0.175020
-0.478012
0.141604
-0.194391
-0.107465
0.061174
-0.019074
-0.157199
-0.358062
-0.633290
-0.642842
0.128041
-0.390157
-0.226729
0.241100
-0.292077
-0.355318
0.183044
-0.033307
-0.219696
-0.286372
0.265214
-0.242326
-0.160622
-0.242913
-0.188253
-0.180861
-0.556922
-0.208681
-0.512699
0.242599
0.542432
0.457727
-0.194709
0.068798
-0.450468
0.094528
0.455095
0.629156
0.284488
0.410179
-0.229049
0.475705
-0.461716
-0.527375
-0.080061
0.087791
0.619972
0.136435
0.290341
0.339279
0.274859
-0.012605
0.175467
0.266561
0.025125
0.408117
0.074532
-0.412177
0.037735
0.454022
0.412535
0.302990
0.078740
-0.023609
0.067032
-0.535601
0.048859
-0.374086
-0.263544
-0.015842
0.148871
-0.063697
-0.252313
-0.038090
0.182397
-0.410243
0.284766
-0.227133
0.403777
-0.508205
-0.082008
-0.160237
-0.205478
-0.286082
-0.261428
-0.465503
-0.296125
-0.304604
0.146151
0.082725
-0.527783
0.342662
-0.010500
-0.376204
0.518912
-0.248604
-0.274044
0.698044
-0.276576
-0.086341
-0.336067
0.000508
-0.054083
-0.483507
-0.715869
-0.155523
-0.172613
-0.260301
0.399892
0.404938
-0.716605
0.058601
-0.371500
-0.097077
-0.195450
-0.028295
0.106800
-0.042386
0.456513
-0.221570
-0.154870
0.105426
-0.201281
0.243928
0.121229
0.006189
-0.446587
0.653900
0.425072
0.557033
0.133516
-0.257688
-0.085590
-0.553464
0.051906
-0.263751
-0.395679
0.289548
0.254721
0.607218
-0.017163
0.246165
0.526569
