0.435152
-0.466951
-0.049595
-0.026678
-0.307959
-0.057851
0.041578
-0.109366
-0.044860
0.150729
-0.302141
-0.268541
-0.124524
-0.207834
-0.477959
0.211654
-0.241788
0.127298
0.056333
0.152648
0.114365
-0.229461
-0.464916
0.679561
-0.193738
0.358644
-0.071529
-0.359211
0.081459
0.019357
0.284826
-0.133672
-0.577031
-0.069664
0.073171
0.191485
-0.415264
0.148333
0.050313
-0.290056
0.060799
-0.429938
0.532278
-0.007869
-0.504223
0.019018
0.120770
-0.415782
0.345355
0.497471
0.060790
0.132144
-0.065070
-0.360314
-0.276286
0.139094
-0.407935
-0.001249
0.113413
0.593503
0.044949
-0.456240
0.433786
0.125247
0.513155
-0.234628
-0.133540
0.135682
0.186891
-0.216507
0.619711
-0.485051
0.068992
0.222716
0.283340
0.122187
0.026388
-0.266020
0.119232
-0.477217
-0.118007
0.175430
-0.297034
-0.354052
0.134965
0.160759
0.333189
0.714071
-0.171129
-0.216364
-0.264308
-0.244334
-0.659418
-0.203553
0.126738
-0.234848
-0.538501
-0.347571
-0.243939
0.367349
-0.025916
0.129033
0.393273
-0.478132
0.302197
-0.611960
-0.312206
0.378853
0.413397
-0.421607
-0.267401
0.272750
-0.531391
0.362076
-0.024078
-0.177670
0.035389
-0.414848
0.062825
-0.039018
-0.406718
0.540890
0.063499
-0.521317
-0.170520
-0.194515
0.228564
0.018193
0.037386
0.450111
-0.127677
0.056033
0.471417
0.163226
-0.254252
0.570601
-0.127692
-0.683230
-0.288301
-0.152525
-0.024652
-0.315127
-0.159527
0.327179
-0.272577
0.169703
-0.388506
-0.196306
0.146611
-0.887000
0.205990
-0.213924
0.070484
-0.328843
0.428796
-0.178918
-0.331478
0.070560
-0.031254
-0.145198
0.034303
-0.044820
0.705934
0.261402
-0.411834
0.204090
-0.460284
0.749019
-0.203137
-0.628775
0.201594
-0.158816
0.211754
0.738597
0.391455
-0.479121
-0.197561
0.378537
-0.123447
0.303175
-0.152571
-0.137653
0.144812
-0.043184
0.425033
0.051153
0.568818
0.136454
-0.154886
-0.552484
0.558709
-0.657901
-0.185036
-0.164624
0.274327
-0.502336
0.259447
-0.505679
-0.260544
0.686709
0.239876
-0.115346
0.827430
0.282541
-0.351250
0.322664
0.156810
-0.245752
0.079541
-0.070328
-0.442532
0.337477
-0.127349
0.016010
0.550437
0.170269
0.205252
0.321840
-0.127971
-0.089282
-0.366796
0.488311
0.482029
-0.117623
0.205312
0.319198
0.593224
-0.098651
0.297704
-0.272485
-0.036152
0.074862
-0.196035
-0.166007
-0.090821
0.231709
-0.137218
-0.228040
-0.020974
-0.350820
0.541857
-0.065684
0.174587
-0.316920
0.120709
0.503133
0.001827
-0.057959
0.311165
0.429382
0.317713
0.645604
0.209862
0.045091
0.539809
-0.074370
-0.135333
-0.080852
0.520946
0.405295
0.245562
-0.150591
0.031425
0.060379
0.446298
-0.044851
-0.167587
-0.206697
0.126097
0.370114
0.338483
-0.243274
0.391415
-0.068514
0.383286
0.192919
0.195347
0.429651
0.041077
-0.209284
0.131563
0.320354
0.020765
0.200067
0.202179
-0.262060
-0.213484
-0.164488
0.437950
-0.364732
-0.002415
-0.528542
0.381266
0.073201
0.531620
0.014559
0.514624
-0.005813
0.333446
-0.167146
-0.244220
-0.011734
0.537460
0.358288
-0.005054
-0.328413
0.245742
0.002834
-0.564713
-0.761107
0.073255
-0.054363
-0.337893
-0.000282
0.337227
-0.533895
-0.341200
-0.264723
-0.034602
-0.054998
-0.378155
-0.040549
0.481311
-0.013430
0.456183
0.028306
0.318802
-0.345954
-0.195747
-0.415169
0.333838
0.173525
-0.541030
-0.169023
-0.184078
0.308730
-0.411412
-0.556909
-0.036788
-0.116737
-0.440940
-0.307711
-0.156379
0.069111
0.303386
-0.361916
-0.285973
0.406166
-0.432854
0.160692
-0.138136
-0.112634
-0.046687
0.307091
-0.541793
0.074810
-0.416120
0.285605
0.436690
0.000982
-0.470651
0.027822
-0.339825
0.222210
0.458166
0.263935
0.056093
0.429958
0.079038
0.021520
-0.028097
0.488720
-0.393608
0.188876
0.050606
-0.274941
-0.098855
0.026763
-0.502307
0.030921
-0.110542
-0.308641
-0.222522
-0.124657
0.064659
-0.532140
0.336288
-0.070435
-0.013370
-0.110202
0.137636
-0.451043
0.271287
-0.690051
-0.150544
-0.273898
0.092939
0.169782
-0.571930
-0.023550
0.134362
-0.593233
0.319886
0.621912
0.406637
-0.178060
-0.094599
-0.429260
0.119824
0.396701
-0.161569
0.031239
0.591472
0.393387
-0.482955
-0.009048
0.162209
0.572575
0.388498
-0.192095
0.019291
-0.517003
0.390191
0.332298
0.208064
-0.375057
-0.479876
-0.405224
0.399962
-0.194726
0.216463
0.003990
-0.176257
-0.569197
0.328216
0.127733
-0.128360
-0.365513
-0.346535
0.281352
0.358702
0.031099
-0.102466
-0.346590
0.084991
-0.130027
-0.039339
-0.338120
-0.067272
0.486475
0.406455
-0.178573
-0.485067
-0.760020
0.330867
-0.754833
-0.293684
0.167235
0.862148
-0.126495
0.236841
-0.250885
0.402787
0.215846
-0.376121
-0.296182
-0.264006
-0.503518
0.507290
-0.348518
0.018306
-0.463364
-0.025316
0.046202
-0.012339
0.040229
0.379622
0.121644
-0.040665
-0.267651
-0.302753
0.284580
-0.279580
-0.027672
0.315325
-0.120750
0.512352
-0.026119
-0.019282
-0.166558
-0.222878
0.271850
-0.216329
-0.080877
0.152403
0.188199
-0.516965
-0.116146
0.253948
-0.370842
0.583976
0.169411
-0.395644
-0.357214
0.548457
-0.257722
-0.727023
0.024330
-0.183536
0.021774
0.459145
0.055171
-0.609490
0.088508
-0.512476
-0.042135
0.242230
0.463297
0.125482
-0.107341
0.044696
-0.006099
0.688189
-0.180514
-0.131029
-0.408633
-0.022901
0.211406
0.516117
-0.261577
0.157190
0.303458
0.072525
-0.603650
0.366329
0.186970
0.229351
0.038323
0.369077
-0.299950
0.022956
0.424220
0.524596
-0.295538
0.237194
-0.050854
-0.130324
0.063911
0.036584
-0.398073
0.511450
0.367290
0.684886
0.215580
0.414825
0.091096
-0.151259
-0.096047
-0.228358
-0.760840
0.256611
-0.027873
-0.153730
0.619414
0.080868
-0.496447
-0.433076
0.007533
0.034288
-0.396533
-0.380898
0.449224
-0.419243
0.033431
-0.258186
-0.199807
-0.122423
-0.529702
0.152119
-0.528044
-0.020554
-0.194037
-0.421281
-0.612629
-0.462772
0.288014
-0.282297
-0.311774
0.238201
0.374256
0.301665
0.240394
0.561959
0.214716
0.409380
-0.242425
0.402372
-0.098052
-0.283485
-0.208822
0.293994
0.440663
-0.481071
0.577278
0.421751
-0.298773
-0.569175
-0.084273
-0.135890
0.225634
-0.640726
-0.009197
0.308182
0.579141
0.476104
-0.167935
-0.623670
-0.122241
0.083328
0.338283
0.456370
-0.187161
0.034809
0.043791
0.136371
0.151880
0.601020
-0.498153
0.344461
-0.445754
-0.357978
0.213112
-0.341438
-0.805882
-0.470915
-0.362686
0.460161
0.088873
-0.372244
-0.140886
-0.480202
-0.279790
0.214066
-0.378794
0.527111
-0.214182
0.086133
0.569362
0.217622
0.113237
0.727581
-0.083975
-0.283678
-0.534457
0.038431
0.022435
0.107036
-0.127684
-0.058240
-0.109308
-0.415525
0.012944
-0.165765
-0.244947
0.240117
0.129300
-0.472570
0.040751
-0.087189
0.037623
-0.597662
-0.043699
0.087884
0.033554
0.053881
-0.065508
-0.005311
-0.195687
-0.036563
0.260959
-0.247630
-0.009701
-0.762970
0.274855
-0.009168
-0.376274
-0.409907
0.070941
0.501259
0.206959
-0.449759
-0.069224
-0.132109
-0.633002
-0.410839
-0.071833
-0.011021
0.411405
-0.152412
-0.001391
-0.291821
0.131121
0.417732
0.255420
0.574622
0.085978
0.474785
-0.422079
-0.275579
-0.309577
-0.060630
-0.165620
0.335947
0.641362
0.455000
-0.753380
0.276809
-0.254663
0.138738
0.272779
0.136435
0.180246
-0.026225
0.180299
0.406587
0.362113
-0.171697
-0.360256
-0.211547
-0.197033
-0.361863
0.036138
-0.320129
-0.958127
-0.201979
0.575117
-0.567338
0.073822
-0.574542
-0.390913
0.100195
-0.002954
-0.617600
0.549210
0.037155
0.552265
0.340253
-0.184946
-0.525198
-0.495032
-0.503382
0.294864
0.528258
0.534368
-0.496284
0.290665
-0.558523
-0.192098
-0.326064
-0.334332
-0.262732
-0.050652
-0.097041
0.433767
0.170113
-0.355259
0.484694
0.402395
-0.122539
0.221517
-0.497155
-0.373940
-0.230497
0.351106
-0.112619
-0.098512
0.540066
0.318138
-0.071541
0.300286
0.405108
-0.354994
0.411072
0.196908
0.047269
-0.462210
-0.423311
-0.296017
0.179671
0.028972
-0.130252
-0.025587
-0.443635
0.230066
0.261864
0.161909
-0.489540
-0.400089
0.005811
-0.434646
0.209137
0.206366
-0.185944
-0.508651
0.245062
-0.051238
-0.534170
-0.594366
0.642568
-0.354462
0.081695
0.190082
0.173721
-0.288890
-0.090402
0.560391
