-0.138242
-0.189325
-0.042632
-0.010521
0.138915
-0.712618
-0.032412
0.643443
-0.189699
0.493749
-0.216343
0.159491
0.080680
-0.633026
0.208623
0.191909
-0.016315
-0.553236
0.186282
0.285835
0.596555
-0.217202
-0.604095
-0.176545
0.059712
0.096161
-0.448387
-0.196948
-0.454664
0.017983
0.336107
-0.234509
-0.323079
-0.277291
-0.482316
-0.142676
-0.207558
-0.280751
-0.166769
0.248380
0.327727
0.152215
0.253267
0.402139
0.295858
-0.159600
-0.172439
0.245749
-0.030463
-0.471909
-0.193094
-0.133524
0.194920
-0.321582
-0.019565
-0.639356
-0.183984
0.248465
0.679314
0.225193
0.003941
-0.474214
-0.601423
0.332721
-0.310487
-0.363057
0.176109
0.359113
-0.350649
-0.080474
-0.433035
-0.522548
-0.416276
-0.253253
0.368474
0.205996
0.000782
0.199164
-0.060795
-0.389707
0.736110
0.093479
-0.501448
-0.055960
0.490645
0.248270
-0.079780
-0.114568
0.258728
0.068046
-0.143289
0.242331
-0.061145
-0.505149
0.056973
0.349207
0.329327
-0.362528
-0.271337
0.334973
-0.112591
-0.473975
-0.017211
-0.303072
0.373305
0.232795
0.230656
0.070065
0.119840
0.197171
-0.019276
0.352551
-0.305802
0.370804
0.005935
-0.379556
-0.029541
-0.203050
-0.102517
0.406142
-0.444750
0.274225
-0.383126
-0.505531
-0.496705
0.216371
0.205527
0.158915
0.243567
0.459046
0.275782
0.581547
0.271976
0.458754
0.780294
-0.579454
-0.470816
-0.608905
-0.059245
0.337555
-0.506282
-0.124866
0.109779
0.042172
0.280577
0.209932
-0.454779
-0.128018
-0.168306
0.380890
0.073707
-0.126745
0.374428
0.266893
0.399069
0.515459
-0.566571
-0.304918
-0.191983
-0.169643
-0.440162
-0.007735
-0.059551
0.420379
0.453896
0.453894
-0.559481
-0.547590
0.168892
0.406133
-0.064426
-0.171453
-0.217728
-0.067923
0.276230
-0.110022
0.065779
-0.340056
0.037462
0.396308
-0.206676
-0.457137
-0.230113
0.176153
0.290107
-0.262290
-0.538713
0.325581
0.217056
0.284896
0.205854
-0.827047
0.298960
-0.190850
0.037274
-0.308829
0.038404
0.176169
-0.228563
-0.361792
0.092895
0.491074
-0.126642
0.335715
-0.362410
-0.179528
-0.160226
-0.147059
-0.187345
-0.262042
0.404304
-0.240099
0.479722
0.126111
-0.191508
0.131978
0.321457
-0.166209
0.133295
0.556616
-0.090991
0.234186
0.123856
0.212232
0.462933
0.163451
0.149746
-0.358405
0.718215
-0.454596
0.036887
-0.179693
0.439536
0.349977
0.159993
-0.475788
0.083424
-0.288983
-0.606500
-0.471980
-0.308908
0.113020
-0.535218
0.018595
0.851153
-0.535212
-0.306503
-0.417080
0.294442
0.043023
0.105089
0.251740
0.025600
0.190412
0.383393
-0.205657
-0.059956
0.518268
0.241937
-0.546885
-0.015257
0.518965
-0.305885
-0.435941
0.116770
-0.071349
0.077425
0.157235
0.098053
-0.314186
0.429738
0.153201
0.007103
-0.368120
0.471814
0.324524
0.303714
0.249137
-0.198571
-0.070886
0.317408
-0.485183
-0.338835
0.341572
-0.223542
0.452364
-0.216258
0.102699
0.423713
-0.223950
-0.128083
-0.542803
0.227118
0.259722
-0.259890
-0.118400
0.104528
-0.634962
0.558882
0.380700
0.477691
-0.437052
0.477094
-0.067431
0.524730
-0.246935
0.091860
0.469858
0.065978
0.546401
0.534486
-0.355840
-0.578731
-0.023521
-0.574052
0.278364
-0.451834
-0.239745
-0.229968
0.489420
0.001939
0.011483
-0.076297
0.618053
-0.721608
-0.266274
0.309086
0.359371
-0.529650
0.216037
0.050969
0.279514
0.126478
-0.194499
-0.016210
-0.311222
-0.408734
0.273872
0.256387
0.188655
-0.471008
-0.463334
-0.103650
0.355408
0.332588
0.450322
-0.098657
-0.210908
-0.516586
-0.542724
-0.442504
0.636313
0.196682
-0.275180
0.001982
0.718497
-0.190392
0.469406
0.301048
0.165614
0.546563
0.477431
-0.253349
-0.447833
0.271568
-0.046810
0.035416
0.140847
0.050668
-0.036064
0.182438
0.271005
0.089650
0.143313
0.148489
0.031889
0.579871
0.067295
0.078239
-0.039505
0.113746
-0.152740
-0.212706
-0.098931
-0.194241
-0.014497
-0.015296
-0.298313
0.108009
0.016110
0.266525
0.175176
0.209233
-0.299514
-0.024868
-0.190286
-0.293076
0.232396
0.382287
0.266377
-0.054793
-0.135970
-0.248966
-0.226668
-0.120235
0.069649
-0.241933
-0.173350
-0.371015
0.028004
-0.489782
0.192943
0.519156
0.459764
-0.086397
-0.251482
0.290546
-0.368432
-0.447247
0.502865
0.203001
0.531307
0.339498
0.277072
-0.302273
0.156670
0.521841
0.085181
-0.448915
-0.110153
0.296381
-0.398568
-0.433345
0.074534
-0.334829
-0.309473
0.029192
-0.334371
0.068286
-0.614112
0.244475
0.288869
-0.189529
-0.180270
0.412438
-0.163561
-0.278960
-0.580445
0.342811
0.150410
-0.309495
-0.313078
0.121957
-0.410609
-0.157296
-0.186572
0.065772
-0.072756
-0.178108
-0.275704
0.492191
-0.091087
0.396361
-0.425269
0.483143
-0.396964
0.318999
-0.537918
-0.139445
-0.366918
0.207073
0.061298
-0.000274
-0.544895
-0.046859
-0.045475
-0.255992
0.103046
-0.483571
-0.346374
-0.420697
0.186242
-0.468760
0.388260
-0.327734
0.041138
0.533610
-0.160966
0.545924
-0.100866
0.229769
-0.072896
-0.377011
-0.112190
0.302645
-0.561669
0.174091
-0.150580
0.150642
0.388513
0.200190
0.416684
0.005918
0.451621
0.542205
-0.373560
-0.161854
0.248359
0.491633
0.104364
0.603017
-0.290725
-0.261276
-0.566073
-0.312358
0.362773
0.404999
-0.536436
0.003154
0.298649
0.464682
0.402371
-0.201661
-0.390461
-0.504186
0.775437
0.213047
0.394954
-0.521060
0.284046
-0.265418
0.096740
0.157035
-0.045795
0.429109
-0.454814
0.245176
-0.249641
0.061856
-0.243151
0.078371
0.217080
-0.272720
-0.548279
0.000148
0.162820
-0.254106
-0.306575
-0.383881
-0.101827
0.010976
0.099517
0.310647
0.526872
-0.102877
0.045269
0.413527
-0.335847
0.412589
-0.364271
0.536847
0.460949
-0.366483
0.124709
0.420994
-0.270521
-0.179607
-0.082268
-0.355380
-0.000551
0.323541
-0.394358
0.297765
-0.045454
-0.299416
0.121760
0.127750
0.420521
-0.382549
0.413961
0.588113
-0.039179
0.185730
0.025548
-0.367738
0.219547
0.112987
-0.467284
-0.207231
0.524208
-0.072761
0.005728
0.110651
0.169989
0.493747
-0.023935
0.571600
-0.376085
-0.028119
-0.239973
0.366947
-0.857419
-0.469032
-0.237907
-0.474830
-0.198232
-0.596909
-0.298698
-0.227118
0.205709
-0.654460
-0.097726
0.220828
0.267626
0.160513
-0.550550
-0.343023
0.127808
-0.670371
0.246651
0.710673
0.096121
0.297928
0.349643
0.151728
0.116285
-0.209297
-0.573261
0.443520
-0.006633
0.186535
0.043840
-0.170620
-0.190301
0.149004
0.060302
-0.333076
0.133364
-0.328959
-0.007404
0.592873
0.255989
0.304980
-0.477316
-0.516584
-0.051884
0.385873
0.169692
-0.125102
0.182307
0.379178
-0.549525
-0.376583
-0.331719
0.038431
-0.555250
0.401693
0.358740
-0.305578
-0.398558
-0.013389
0.388033
0.123148
0.388519
0.201436
0.212475
0.369013
-0.044201
0.002532
0.439479
-0.254381
0.591863
0.361568
-0.411721
0.494014
-0.322953
0.167258
0.048636
-0.029542
-0.177681
-0.184696
-0.073242
-0.688355
0.381458
0.117204
-0.331818
-0.250176
0.193310
0.023573
-0.333081
-0.121943
0.232898
0.155639
0.234322
-0.182183
0.065004
0.228833
-0.062960
0.240500
-0.184501
-0.376280
0.280328
0.134243
-0.008993
-0.293756
-0.029193
0.178322
-0.459235
-0.240225
-0.119355
0.629156
0.497685
-0.118503
0.507487
-0.621563
-0.280095
-0.527375
0.009219
0.121970
0.600497
-0.011778
-0.701762
0.213829
0.209772
0.394449
-0.034747
0.452750
-0.480774
0.247463
-0.043799
-0.493978
0.417058
0.216853
-0.168673
0.120190
-0.249184
-0.420032
0.390632
0.565342
-0.381935
0.429211
0.207497
-0.254004
-0.329197
0.198229
-0.252313
0.335554
-0.046603
-0.664815
0.364444
0.024004
0.252114
0.004122
0.535946
-0.433992
0.277322
0.290291
0.022412
0.065750
0.424430
-0.156720
0.277917
-0.421582
0.132824
-0.252419
0.345289
0.083314
-0.052381
-0.046987
0.360615
0.438748
-0.276576
-0.038595
-0.513697
-0.283632
-0.394279
0.327558
-0.060105
-0.250248
-0.274545
-0.212971
-0.160574
0.185031
-0.613675
0.005790
-0.127878
0.151266
0.127473
0.140038
-0.375669
-0.088428
0.305976
0.270211
-0.204909
-0.135720
0.082536
0.322780
0.212337
0.000981
0.086782
-0.234904
-0.193999
0.539641
-0.123021
0.206079
0.157284
-0.266499
0.176832
-0.159178
0.103450
-0.424453
0.186409
-0.214637
-0.029119
0.026005
-0.100017
