-0.176457
-0.376897
0.409982
-0.042908
-0.077694
-0.300618
-0.140404
0.470874
0.418855
-0.054888
0.041482
-0.156367
0.112291
-0.074639
-0.381780
-0.141211
0.025237
-0.138693
-0.039463
0.132096
-0.517019
0.227418
-0.502232
0.440815
-0.023800
-0.040345
-0.340589
-0.015586
0.160644
-0.167895
-0.036709
-0.125672
-0.493723
0.638452
0.260188
-0.056083
0.266573
0.042774
-0.081485
-0.029751
-0.177831
-0.484180
-0.197879
0.685915
-0.250563
0.000410
-0.362160
0.065275
0.345355
0.596692
0.432810
0.080073
-0.456741
-0.438507
-0.166978
-0.308054
-0.407935
0.018767
0.064765
0.201683
0.351600
-0.531909
0.546882
-0.259246
-0.263898
0.413784
-0.133540
-0.097075
0.129162
-0.330809
0.170786
0.127515
0.137197
0.299190
0.124915
0.573204
-0.355406
-0.562082
0.407128
-0.473150
-0.042325
0.099736
-0.333959
-0.223780
-0.595930
0.160759
0.455856
-0.473506
-0.155522
0.260875
0.128879
-0.285840
-0.068138
-0.271772
0.276000
-0.195017
0.254312
-0.688134
-0.263664
-0.077479
0.010969
0.044632
0.173509
-0.349848
-0.212967
-0.496093
-0.261968
0.169441
-0.194258
-0.219573
-0.065339
0.623975
-0.129779
-0.143981
-0.301212
-0.484690
-0.122958
-0.082358
0.023296
-0.072262
0.361974
0.408134
-0.203456
-0.475695
0.158308
0.475457
0.228564
0.243550
-0.123860
0.221329
0.408686
0.327086
0.399214
-0.119872
-0.430554
0.488129
-0.140174
-0.119666
-0.154715
0.333794
0.003845
0.017871
-0.183812
0.357713
-0.310684
-0.423901
0.091923
-0.252563
0.515790
-0.354803
0.344642
-0.213924
0.095304
-0.078521
0.034018
0.222170
-0.378148
-0.017046
-0.685903
-0.414799
0.454274
-0.057221
0.353503
-0.521167
0.394558
0.204090
-0.334573
-0.404938
0.405225
-0.327386
0.441007
0.528112
0.073879
-0.386949
-0.481393
-0.537097
-0.179040
-0.518292
-0.262198
0.386576
-0.410162
-0.250122
0.200319
0.391058
-0.271378
-0.396452
-0.519682
-0.047790
0.053556
0.349276
0.083440
0.203354
-0.141051
-0.242533
0.095058
-0.257059
0.604740
-0.741085
0.041691
0.539652
0.167755
0.333346
-0.220010
-0.325879
-0.351250
0.359579
0.449090
-0.499073
0.303580
-0.070328
0.409774
0.273545
-0.003669
-0.360970
0.367729
-0.142732
0.151263
0.259563
-0.070829
-0.086595
-0.341634
0.292311
0.614746
-0.379967
-0.186520
0.294730
0.684068
-0.399117
-0.371378
-0.246204
0.096535
0.060316
0.287467
-0.346274
-0.356297
0.296589
-0.307902
0.011285
-0.511697
-0.350820
0.024011
-0.097305
-0.839845
-0.354680
0.177717
0.080086
-0.408602
-0.207468
-0.435837
-0.438754
0.066874
-0.011770
0.032276
-0.169708
0.558648
-0.178340
0.100216
0.522591
-0.202330
-0.432905
0.015471
-0.112791
0.476152
-0.451340
-0.182296
-0.072344
-0.223701
0.236325
0.537890
0.370114
-0.319027
-0.018943
0.047907
0.438074
0.041515
0.193215
0.353508
0.559455
-0.048469
0.016895
0.364106
0.498951
0.073651
0.200067
0.286728
0.325269
-0.438754
-0.228662
-0.053875
0.396321
0.470072
-0.506872
0.340661
-0.079843
0.348570
-0.060052
0.176087
-0.046546
0.310102
-0.167146
0.249987
-0.103608
0.406997
-0.342742
-0.121335
-0.395945
-0.020205
-0.570366
-0.491866
-0.606935
0.086174
-0.033147
-0.357123
-0.640171
-0.014711
0.359025
0.466981
-0.264723
-0.251332
-0.339516
-0.462353
0.531380
-0.441900
-0.137375
0.339611
-0.073854
0.317595
-0.336629
-0.509661
-0.201158
0.333838
-0.322949
-0.602652
-0.010581
-0.006849
-0.373454
-0.589978
0.245502
-0.477645
0.521268
-0.430848
-0.044094
-0.156379
0.091435
0.303386
-0.109471
0.012765
0.406166
0.272621
0.168537
0.204579
-0.170421
-0.520359
0.009369
-0.087859
0.231625
-0.539328
0.285605
0.211896
0.179593
-0.113334
-0.022592
0.197539
0.198746
-0.515758
0.015911
0.334166
-0.284609
0.156595
-0.259520
-0.028097
0.240169
0.367242
0.200020
0.317068
0.044102
0.273999
-0.131491
-0.502307
0.114692
-0.390851
-0.082521
0.042231
0.533371
-0.324982
0.430419
0.336288
0.158306
0.495992
0.035507
0.070959
0.020797
0.328707
0.231218
-0.357236
-0.129312
0.193024
-0.157657
0.403135
-0.299355
0.036811
-0.241174
0.036112
0.121075
0.018338
0.090338
-0.094599
-0.281826
-0.268314
0.361244
0.127936
0.427292
-0.165046
0.769879
-0.065512
-0.321443
0.251118
-0.107848
0.414980
-0.390964
0.516074
-0.334905
0.241543
-0.450510
-0.165195
-0.291355
-0.290691
-0.671778
0.418493
0.213113
0.238565
0.251281
-0.380207
-0.547253
0.328216
-0.195761
-0.021962
0.440926
-0.452404
0.246141
-0.431187
0.390263
-0.024990
-0.405781
0.318269
-0.136718
-0.084136
-0.111889
0.026737
0.406383
0.739850
0.357043
0.040930
0.213378
0.081220
0.348396
-0.396576
0.103479
-0.434622
0.267413
-0.445836
-0.019098
0.354816
0.175532
0.175198
0.546169
0.061960
-0.115697
0.384093
-0.673912
-0.444660
-0.316451
0.565348
0.123684
0.524246
0.274655
0.014067
0.360209
0.243420
-0.551240
0.374185
0.021901
0.015235
-0.015133
0.472773
-0.074048
-0.516060
-0.249843
-0.015505
0.283160
-0.484348
0.201137
-0.069451
-0.108892
-0.082096
0.212239
-0.357064
0.279841
-0.462049
-0.272478
-0.083383
0.251514
0.233678
-0.500212
0.548457
-0.350984
-0.365097
0.301255
0.076452
0.539433
-0.070035
-0.283311
-0.303749
-0.474997
-0.155686
-0.391229
-0.027579
0.042198
0.173050
0.133300
0.375258
-0.059244
-0.133707
0.113690
-0.131029
0.056362
0.382180
-0.204869
0.275520
-0.203532
-0.024638
0.374381
0.483865
-0.648830
-0.499228
0.175587
0.257831
0.336360
0.391342
-0.303704
0.317207
-0.143986
0.524596
0.059289
0.331176
-0.069941
0.261346
0.445901
-0.168000
-0.620302
0.179541
0.347779
0.358402
0.351872
-0.091920
-0.468440
-0.100221
-0.191775
-0.243133
-0.560927
-0.204616
-0.567345
-0.153730
0.205171
-0.300702
-0.075524
0.375456
0.370732
-0.534575
0.535768
0.203230
0.449224
-0.541957
0.229333
0.251559
-0.037107
-0.087421
-0.531367
0.059059
-0.478098
0.664071
-0.294637
0.186239
0.332065
-0.393600
0.159156
0.836937
0.955544
-0.422920
0.310473
0.441404
0.022716
-0.008252
-0.067765
0.521516
0.490004
0.277825
0.187903
0.385200
-0.154080
-0.122072
0.282762
0.127548
0.628699
-0.418608
-0.349018
-0.014868
-0.301713
-0.176508
0.443595
-0.194722
0.117307
0.280217
0.473744
-0.074567
-0.402870
0.726178
-0.179992
0.083328
0.316143
-0.233761
-0.191394
0.277747
-0.106697
-0.489762
-0.051693
-0.151566
-0.295270
0.379392
-0.475307
0.189049
-0.119171
0.091517
-0.079506
-0.275373
-0.370589
0.226521
0.259033
0.541820
0.420122
-0.515238
-0.244778
0.018018
-0.512774
-0.018028
0.473713
-0.416258
0.054099
0.273190
0.025871
0.727581
-0.166239
0.504471
-0.427088
-0.405258
0.423111
0.340833
-0.456835
-0.479223
0.026196
-0.415525
-0.059575
0.046701
-0.591054
0.374694
-0.078983
0.096848
-0.293759
-0.121475
-0.001902
-0.174394
-0.080757
0.397893
0.504575
0.297010
-0.435059
-0.148507
-0.093489
-0.107244
0.260959
-0.124646
0.282903
-0.490528
-0.079460
0.419652
0.175010
-0.120202
0.676060
0.204752
-0.432549
-0.487349
-0.002683
0.745512
-0.632091
0.315584
-0.067440
-0.666870
-0.195783
0.521551
-0.091109
0.185694
0.526926
0.292217
-0.226524
-0.564137
0.199358
-0.391034
0.358720
0.084226
-0.231843
0.200078
0.150740
0.159056
-0.138633
0.451033
0.484462
0.243646
-0.517967
0.138738
0.301004
0.136435
0.393749
-0.026225
0.259501
-0.376444
0.064405
-0.108496
0.078924
-0.244630
-0.354137
0.483532
0.485331
0.154544
0.205652
0.039829
0.291359
-0.027173
0.038610
0.248894
-0.350521
-0.507873
0.519368
-0.505092
-0.510758
-0.108183
0.575573
-0.018394
0.606210
-0.522534
0.660563
0.259210
0.275435
0.528258
0.452606
0.266429
-0.102544
-0.543026
-0.093126
-0.302777
-0.376762
-0.298436
-0.274401
-0.096108
0.263513
0.264904
0.029853
-0.171049
-0.180855
0.408564
-0.305560
0.232461
-0.238584
0.823199
-0.119024
-0.020881
-0.684484
0.481238
-0.202668
-0.054439
0.112422
0.916311
0.164505
0.147275
-0.355770
-0.032129
0.092999
0.212926
-0.448791
0.057431
0.748243
0.381452
-0.366856
0.090366
0.104081
0.020376
-0.316715
0.241188
-0.295865
-0.003187
-0.408690
-0.164948
0.114192
-0.653261
-0.432270
0.465338
0.108780
-0.586598
-0.119285
-0.179606
0.417004
0.379934
0.254721
-0.011147
0.047179
-0.090402
-0.173587
