0.078729
-0.384357
-0.101650
-0.012108
-0.235531
0.598920
-0.323903
0.301693
-0.202314
-0.173100
-0.030110
0.008558
0.174034
-0.282259
-0.318164
-0.069439
-0.251665
-0.233812
-0.503644
-0.324060
0.445755
-0.293604
-0.363296
0.407405
-0.012285
0.058157
-0.362007
-0.401585
-0.176514
-0.088108
0.095803
0.268916
0.105060
-0.150608
-0.023695
0.355457
0.223995
0.151222
-0.063872
0.229568
0.054344
0.093373
-0.373064
-0.234255
0.695860
-0.303844
0.452390
0.214895
0.354421
0.076425
-0.518447
-0.217413
0.776531
0.328012
-0.052603
0.059075
-0.285783
0.696662
-0.323379
-0.251851
0.456187
-0.399943
0.255445
-0.231177
0.198679
0.063134
0.102199
-0.558163
0.136208
-0.366862
-0.061546
0.000421
0.401170
-0.254208
0.129380
-0.000259
-0.366605
-0.434634
-0.048256
-0.584421
-0.024302
-0.366376
0.231560
0.594650
-0.093830
-0.221512
0.365244
0.506849
-0.176616
0.291202
-0.403286
0.279375
0.371889
-0.050939
0.449653
0.056004
0.220648
-0.251253
0.440268
0.232533
-0.116018
-0.183078
-0.003889
0.039913
0.064732
-0.252696
-0.154666
0.237862
-0.389342
-0.357820
-0.034399
-0.761207
-0.050654
-0.091276
0.107296
-0.362253
0.369417
-0.271786
-0.082183
-0.416411
-0.053167
0.191083
0.122167
0.302872
-0.297839
0.490353
0.067796
0.733737
0.054018
0.164650
0.315116
-0.277326
0.552282
-0.021363
-0.024558
-0.160291
-0.093543
-0.487247
0.202405
-0.272824
0.182092
-0.074100
-0.156366
0.202303
-0.066746
0.126939
0.075488
-0.003868
0.583912
0.231128
0.267240
-0.291435
0.328011
0.504335
0.088017
0.588639
0.100017
0.118149
-0.069476
0.286630
-0.447258
0.234250
0.235003
-0.411538
0.393655
-0.589461
-0.433431
-0.148682
-0.187317
-0.045739
-0.234959
0.255433
0.117330
0.469977
0.192209
-0.343787
0.577412
0.088190
-0.132919
-0.338362
-0.167315
-0.431200
-0.378597
0.186220
-0.512749
-0.370438
0.001416
0.339759
-0.107761
0.142434
0.519805
-0.460825
-0.126966
-0.508762
-0.048333
0.172595
0.411186
-0.639359
-0.439635
0.160308
-0.324002
-0.044448
-0.566423
0.248715
0.543083
-0.206020
-0.032978
-0.200501
-0.305442
0.098228
0.097371
-0.139361
0.066198
0.527500
0.436934
-0.239845
-0.510704
-0.244769
-0.135958
0.008378
-0.218394
-0.073359
0.089338
0.350169
-0.095071
0.285613
-0.476846
-0.179460
-0.232228
-0.451349
0.058134
0.116855
-0.235223
0.169348
-0.432214
0.301449
-0.105827
0.070658
-0.646814
0.749787
0.225990
-0.360522
0.331961
0.042601
-0.558253
0.585921
0.231312
-0.140174
-0.318059
-0.083287
0.503322
-0.242690
0.292699
0.369707
0.525038
-0.034152
0.157315
0.208128
0.517628
0.167408
-0.298478
-0.010089
-0.444680
-0.406810
-0.084419
0.008904
-0.392656
0.485167
-0.180097
0.403923
0.145230
0.445434
0.781298
-0.050851
-0.260606
0.428604
0.159154
0.157517
-0.603271
-0.011795
0.314937
-0.365107
0.081104
-0.048296
-0.173127
-0.209922
-0.363392
-0.224264
0.613238
-0.375075
0.403396
0.386225
0.084034
-0.351724
0.082164
-0.129132
-0.349561
-0.195790
-0.314522
-0.027203
0.515454
0.337166
-0.274896
0.294626
-0.575611
0.281901
0.081853
0.326114
0.209713
-0.317981
-0.165368
-0.453944
-0.201475
0.121088
-0.417291
-0.206112
-0.686415
0.149756
0.454802
-0.395241
-0.391723
-0.059905
-0.183239
0.256333
-0.521018
-0.252524
-0.304242
0.569676
0.225547
0.130922
0.046782
-0.383863
0.083642
-0.244233
-0.061250
0.275892
-0.498840
0.333524
0.041592
0.093789
-0.779283
-0.076146
0.584975
-0.024926
0.076641
-0.358392
0.174930
-0.111949
0.061288
0.372039
-0.260783
-0.174509
0.506690
-0.089765
0.095973
-0.215435
-0.114871
-0.245288
0.076688
-0.453584
-0.393826
0.633841
-0.413565
0.062421
0.417134
-0.371197
0.049787
-0.173768
0.364802
-0.156412
-0.145497
-0.344261
0.176736
0.306711
0.558563
0.029995
0.212900
0.411424
-0.123374
0.432546
-0.062751
0.125170
-0.100291
-0.188644
-0.545462
-0.013422
-0.240257
0.296428
0.344825
0.104766
0.489751
0.208846
0.467792
-0.258819
0.456999
-0.093104
0.314796
0.303907
0.293959
-0.067861
-0.050525
-0.175608
0.485362
-0.507984
-0.486773
0.508143
-0.190320
-0.404958
-0.293595
0.106903
-0.222832
-0.184245
0.051623
0.293471
0.275252
-0.238588
0.182979
0.618824
0.446037
-0.007266
-0.261532
-0.151663
0.349272
0.571868
-0.316840
0.289185
0.281551
-0.416504
-0.474623
-0.146506
0.086070
-0.089626
-0.425164
-0.403300
-0.180931
-0.375625
-0.525607
0.164359
-0.502000
0.652473
0.470292
0.365733
0.369227
0.507260
-0.157328
-0.126412
0.024945
-0.111889
-0.635520
-0.283190
0.219965
-0.200868
0.065095
0.249477
-0.337234
-0.151560
-0.473855
0.186956
0.528833
-0.376292
-0.185467
-0.537115
0.222289
-0.300971
-0.223514
0.082037
0.393850
-0.175838
-0.575203
0.207196
-0.340978
0.239261
0.393122
-0.370803
0.012612
0.242796
-0.589186
0.296504
-0.067927
-0.041020
-0.341520
-0.226123
-0.297130
-0.318134
0.482649
-0.227752
0.039013
0.177579
-0.513578
-0.350489
0.153801
0.358110
-0.248876
0.203119
-0.515268
0.071500
-0.196415
0.000181
-0.418066
-0.369416
0.004851
0.274431
0.123490
0.315765
0.726666
-0.597057
0.280521
-0.200528
0.366034
0.219500
-0.375234
0.272825
0.110968
0.062739
-0.198231
-0.551525
-0.443976
-0.271557
-0.421840
-0.167602
0.239224
0.135448
-0.243103
-0.258683
0.067262
-0.367235
0.490855
0.551333
0.291950
0.267554
0.229146
0.485357
0.074989
0.123335
0.401268
0.055926
0.287306
-0.364623
-0.282359
0.084062
-0.126703
-0.611380
0.204064
0.241224
-0.422494
-0.147412
-0.213728
-0.150246
-0.430955
-0.097488
0.353184
-0.521470
0.498348
-0.327998
0.248095
-0.464381
0.346737
-0.708540
0.073075
-0.014450
0.604028
-0.021940
-0.360170
0.595218
-0.495364
0.339227
-0.254046
-0.152335
0.195099
0.138392
-0.150526
0.165948
-0.149682
0.089067
0.234425
0.479385
0.260202
-0.313281
0.159026
0.277469
0.589911
0.519760
0.111031
0.595006
-0.424889
0.159672
-0.415166
0.245717
-0.164935
0.336005
-0.022161
-0.673636
-0.095709
-0.154658
0.274193
0.273887
0.107272
-0.515023
0.623671
-0.409256
0.594893
0.148194
0.059133
-0.167150
-0.529309
0.281869
-0.710547
-0.087093
0.170259
0.412840
-0.371806
0.044259
-0.315776
0.011264
0.046782
-0.141159
-0.268478
0.180587
-0.041444
0.401825
-0.729605
-0.376553
0.121447
0.048342
0.183713
0.444575
0.038959
0.614695
-0.291321
0.202389
0.340334
-0.113330
-0.052594
-0.423678
-0.642982
0.632018
-0.071178
-0.420046
-0.071927
-0.732008
0.067844
0.205653
0.505594
-0.158329
0.335645
0.079788
-0.040396
0.029297
-0.789008
-0.194090
0.154308
-0.537057
0.667660
-0.496311
0.033132
-0.469652
0.169836
0.255023
-0.288436
0.709566
0.375628
0.461103
0.342287
-0.079416
-0.278315
-0.363146
0.766352
0.133749
-0.090699
-0.002000
0.312621
-0.609937
-0.429963
-0.561211
0.326499
0.415554
0.326395
-0.126890
0.340715
-0.129046
-0.225489
0.042478
0.186186
0.074902
-0.046128
-0.285287
-0.254795
0.049098
-0.144318
0.289716
0.184616
0.162770
0.060578
-0.454978
-0.114555
-0.034481
-0.234247
0.186327
0.330151
-0.092606
-0.231350
-0.361359
0.375990
0.298584
0.423036
-0.024311
0.345633
-0.111088
-0.002986
0.270877
-0.187282
0.129745
0.386257
0.473739
-0.472090
0.305296
0.788420
0.353952
0.100121
0.428422
-0.357087
0.077241
-0.209232
-0.200929
-0.095965
-0.378027
0.172237
0.144392
-0.096725
0.060969
-0.174490
0.633438
0.274990
-0.439211
0.015407
-0.159390
-0.097885
0.117516
0.315248
-0.273390
-0.098879
0.100559
-0.037132
-0.075439
0.256219
0.023051
0.266627
-0.432903
-0.153171
-0.379768
-0.554472
-0.080989
-0.198657
0.096665
-0.570521
-0.152921
-0.390032
0.035358
0.290142
-0.389289
-0.326042
-0.481912
0.440691
-0.526563
0.067783
0.173267
0.555510
0.058703
0.001313
-0.262476
0.314683
-0.597403
0.189830
-0.355355
-0.162544
-0.654837
0.341506
0.018304
0.455259
0.027381
0.543054
0.408652
0.038563
0.453797
-0.121328
0.746241
-0.187595
-0.046650
0.254514
0.291356
-0.042386
-0.242535
-0.284416
-0.158761
-0.504856
0.450142
0.126209
0.045979
0.147995
-0.635646
-0.266825
-0.218079
0.428332
-0.014317
0.047738
-0.154862
-0.328262
0.170465
0.546103
0.210943
-0.099739
0.318494
0.292976
0.009027
-0.289954
0.438692
