0.021121
-0.618197
-0.251413
0.241812
0.315711
-0.165375
-0.088237
0.578817
0.418855
0.211594
-0.233760
-0.479711
-0.005673
-0.209683
0.379707
0.376494
0.088649
0.354177
0.177010
0.527285
0.066281
-0.405884
-0.094918
-0.203122
-0.193855
0.008251
0.581914
0.495141
-0.107607
0.340495
0.371753
0.056952
-0.293879
-0.236365
0.317201
-0.097034
-0.102051
0.350818
0.553767
-0.583068
-0.311949
0.232336
-0.120957
-0.160008
-0.092430
-0.402352
-0.181464
0.214895
-0.178806
0.489587
-0.131689
-0.058602
-0.038688
-0.042330
0.267723
0.470825
0.177066
0.272912
0.024086
-0.382973
0.385637
-0.363785
0.238992
-0.118969
0.212227
0.208488
0.205880
0.025611
0.288197
-0.278434
-0.327670
-0.514487
0.176600
-0.282553
0.218348
-0.146114
-0.541332
-0.149090
-0.128042
-0.449274
-0.217526
-0.459882
-0.597025
0.524473
-0.344999
-0.193405
0.255423
-0.433636
-0.616700
0.219419
-0.574847
-0.071701
0.171996
-0.337971
0.435310
0.516209
-0.534424
-0.191004
-0.545327
0.232533
-0.365797
0.131896
0.167326
0.265458
0.232422
-0.222989
0.123796
0.432921
-0.308155
-0.297956
-0.096223
0.038631
0.018511
-0.485233
0.092031
0.184853
0.293875
-0.024218
0.338199
-0.047356
-0.510166
0.345439
-0.302003
0.129241
0.314383
0.363085
-0.271003
-0.016464
0.676923
0.287633
-0.252152
0.455615
0.176388
0.052578
-0.402232
-0.465439
-0.516035
0.410957
0.049821
-0.021695
0.094392
-0.519216
-0.399086
-0.475461
0.298864
-0.286988
-0.475503
-0.274300
0.466211
0.322647
0.249428
-0.128379
0.233186
0.269847
-0.035313
0.336274
-0.201348
-0.458548
0.148611
-0.360223
-0.536059
-0.101687
-0.308571
0.450226
0.189920
0.185215
-0.201770
0.175660
-0.011557
-0.079916
0.308459
0.125938
0.068103
-0.660349
0.211551
-0.463727
-0.740037
0.113419
0.083316
-0.009549
0.530602
0.520105
-0.420316
-0.201181
-0.086229
0.133579
0.219401
-0.075997
0.489926
0.094651
-0.188000
-0.050983
-0.251188
-0.258432
0.260652
0.116608
-0.078628
-0.610600
0.183532
-0.611936
0.655288
0.551702
0.198900
-0.293478
0.728594
0.426268
-0.231993
-0.541668
0.167901
0.424971
0.155729
-0.357761
0.582352
0.481954
0.441698
-0.239845
0.391349
-0.376807
-0.342701
0.556616
0.397983
0.338991
0.131484
0.247455
0.325621
0.650100
-0.595699
-0.139725
0.468338
-0.279101
-0.049553
-0.255698
-0.189420
0.362393
-0.479554
0.274018
0.043761
-0.320353
-0.290537
-0.368786
-0.453314
0.109870
0.113028
0.021291
-0.429489
0.358921
-0.496202
-0.490890
-0.252235
0.183293
0.634855
-0.350867
-0.419338
0.061625
0.217208
-0.535256
0.105750
0.489677
0.212182
-0.200716
0.251483
-0.544452
0.032985
-0.399849
-0.333640
0.221303
-0.392656
0.437613
0.548023
0.386414
-0.440544
-0.416823
0.178047
-0.362047
-0.440192
0.300163
0.153650
-0.225123
0.005608
0.049693
0.373143
0.487830
0.126426
0.341070
-0.375092
0.207106
-0.228230
-0.570477
-0.433520
-0.274172
-0.749495
-0.387760
0.167447
0.212403
-0.409504
-0.060704
-0.180164
0.010377
-0.355861
-0.219549
0.414328
-0.563808
-0.217991
0.142530
-0.175844
0.484090
0.045345
0.446411
0.062425
0.540064
0.090034
-0.041547
-0.346427
0.134141
0.436640
-0.570544
0.091504
-0.050716
-0.303915
0.139465
0.217819
0.323573
0.428790
-0.532653
0.135756
0.078272
-0.229916
-0.664412
-0.383090
0.163441
0.101408
0.053691
0.310298
0.011641
0.018106
0.037460
-0.417621
-0.176269
-0.263683
-0.294829
-0.000896
-0.067936
-0.227019
0.437302
-0.544504
-0.119674
0.030742
0.063738
-0.399358
-0.627241
0.713808
-0.383497
0.370867
0.256528
-0.143527
0.259052
-0.308070
0.105685
-0.332000
-0.077319
0.071522
0.367724
-0.006918
-0.449421
0.047628
-0.755927
0.053338
-0.619587
0.284118
-0.215230
0.112957
0.045106
0.029303
-0.399294
-0.300207
-0.065710
-0.519659
0.180117
-0.044190
0.288121
0.092131
-0.278630
-0.211896
0.292405
-0.243366
0.263299
-0.152706
-0.356099
-0.374216
0.247181
-0.252377
-0.291033
0.447790
0.098673
0.429901
0.447295
0.443651
0.215290
0.069427
-0.389937
-0.486838
-0.434300
0.036112
0.245546
-0.067257
0.044835
0.152058
-0.131077
0.306165
0.583371
-0.353648
0.456988
-0.618340
-0.427112
0.561828
0.544080
0.375571
-0.259605
-0.241564
-0.167263
0.342092
0.337596
-0.072618
0.280948
0.162563
-0.156355
0.462947
-0.360207
-0.064483
0.280933
0.215732
0.126578
-0.091366
0.058599
-0.292192
0.300520
0.313091
0.054572
0.061233
-0.606571
0.609697
0.218072
-0.137080
0.528832
-0.288144
-0.171372
0.324670
-0.310191
0.268381
0.014470
-0.240473
-0.146680
0.041046
-0.188942
-0.559386
-0.205412
-0.201148
0.072976
-0.075549
-0.536715
0.544698
-0.421773
-0.031796
0.249059
-0.525209
0.015161
-0.039442
0.476752
0.074153
0.536268
0.095108
0.251104
0.053372
-0.304675
0.210466
0.061762
0.257853
0.338228
-0.188638
0.030939
0.139511
-0.020972
0.457659
0.147756
0.489409
0.033404
0.333636
-0.274863
-0.106858
0.165465
-0.550851
-0.018129
0.382927
-0.449794
0.411731
-0.019594
-0.163044
-0.470546
-0.175998
-0.352709
-0.461934
-0.379788
0.542106
-0.227926
-0.520918
-0.393495
0.534590
-0.421666
-0.275137
-0.059738
0.126765
-0.353071
-0.359364
0.351312
-0.146747
0.227907
0.381623
-0.428872
-0.306416
0.215628
0.238438
0.418106
0.050911
0.188172
-0.569575
-0.152546
0.147438
0.648923
0.292373
0.117239
-0.426001
0.065884
0.119236
0.215863
0.205700
0.299546
-0.253079
-0.329669
0.035163
-0.284064
-0.461563
-0.466016
-0.020926
0.500516
0.022029
-0.501465
-0.821350
0.014079
0.148115
-0.430262
0.295575
-0.549509
-0.358763
0.029004
-0.314123
-0.140009
-0.295889
-0.301486
0.158492
0.106832
-0.125224
0.293976
0.274870
-0.162068
-0.144368
-0.119924
0.241548
-0.185285
0.244008
0.238820
-0.376662
0.115256
0.300761
0.077225
-0.512649
-0.304664
-0.209118
-0.374143
-0.401601
-0.169099
0.408189
0.539480
-0.282099
-0.157400
-0.357976
-0.367965
0.120882
-0.063953
0.375186
0.197195
0.420030
0.346778
0.128448
0.434562
0.178179
-0.245443
0.112788
-0.085994
-0.585413
-0.144716
0.057884
0.169487
-0.286088
0.708888
-0.164880
0.281869
-0.725576
0.278209
0.027481
-0.449981
0.176144
0.345818
0.223239
-0.171380
-0.216295
-0.387275
0.056844
0.126121
0.146776
-0.475910
0.432940
-0.267573
-0.254333
0.104488
-0.240729
-0.129188
0.076112
0.541132
-0.036193
-0.549589
-0.120913
0.152116
0.280499
-0.045580
-0.463373
0.330011
0.182863
-0.041734
-0.498161
0.184200
-0.151769
0.078118
-0.023509
-0.494626
0.077947
-0.648916
0.529786
0.204738
0.250716
0.412941
0.121146
-0.396967
0.207608
0.198055
0.026703
-0.499698
0.371093
-0.292675
-0.594288
0.054479
-0.478773
0.178406
0.344111
0.456894
0.069167
0.530456
-0.653053
-0.457840
0.027541
0.439479
0.046243
-0.148536
-0.224958
-0.416127
0.387067
0.108931
-0.068037
0.443239
-0.497870
-0.637908
-0.225489
0.121300
-0.031380
0.287521
0.330413
-0.164333
-0.100784
-0.332949
0.325023
-0.358590
-0.506754
-0.289204
0.786425
0.064972
-0.246538
0.252409
-0.349325
-0.256332
0.075986
-0.063500
0.610034
0.076134
-0.104751
0.170936
-0.347152
-0.133299
-0.074795
-0.240920
0.191157
-0.430577
0.161721
-0.366054
0.200144
-0.037050
-0.723703
0.115325
0.555891
-0.469384
-0.147628
-0.516157
-0.479963
-0.532105
-0.230748
0.142046
0.425015
0.348358
0.765133
0.444366
-0.573938
-0.216172
-0.049605
0.003857
0.237996
-0.347362
-0.524148
-0.299105
-0.179729
0.305703
0.248597
-0.050586
-0.096773
-0.444043
-0.315200
0.552932
-0.354870
-0.191314
-0.145275
0.188792
-0.162560
0.682710
0.127657
0.000566
-0.332950
-0.332146
-0.309724
0.376568
0.296762
-0.385461
-0.283474
-0.491458
0.581379
0.136654
-0.024990
-0.237838
0.186525
-0.044452
-0.351407
0.274168
0.286128
-0.349029
-0.375672
-0.463919
0.261018
0.594093
-0.172082
-0.598358
-0.357035
0.009446
-0.500433
-0.205036
-0.046617
-0.008957
0.362199
-0.108619
-0.353317
-0.312153
-0.430907
-0.417339
-0.090200
0.616855
-0.179775
-0.452265
0.013770
0.166687
0.048541
-0.466527
-0.316119
-0.098238
-0.046268
0.463251
0.403370
0.425072
-0.224114
-0.003847
0.122146
0.026740
0.374597
-0.050925
-0.301665
-0.030724
-0.353309
0.560070
0.095341
0.320475
-0.691340
0.424982
