-1.826598
1.501279
-1.608391
-1.306271
1.077984
-0.130974
-0.406487
-2.298208
2.017672
1.204446
0.973738
-1.980073
-4.826115
-2.276842
2.434408
-3.029788
0.490129
-1.672946
1.674003
2.254118
-0.852380
2.344303
1.396735
-1.688240
-2.100847
1.394398
3.484694
4.194856
0.836066
2.075537
1.100025
2.934951
-1.805341
-1.892022
1.531981
-0.568126
-4.251156
-2.038166
1.184398
0.409597
-0.786784
0.940681
2.057306
-1.445683
-4.120560
-2.126195
0.759011
0.090034
-1.377401
-0.660700
0.263700
-0.543842
3.838670
2.385697
-2.408385
-0.884313
-0.388498
-0.524417
-2.809746
-1.653230
-2.205335
1.095939
1.980827
2.390797
1.622944
1.142143
3.822502
-0.219404
-4.077207
1.337297
2.311092
0.553123
2.951509
-0.395500
-0.741073
-2.265427
0.325798
0.367679
1.360990
-0.979611
0.732785
0.302955
-0.812122
-1.469938
1.050667
3.959707
-1.860984
0.996816
-0.584623
-2.777420
-0.452068
1.659533
-0.996376
-1.861906
-0.580841
0.752871
0.920992
2.226572
-0.252634
0.680666
-2.047754
-2.347763
2.436851
-0.137309
-1.627138
-1.856037
1.752267
-0.562866
1.952188
3.286430
-2.981105
-2.965237
-0.527618
0.817505
-2.955239
-1.021023
1.454146
-3.307175
2.347259
-1.960942
-1.945954
-3.687475
-0.771391
1.338414
0.089319
0.331637
-2.423163
-2.338865
-1.794055
-1.968798
1.597283
-0.444643
2.221773
4.840249
-0.818788
-2.414316
-0.157710
-1.419639
-1.380003
2.365123
1.882666
-2.572081
0.024245
1.845132
-0.537672
0.754877
5.130052
-0.620864
0.016355
-2.022824
-0.658889
-0.097670
-0.869916
2.969591
-4.287773
-1.209304
0.797810
2.181492
1.387761
0.256086
-1.830780
-1.006882
-0.745505
1.812012
-0.761186
4.030610
4.320515
-3.739744
0.609719
3.674985
-0.419063
-0.412994
-1.283655
0.048521
-0.387822
0.487976
0.832174
0.150430
-0.939981
0.455646
-1.607898
0.146699
-0.566404
2.366945
-1.781183
2.119005
-3.870091
3.722320
-2.621953
-0.820259
-1.202988
0.644813
1.658712
1.349953
-1.052942
1.588256
-3.705999
1.282597
-2.233109
-2.580141
0.437809
2.468410
-0.064624
-0.757831
-4.554778
-0.983553
2.821375
3.473703
0.858312
-1.234112
1.614941
-0.760197
-2.879099
-0.171281
-1.051206
-0.275520
1.993034
0.386877
2.217211
-1.811125
-0.684145
-3.988867
3.609024
-1.481846
-0.531593
-0.155797
-4.609245
0.561262
-3.035674
-2.007458
-3.733325
0.720390
1.811213
0.041419
-0.028773
0.183772
-0.984035
-0.257866
-3.016390
0.853041
-0.703161
0.712297
0.364480
0.701081
-0.733422
2.245088
3.792877
-5.192579
3.788864
0.364556
-1.739605
-0.357168
-1.756115
1.375127
-1.829260
-1.519347
0.556334
1.368362
-1.930050
-2.380309
-2.125231
-1.555108
0.596763
-0.445294
4.928711
-0.962644
-0.414076
1.367570
0.296256
3.051000
-3.203530
0.279782
-2.130097
-1.256966
2.812129
-1.231587
-0.211550
3.921482
-1.425345
-0.043850
0.443449
-1.097163
0.277744
1.128499
1.287470
0.519584
2.404963
-1.529725
1.559818
0.355399
-0.411082
-2.285585
1.372047
3.560747
3.510843
0.833638
0.745992
-5.228931
-4.359746
2.109988
-0.320103
-1.131712
1.294376
0.303318
3.306276
-1.758647
-3.179563
-1.379945
-0.363537
-0.707719
5.710530
-3.754219
-2.702621
-0.728419
3.429378
3.336261
0.075702
-5.924095
4.658097
-4.157051
-1.769145
-0.315246
0.099424
-1.138986
1.238926
-0.178147
0.235294
2.240755
-3.173567
2.068648
-2.947764
-3.580263
-1.442633
-2.027029
0.818492
0.539211
0.280367
-5.370279
-0.140873
-2.776882
-0.553988
-1.333866
-0.027778
0.734229
4.743239
1.663896
0.141420
1.024322
-0.724870
-1.829268
1.211290
1.881091
-3.231472
-1.672047
-0.937686
2.531008
-0.930544
-4.129052
-2.221976
-0.552076
-0.252501
-1.102799
-2.719908
3.104473
-0.100909
3.311506
0.449469
0.492769
6.110782
-0.284508
-0.788144
-0.568570
-1.111752
1.217810
-0.382092
2.376950
0.241844
-2.235605
1.239440
-0.323234
2.177838
-0.423393
-0.811322
-1.442190
-2.017078
-0.362069
5.515692
2.103747
2.475672
0.018840
-0.742550
3.242791
0.732502
2.686464
2.641657
-0.503008
-4.018667
0.587299
2.197212
3.907963
-1.789590
-0.787688
2.649425
-1.821076
1.644582
-2.226915
-0.340385
1.443354
4.195150
1.224632
-2.666747
0.204983
-0.814329
-2.815186
-1.394516
0.567827
2.017483
-2.861351
0.604671
1.423245
-0.218703
-4.438595
0.815373
1.987018
0.291481
-0.268164
1.763531
-1.996110
-1.146172
-0.994152
-2.351653
2.045480
2.108770
-0.773510
-3.012106
2.822367
4.278009
2.057090
0.290633
-3.437361
3.248543
0.957055
-0.631340
0.497924
1.021797
-2.191444
-1.958075
-1.709335
-0.144447
3.391695
-2.057041
1.393917
-0.629315
2.904758
1.534875
-0.571034
0.551052
-0.523885
-2.614708
1.500940
0.907479
-3.547179
-1.977673
-0.003163
0.325232
1.182071
-0.367403
1.127943
3.176065
0.148324
1.399597
-2.195718
-0.375673
-0.034753
1.636425
1.393071
-1.943896
0.998497
0.876356
-0.121781
0.944037
0.150823
2.146368
-2.101208
1.250198
-3.339298
-1.655541
-2.487211
-2.250002
-2.365792
-1.325297
-2.048803
-0.689637
-1.185322
0.998616
-1.040648
2.951829
2.489285
0.348528
-0.296945
1.238060
-1.316863
-0.221434
0.951619
1.228179
1.681194
-2.473715
0.662483
1.567446
0.622773
0.999357
-1.172009
-3.367024
-1.191070
-1.221962
1.297029
1.830021
0.413610
1.398046
1.058083
-1.667582
0.373628
2.787167
-0.729066
1.132126
2.213437
-0.150980
-0.556850
-1.485582
3.353307
-3.603106
1.181037
0.825164
-0.906532
-0.268470
-1.400901
-2.555733
-4.006383
1.544366
0.994593
1.024689
2.465569
-0.153072
2.181643
-2.035179
2.097073
-1.052130
-3.043120
0.833331
-0.580005
-1.508272
-0.778217
-2.040868
1.085580
0.001147
-2.609055
0.118362
-1.229051
-0.409990
1.161520
1.854491
-3.686349
-1.640782
1.470494
1.465604
-1.850861
-2.178816
-0.471031
-0.542378
-0.930845
-1.112521
-0.683717
1.958840
-1.750398
1.175462
1.802852
1.007877
-0.860604
2.181393
2.428971
-1.593170
1.181433
1.421447
-1.336045
2.421705
1.356117
-1.671992
-1.108968
1.680977
1.158690
-2.046076
-2.213123
-0.803930
2.750647
-1.049828
0.739713
1.001201
-3.758039
-0.106871
1.552235
3.027833
-0.473094
-0.425956
3.212810
-2.046892
-0.200603
3.182920
1.367747
2.758184
1.837674
0.087156
3.979732
-1.230240
-2.453305
0.718515
-0.836597
0.380544
3.442752
2.309242
0.180187
2.913484
4.599507
2.500236
-0.699871
1.151181
1.847671
-0.965158
-3.658815
-0.601270
-0.886992
-1.677120
-1.715692
-2.287384
3.290251
3.071257
1.895541
1.910103
-3.351013
0.180865
-0.331176
-0.188494
-2.374734
-0.376469
-0.462869
-0.985168
0.268651
1.290817
-1.573356
0.890092
-2.338209
0.361794
-1.491140
-1.284100
-0.585767
0.550399
-0.945568
-4.157391
4.531808
-0.307850
0.691620
-0.535665
1.388759
0.482962
0.903425
-0.218972
-3.626137
0.948576
0.635116
-2.089374
3.683752
1.001888
1.858376
1.142101
-2.894589
1.330571
-1.202124
-1.707649
0.614909
-0.395043
-0.208845
3.936129
1.504211
0.095692
1.460732
0.551087
-1.577460
1.143023
-0.190444
-0.717709
0.044086
-0.742550
-0.263398
0.725435
0.401978
1.377038
1.952924
0.396118
-1.847717
-1.882211
-2.809035
-0.192647
-3.272300
1.867438
0.191547
1.462842
-1.679462
0.420547
-2.463780
0.807587
0.784879
-0.784638
-3.585308
-1.399109
0.680979
0.080876
-0.269501
0.368498
-1.344273
-0.064014
-2.568997
-1.448612
3.971831
1.527324
-0.379408
-0.707004
-0.643131
0.174150
0.914354
-1.837508
-1.841478
0.318320
2.485623
-0.746910
1.453620
2.307240
0.038768
0.904540
-0.694764
-1.977227
0.094282
-2.335614
-1.419490
-0.072995
-0.137131
0.005700
-1.221110
-1.030674
-0.120824
-0.013666
-0.062600
2.074475
-1.531490
-2.235701
2.839380
2.784019
0.589215
1.374047
0.549025
0.238224
-1.031229
-1.428401
-2.208370
-1.447811
0.073096
-1.760307
0.684900
-3.289414
-0.266380
3.266192
0.418280
-0.807536
