-0.343577
-0.433441
-0.124581
-0.094219
0.231872
-0.209952
-0.570256
0.043098
-0.223307
0.284244
-0.497350
-0.708015
-0.281513
-0.234886
-0.086056
0.015846
0.495555
0.061942
0.517695
0.458608
-0.553058
0.285472
-0.259516
0.170107
-0.408565
-0.392033
0.038657
-0.319527
-0.398536
0.154241
0.198046
-0.157117
0.128570
0.036597
0.157218
0.220405
0.105139
0.350818
0.414004
0.421781
-0.172082
-0.266519
-0.271789
-0.157147
-0.224924
0.074296
0.227398
-0.135927
0.291528
0.237744
0.277659
-0.127957
0.552075
-0.400811
0.541132
-0.281627
0.098765
0.356973
0.366192
0.485519
-0.013684
0.159776
0.230885
-0.378727
0.422615
0.292746
-0.738307
0.401836
0.314770
-0.479143
-0.282783
0.488248
0.267944
0.693427
0.277727
0.059529
0.211768
0.032453
0.183760
-0.271843
0.038307
-0.535775
-0.500400
0.514420
-0.410280
-0.108099
0.035106
0.523351
-0.152245
0.219419
0.359425
0.181886
-0.226747
0.103023
-0.028153
-0.276698
0.448780
0.180872
0.030676
-0.344657
0.541420
-0.284562
0.114400
-0.361368
0.033139
-0.530271
0.516378
-0.490613
-0.338545
-0.238244
0.093387
0.114745
-0.304126
-0.467876
0.220092
-0.269153
0.094696
-0.371759
-0.131211
-0.540187
-0.573643
0.346601
0.195714
0.068211
-0.310743
0.301131
-0.234475
0.132871
-0.316079
0.273805
0.077829
0.240752
0.075211
-0.148372
-0.145623
0.249860
-0.488962
0.332120
-0.407384
0.225940
0.198019
-0.067457
-0.593040
-0.039147
-0.354216
0.072121
-0.378324
0.111682
0.508127
0.387288
0.084338
-0.072788
0.277763
-0.334815
-0.057736
-0.669583
0.269896
0.164176
-0.152345
-0.481126
0.091777
0.076677
0.710276
0.160351
-0.321080
0.602134
-0.183914
0.262400
-0.249643
-0.677743
0.030803
-0.094341
0.163588
0.526491
0.159167
-0.239364
-0.058648
-0.194464
-0.184991
0.360299
0.026907
-0.235633
0.005801
-0.543941
-0.160544
0.150248
-0.172207
0.412051
0.419784
0.018373
0.377766
-0.097022
-0.434886
-0.086701
-0.391872
-0.101427
0.172372
-0.124499
0.053780
0.318682
0.252886
0.367794
0.732955
-0.175799
0.274434
0.098755
0.357358
-0.079589
-0.753352
-0.240160
0.354083
0.280127
0.538246
-0.352804
0.591244
0.547999
0.108389
-0.076497
-0.201799
0.213398
-0.181045
0.234186
0.048240
0.080497
0.809916
0.029051
-0.053321
0.193308
0.097314
0.123592
-0.331149
-0.329219
-0.106725
-0.097875
-0.281683
-0.472592
0.201522
-0.016651
-0.605324
-0.205933
-0.480218
0.100104
-0.556777
0.030103
-0.219699
0.548823
0.450871
-0.183903
0.596522
0.414299
-0.222272
-0.055659
-0.489426
-0.003873
-0.063611
0.311691
0.080545
0.281195
0.182824
0.033524
0.367368
-0.278748
-0.304755
-0.236237
0.003084
0.043518
0.137717
0.423108
-0.376549
0.358089
-0.170201
-0.116902
0.567314
-0.049162
-0.071081
-0.459320
0.032136
0.146833
0.365384
-0.146422
-0.367827
0.461285
0.338922
-0.008781
-0.168516
0.615115
-0.381878
0.377775
-0.264075
0.544723
-0.330759
-0.047118
0.204527
-0.480530
0.013652
-0.212801
-0.142265
-0.549208
-0.302702
0.437582
0.190018
-0.017174
-0.210577
0.112533
-0.220343
0.674759
0.530233
0.136113
0.110044
-0.210079
-0.041869
0.046590
-0.298179
0.066184
0.051017
0.452853
-0.557519
0.336286
-0.354294
0.088179
-0.026005
-0.200170
-0.257598
-0.308226
-0.489359
-0.098791
-0.269344
-0.521482
0.158672
0.229498
0.227968
0.230611
0.263972
0.395445
-0.176843
-0.071722
0.426304
-0.495705
-0.072686
-0.244884
0.401687
-0.333400
-0.024870
0.408450
-0.493026
-0.152611
-0.080777
-0.321365
-0.531874
0.382850
-0.490243
-0.377814
0.117725
-0.534715
-0.268214
-0.095392
0.422353
0.080232
0.601785
-0.504663
-0.184687
0.135349
-0.236208
0.428038
-0.615036
0.256442
0.165472
-0.176237
0.269589
-0.049202
0.231654
0.325704
-0.264715
0.375742
-0.066173
0.036436
-0.409759
0.231188
-0.095628
-0.057260
0.001280
-0.662522
0.084505
0.470290
-0.053647
-0.407036
-0.198364
0.505592
-0.223401
-0.479239
0.091382
0.227701
-0.364833
0.362861
-0.421746
0.514330
-0.277833
-0.163356
-0.313653
0.307460
0.118613
0.330792
-0.097466
0.150513
0.734371
0.065427
0.033998
-0.013362
0.122518
0.236988
0.107584
0.181273
-0.337916
0.420041
-0.534181
0.134061
0.197775
-0.278277
0.324524
-0.579575
-0.164102
-0.311614
-0.300955
0.161408
-0.178266
-0.037697
-0.085657
0.023926
-0.143755
-0.595278
-0.028775
0.228219
-0.471384
-0.451576
0.059564
-0.048870
-0.128581
0.453999
-0.012715
0.262862
-0.212503
0.082153
0.413163
0.525640
0.332292
-0.290249
0.288630
-0.678488
0.256884
-0.189873
-0.065294
0.096346
0.382100
-0.070185
-0.079773
-0.205412
0.125291
0.053673
-0.242060
0.442629
0.334946
-0.058508
-0.306483
-0.462293
-0.276462
0.549118
-0.257452
-0.071799
-0.422135
0.576680
-0.107722
-0.492920
-0.274362
0.447765
-0.247040
0.014171
0.391346
0.349797
0.436820
-0.348458
0.349251
-0.586886
-0.389065
0.219582
0.444119
-0.435002
-0.229097
0.079631
-0.355575
0.079795
-0.437360
0.236344
0.080823
0.297821
0.403372
0.168449
0.087769
-0.061360
-0.068280
-0.498776
0.172803
-0.417815
0.542106
-0.191899
-0.398596
-0.088653
-0.215800
0.296378
-0.357724
0.549525
0.517068
0.065759
0.261414
0.039323
-0.528211
-0.540864
0.045325
0.046907
-0.192913
-0.263151
-0.148832
0.330319
-0.121764
-0.465881
0.150040
0.018713
-0.487082
0.064847
0.263624
0.181052
-0.178011
0.289043
-0.035763
0.609669
0.413539
0.040122
-0.227066
-0.080031
-0.109019
-0.069581
0.132574
0.305703
-0.184896
0.350104
-0.166267
-0.039867
0.162707
-0.372806
-0.592030
0.059198
-0.388434
-0.271214
0.308258
0.449791
0.002271
0.572193
-0.106334
-0.317021
0.213258
0.088264
0.343577
0.311180
-0.151132
0.245917
-0.575848
-0.282758
-0.344901
-0.274989
0.212867
0.292380
-0.133832
0.190440
-0.374485
-0.091889
-0.048877
0.122504
-0.077319
-0.133468
0.173345
-0.239964
0.313972
-0.197425
0.138220
0.207971
-0.340588
-0.350832
0.240305
-0.096909
-0.077531
0.436942
0.412628
-0.080291
-0.517690
-0.119240
-0.447791
-0.573619
-0.347506
-0.158704
-0.422284
0.256726
0.266977
0.062127
-0.657749
-0.167836
-0.551424
-0.436980
0.315920
-0.016196
0.119356
0.350869
0.176144
0.453803
0.197670
-0.152765
0.252571
-0.223544
-0.582669
-0.300795
-0.146085
-0.264997
0.084464
0.547615
0.302857
0.375930
0.183295
0.499161
-0.464477
0.347548
-0.296549
-0.006677
-0.120913
0.341671
-0.071681
-0.437088
0.323422
0.292477
0.585333
0.550389
0.407376
-0.678973
0.032464
0.096785
0.158793
-0.137500
0.151934
0.410129
0.298429
-0.240731
-0.097804
-0.067948
0.231436
-0.271664
-0.185270
-0.294649
0.038431
0.684712
-0.365972
-0.091185
-0.737375
-0.009534
0.225365
-0.028413
-0.175634
-0.514080
-0.168737
-0.517587
-0.676079
0.093660
-0.309558
0.048047
-0.500201
-0.274640
0.330257
-0.025066
-0.183008
0.499878
0.264332
-0.109727
-0.097063
0.156855
-0.555006
-0.308728
0.240261
0.327554
0.134508
0.051366
-0.040727
-0.060277
0.180777
-0.300135
-0.227252
-0.635909
-0.658038
0.429416
0.119069
0.122094
0.254566
-0.087438
0.259841
-0.632485
0.265834
0.195812
0.325552
0.614170
-0.120771
0.007157
0.397821
-0.022016
0.041819
-0.449887
0.161721
0.100482
-0.227723
0.281355
-0.635892
-0.070370
0.202161
-0.085109
0.569344
-0.093615
-0.339156
0.207965
0.493149
0.377102
0.127096
0.700570
-0.214483
0.352700
-0.116616
-0.056283
0.658059
-0.397945
0.347320
-0.149472
-0.356711
-0.421367
0.338494
-0.365412
-0.295056
-0.197620
0.379881
0.068854
0.013214
-0.217404
-0.187465
0.598506
0.316063
0.127748
0.369424
0.614450
-0.391663
0.012962
-0.363672
0.428202
-0.207119
0.004975
0.369096
-0.247426
0.268109
0.090318
-0.261807
-0.069490
-0.005611
0.441581
-0.190342
-0.638654
0.397410
0.479951
-0.034609
-0.483657
0.451243
-0.399504
0.080683
-0.333252
-0.023993
-0.731697
-0.512506
-0.396274
-0.527688
-0.183806
0.326110
0.146609
-0.070771
-0.297756
-0.207862
-0.426226
-0.249479
0.302383
-0.119613
-0.073621
-0.232295
-0.387410
-0.130051
0.259730
-0.556648
-0.480795
-0.257660
0.437653
0.595864
-0.455812
-0.053403
0.147006
-0.224114
0.407430
-0.382464
0.199602
-0.145228
-0.618470
0.404505
-0.108932
-0.313615
0.021951
0.753236
0.109534
-0.112519
0.169450
