-0.179887
0.443534
-0.266289
0.027391
-0.032934
-0.228007
0.422792
0.567346
0.370490
-0.286863
-0.157238
-0.380066
-0.339111
-0.117514
-0.429812
-0.637685
-0.168427
0.169209
-0.334749
0.193716
0.596555
-0.152764
-0.511684
0.464472
0.150527
-0.474017
-0.104371
-0.090078
0.080678
-0.465522
-0.326824
0.141902
0.263818
-0.472395
0.249064
0.196126
0.554944
0.295290
0.052249
0.226316
-0.502022
-0.487878
0.081686
0.489652
0.050323
-0.317910
0.226669
0.505796
-0.185734
0.181477
0.049413
-0.075863
-0.267081
-0.150487
0.102517
0.516925
-0.394842
0.057817
-0.455890
0.185059
0.563113
0.399140
-0.247121
-0.037257
-0.054156
0.338443
-0.297618
-0.412397
0.224498
-0.225400
-0.159339
0.228755
0.041064
0.458736
0.371380
0.206959
-0.018505
-0.067551
0.313589
-0.009092
-0.390438
-0.559374
0.498993
0.425117
-0.463252
-0.435789
-0.095661
0.231847
-0.189752
0.187778
-0.546776
-0.139559
0.474673
0.405468
0.353024
-0.052901
0.281910
-0.425435
-0.680110
0.302960
-0.079096
0.357028
-0.123446
-0.384462
0.256509
0.133032
0.270108
-0.280583
0.228515
-0.132498
0.357614
0.304056
-0.109586
0.317592
-0.033933
0.129997
0.378869
-0.116386
0.187048
0.556087
0.537188
0.580700
0.134624
0.533806
-0.047222
-0.167954
-0.124818
-0.125830
0.198880
0.320697
0.111608
-0.006033
0.028526
0.191833
0.263684
0.632476
-0.067650
-0.151845
-0.379846
-0.047086
0.589498
-0.021520
0.286696
-0.211318
0.280577
0.250340
-0.498938
-0.256858
0.298070
0.346570
0.260135
-0.139199
0.020599
0.048369
0.630710
0.317051
-0.267989
-0.458548
-0.175509
-0.290549
-0.532898
-0.477424
0.567641
-0.291761
0.156464
-0.407000
-0.141170
-0.267294
0.020604
0.150697
-0.402222
0.512477
0.174481
-0.026906
0.302931
0.086822
0.142898
0.133964
-0.143374
-0.125735
0.057286
0.232042
-0.488929
0.036760
0.026513
0.385494
0.231844
0.458404
0.050981
0.158424
0.146254
0.575550
-0.232287
-0.153958
0.025111
-0.208367
0.353343
-0.706480
0.246501
0.537896
-0.100017
0.151088
-0.267001
0.230919
0.371278
-0.149088
-0.442221
-0.089268
-0.070469
0.129803
0.040616
-0.236719
-0.356679
-0.106364
-0.191508
-0.417427
-0.027713
0.017426
-0.505116
-0.454976
-0.186517
0.049831
0.330350
0.349792
0.522635
0.157135
-0.282080
-0.176655
0.127688
-0.368148
-0.203087
0.544584
0.357027
0.378216
0.025316
0.182528
0.017162
-0.001592
-0.106721
-0.382981
-0.221655
-0.006340
0.424041
-0.397843
0.766027
0.455835
-0.072342
-0.375720
-0.050964
0.107948
0.176418
-0.253956
0.083126
0.294944
-0.146728
0.139479
0.067190
0.607645
0.274462
-0.482686
0.440679
-0.483864
-0.432486
0.379776
-0.165343
-0.171710
-0.210554
0.407773
-0.046829
0.154809
-0.427879
0.169899
-0.079663
0.175657
-0.247465
0.216969
-0.025035
0.394185
-0.015325
0.140723
-0.745033
-0.323447
-0.212722
0.160369
0.372406
-0.434083
-0.367581
-0.027319
0.441631
-0.175173
-0.081366
0.553488
-0.029498
0.345718
0.432232
-0.060704
-0.003988
-0.042576
0.107333
-0.538126
0.236675
0.144035
-0.115441
0.284386
0.359582
-0.350779
-0.045743
-0.044444
-0.297669
-0.129440
-0.211940
-0.089729
-0.327145
0.519012
-0.167738
-0.722165
0.559049
-0.254928
0.507244
0.104515
-0.260147
-0.044376
-0.074991
-0.532990
-0.428095
-0.585261
0.683653
-0.311747
0.050197
0.051110
0.228508
-0.716761
0.487279
0.040124
-0.016933
0.288202
-0.277331
0.359298
-0.328044
-0.029962
0.246232
0.440503
0.234717
-0.200202
0.389591
0.231235
0.087184
-0.348825
0.025015
-0.423726
0.303319
-0.484152
-0.414811
0.386143
0.162957
-0.408035
0.229074
0.211396
0.312270
-0.542219
0.413723
-0.280653
-0.287781
0.170674
0.362355
-0.144649
0.220951
0.236276
0.025740
-0.176214
0.292386
0.439345
0.026566
-0.523924
0.430899
0.069070
-0.600099
0.325019
-0.311911
0.407689
-0.226460
-0.595998
0.311256
0.060435
0.584909
-0.045935
-0.061731
0.263975
0.248442
0.290495
0.405964
-0.039428
-0.122238
0.323992
0.444405
0.570601
-0.086171
-0.245113
-0.239300
-0.412035
-0.373411
-0.233317
-0.004934
0.317569
-0.145699
0.555030
0.113923
-0.147273
0.019357
0.410516
0.019797
-0.140227
0.465554
0.004635
-0.446480
0.322015
-0.076364
0.508376
-0.098521
-0.061661
-0.277939
0.335049
-0.124234
0.141317
0.347175
-0.241667
0.396984
-0.128427
-0.137994
0.057757
0.319072
0.321310
-0.019372
-0.649642
0.275291
0.434515
0.013422
0.773491
-0.066244
0.737992
0.020467
0.439293
-0.188915
-0.353399
-0.222531
-0.400485
0.222503
0.469325
0.020168
-0.535984
-0.136685
0.153446
-0.252918
-0.567071
-0.326231
-0.076019
0.264768
0.174438
-0.282266
-0.535538
-0.351614
0.285697
0.098174
-0.076629
-0.577876
-0.389856
-0.062601
-0.258834
-0.539050
-0.374634
0.174952
0.562442
0.305597
0.289367
0.103935
-0.045475
0.407823
0.449309
0.004849
0.244528
0.344750
0.122827
0.190333
-0.245660
0.125291
-0.203192
-0.141152
-0.161466
0.195244
-0.469897
-0.276388
0.230922
-0.017467
0.088906
0.090329
0.139225
0.136278
-0.257566
0.406183
-0.126742
-0.085105
-0.185615
0.106047
-0.288587
-0.043807
0.122806
0.554921
-0.420933
0.208294
0.393884
-0.186276
0.049938
0.444582
-0.677305
-0.476591
0.539937
-0.514215
0.289098
-0.109226
0.243156
-0.239702
0.544801
-0.286352
-0.470405
0.027437
-0.005795
0.242784
-0.371594
0.707028
-0.551604
-0.287497
-0.271855
-0.588164
0.429557
0.357187
0.021526
0.187288
-0.152834
0.192486
-0.085651
-0.312509
0.127421
0.311799
0.069498
0.179479
0.167363
-0.405243
-0.224650
-0.102239
-0.284366
0.334589
-0.676240
0.238839
-0.249764
-0.255434
-0.223336
-0.414130
-0.097127
0.016442
-0.388963
0.450051
-0.214545
-0.146987
0.403891
-0.289946
0.315800
-0.252913
-0.210836
0.134544
-0.592220
-0.423758
-0.182570
0.310959
0.112470
-0.432674
-0.160356
0.043721
-0.277716
-0.427575
0.183670
0.511690
-0.453877
0.103780
0.251123
-0.469693
0.241854
0.251979
0.492385
0.034072
-0.089954
0.172740
0.056080
-0.323267
-0.216646
-0.593687
-0.112790
0.155801
-0.386894
-0.059407
-0.336149
-0.365065
0.377726
-0.267687
-0.249998
-0.619738
0.327920
-0.870877
-0.245968
-0.334826
0.248345
-0.372422
0.374808
-0.175998
0.366381
0.328538
0.466588
0.639670
0.279120
-0.112195
0.049277
-0.153035
-0.510641
0.464611
0.033194
-0.686644
0.112273
-0.113092
0.315381
0.512638
0.157075
-0.312749
-0.463322
-0.020844
-0.115911
-0.381986
-0.114302
0.291510
-0.029699
0.041364
0.283830
0.482737
0.027820
0.393078
0.433106
-0.535597
-0.060359
0.055662
0.264227
-0.043784
0.247879
0.334635
0.517363
-0.415031
0.475490
0.116832
0.238201
-0.183748
-0.031554
-0.263503
0.067566
0.658843
0.460227
0.046701
0.141064
0.503278
-0.336961
-0.386284
-0.010254
-0.099969
-0.406301
-0.238014
-0.326858
-0.160757
-0.424226
-0.136393
-0.007721
0.101259
-0.180402
0.318402
0.176958
0.035243
-0.279864
-0.030615
0.118260
-0.038399
0.317878
-0.108120
0.084174
0.245278
-0.123331
-0.134681
0.197724
-0.200807
-0.866746
-0.182183
0.250613
-0.036943
-0.244760
-0.763703
-0.220374
-0.194705
-0.858331
-0.137484
0.239121
0.014792
0.381816
-0.171762
-0.011813
0.191157
0.230148
-0.007887
-0.319119
0.012596
0.206456
-0.534616
0.248756
0.313293
-0.364409
0.406854
0.330571
-0.511703
0.203682
-0.380555
0.077924
-0.647373
0.156272
0.651918
-0.246682
0.323306
0.254983
-0.117673
0.008135
-0.385004
-0.364838
-0.028281
-0.068744
-0.030681
0.114655
-0.333426
-0.410365
-0.203362
-0.142040
-0.053305
0.426786
-0.647458
-0.183538
-0.281860
0.198223
0.492147
-0.617598
-0.508762
0.268361
0.170951
0.370553
0.195727
-0.318837
-0.505125
-0.100315
0.079785
-0.088335
-0.063684
-0.335973
-0.243069
0.429332
0.100427
0.105868
0.128265
0.002555
-0.385644
0.390785
0.366114
-0.521263
-0.381187
-0.435082
0.571188
0.214652
0.314269
0.441479
-0.353715
0.222057
-0.209968
0.416667
0.176672
0.379495
-0.504751
0.423855
-0.204590
0.070575
-0.074229
0.429396
0.510529
0.064697
-0.347560
0.402374
0.016796
0.281901
0.302898
0.484866
-0.174616
0.022765
-0.433910
0.256533
-0.194178
-0.069460
0.230550
0.425459
0.374597
0.305409
0.038149
0.109013
-0.215334
-0.033240
-0.192248
0.211430
-0.401714
0.265923
