-0.098334
-0.156599
0.148210
-0.105981
-0.384118
0.065030
-0.084257
0.105622
0.066817
-0.077291
-0.120035
0.108423
-0.433031
-0.533078
-0.452045
0.243725
-0.456328
-0.113201
0.198039
-0.494872
0.334551
0.113974
0.024149
0.382325
-0.087392
0.429981
0.096298
-0.291001
-0.036580
0.077319
0.095114
-0.206535
-0.483562
0.118205
-0.221649
-0.195762
0.079592
-0.097162
0.091531
0.154536
-0.031017
0.420461
-0.035324
0.043050
0.158292
0.388247
0.279695
-0.107499
-0.225822
-0.133868
0.349545
0.451758
-0.182483
0.369013
0.262703
0.606592
-0.513531
0.080437
0.428192
-0.297443
-0.106555
-0.464206
-0.544173
0.411871
-0.530841
0.537681
-0.317618
-0.599748
-0.350649
-0.567543
-0.179916
-0.044357
0.266827
-0.296779
0.065821
-0.374918
-0.188703
0.001319
-0.043694
-0.546440
0.022826
-0.478663
-0.609374
0.177380
-0.087740
0.120904
0.128723
0.415277
0.115355
0.050206
-0.148842
-0.045320
0.327279
-0.408089
0.070485
-0.698949
-0.227885
-0.192542
0.438945
0.194113
-0.432445
-0.102324
-0.113087
-0.171964
-0.013867
-0.435118
-0.392349
-0.008136
0.119840
0.188169
-0.077060
0.119307
-0.302766
0.040575
-0.148418
-0.571413
0.076353
-0.246999
-0.028883
-0.187273
0.210241
-0.241206
-0.592376
-0.417987
-0.086958
-0.185349
0.166632
0.190433
0.140214
-0.181164
-0.353109
0.723497
0.161007
-0.401001
0.256036
-0.029291
-0.118206
-0.632861
-0.125630
0.168855
0.218253
-0.690018
-0.183812
-0.055666
-0.270856
-0.094405
0.587434
0.155690
-0.111041
-0.373365
-0.023880
0.202542
-0.050425
-0.373006
-0.108870
0.469586
0.048847
-0.130905
-0.258880
-0.190107
0.156201
-0.097600
0.373634
0.055712
-0.031896
0.204480
0.392527
-0.725822
-0.284009
0.298069
0.230298
0.285398
0.200224
0.738597
0.193858
-0.591692
-0.290150
0.095475
0.454329
0.369539
0.120812
-0.456783
0.253887
-0.439079
0.395762
-0.217818
0.057470
0.403103
0.172946
0.020123
-0.555238
0.092944
0.345902
-0.402647
-0.317664
0.019405
0.541434
-0.468707
-0.191021
0.179026
-0.089049
0.180726
0.013649
-0.183978
-0.242606
0.256179
-0.203825
-0.499073
-0.019931
0.364332
-0.065689
-0.313925
0.099568
0.281522
0.404345
0.188796
0.004968
-0.352134
0.354812
0.365300
-0.559835
0.132277
0.145893
-0.562962
-0.036975
0.393074
0.059341
-0.417897
0.232147
0.407637
-0.396063
-0.127923
-0.177615
-0.288282
0.088577
0.492402
0.035252
-0.341903
-0.603272
0.253165
0.147928
-0.488812
-0.535218
0.102272
-0.308121
-0.352569
-0.248133
-0.106626
-0.467801
0.166146
0.541290
0.319245
-0.359615
0.275270
-0.404097
-0.847070
0.171345
0.357580
0.163523
-0.460722
0.803747
-0.720260
-0.482410
-0.345981
-0.010844
0.204369
0.299115
0.471416
0.050470
0.068536
0.208813
0.027637
-0.094243
-0.279141
-0.210129
0.459596
-0.143850
0.282870
-0.142094
-0.110160
0.162089
-0.385269
0.265440
-0.345678
0.186158
-0.660789
-0.750662
-0.267096
-0.270178
-0.312932
0.632978
0.220375
-0.073866
-0.214840
-0.414518
-0.093511
0.493778
-0.611527
-0.354810
-0.141808
0.635340
-0.574113
0.113595
-0.063102
-0.181022
0.143634
0.331814
0.096083
-0.188291
-0.311152
-0.259389
-0.685955
-0.477700
-0.109264
0.376994
0.308681
-0.263815
0.051046
0.151390
0.350584
0.128510
0.360512
0.105061
0.205982
-0.067024
-0.496270
-0.459341
0.403934
-0.029774
0.269916
0.314459
-0.166367
0.090179
0.077385
0.293636
-0.487154
0.462997
0.257691
-0.454185
0.457234
-0.535128
0.211281
0.018998
0.400200
-0.269811
0.438355
0.419481
0.065593
-0.517529
-0.436724
-0.310375
0.444990
0.506690
-0.256913
0.309785
0.175166
-0.192567
0.105354
0.243905
-0.416209
0.642334
0.027822
0.514623
-0.235939
0.029825
-0.126536
0.320881
0.231510
0.589175
-0.300357
0.348020
-0.038299
-0.089555
-0.150440
0.466500
0.337636
-0.302456
0.173517
0.020428
-0.229134
0.120709
0.320066
-0.202368
-0.184011
-0.415260
-0.097859
0.030798
-0.385680
0.302509
0.486915
-0.228701
-0.646342
0.321577
0.263303
0.411407
0.017152
0.430334
0.069220
0.045475
-0.370325
-0.285059
0.443446
-0.686977
-0.025788
-0.447639
-0.159582
0.370084
-0.120036
0.761131
-0.437803
-0.324197
0.297945
-0.305636
0.213155
-0.371683
0.090705
0.117332
-0.223215
-0.385757
-0.069167
0.127671
0.556216
-0.376328
0.129215
-0.028733
-0.230045
0.463941
-0.258953
-0.181391
-0.056552
-0.044725
0.383938
-0.433345
-0.479979
-0.158965
0.033005
0.007877
-0.415238
-0.003228
0.474007
-0.347448
0.064195
-0.008542
0.191375
-0.163183
-0.189311
-0.109078
-0.174190
0.032620
-0.234329
0.107062
0.146052
-0.156579
-0.122918
0.429610
-0.090132
0.161424
0.379380
0.920070
0.318121
0.298532
-0.007259
-0.015910
0.003955
-0.437027
-0.600509
-0.147370
0.063039
0.449928
0.022227
-0.186537
0.191272
-0.229813
0.378252
0.078290
0.019839
0.507355
0.094620
-0.400979
0.518132
-0.132965
-0.539119
0.152200
0.364904
0.385576
-0.423043
-0.354983
-0.065577
0.456407
-0.470974
-0.457917
0.251838
-0.046951
-0.088100
-0.698585
0.341351
-0.339417
0.256879
-0.020311
-0.163093
-0.439144
-0.588938
0.538013
0.145205
0.701660
-0.422379
-0.161854
0.347897
-0.045132
-0.330197
0.280850
0.201762
0.231188
-0.506647
-0.105594
-0.006612
0.167499
-0.193571
-0.161338
0.062473
-0.170863
0.402371
0.562251
0.346275
-0.185440
0.334889
0.339589
0.432275
0.157128
-0.354224
-0.242644
0.331482
-0.083234
0.320096
0.120629
0.398684
-0.164599
-0.384278
0.482212
-0.383484
0.138777
0.445167
-0.047620
-0.344341
-0.056418
-0.090531
0.295017
-0.045445
-0.145467
-0.226504
-0.100272
0.265698
-0.185560
-0.647104
-0.022701
-0.423811
-0.155627
-0.229595
0.498671
0.084660
0.305449
0.564352
-0.059101
-0.248889
-0.463950
-0.346235
-0.557095
0.352453
-0.355380
0.184400
-0.401135
0.306956
-0.373556
-0.110918
-0.487668
-0.190819
-0.060674
0.153017
-0.345116
0.018051
0.413205
-0.047450
0.042700
-0.043590
-0.215786
-0.183466
-0.245618
-0.579403
-0.001060
0.476721
0.285363
-0.294285
-0.256330
0.503616
-0.543398
-0.620688
-0.398258
-0.407446
0.392418
-0.140708
-0.194902
0.308296
-0.228882
0.724932
-0.014016
0.486399
-0.228549
-0.516996
-0.391882
0.434677
0.261972
-0.329152
-0.119811
-0.472597
0.438675
-0.374073
0.495170
0.043656
-0.210912
0.044036
0.729247
-0.376145
-0.371904
-0.518883
-0.615411
-0.125192
-0.091278
0.276260
0.487492
-0.022773
-0.207324
0.406858
0.015434
-0.394801
0.276562
0.012168
-1.005133
0.448781
0.565079
-0.607361
0.377820
0.090807
-0.392327
0.481810
-0.593052
0.172436
0.123683
0.081894
0.207365
0.301631
0.161982
0.176823
-0.252179
-0.268935
-0.021404
0.079311
-0.378357
0.021826
0.542556
-0.466002
0.288665
-0.700036
0.046701
-0.394638
0.145572
-0.301510
0.192301
-0.336530
0.532598
-0.396374
0.464604
-0.194142
0.133166
0.132645
0.050756
0.355530
-0.061021
-0.194901
0.368639
0.422026
0.048545
0.448996
-0.586275
0.355421
-0.139950
0.064034
0.316980
-0.229722
-0.291521
0.385180
-0.221969
-0.163067
-0.562053
0.330626
-0.180348
0.538280
0.269898
0.432025
-0.237436
-0.432597
0.176509
0.761306
0.023272
-0.098799
-0.487667
0.012238
0.021684
-0.333567
-0.384466
0.097186
-0.039107
0.315860
0.213098
0.589963
-0.054511
0.055088
-0.432825
-0.329966
0.112012
0.686804
-0.216066
-0.240514
-0.095041
0.161590
-0.156416
-0.216886
0.453713
0.105771
0.408117
0.182261
-0.146598
0.130546
0.274984
0.324429
-0.312741
-0.375962
-0.130519
-0.373580
0.629170
0.260976
-0.187558
-0.419046
0.051382
0.253616
-0.134429
-0.313794
-0.185518
-0.052455
-0.740934
-0.453035
0.715688
-0.329076
0.039145
-0.332771
0.144647
-0.087190
0.196852
0.587142
0.268109
-0.038469
0.204931
0.026588
-0.464777
0.318397
0.084803
-0.145713
-0.424517
-0.290618
-0.216182
-0.405013
0.140144
0.472931
-0.038595
0.210629
-0.003620
-0.089777
-0.289264
0.338873
0.493830
-0.277414
-0.309204
0.001833
0.166145
-0.659060
-0.447039
-0.154541
-0.129095
0.298369
-0.172897
0.239838
0.008706
0.041035
-0.237197
0.168023
-0.375664
0.056768
-0.183503
0.015632
-0.142452
-0.426455
0.026592
-0.075514
0.429739
-0.243351
0.262208
-0.322861
-0.302177
-0.813692
-0.620275
-0.524483
-0.089728
-0.456755
0.087119
0.547942
0.480987
0.427890
