0.208900
-0.200114
0.014908
-0.157761
-0.384118
-0.311890
0.152578
0.119463
0.488747
0.146608
0.243923
-0.695345
-0.008437
-0.431358
-0.086056
0.170119
-0.220071
-0.301685
0.396234
-0.296866
-0.221071
-0.229461
0.044048
0.449997
-0.148858
-0.076414
0.008960
-0.319527
0.470095
0.205261
-0.041620
0.167313
0.259579
0.192845
0.153467
0.124803
0.145204
0.493549
-0.175529
0.334049
0.300919
-0.357628
-0.376139
-0.039316
-0.619601
-0.543204
-0.053630
-0.075481
-0.076259
0.062005
0.333917
-0.227591
0.394607
0.118179
0.280695
0.303570
0.331962
0.021758
0.514672
0.252200
0.084798
-0.356086
0.520892
-0.383847
0.102860
-0.363057
0.365761
-0.297485
0.154088
-0.144091
0.169035
0.064715
-0.166681
-0.281196
0.325352
0.074995
0.162580
-0.097846
0.445731
-0.195373
0.647675
-0.261280
-0.485018
-0.260958
-0.246036
-0.103169
0.345345
-0.193320
-0.127233
0.141760
-0.100244
-0.244334
-0.122796
0.414222
0.192743
0.007744
-0.378864
0.515137
-0.118692
0.381238
-0.253190
0.181125
0.372231
0.230220
0.096646
-0.243177
-0.262782
-0.001300
-0.039796
-0.101064
0.451417
0.199508
-0.149981
-0.264007
0.398311
-0.465612
0.132916
0.106170
0.386950
-0.153016
-0.276455
0.361414
0.375236
-0.360497
-0.431458
0.311095
0.056979
0.150471
0.721287
0.299824
0.580070
0.232208
0.282164
0.170489
0.329277
-0.214229
-0.224427
0.380944
0.377226
-0.137337
-0.056790
0.171198
0.155342
0.434736
0.012993
0.368504
-0.207704
-0.290900
0.592845
0.415764
0.295637
-0.035646
0.234354
-0.417057
-0.191047
0.598798
-0.244140
0.117557
-0.077652
-0.392158
0.020174
-0.054421
0.633858
-0.048140
-0.472417
0.190770
-0.068165
-0.502464
0.271881
0.337478
-0.015249
0.042969
0.123129
0.037639
0.514257
-0.422858
0.307869
-0.444120
-0.240539
-0.403665
-0.373347
0.683883
0.153537
-0.291384
-0.080229
-0.285147
-0.108719
0.104058
-0.094581
-0.688349
-0.124636
-0.418360
-0.271903
-0.402647
0.058987
-0.371212
0.269411
-0.069120
-0.175905
0.577691
0.099195
0.175248
-0.302911
0.021593
0.274434
0.352883
0.420134
-0.135226
-0.528329
0.463086
0.377115
0.446660
0.206478
0.295929
0.399315
0.319578
0.344018
-0.293046
0.056378
0.750005
-0.525455
-0.546636
0.117907
0.202295
0.343251
0.578452
0.094169
-0.322194
0.179320
-0.294632
0.575314
-0.342247
-0.250596
0.303501
-0.432214
-0.434713
-0.033313
-0.245680
-0.446206
0.142118
0.371396
-0.375352
0.232695
0.010739
-0.399325
0.571492
-0.519764
0.373337
-0.488296
0.211716
-0.231658
0.186092
0.289846
0.153263
0.217766
-0.205657
-0.018488
0.565974
0.349965
0.224468
0.487012
0.017264
-0.446157
0.487344
-0.114167
0.167794
-0.480203
-0.240419
0.176136
0.260931
-0.033202
-0.071699
0.061904
-0.317322
0.041515
-0.649962
0.110905
-0.087715
0.339567
-0.432600
0.099714
-0.233108
0.147796
-0.159505
0.579810
-0.516992
0.388372
0.294868
-0.276605
-0.147564
-0.537308
0.038238
0.326198
0.317284
0.432232
-0.051167
0.493778
-0.253689
-0.427261
-0.587413
-0.571543
-0.374996
0.130869
-0.209197
-0.033254
0.331221
-0.078820
-0.276469
-0.192575
0.409213
0.166860
0.375229
-0.470332
0.094932
-0.235035
-0.519909
-0.173105
-0.043625
0.102128
-0.215296
-0.355656
0.132110
-0.071630
0.249515
-0.350540
-0.505844
-0.193052
0.056397
0.297678
-0.371409
0.020326
0.180750
-0.538775
-0.524612
-0.089135
-0.097466
-0.537040
0.007816
-0.266195
0.172581
0.036405
-0.026588
0.018998
0.301997
-0.433847
-0.430193
0.372107
-0.026692
-0.520518
-0.394116
-0.103920
-0.257368
-0.515218
0.027482
0.304299
-0.041077
0.094855
0.173174
-0.489608
-0.039192
-0.215285
0.371447
0.159263
0.049381
-0.252248
0.359984
0.061854
-0.373365
0.552915
-0.070208
-0.156101
0.037187
-0.292914
0.161248
-0.272727
0.087252
0.327001
0.456574
-0.007754
0.199095
-0.017155
-0.028725
-0.240523
-0.531412
-0.478775
0.479693
0.189435
-0.252798
0.302509
0.012050
-0.012140
-0.243067
0.637636
-0.548325
0.193626
-0.369196
-0.016594
-0.598993
-0.000708
-0.299706
-0.285059
-0.136554
0.313676
0.237809
0.096685
-0.602442
0.130662
-0.120036
0.408854
0.256124
-0.430377
0.477739
0.038571
0.333555
0.273602
-0.093889
-0.076364
0.570814
-0.368433
-0.605042
0.512788
0.059802
0.035748
0.119550
-0.043671
-0.410271
-0.244827
-0.101258
0.111104
-0.529873
0.353560
-0.404747
0.355501
-0.136462
-0.158965
0.299619
0.149341
0.001542
-0.053286
-0.417019
0.173022
0.227939
0.109250
-0.356002
-0.174477
-0.161874
0.132669
-0.498551
-0.515030
-0.189457
0.539006
0.519078
0.458685
0.100473
0.091992
-0.312979
0.109193
0.067404
0.049852
0.470339
0.222178
-0.396806
0.256975
-0.096338
0.310240
-0.468076
-0.029326
-0.472125
0.367452
-0.652859
0.235870
-0.306924
0.398839
0.161561
0.494591
-0.382948
-0.318037
0.442791
-0.265570
0.246977
-0.132965
0.326429
0.437684
0.366881
0.581787
0.250156
0.504271
0.088032
0.127936
-0.377874
-0.332848
0.237737
-0.110695
0.382195
0.446264
-0.044316
-0.341451
-0.194626
-0.024495
-0.228872
-0.058365
0.306897
0.322105
0.014752
-0.208676
-0.253986
-0.726001
-0.450350
0.342345
-0.295178
-0.092347
-0.093335
-0.541822
-0.480814
0.018804
-0.105354
0.228878
-0.421747
-0.145883
-0.404029
0.472586
-0.607252
0.070730
-0.326786
0.048370
-0.006837
0.116278
0.247767
0.203070
0.107276
0.292981
-0.049459
-0.521718
-0.236021
-0.577524
-0.575194
0.370368
-0.422150
-0.109019
-0.263517
0.390662
0.567176
-0.135478
-0.464734
0.340162
0.108065
0.944377
-0.297405
0.400490
0.584145
-0.517560
-0.539237
-0.097143
-0.250510
-0.351586
-0.055496
-0.342689
-0.441363
-0.280884
-0.138033
-0.449927
0.049147
0.014474
0.171656
-0.515352
0.143463
0.117020
-0.295266
-0.301520
0.175808
-0.294620
0.505735
0.256110
-0.094168
-0.403119
-0.319366
0.046757
0.030868
-0.418327
-0.055967
0.374373
-0.222088
0.260946
-0.186485
-0.339549
0.146466
-0.409152
-0.400830
-0.162341
0.354784
0.222353
-0.326181
-0.085176
0.536302
0.320661
-0.242425
0.301629
-0.255829
-0.558784
0.390145
-0.215777
-0.450356
-0.160668
-0.342107
-0.018707
0.382166
-0.534465
0.350243
0.248441
0.284916
-0.585032
0.463107
0.156245
0.390138
0.229827
-0.146174
-0.195815
-0.423367
0.042008
-0.074631
-0.139269
-0.030428
-0.609551
0.080185
-0.525217
0.173835
0.706913
0.276260
-0.395404
-0.297567
-0.143775
-0.083196
0.541091
-0.429987
0.474673
-0.002840
-0.112398
0.316827
0.565079
0.230770
0.545189
0.088366
-0.161558
-0.494626
-0.044695
0.416423
-0.138658
0.399043
-0.023267
0.139424
0.020722
0.090540
0.425674
0.194736
-0.170638
-0.254317
0.062831
0.021826
-0.407088
-0.375560
0.225365
-0.119428
-0.493795
-0.404459
0.243248
0.272283
-0.744019
-0.045127
-0.002108
-0.396374
-0.447133
-0.042887
-0.088042
-0.363886
-0.047653
-0.332589
0.394581
-0.127141
-0.092692
-0.231940
-0.561516
0.220069
-0.812285
-0.303220
-0.312526
0.179495
-0.098760
0.428170
-0.022604
-0.187820
-0.082663
-0.294012
-0.035554
0.171779
0.075821
-0.027771
0.104739
0.441546
0.219718
-0.443877
0.144193
0.462407
-0.205747
0.076400
-0.236236
-0.001599
0.396038
-0.302426
-0.384466
0.320352
0.133444
0.248701
0.384425
0.235925
0.005109
0.078274
-0.432825
0.256358
0.401652
0.012907
0.029905
0.223630
-0.013123
0.161590
0.185329
-0.068174
-0.155924
-0.466910
-0.308132
0.402898
-0.077630
0.545379
0.038506
-0.298498
-0.074012
0.658520
-0.018086
0.175392
0.248597
-0.383378
-0.506646
0.555635
0.353291
-0.424095
-0.174013
0.578024
0.108930
0.248189
-0.397901
-0.005012
-0.170856
-0.340344
-0.595999
0.742039
-0.362343
-0.411542
-0.514695
0.157534
-0.003770
0.247801
-0.050494
0.350238
0.157702
0.159952
0.487450
0.100499
-0.183078
0.410693
-0.216182
-0.441032
0.358613
0.001911
-0.324423
-0.006719
-0.025123
0.544266
0.388315
-0.102888
-0.240684
0.473248
0.674291
0.324018
-0.189220
-0.512698
-0.075682
-0.369546
-0.071472
0.271921
0.283734
0.215792
0.335175
-0.434494
0.025430
0.420056
-0.491003
0.056768
-0.291685
-0.199243
0.066088
-0.504290
0.160026
-0.587038
-0.548077
-0.747732
-0.647051
0.526532
0.395303
0.305409
0.448225
-0.363910
0.447232
0.094452
-0.634195
0.420173
-0.002776
-0.427549
