0.041650
-0.145858
-0.438654
-0.056224
-0.211541
-0.420906
-0.152157
-0.184348
-0.134297
0.426129
0.329326
-0.237925
0.513912
-0.241709
-0.011488
0.233663
0.125674
-0.343173
0.407304
0.132660
0.368905
-0.000685
-0.462568
-0.154575
-0.353384
0.317165
0.081995
0.296999
-0.190528
0.603952
-0.316854
-0.276083
0.398409
-0.473758
-0.360907
-0.004253
0.117849
-0.438010
0.023232
0.402453
-0.236171
0.019489
-0.667185
-0.215489
-0.258396
-0.497575
0.347328
-0.241347
-0.271648
-0.004955
-0.095176
-0.346303
-0.143810
-0.395131
0.693647
0.516925
0.164914
-0.191633
0.205082
0.130556
-0.218850
0.600707
-0.142558
-0.311820
-0.355749
-0.671009
0.036451
-0.082472
0.148082
-0.224906
-0.039931
0.460348
0.281235
-0.009136
-0.026578
0.225558
0.211768
-0.641299
0.060472
-0.471695
-0.042325
0.325198
-0.443520
0.487146
0.279429
-0.341349
0.444398
0.768937
0.474022
0.045139
-0.108629
0.136912
-0.393202
-0.155512
-0.040844
0.188616
-0.411599
-0.399624
-0.144031
0.368835
0.642065
-0.249579
-0.013304
-0.327442
0.296103
-0.074499
0.817502
0.035030
0.035385
-0.254867
-0.107388
0.160930
-0.446553
-0.113978
-0.225089
-0.128394
0.262981
-0.231700
-0.134196
0.313992
0.692383
0.200577
0.262951
-0.270764
-0.193542
0.394583
0.138225
0.365552
-0.105189
-0.318961
-0.968321
0.556039
0.104867
0.279213
0.805225
0.043564
-0.083690
-0.308261
0.315301
-0.044544
0.062465
-0.124298
-0.336205
-0.093877
0.362863
0.133904
-0.389172
0.168341
0.074101
0.040415
-0.148061
-0.294851
-0.109130
0.025115
0.242623
0.076273
-0.465579
-0.312001
-0.129999
-0.389288
0.032041
-0.170062
-0.096181
0.482480
0.282736
0.024403
-0.341256
-0.511789
0.422054
-0.285844
0.170954
-0.091012
0.107460
-0.188042
-0.460802
0.453382
0.232227
0.339984
-0.157985
-0.109214
0.326734
-0.156894
-0.238541
-0.456056
-0.043767
0.193477
-0.268671
-0.543221
-0.005152
-0.222276
0.450945
0.469754
-0.077201
-0.040556
0.381792
-0.165705
0.269411
-0.625480
-0.229205
0.481116
0.530077
0.141262
0.223232
0.021593
-0.211201
-0.295093
-0.340679
0.204367
0.019010
0.196748
0.211945
0.284083
0.003416
-0.313664
0.416242
0.180480
0.073242
0.157592
0.071920
0.007740
-0.217342
0.155277
-0.507215
-0.163116
0.428807
0.358353
-0.414554
0.406812
-0.328223
0.563217
0.022993
0.182197
-0.014958
-0.343584
-0.483734
0.049203
-0.019727
-0.161652
0.234637
-0.460017
0.436475
0.113020
-0.347572
-0.065955
0.201279
0.098131
-0.172507
-0.106626
0.589817
-0.513109
0.010582
-0.012203
0.649191
-0.229175
-0.178291
-0.179071
-0.153361
0.535936
0.080453
0.405295
0.502583
-0.298997
-0.292023
-0.520209
0.175448
0.225130
-0.104457
-0.546730
-0.061295
0.452078
-0.517940
-0.450755
0.286021
0.522793
0.377004
0.069692
-0.095751
0.433033
0.487325
-0.057340
0.295180
-0.109381
-0.168278
0.098125
-0.301196
-0.524910
-0.476927
-0.349115
0.482301
-0.168332
-0.387292
-0.535620
-0.335332
0.232150
0.574918
-0.120436
-0.055821
-0.628360
-0.166624
-0.276028
0.351656
0.231066
0.214903
0.564069
-0.569687
0.118436
0.156943
0.139010
0.158030
0.385544
-0.090539
-0.106106
-0.514696
-0.051235
0.426693
-0.191295
-0.193883
0.078923
-0.311023
0.261250
-0.370465
-0.010777
-0.193761
0.162055
-0.112303
0.407941
-0.459241
-0.485675
-0.325278
-0.359762
-0.096085
-0.229031
-0.059704
0.075863
0.339145
0.507897
-0.396278
-0.522365
0.217204
-0.148522
-0.777497
-0.171335
0.702913
-0.325897
-0.394806
0.321614
0.465068
0.338410
-0.520586
-0.524616
0.237093
0.242221
0.571008
-0.368403
-0.458847
0.017818
-0.376919
0.346917
0.285599
0.187083
-0.074925
0.135349
-0.278970
0.121344
0.318222
-0.123786
0.565027
-0.123664
0.025103
-0.091274
0.376548
0.343879
0.159135
0.345314
0.354848
0.383095
-0.293144
0.232794
-0.194868
0.498637
-0.084571
-0.252828
-0.363635
-0.111233
-0.222389
-0.367568
-0.016491
0.325353
0.268134
0.000163
-0.138053
-0.086639
0.172128
0.113091
0.424715
-0.170342
0.068245
-0.021159
0.374943
-0.496484
0.031538
-0.424937
0.176282
-0.047882
0.443022
0.066397
0.261654
-0.106699
-0.003319
0.329308
-0.419524
0.038600
-0.282697
-0.149324
-0.183462
-0.145830
-0.000735
0.553183
0.200174
0.134317
-0.069057
0.558544
0.349272
-0.322674
0.741592
-0.187605
0.451983
0.107342
-0.211616
-0.122410
0.343102
-0.029530
-0.407924
-0.390530
-0.431157
-0.290762
-0.135099
-0.291894
0.352282
-0.134503
0.059476
-0.106430
-0.243509
-0.286676
-0.140118
0.044409
-0.254913
-0.748131
-0.515030
-0.654381
0.144604
-0.168711
0.195176
0.177387
0.010380
-0.040091
-0.050879
0.144459
-0.653149
0.246927
0.176020
-0.447862
0.284375
-0.215165
-0.559719
-0.441786
0.274821
-0.228623
0.355212
-0.525290
-0.244800
-0.353461
0.593855
0.291083
-0.139642
0.222282
-0.695074
0.123146
0.002705
-0.152185
-0.555481
0.155331
-0.312999
0.153509
0.282766
-0.018375
0.423930
0.125292
-0.345217
0.022133
-0.516309
0.165271
0.763897
0.069027
-0.010616
-0.072565
-0.444406
0.385365
0.150642
0.101918
0.063549
0.293435
0.209029
0.462327
-0.474811
-0.659554
-0.055801
0.196883
-0.408746
0.519454
-0.023583
0.249562
-0.349073
0.316624
0.650084
0.400462
-0.587189
-0.276801
0.191380
0.390002
0.414562
0.280334
-0.166425
0.260226
-0.550699
-0.417929
0.213047
0.206724
0.625038
-0.393746
-0.284217
0.190832
-0.476333
0.474693
0.146833
-0.550854
0.265805
-0.191346
0.056210
0.003877
-0.394616
-0.274204
-0.571261
-0.685807
-0.132194
0.168313
0.325365
-0.089085
-0.406967
0.343617
0.524948
-0.402065
0.684886
0.535190
0.291688
-0.064517
0.354212
-0.191775
-0.347312
-0.143942
0.464805
0.481994
-0.161471
0.094880
0.174422
0.274790
-0.131849
-0.028186
-0.642969
0.209529
-0.134037
0.276287
-0.455215
-0.274121
0.024106
-0.355540
-0.251956
0.377245
0.236051
-0.032093
0.300808
-0.095524
0.065696
0.570329
-0.075361
-0.242047
-0.031182
-0.229911
-0.027681
-0.180408
0.086479
0.073032
-0.153757
-0.197064
-0.668159
-0.721272
-0.300741
-0.370656
0.271347
-0.201281
0.166599
0.077347
0.481304
0.069335
-0.235529
-0.033984
-0.643837
0.008800
-0.234107
0.175005
-0.427097
0.002755
0.240076
0.128413
-0.383805
-0.142188
-0.724905
-0.107305
0.360763
-0.194773
0.461829
0.078551
0.073364
-0.013407
-0.031214
-0.242489
-0.430132
-0.167721
0.379392
0.090745
-0.443008
0.174570
-0.002273
-0.351048
0.330108
0.329936
0.473650
-0.148633
0.068796
-0.024882
-0.725726
0.361763
0.158211
0.467366
-0.530665
0.504409
0.193006
0.221681
0.127814
0.149815
-0.410167
-0.800560
-0.038752
0.130303
0.379685
0.249558
-0.317708
0.255120
-0.235582
0.548263
-0.504407
0.270261
0.024784
-0.182294
0.099229
-0.336214
0.625040
-0.258945
-0.313211
0.394188
-0.395092
-0.483526
-0.161435
-0.478012
0.025281
0.406514
-0.107465
0.057517
-0.019074
-0.015259
-0.245527
-0.633290
-0.688355
0.151845
-0.051230
-0.522857
0.241100
0.628936
0.233953
0.183044
0.194240
-0.219696
-0.275681
-0.199832
-0.182183
-0.072333
0.515270
-0.274929
0.551582
0.250126
-0.351606
-0.588141
0.196996
0.485284
0.368556
-0.452204
0.229875
0.176426
-0.087301
0.453752
0.629156
-0.088982
0.188294
-0.023151
0.113299
-0.664529
-0.527375
-0.080061
0.359233
0.559959
0.136435
0.426069
0.253248
0.274859
-0.012605
0.175467
0.266561
0.025125
-0.297622
-0.068576
-0.369596
0.037735
0.405299
0.352187
-0.242945
0.138342
0.070458
0.173171
-0.623224
-0.050530
-0.077414
-0.263544
-0.543159
0.123896
-0.063697
0.576235
-0.120823
-0.026719
0.544765
0.284766
-0.203416
-0.115869
-0.508205
0.146562
0.100560
-0.205478
0.077099
-0.261428
-0.465503
-0.296125
-0.097899
-0.267505
0.082725
-0.527783
0.264656
-0.145713
-0.257939
0.497754
-0.300965
-0.274044
0.599164
0.134462
-0.344557
-0.021348
0.000508
-0.185706
0.237985
-0.366533
-0.091187
-0.089348
0.687233
0.261384
0.404938
-0.538829
0.054783
-0.346793
-0.097077
0.325108
0.141359
-0.256060
-0.253028
-0.070865
-0.221570
0.157236
0.022555
0.121056
0.176604
0.096244
0.267744
0.106043
0.153907
0.368525
0.203711
-0.172641
0.617303
-0.057227
-0.364459
-0.207027
-0.131925
-0.395679
-0.013968
0.127359
0.284812
0.228340
0.342051
0.285276
