-0.235459
0.072272
-0.188365
0.001168
0.225243
0.269836
-0.693871
0.023261
-0.086655
0.253345
0.172292
-0.001107
-0.139829
-0.256650
0.363883
-0.160394
-0.206793
0.031847
0.468476
0.197819
0.188099
0.006691
0.049619
-0.264703
-0.539321
-0.069000
0.395175
-0.483133
0.152407
-0.262446
0.315802
-0.042875
-0.341590
0.200552
0.293322
0.412369
-0.311539
-0.595682
-0.440253
0.265802
0.320149
-0.331090
-0.249445
-0.198291
0.418105
-0.367827
-0.376670
-0.226177
0.350824
0.085192
-0.093515
-0.239726
0.605681
-0.386097
0.203093
0.285760
-0.144345
0.047698
0.060734
-0.299437
0.015173
-0.193844
0.023808
-0.404130
0.236426
0.421994
-0.665638
-0.125829
0.258785
0.038467
0.751358
0.536530
0.171301
-0.408066
-0.206510
0.162550
-0.246521
0.173466
-0.713779
-0.525682
-0.063171
0.264743
0.062310
-0.233614
0.126421
0.130737
-0.117700
-0.387991
0.008770
-0.424912
-0.263613
-0.244334
0.397731
-0.105915
-0.312439
-0.016635
0.213751
-0.610041
0.216851
0.237271
-0.158045
0.437969
0.354427
0.470653
-0.139324
-0.319140
-0.030311
-0.344837
-0.100181
-0.357191
-0.364700
-0.193540
-0.024168
-0.107291
-0.098874
0.264171
0.165590
-0.099115
0.205498
0.168060
0.554665
-0.195120
0.015740
-0.083808
0.143064
-0.303972
0.047818
-0.015516
-0.000899
-0.300626
0.436064
-0.642850
0.093249
-0.530287
-0.401307
-0.790836
-0.124551
-0.399358
0.621956
-0.019981
0.217611
-0.340661
-0.200878
0.299776
-0.498411
0.368504
-0.373050
-0.092155
0.575892
0.331120
0.250390
-0.015087
0.330701
-0.288869
-0.028916
-0.218334
-0.278484
-0.304918
0.392350
-0.325181
-0.329006
-0.364822
0.059075
-0.794267
0.053479
0.618238
-0.559481
-0.162996
0.364813
-0.223320
-0.068796
-0.016353
0.517420
-0.012961
0.407829
0.264946
0.502672
-0.139473
0.638283
0.401093
0.404497
-0.342185
-0.032508
0.260353
-0.332497
0.287869
0.003479
0.202357
-0.005212
0.296164
-0.458762
-0.570679
-0.426193
0.235401
0.446545
-0.038828
-0.018000
-0.643696
-0.244227
-0.515916
0.314932
0.121072
-0.420617
-0.286217
0.408160
-0.291282
-0.418176
-0.296025
0.326025
-0.324935
0.181559
-0.153074
0.596888
-0.109162
0.439874
0.102825
0.408610
-0.204589
0.660243
0.323944
-0.097120
0.074507
0.145052
0.581219
0.575533
-0.113010
-0.461727
-0.350578
0.096706
-0.507462
0.201085
0.307226
0.362128
0.509014
-0.229308
0.398227
0.137087
0.377105
-0.334944
-0.312445
-0.486342
-0.430096
-0.420384
0.040275
0.603553
-0.305497
-0.241816
0.094581
0.410161
0.395315
-0.152043
-0.341578
-0.068343
0.099687
-0.064508
-0.244312
-0.337175
0.412922
0.209560
0.268318
-0.295988
-0.163425
-0.246010
-0.349595
0.027413
-0.159442
-0.473160
-0.300493
-0.107528
0.007227
0.309605
-0.068191
0.263367
0.330731
0.351450
0.360270
0.098811
-0.027680
-0.294107
0.406150
0.059633
-0.499515
-0.060804
0.380692
-0.290926
0.455106
0.359031
-0.131932
0.404955
-0.496722
-0.268203
-0.571726
0.147823
0.270985
0.493774
0.046514
-0.264994
-0.004058
-0.021171
0.221329
0.196971
-0.114575
0.348542
-0.419632
0.034302
-0.063061
-0.033779
-0.101091
0.085063
0.416745
-0.308528
-0.469749
-0.456723
-0.106606
0.392920
-0.289864
-0.126976
0.082445
-0.113926
0.427189
-0.228849
0.117050
0.033076
-0.197899
-0.575610
-0.878166
0.196164
0.223677
-0.652308
0.348299
0.297615
-0.340299
0.280746
0.296898
-0.027463
0.068129
-0.514573
-0.027703
0.088378
0.498189
0.350786
0.717082
-0.041464
-0.219599
-0.098017
0.504217
-0.422552
-0.072108
-0.694012
-0.317298
-0.261016
-0.481227
0.009878
-0.131629
-0.157886
0.288096
0.089274
0.179689
0.446667
-0.080469
-0.163362
0.403842
0.563952
0.486585
0.335963
0.467754
0.027046
-0.617834
0.225452
0.063097
0.714371
0.475159
0.428400
0.466836
0.317387
0.085542
-0.799385
-0.214720
0.422358
0.401019
0.520796
-0.144751
-0.183271
-0.059653
0.269806
0.320110
0.035263
-0.267543
-0.156653
0.115525
-0.134433
-0.025333
0.329216
-0.163273
0.342731
-0.287672
-0.361987
0.369614
0.144693
-0.589028
-0.282211
-0.104233
-0.313464
0.235703
-0.093793
0.040487
0.222826
-0.322065
0.284683
0.231586
0.531907
0.240063
0.407655
0.081163
-0.184501
-0.268214
0.251118
0.199195
-0.503596
-0.142309
0.219200
-0.394096
0.209450
-0.034115
0.060139
0.016736
-0.274604
0.200733
-0.243160
-0.399607
0.001902
0.059341
-0.232054
-0.575100
0.443189
-0.209087
-0.153794
0.503781
-0.281521
-0.327170
0.300398
0.239902
0.133736
0.611088
0.070684
-0.226344
-0.100477
-0.233137
0.484649
0.298686
-0.063639
0.144258
0.267750
0.217101
-0.156292
-0.622021
0.199111
0.339608
0.378839
-0.105443
0.251001
0.360843
-0.355785
-0.316533
0.307914
-0.254070
-0.091635
-0.116375
-0.481763
-0.038740
-0.368726
-0.137619
-0.539549
-0.176167
0.686994
-0.320477
-0.266214
0.144281
-0.283865
0.250092
-0.108306
0.551373
0.307771
0.440886
-0.448724
0.335042
-0.264883
0.569341
-0.471165
0.103016
0.500612
0.260753
-0.236196
-0.338112
-0.372842
0.128872
-0.359366
0.170499
-0.133791
-0.218853
-0.331918
0.302480
-0.131576
-0.141392
-0.045122
-0.334444
-0.006868
-0.288645
-0.309014
-0.276635
-0.395027
0.324707
0.212323
-0.148901
0.661403
-0.249759
0.304197
-0.205690
0.174454
0.495990
-0.340269
0.580915
-0.262275
-0.036245
0.165163
-0.403874
0.188921
-0.075307
-0.003311
-0.495159
0.434846
-0.043225
-0.538489
0.579755
-0.090407
-0.375587
-0.106238
-0.325646
0.005448
-0.313943
-0.063237
0.481733
-0.141087
0.338859
0.658450
-0.377336
-0.205830
0.158916
0.060450
-0.252939
-0.097291
0.376783
-0.047590
-0.181571
0.445704
-0.253552
0.351916
0.065018
-0.314806
-0.750260
0.188205
-0.098478
0.066087
0.446318
0.008654
0.144763
-0.225935
0.306916
-0.307698
-0.627212
-0.194475
0.556421
-0.318270
0.516466
-0.395102
-0.392818
0.128414
-0.431604
0.192308
-0.419852
0.405714
0.362564
-0.288937
0.567395
0.320281
0.532428
-0.191496
-0.230413
0.392228
0.467936
-0.185117
0.249670
-0.175589
0.189155
-0.231796
0.254885
0.321137
0.079509
0.036549
0.376387
-0.273442
0.339583
0.524293
-0.177945
0.103733
0.458988
-0.569692
-0.127223
0.037951
0.278249
-0.522945
0.320055
0.259859
-0.418521
0.185122
-0.116611
-0.084600
0.282248
0.128803
0.229823
0.473304
0.308139
-0.093589
0.287286
0.325000
0.247609
0.040193
-0.129299
0.449448
-0.077535
0.422544
-0.511463
0.188125
0.468936
0.613997
0.109179
-0.874579
0.096604
-0.367440
0.219090
-0.049015
-0.259190
-0.210311
0.467366
-0.039192
-0.023771
0.313189
0.120437
-0.048138
-0.494682
0.333519
-0.170965
0.554369
-0.136605
-0.113822
0.569857
-0.100554
0.344792
-0.246223
-0.062144
0.294790
-0.096856
0.220127
0.459984
0.054010
0.220159
-0.929550
-0.115870
0.069944
0.048047
0.730767
0.252660
0.476557
-0.126431
0.278952
0.313073
0.494130
-0.388897
-0.055418
-0.038423
-0.528279
0.700713
0.123340
0.226438
-0.194164
-0.382520
0.405258
0.629498
0.558025
-0.217110
-0.028627
-0.104176
-0.185516
-0.463744
-0.347691
0.274939
0.254106
-0.079207
0.448950
0.415362
-0.026265
0.295435
0.410252
0.495017
0.539162
0.085978
0.033310
0.464122
-0.278173
-0.405476
0.353092
-0.291852
-0.030091
-0.817928
-0.176774
-0.087685
-0.432825
0.304306
0.085931
0.373939
0.368510
0.196479
0.210391
-0.467024
-0.317980
-0.417001
0.390713
0.369484
-0.374340
0.640393
0.067472
-0.317901
0.345551
-0.328782
0.157022
-0.097678
-0.176628
0.460417
0.286177
-0.075825
-0.297691
0.005012
0.365490
-0.513947
-0.478599
0.131800
0.438659
0.321654
0.560771
-0.015680
-0.548509
0.038984
0.000079
0.417189
-0.154445
-0.219952
-0.427896
-0.343900
0.123821
0.124896
-0.217362
-0.192000
-0.006475
-0.365075
0.189034
0.064976
-0.242315
-0.061139
0.237172
0.285348
-0.322181
-0.607631
-0.365527
0.253421
-0.220719
0.130934
-0.245501
-0.200151
-0.049222
-0.177905
-0.478842
-0.455710
-0.306328
-0.512965
0.075349
0.654844
-0.033433
0.403103
0.379209
0.034614
-0.193648
-0.310834
-0.135220
0.112711
0.079717
0.093028
0.126194
0.026490
-0.290926
0.370762
-0.386555
0.119778
0.360859
-0.087258
0.139239
0.488084
-0.689695
0.138663
0.023295
-0.331586
0.460743
0.059032
-0.614092
0.051199
-0.568040
0.331022
