0.381881
-0.333450
0.001291
-0.047319
0.112403
-0.418981
-0.226499
0.139263
-0.146181
0.389372
-0.147668
0.251602
-0.332616
0.445349
-0.092791
-0.436944
0.319156
0.215488
0.304399
0.501458
-0.447932
-0.129110
-0.072393
-0.264703
-0.517560
0.352720
-0.147805
-0.156621
-0.155460
-0.144369
0.336983
-0.264849
0.289422
-0.241989
-0.062133
0.312966
0.037001
0.314782
0.041243
0.005760
-0.565051
0.252869
-0.330391
0.621784
0.478738
0.467846
0.523901
-0.181927
0.151413
0.416968
0.192982
0.018355
0.405426
-0.250213
0.001866
-0.367764
-0.513531
-0.159858
-0.155118
-0.429691
0.035748
-0.297541
0.011901
-0.542124
-0.116689
-0.411296
-0.726810
0.075517
-0.442282
-0.281876
0.194328
0.016576
0.301828
0.422343
-0.567306
-0.635872
-0.057827
0.054000
0.526859
-0.125642
0.390592
0.273960
-0.377120
-0.191300
-0.435907
-0.138581
-0.337159
0.668708
-0.130386
0.555946
0.043323
-0.042894
-0.481266
-0.090146
-0.246679
-0.031159
-0.066066
0.407406
0.303012
0.233410
0.027625
-0.527276
-0.315607
-0.330826
-0.178741
-0.305086
0.420804
-0.464229
-0.022501
-0.107461
0.385660
0.031377
-0.284981
0.539576
0.007797
-0.208441
-0.047423
-0.259076
-0.121831
0.262496
0.361456
0.014332
-0.654641
-0.423410
0.072453
0.143674
0.217454
0.152395
0.215031
0.190036
0.306672
0.771142
0.105579
0.258227
-0.337311
-0.445655
-0.067819
0.244756
-0.194000
0.497227
-0.357569
-0.000982
0.072837
-0.241644
-0.634823
-0.254785
-0.390326
0.175536
0.377105
-0.532273
-0.089586
-0.443064
0.177041
-0.428532
-0.309377
0.105624
0.485041
0.225202
0.118628
-0.547316
-0.467973
0.211377
0.806644
-0.114982
-0.157249
0.053819
0.135077
0.321139
0.528771
0.210147
0.484085
-0.104747
0.108335
0.558936
0.195955
-0.115345
0.310020
-0.117117
0.330810
-0.249061
-0.333603
-0.625362
0.356277
-0.423138
0.296807
0.018860
-0.132128
-0.109376
0.161216
0.277880
0.011941
-0.213124
-0.455946
-0.377679
-0.391872
0.029740
-0.334183
-0.015259
-0.517747
-0.674436
0.214263
0.120181
-0.503930
-0.023225
0.255834
-0.031019
0.163583
-0.112679
-0.416272
0.448037
0.040616
-0.233759
0.203150
0.417088
-0.360489
0.290846
-0.203503
-0.250382
0.397900
0.371730
-0.134050
0.434703
0.320676
0.094510
-0.458822
0.018601
0.650113
-0.479028
-0.069095
0.065961
0.545216
-0.264797
-0.187724
0.082890
-0.264307
0.452718
0.317226
0.148222
-0.013460
0.340424
-0.513152
-0.336004
0.187413
0.167372
-0.456889
0.463056
0.115039
-0.363131
0.526911
-0.207902
-0.317521
0.175712
0.369373
0.356073
-0.529963
0.151914
0.697364
0.169291
0.425572
-0.112396
0.313133
0.102219
-0.225683
-0.340575
-0.166830
0.023273
-0.129314
0.406913
-0.132054
-0.012315
-0.312473
-0.246371
0.402894
0.522793
0.394764
0.054754
0.121505
0.137380
0.298956
0.385658
0.449068
-0.057859
0.141773
0.156693
0.656634
0.117107
-0.620305
-0.186878
-0.402197
-0.390081
-0.139925
0.512068
0.252810
-0.521091
0.048244
-0.160873
-0.452112
-0.488698
0.416785
0.138215
-0.472170
0.367794
0.031623
-0.282503
0.071215
-0.365191
-0.339132
0.402837
-0.414105
0.301265
-0.157723
-0.307679
-0.530268
-0.417462
-0.181564
0.247592
-0.031808
0.374094
0.388963
0.380851
-0.119434
0.293460
0.050321
-0.007955
-0.510446
-0.265516
-0.169581
-0.646334
-0.022255
-0.579052
0.032062
-0.345766
0.143848
0.001018
-0.132085
-0.195074
-0.348849
-0.456161
-0.159764
0.099192
-0.385133
-0.379156
0.404830
0.394156
0.345816
0.407958
-0.102098
0.324723
-0.406981
-0.319211
-0.203087
-0.585471
0.283332
0.176135
0.098398
-0.255101
-0.208013
0.515536
-0.275474
-0.023074
-0.252944
0.368957
0.305887
-0.390175
0.346723
0.119013
-0.311553
-0.123525
0.129624
0.230008
0.507333
0.328018
0.293166
0.541796
-0.144347
-0.209036
-0.065865
-0.138979
-0.227129
0.110487
-0.473167
-0.340077
0.137205
-0.616691
-0.023742
-0.556013
-0.003870
0.099956
0.000554
-0.074948
-0.279401
-0.595855
0.271006
-0.342971
-0.435699
0.388722
-0.143290
0.240512
-0.338286
0.224888
0.062099
0.382537
-0.247544
-0.076493
-0.439961
0.156848
0.661840
-0.200254
-0.456427
0.191956
-0.388222
0.358352
0.608894
0.492565
0.276472
0.282391
-0.194955
0.172293
-0.275185
0.048519
0.131918
0.004010
0.269448
0.236698
-0.175078
-0.587765
-0.288068
-0.403541
-0.202747
-0.184827
0.017037
-0.402756
0.132007
0.304617
0.002876
0.154969
0.164604
0.452957
-0.021412
0.256911
0.059545
0.366256
0.479946
-0.211176
-0.009509
-0.132465
0.139770
0.058525
0.323453
-0.435373
-0.335434
-0.019969
0.578487
0.192138
-0.576493
0.037447
-0.469046
0.650365
0.431599
0.322257
0.227792
-0.098438
0.020971
-0.012586
-0.577982
-0.208020
0.306291
0.190855
-0.311233
-0.195246
-0.357871
0.062202
0.257810
0.491430
0.028082
-0.309214
0.084154
0.088425
0.233932
-0.162324
-0.498985
-0.335233
-0.440627
0.131672
-0.091050
-0.657563
-0.031246
0.109609
0.267201
-0.294184
-0.293023
0.260753
-0.275757
-0.205384
0.240166
-0.155735
-0.037747
-0.318176
0.134759
-0.095304
-0.682025
0.232426
0.040857
0.516512
-0.209695
-0.025024
0.330601
0.790113
-0.273079
-0.295178
-0.302831
0.126218
-0.205281
-0.351905
-0.419341
-0.239371
-0.647190
-0.399640
-0.209912
-0.200988
0.007494
-0.145607
0.028930
0.304176
0.323568
0.051387
-0.162160
0.121539
-0.192972
0.249462
-0.154513
0.275130
0.081151
-0.076724
-0.269159
0.398684
0.351793
-0.312359
0.001080
-0.661669
0.260102
0.422700
-0.180202
-0.405879
-0.155152
-0.049864
-0.038463
-0.214378
0.466549
-0.297023
-0.303145
-0.222519
0.238839
-0.561425
-0.178995
-0.390504
0.448761
-0.056734
-0.311424
0.124577
0.258268
0.182280
0.149919
0.018554
-0.575848
-0.243038
-0.616103
0.406665
0.033177
0.568588
0.081166
0.213416
0.331307
0.413708
-0.714059
-0.417878
0.007828
0.190694
0.146884
-0.271176
0.800896
-0.068488
-0.203610
0.318247
-0.636225
-0.015654
-0.023678
0.237391
0.334682
-0.152368
-0.029047
0.387829
-0.065014
-0.539932
-0.451155
-0.110562
0.679321
0.114864
-0.062803
0.279789
0.185715
0.060370
0.204466
-0.274983
-0.166984
-0.332575
0.244402
-0.497676
-0.145907
0.131334
0.367920
-0.305589
-0.574878
0.682522
0.140867
-0.142188
0.313057
0.120755
0.113682
0.526022
-0.222305
0.509056
-0.450496
0.107899
0.485375
0.022626
0.044209
0.534043
-0.015381
0.190067
0.325148
-0.276289
-0.427380
-0.351048
0.019453
-0.315814
0.390055
-0.469491
0.610808
-0.408109
0.044151
0.048928
0.100867
0.513128
-0.049194
-0.390311
0.128946
0.383817
-0.434666
-0.040845
0.409041
0.658215
0.427742
-0.032072
-0.066011
-0.321238
0.269269
-0.228644
-0.291300
-0.172047
0.112092
-0.133716
0.014742
0.160534
0.154854
0.337059
-0.665116
0.176920
-0.253869
-0.045446
0.659082
0.026498
-0.222595
0.104211
0.232772
0.076074
-0.072159
0.462647
0.267402
-0.563428
-0.240010
0.160360
-0.202125
-0.238566
0.073787
-0.358242
-0.393833
0.004645
0.007943
-0.516480
-0.228593
-0.689640
0.154779
-0.752924
-0.058790
-0.599098
-0.252545
0.147669
-0.744359
-0.584285
0.349665
-0.797835
0.103136
0.051414
0.134408
-0.274663
-0.041115
-0.183033
0.297832
0.577359
0.365908
0.283898
0.279537
-0.463603
-0.236409
0.404675
0.343520
0.421133
0.409354
0.424031
-0.174466
0.225516
0.324451
0.313886
-0.444106
0.259712
0.148521
-0.335964
-0.191629
-0.130555
-0.303041
-0.279447
-0.693964
0.263991
0.209130
0.220339
0.048439
0.327428
-0.428254
-0.189932
-0.092368
0.517223
0.471801
0.458129
0.237167
-0.077100
0.154567
0.288864
0.410418
-0.093688
-0.466088
0.153812
0.053287
0.270049
-0.275092
-0.166684
-0.388830
-0.387093
-0.470180
-0.419873
0.318442
-0.689905
-0.167528
-0.027820
-0.377526
-0.748890
0.120317
0.275085
-0.170113
-0.187725
-0.241472
0.283647
0.020861
0.384642
0.701489
0.240099
-0.280314
-0.498322
0.188817
0.538667
-0.313716
0.426339
0.269970
-0.227127
-0.502038
-0.358080
0.417347
-0.170245
0.109488
-0.679387
-0.198915
-0.431676
-0.321059
-0.274887
0.414190
-0.467209
-0.285408
-0.370394
-0.174616
0.047957
0.301792
0.248085
-0.307032
-0.330051
0.002980
0.592721
-0.382968
0.242646
0.447218
0.310783
0.045711
0.299613
0.143959
0.541545
0.119326
-0.162835
