-0.129659
-0.077206
-0.079423
0.116247
0.454187
-0.289654
-0.223206
0.149635
-0.087404
0.426129
-0.270120
-0.381731
0.125855
-0.168529
-0.055141
0.204931
-0.496467
0.595033
-0.185904
-0.522632
0.629190
-0.339086
-0.453847
0.360380
-0.353384
0.375503
0.011637
0.296999
0.477851
0.603952
0.768718
0.385127
0.431756
-0.281326
-0.128061
0.030138
0.625997
0.467992
-0.160455
0.421883
-0.334572
-0.041163
0.323461
-0.220210
-0.433429
-0.601627
-0.219968
0.309388
-0.031333
0.385145
-0.489303
0.132144
-0.270591
-0.422977
-0.115683
-0.387499
-0.361379
-0.191633
-0.153951
0.255566
0.044949
-0.377527
0.140630
-0.248659
-0.225329
-0.556120
-0.846620
0.145972
0.380094
-0.193452
0.355164
0.460348
0.177166
0.002139
0.564838
-0.277168
-0.013241
0.397606
-0.277571
-0.253008
-0.130237
-0.276375
-0.645165
-0.005674
-0.021956
0.029600
0.032555
-0.623135
0.474022
0.045139
0.204251
-0.695673
0.009942
-0.222273
-0.016293
-0.583391
0.188360
0.166086
-0.280092
0.202468
-0.291893
0.206660
-0.156640
0.666835
0.302197
-0.184953
-0.224961
0.246336
-0.389342
0.262136
0.024408
-0.284611
0.386872
-0.442129
-0.430744
0.131015
0.209363
0.053212
-0.027676
0.453179
0.743663
0.746509
0.290898
-0.428996
0.359588
-0.349847
0.059894
0.210823
0.037386
0.492515
0.284662
0.554154
0.175056
0.260018
0.017428
-0.236168
-0.224427
-0.756813
-0.154599
0.381637
-0.155305
-0.041441
-0.108531
0.262556
-0.595711
0.214623
0.119086
0.009352
0.370773
0.109369
-0.442864
-0.220789
0.330701
-0.190496
0.399069
-0.028952
-0.465579
0.154381
-0.279426
-0.309547
-0.298279
-0.054241
-0.096181
0.303485
0.225070
0.588250
-0.002039
-0.257655
-0.104275
-0.404177
0.209379
-0.043083
-0.181516
0.322192
0.283810
-0.211280
0.247330
-0.370255
-0.107200
-0.377441
-0.206676
-0.083045
0.153537
0.429529
0.681950
0.072798
-0.237061
-0.543221
0.088534
-0.225049
0.549475
0.423784
-0.184105
-0.096576
0.580893
-0.014262
0.293918
0.153199
-0.091623
0.431309
0.319579
-0.115346
0.271305
-0.095076
-0.139937
-0.306630
-0.076622
0.142015
0.283492
-0.016629
0.065164
0.518968
0.124059
0.276121
0.620526
-0.172197
0.199533
-0.304172
-0.109299
0.018113
-0.029686
-0.184440
0.341049
-0.275569
0.462933
-0.022323
-0.442293
-0.200760
-0.056818
0.339500
0.041450
0.108955
0.382379
-0.288102
-0.419799
-0.472706
-0.048060
-0.204329
-0.227395
-0.440769
-0.252392
0.162271
-0.600555
0.138396
0.201279
0.098131
-0.414733
-0.095358
0.504622
0.039371
0.351174
-0.032222
-0.015736
-0.152607
0.515442
-0.216226
-0.234583
0.483725
-0.177569
0.405295
0.265519
0.048462
-0.022336
-0.338844
0.175448
-0.009731
-0.609617
0.407773
-0.031360
0.712949
-0.379837
-0.312316
0.286021
0.048103
0.324413
0.017176
0.195347
0.516605
0.339567
-0.065634
0.304006
-0.174037
0.413308
0.036246
0.485984
0.005247
-0.213484
0.124218
0.429782
-0.292491
0.059748
0.438374
0.325105
0.409975
0.574918
-0.157742
-0.400653
-0.634434
0.393421
0.536603
0.448684
-0.142849
0.440164
-0.095387
0.147799
-0.373990
-0.031915
0.163039
0.197639
0.385544
-0.058863
-0.171432
0.252607
0.519012
0.437949
-0.533895
-0.404501
0.030489
-0.047906
-0.014168
0.052061
-0.040549
-0.160799
-0.210110
-0.488062
0.407941
-0.459241
0.293455
-0.456484
-0.359762
-0.096085
-0.059809
0.124425
-0.169023
0.207880
-0.678244
0.416183
-0.336158
-0.387848
0.433972
0.095810
-0.077344
0.185251
-0.233236
-0.531350
0.494185
0.519179
-0.363245
-0.667308
0.373554
-0.172892
0.305439
0.374356
-0.414273
-0.138717
-0.476237
0.135756
0.167400
0.285599
0.074546
0.161481
0.592168
-0.291291
0.121344
0.309400
-0.117664
0.218945
0.135121
0.103022
0.009814
0.227283
0.234515
0.427590
0.247527
-0.084415
0.052145
-0.203350
-0.411630
0.020186
0.417265
-0.071836
-0.693228
-0.481424
-0.224854
-0.502808
-0.313187
-0.016491
-0.334113
0.573001
0.031819
0.513231
-0.128006
0.271287
-0.690051
-0.400015
-0.396264
0.210262
0.207174
0.382287
-0.441185
0.040001
-0.485824
0.319886
-0.077752
-0.266299
0.083362
0.376135
-0.165588
-0.420357
0.408285
-0.397790
0.550074
-0.381833
0.014967
-0.183462
-0.145830
-0.163727
0.566838
0.233248
0.028884
0.378140
0.320373
-0.598330
0.169106
-0.063030
-0.187605
-0.138924
0.023926
-0.462002
-0.355935
0.335624
0.054009
-0.186267
-0.407469
-0.251494
-0.016893
-0.481690
-0.145931
-0.014267
0.405556
-0.154123
-0.175348
-0.371696
-0.229495
0.438599
0.044409
0.084710
-0.482067
-0.325514
-0.205949
0.461521
-0.012172
0.114458
-0.093789
0.091992
0.163744
-0.055940
0.091452
0.360867
0.167906
0.569637
-0.308506
-0.087816
0.242355
-0.353690
-0.441786
0.354525
0.009157
0.183778
-0.025174
-0.307143
-0.281801
0.398839
0.356141
-0.069009
0.066223
-0.212703
-0.489548
-0.030679
0.247225
-0.418698
-0.128170
-0.140174
0.366881
0.412972
-0.331685
0.374852
-0.640384
-0.392923
0.022133
0.137966
0.237737
0.932873
0.398266
-0.184705
-0.072565
-0.414983
0.315761
0.218488
-0.204633
-0.342278
-0.014032
0.209029
-0.031051
-0.199226
0.547619
0.268235
0.196883
-0.408746
0.454796
-0.023583
-0.490944
-0.349073
-0.477866
0.650084
-0.395948
-0.342985
-0.488745
-0.331698
0.538172
0.414562
0.481917
-0.249028
-0.541542
-0.010343
-0.506225
0.213047
0.526584
0.194677
-0.034183
0.275813
0.190832
-0.472755
0.474693
-0.057220
0.122839
0.330113
0.063942
0.279783
-0.050745
-0.047040
0.120235
-0.589021
-0.305360
-0.015294
0.162820
-0.110168
0.011005
0.313279
0.435718
0.185903
-0.546926
0.613922
0.526872
-0.102877
-0.039812
0.466612
-0.259785
0.384755
-0.036803
0.412484
0.149415
0.166612
-0.659462
0.273576
0.194653
0.095116
-0.210836
-0.011913
-0.038492
0.323541
0.362752
0.254114
-0.250862
0.060776
-0.160356
0.043721
0.377245
0.192296
-0.682596
-0.088568
-0.222088
-0.030409
0.490729
-0.426101
-0.305101
-0.006525
0.514540
0.447982
-0.089994
-0.146706
0.183384
0.126020
-0.443290
-0.232444
-0.041946
-0.084332
-0.030327
0.347933
0.161419
-0.109124
0.358107
0.484332
0.444339
-0.376681
0.311530
-0.495225
-0.175100
0.105588
0.127620
-0.400411
-0.014592
-0.470720
0.897074
0.178964
-0.079711
0.591860
-0.275821
-0.841369
-0.074912
-0.388775
0.042064
0.341727
0.095294
-0.614093
0.009296
0.134292
0.218069
-0.539629
-0.136879
-0.357978
-0.320288
0.001249
0.327361
-0.594409
0.245268
0.460161
0.088873
0.041170
0.390642
0.135633
-0.020710
0.495583
-0.378794
-0.578843
0.074835
0.442640
0.305044
0.010277
0.522712
0.377302
0.029175
-0.289106
-0.523057
-0.245629
0.136213
-0.478446
0.263685
-0.197419
0.569833
-0.153641
0.358206
0.179764
-0.105298
-0.259064
0.272283
0.637082
0.439405
0.128197
0.511280
0.145007
-0.125926
0.013548
-0.367308
0.247679
0.384417
-0.101752
-0.018400
-0.019074
-0.219040
-0.424707
-0.142983
-0.709730
0.112261
0.419652
-0.436371
-0.254795
-0.379459
-0.101158
0.183044
-0.696536
-0.258799
-0.424335
0.169600
-0.219935
-0.149411
-0.036627
0.076780
-0.499420
-0.150877
-0.320013
-0.452931
-0.258825
0.468854
-0.436454
-0.194709
0.271484
0.172192
0.172251
0.519008
0.037793
0.486127
-0.030091
0.641362
-0.650450
0.303235
0.389651
-0.363917
0.266114
0.761668
0.091084
-0.361569
0.282749
0.246245
-0.283997
0.175467
-0.214405
-0.346467
-0.358404
-0.365778
-0.146041
0.663909
0.275676
0.412535
-0.312091
0.569718
0.203122
-0.212747
-0.629154
-0.268158
-0.429554
-0.088044
-0.620518
-0.056432
0.078024
-0.308858
-0.120823
-0.026719
-0.001605
0.360502
-0.508872
-0.115869
-0.397148
0.230513
0.140187
-0.180802
-0.403633
0.165582
0.048084
-0.464646
0.039745
0.173928
0.274402
0.059854
-0.204080
-0.833715
0.120317
-0.315672
0.020857
0.221517
0.538787
-0.276576
0.428714
0.463139
0.040301
-0.051184
0.475344
0.297471
-0.250248
-0.215577
0.054523
0.451291
0.167594
0.126732
-0.510507
-0.054178
0.496386
-0.101519
0.048506
0.028972
-0.162847
-0.070865
-0.221570
0.397440
-0.047742
-0.069391
0.241883
0.121229
0.108227
0.114089
-0.047840
0.206366
-0.019838
-0.786955
0.338787
0.267406
-0.035946
0.077300
0.477289
-0.447893
0.466671
-0.121316
0.057643
-0.268606
0.387241
0.150685
