-0.161603
-0.125533
-0.125491
-0.037667
-0.065614
-0.025699
-0.072225
-0.109366
0.041345
0.215328
0.170852
-0.149309
-0.124524
-0.500441
-0.511245
0.068871
-0.024476
-0.310630
0.056333
0.248328
0.169064
-0.232613
-0.526234
0.665410
-0.505926
0.297373
-0.132125
-0.399610
0.081459
0.102223
-0.092793
-0.087514
-0.307315
0.646909
0.044043
0.098676
-0.452506
0.118709
0.227620
-0.315304
0.060799
-0.429938
-0.461528
0.234250
-0.563662
0.019018
-0.362160
-0.557514
-0.078777
0.016594
0.060790
-0.240746
-0.138161
-0.360314
0.667700
0.415807
-0.407935
-0.001249
0.315817
0.633842
-0.320294
-0.554285
0.579293
-0.524093
0.445038
-0.284519
-0.166997
0.558907
0.338423
-0.179189
0.098492
-0.434988
0.356960
0.621410
-0.457431
0.122187
0.083651
-0.318320
-0.121848
-0.473150
-0.118007
0.351196
-0.538859
0.594682
0.090820
0.137488
0.333189
0.499556
0.041759
-0.400670
0.296510
0.344597
-0.658734
-0.203553
0.152336
-0.245806
-0.540810
-0.347571
-0.397672
0.210011
0.024400
0.129033
-0.009040
-0.437810
0.280172
-0.559832
0.125012
0.470069
0.245561
-0.516936
-0.267401
0.486968
0.276219
-0.343733
-0.367103
-0.209313
0.005092
-0.160067
0.187048
-0.408811
0.618747
0.575218
0.340037
-0.387143
-0.170520
-0.194515
0.078074
0.018193
0.032041
-0.346011
0.544561
0.171745
0.489710
0.142042
-0.434831
0.488129
-0.149882
-0.174201
-0.183965
-0.263624
-0.039838
-0.263968
-0.013775
0.269142
-0.303123
-0.194574
-0.111552
-0.139566
0.463455
-0.370648
0.185370
-0.245867
-0.254801
-0.075180
0.428796
0.164352
-0.438371
0.070560
-0.173327
-0.040827
-0.578797
-0.067168
0.666966
0.047759
-0.301788
-0.012683
-0.008888
0.668215
-0.259336
-0.295466
0.212089
-0.191814
0.143360
0.738597
0.104306
-0.299692
-0.103521
0.228832
-0.099236
-0.373611
0.413980
0.333397
0.059867
-0.291384
-0.598820
-0.066526
0.568818
0.136454
0.088473
-0.552484
0.576825
0.327015
-0.231314
-0.220117
0.363619
-0.176518
0.332425
-0.625673
-0.382401
0.249116
0.128884
0.418472
0.827430
0.282541
-0.288093
-0.146366
0.233776
-0.234398
0.162460
0.314564
-0.364611
-0.423343
-0.085723
-0.247133
-0.017688
0.238850
0.270619
0.257796
0.145003
-0.089282
-0.318862
0.488311
0.556060
-0.066103
0.205312
-0.574858
0.701424
-0.403784
-0.014294
0.508281
0.044689
0.122723
-0.243544
-0.172011
0.613718
0.231709
0.161982
-0.068467
-0.431236
-0.324834
0.541857
-0.165020
0.204634
0.028478
-0.418088
0.503133
0.001827
-0.106626
0.433489
-0.027026
0.163898
0.437340
0.232047
0.211262
0.448791
0.181398
-0.159428
0.254022
-0.179903
-0.230726
-0.427577
-0.116986
0.031425
0.060379
-0.544184
0.261158
-0.373679
-0.065785
-0.122659
-0.305230
-0.459554
-0.243274
0.375921
-0.131242
0.374769
-0.123505
0.153650
-0.135831
0.350381
0.008364
-0.051322
0.320354
0.160818
0.326828
0.202179
-0.246512
0.057055
-0.499948
0.451220
-0.190703
-0.626904
-0.304619
0.420427
-0.455814
0.619962
0.014559
0.175474
0.094401
0.310554
-0.125730
0.068866
-0.255878
0.393085
0.254056
-0.071345
-0.328413
0.594630
-0.082861
-0.059355
-0.761107
0.073255
-0.004726
0.172225
0.150556
-0.567430
0.105398
0.366640
-0.264723
0.393925
-0.064590
-0.323156
0.165026
-0.021339
0.085929
0.333170
0.312753
0.148456
-0.411062
-0.196786
-0.415309
0.217219
-0.523008
-0.629850
-0.459029
-0.089135
-0.462015
-0.500867
-0.158238
0.273768
0.578924
0.460659
-0.327267
0.271482
0.391181
-0.598020
0.363903
-0.172584
-0.288139
-0.499773
0.168537
-0.012249
-0.066205
-0.015355
0.307091
0.037467
0.101297
-0.351357
0.365118
-0.309962
-0.072201
-0.518358
-0.293959
-0.286384
0.136957
0.159265
0.108208
0.106607
0.429958
-0.029758
-0.320293
0.077658
-0.107492
-0.393608
0.188876
0.434535
0.072974
-0.098855
-0.041925
0.088146
-0.053417
-0.312862
-0.283953
0.239365
-0.203221
-0.377631
-0.055241
-0.027035
0.096742
-0.021328
-0.534298
0.464289
0.112639
0.084343
-0.477033
-0.242914
0.484757
-0.360222
-0.450600
-0.529828
-0.004455
0.134362
0.151944
0.103283
0.585330
-0.493457
-0.485653
0.155456
-0.074817
-0.380606
-0.200334
0.107658
0.097596
0.639615
0.437377
-0.389396
-0.278425
-0.016862
0.573558
0.388498
-0.252701
0.112917
-0.139962
0.308523
0.394080
0.396618
-0.451840
0.243289
-0.344064
0.498254
-0.323508
0.149480
0.003990
-0.571722
0.383926
-0.366573
0.224976
0.025131
0.434048
0.185574
0.194487
0.017077
0.470468
0.177039
-0.226670
-0.242362
-0.021376
0.268645
-0.451568
-0.002354
0.524123
-0.398936
0.233459
-0.485067
-0.113106
0.305936
-0.422505
-0.033264
0.339608
0.944260
0.505379
0.236841
-0.228624
-0.572331
-0.490702
-0.573734
-0.149362
-0.350320
-0.281506
0.449928
-0.488677
0.000295
-0.463364
0.398839
0.143957
0.032321
0.193343
-0.058482
0.155325
-0.025837
-0.307135
-0.298243
0.244036
0.279379
0.179514
0.097789
-0.090227
0.192889
0.162088
-0.573310
0.109291
-0.224824
-0.165531
-0.216329
-0.123159
-0.014571
0.246709
-0.241470
-0.116146
0.176027
-0.180975
0.235039
0.169411
-0.324387
-0.357214
0.782586
-0.258347
-0.375583
-0.196537
0.300832
0.075788
0.183162
0.038502
0.222159
0.176240
-0.580148
-0.221346
0.433257
-0.009022
-0.314979
-0.516309
0.438714
-0.369016
0.122134
-0.180514
-0.061909
0.265555
-0.106256
0.229680
-0.019244
-0.261577
-0.138074
-0.077428
-0.501495
-0.574467
0.366329
-0.293825
0.229351
-0.505042
0.369077
-0.281596
-0.053417
0.048128
0.524596
-0.375402
0.233461
0.553497
-0.100752
0.063911
0.078136
-0.351348
-0.088749
0.347646
0.578252
-0.312100
0.373452
-0.011283
-0.151259
-0.191775
0.396053
-0.755021
0.234449
-0.027873
-0.153730
0.200713
-0.442677
-0.074359
0.402094
-0.173333
-0.418479
-0.439598
-0.174213
-0.402159
-0.546757
0.280590
-0.380187
0.168658
-0.115517
-0.115154
0.389206
-0.235751
-0.020554
-0.173770
0.224268
-0.529798
-0.400916
0.159156
0.140769
0.035126
0.238201
0.142959
0.311165
-0.020454
0.570166
0.081742
0.165360
-0.149922
0.409893
0.246138
-0.541465
0.321465
0.241114
0.384087
-0.518662
0.177168
0.421751
-0.326987
-0.154316
0.280591
0.464429
0.161589
0.231303
0.280051
0.397121
0.673463
-0.248229
-0.167935
-0.394610
-0.122241
0.078164
0.294541
0.278701
-0.099378
-0.244032
0.043791
-0.603218
0.203493
0.578645
-0.174730
0.465607
-0.445754
-0.421809
0.249952
-0.339038
0.296331
-0.176435
-0.370589
0.148572
0.174401
-0.423015
-0.059602
0.035061
0.553667
-0.235592
-0.407646
0.471940
0.273620
0.360837
0.569362
0.009115
-0.123370
-0.301092
-0.297971
0.644272
0.124441
-0.036943
0.526433
0.067030
-0.127684
-0.058240
-0.194375
-0.247977
0.024114
-0.124264
0.400278
0.243248
0.045851
0.130000
-0.101600
-0.087189
-0.319286
-0.352559
0.097317
0.282473
-0.377582
0.042607
-0.331840
-0.187024
0.057009
-0.076057
0.001308
0.261382
0.047368
-0.443599
-0.166646
0.329382
0.013318
-0.253673
0.347600
0.488006
0.227858
-0.140794
-0.069224
-0.132109
-0.039845
0.255720
-0.011240
0.498512
0.391979
-0.052858
-0.544723
0.485488
0.550600
-0.018234
-0.070447
0.173088
0.153983
0.522575
0.523292
-0.266656
-0.403784
0.216571
0.059284
-0.311326
-0.769059
0.393593
-0.664529
0.276809
-0.254663
0.138738
0.435582
0.136435
-0.490189
-0.026225
0.354107
-0.333360
0.025765
-0.362461
-0.232113
-0.279949
-0.225958
-0.357133
-0.247362
-0.528050
0.069710
-0.060929
0.575117
-0.420032
0.052637
-0.263334
0.341687
-0.121724
-0.088044
0.204669
-0.424095
-0.057842
-0.482519
0.436840
0.117120
-0.020066
-0.521589
-0.509923
0.321180
-0.580823
0.534368
-0.438590
0.324614
-0.498832
0.152287
0.245678
-0.334332
-0.279788
0.205466
-0.179686
-0.042204
-0.353087
-0.290793
-0.204656
-0.176998
0.010820
-0.127888
-0.497155
-0.373940
-0.661455
-0.404674
-0.112619
-0.499458
0.478473
0.068231
-0.027096
0.300286
0.599040
-0.455710
-0.039260
0.207656
-0.042461
-0.171420
-0.420030
0.376411
0.202933
-0.107715
-0.121240
-0.268414
-0.443635
0.183921
0.261864
-0.418506
0.273797
0.535363
-0.057612
-0.042670
0.110189
0.213125
-0.195228
-0.452492
0.188339
0.255481
-0.570044
-0.594366
0.406865
-0.449242
-0.008037
-0.202427
0.251664
-0.441715
-0.227364
0.204514
