-0.057445
0.306177
-0.146706
0.037938
-0.078838
-0.021952
0.436893
0.436978
0.488747
-0.140823
0.015439
-0.140828
0.020999
-0.410337
-0.529782
-0.201786
-0.220071
-0.213391
-0.339578
0.119575
0.513679
-0.129148
0.034487
0.461782
0.250401
-0.245556
0.434629
0.246034
0.021354
0.303814
-0.092793
-0.303351
-0.325508
0.624372
0.160183
0.202895
0.352245
-0.575981
0.007017
0.161343
0.109486
0.446895
0.106299
-0.071207
0.033223
-0.468311
0.158376
0.615172
0.537813
-0.358150
-0.057961
-0.107186
-0.199173
-0.293875
-0.573186
0.423207
0.114881
0.291328
0.007937
-0.573516
0.197925
0.113415
0.267843
0.751559
0.201233
0.352637
0.384190
-0.408194
0.290566
-0.115664
0.388192
0.556090
-0.064709
0.070074
0.371380
0.103325
-0.081086
-0.070822
-0.041953
-0.172457
0.119628
-0.553608
0.422483
0.027141
-0.306130
-0.241909
0.249857
0.231847
-0.326033
0.094888
-0.197002
0.113360
-0.606198
0.140804
0.087427
0.034706
0.281910
0.234911
-0.596746
0.368835
-0.008748
0.095743
0.290669
-0.123734
-0.150377
-0.291276
0.275036
0.131161
0.602626
0.249012
-0.083708
0.309086
0.316126
-0.371554
-0.035056
-0.127237
0.162740
-0.349908
0.187048
-0.253357
0.288975
-0.354264
0.010184
0.466808
-0.160567
-0.100191
0.125201
0.585321
0.196286
-0.136668
-0.398359
-0.693080
0.359051
0.056496
-0.434831
-0.026753
-0.164687
-0.640865
-0.158596
-0.285328
0.171522
-0.210533
-0.188937
-0.716742
-0.127839
-0.217366
-0.396250
-0.391978
0.458226
0.350620
-0.098338
-0.250844
0.201784
-0.310391
-0.149952
0.500901
-0.527827
0.042790
0.366831
0.066265
-0.103476
-0.143188
0.567641
-0.275414
0.151410
0.299967
-0.337881
-0.200234
-0.184007
-0.197367
-0.402222
0.342593
0.134840
-0.099186
0.383128
-0.202588
0.581660
0.375536
-0.143374
0.124213
-0.045594
-0.366246
0.126879
-0.291363
-0.071431
0.410750
0.133555
0.170817
-0.200485
-0.020069
0.135181
-0.435769
-0.082550
-0.270940
0.013497
0.332560
-0.323339
-0.187895
-0.270264
0.446864
0.630336
0.509432
-0.342896
-0.085327
-0.299261
0.064655
0.386086
-0.114292
-0.119160
0.114503
0.079711
-0.064889
-0.234455
-0.243287
-0.191508
-0.229801
0.182827
-0.162496
0.094656
-0.235147
-0.174464
0.169810
0.300417
0.234141
0.228265
0.344450
-0.217009
-0.064709
0.096706
-0.367470
-0.218099
-0.420184
0.524816
0.315199
0.514498
0.149202
-0.044081
0.030020
0.318430
-0.020164
-0.439911
0.368185
-0.438213
-0.202636
0.241668
0.303763
0.384222
0.200098
-0.403254
0.165552
0.192858
0.227167
-0.249340
0.268250
0.493191
0.286447
-0.112047
0.135208
0.196863
-0.338176
0.587888
-0.468061
0.374632
0.379776
-0.225281
-0.067666
-0.205084
0.452088
0.209361
0.639801
-0.657578
0.232999
0.430927
-0.085151
0.377004
0.094784
-0.012323
0.333569
-0.043693
-0.078176
0.376445
-0.321696
-0.200897
0.435649
0.094246
-0.347020
-0.670908
-0.116233
0.529607
-0.037512
0.062093
-0.358816
0.237473
-0.657570
-0.566124
-0.481224
0.583587
-0.521384
-0.112944
0.315976
0.131210
-0.045680
0.113661
-0.090422
0.329192
0.068141
0.017985
0.066276
-0.265010
-0.263998
-0.203803
-0.146317
-0.428621
-0.189313
-0.356635
-0.661125
0.075001
0.427947
0.290774
0.070888
-0.504286
0.109888
-0.352899
-0.532990
-0.428095
-0.342007
0.285306
-0.341314
0.050197
-0.553674
0.222705
0.151772
-0.142550
0.075613
-0.089135
0.244759
-0.485257
0.298401
-0.390026
0.135893
-0.380635
-0.706368
-0.111232
0.054228
-0.022760
-0.362310
0.048651
0.245070
-0.020460
0.084089
0.259436
-0.253115
0.416108
-0.086219
0.030689
0.287192
-0.064444
0.111940
-0.100476
-0.080469
0.065450
-0.054372
-0.290287
0.432804
0.306933
0.487599
0.117239
0.245376
0.442174
0.082153
-0.042322
0.201016
-0.088741
-0.649631
-0.001048
0.142403
-0.688586
-0.082989
0.230817
0.345904
-0.020524
0.454236
-0.115953
-0.421587
0.542157
-0.011462
0.285808
-0.364827
-0.162521
-0.265833
0.229878
-0.589532
-0.035453
-0.681729
0.282130
0.500079
0.055547
-0.040372
0.253369
-0.374895
0.385166
-0.253069
-0.188200
-0.072696
0.452108
-0.131043
0.393153
0.207906
0.476642
0.448738
-0.463193
-0.141382
-0.060004
0.287161
-0.429825
-0.088459
-0.246840
0.102188
-0.338074
-0.226582
-0.026944
-0.103670
0.035748
0.611948
0.309758
-0.218129
0.544961
-0.342196
0.135604
-0.104484
-0.040948
0.373019
-0.091107
-0.460447
0.162490
-0.178727
-0.260024
0.937661
0.808030
-0.464663
0.176984
0.364595
0.171449
0.293053
0.340608
-0.400485
-0.100477
0.412563
0.458813
0.304568
0.242942
-0.154806
0.420214
-0.800831
0.355710
-0.462030
0.324761
0.041324
-0.276442
-0.626305
0.158582
0.235624
0.537570
-0.446395
-0.576452
-0.395149
-0.024232
-0.305073
0.107327
-0.318531
0.134921
-0.276688
-0.068695
-0.164610
0.802233
-0.118999
-0.640858
0.101284
-0.450552
-0.221973
0.452794
0.326429
-0.019777
0.419900
0.132336
-0.263110
0.040247
0.100898
0.407316
-0.451349
-0.255758
-0.244201
0.673434
0.150166
-0.346139
0.139225
0.166164
-0.517588
0.141445
0.528426
-0.426984
-0.693065
0.509423
-0.356629
-0.043807
0.327349
-0.379421
0.142403
0.301549
0.255779
-0.349345
-0.335068
-0.035295
0.141559
-0.442286
-0.018835
-0.359892
0.249673
0.235713
0.500020
-0.325884
0.511637
0.122134
0.181168
-0.398422
0.038704
-0.531424
-0.301322
0.078761
0.243916
-0.208232
-0.204427
0.158741
0.330493
-0.171050
-0.475417
0.291094
-0.152879
0.300264
-0.182268
-0.073687
0.474982
-0.017974
-0.274529
0.143937
-0.576928
0.223723
-0.078121
-0.168000
-0.272631
0.316593
0.364571
0.326804
-0.247416
0.129395
-0.163446
0.516539
-0.127224
-0.359001
-0.337110
-0.427849
-0.166084
0.002869
-0.036608
0.377745
0.383390
-0.237673
-0.276863
0.104211
0.063748
-0.479910
0.102059
-0.355178
-0.565239
-0.214560
0.537507
-0.417756
-0.342577
-0.435077
0.119950
-0.038213
0.470709
0.458128
0.260170
-0.041880
0.061352
-0.486173
0.365920
-0.297278
0.063255
0.405900
0.003551
-0.038906
-0.432941
0.103751
-0.555979
0.313053
-0.061779
0.008507
0.193520
-0.213829
0.121681
0.276002
-0.249998
0.721846
0.372993
-0.580352
-0.175100
0.095770
0.305959
0.401609
0.081187
-0.136515
0.043289
0.046782
-0.294589
-0.357696
-0.313268
-0.096453
0.049277
-0.381280
-0.510641
-0.027751
0.045174
0.575088
0.079232
-0.359531
0.368169
0.552900
0.237998
0.226513
0.335461
0.199572
0.317346
0.408021
-0.147681
0.740747
-0.082504
-0.026866
-0.028825
-0.558559
-0.030227
-0.178858
0.281550
-0.150077
0.225437
0.030860
0.169321
0.517192
-0.494682
-0.212086
-0.220527
0.026123
0.503569
-0.258847
0.238201
-0.483417
0.335216
0.105712
-0.092523
0.018872
0.250425
-0.485659
0.495389
-0.373958
-0.449547
-0.300506
-0.044201
-0.238937
-0.396374
-0.045059
-0.253784
0.411261
-0.538015
-0.068171
0.108979
0.101259
0.545861
0.175287
-0.038423
0.282367
-0.009401
-0.679739
0.481194
0.495445
0.333171
0.233379
-0.023193
0.441764
0.241218
-0.191851
0.189196
0.087522
-0.325387
-0.006419
-0.533644
-0.074438
-0.244760
0.175006
0.250126
0.612934
0.102844
-0.080140
0.286918
-0.113742
-0.372235
-0.644375
0.461569
-0.631947
0.467359
0.161721
-0.447191
0.184317
-0.215354
0.009276
-0.624922
0.281516
-0.301856
-0.120763
-0.220644
-0.390594
0.133435
0.118835
0.254263
0.039995
-0.099382
0.186933
-0.558377
0.338762
0.508127
0.080217
0.008135
0.199285
-0.293967
-0.380211
-0.380031
0.126698
-0.010897
-0.362200
-0.032645
-0.211554
0.616348
-0.057233
-0.329197
0.214760
-0.170996
-0.331633
0.355886
0.341381
0.264166
-0.508762
0.258646
-0.055216
0.327743
-0.686147
0.221185
0.331118
-0.041558
-0.487559
-0.227679
0.020488
-0.335973
-0.420074
0.416205
0.185486
0.077035
-0.276277
-0.002437
0.732218
0.390675
0.383993
0.413933
-0.214189
-0.302746
0.557594
0.363581
-0.240733
0.378469
-0.315218
0.135681
0.243763
0.031121
0.201873
-0.058270
-0.047208
-0.055924
0.306699
-0.478156
-0.303864
0.475894
0.054684
0.311248
-0.436643
0.151838
0.039780
0.268530
-0.365787
-0.070160
-0.174616
0.563877
-0.496259
-0.436462
0.316902
-0.260141
-0.167012
0.037048
0.390706
-0.159465
-0.260778
-0.149874
-0.238435
-0.115027
0.244770
0.057933
-0.090402
-0.056351
