-0.446363
-0.154185
-0.483307
0.011644
-0.352716
0.180945
0.382040
0.062832
-0.103437
-0.097192
-0.419511
0.353032
-0.208227
-0.061255
-0.392278
-0.025155
0.029229
-0.079888
-0.047452
0.160182
-0.165786
0.174700
-0.431864
0.402750
0.409263
0.423188
-0.179085
-0.030999
0.373500
-0.127570
0.126804
0.513698
-0.418992
0.609056
-0.348892
0.338367
0.149986
-0.534379
-0.499231
0.312644
-0.439249
-0.689930
-0.252886
-0.428329
0.050323
-0.346026
-0.517979
-0.021145
0.331827
0.051490
0.235632
0.001503
0.373241
0.369013
0.223958
0.436881
-0.582671
-0.083662
0.234939
0.111521
0.337091
0.170315
0.026523
-0.095493
0.083814
-0.341348
0.343894
-0.225375
0.341346
-0.032334
-0.420792
0.376336
-0.248213
-0.077298
0.482652
0.157268
0.226982
0.445361
0.239623
-0.609275
0.578021
0.288068
0.249870
0.563026
-0.210289
0.098516
-0.077641
0.009764
-0.262333
0.323512
0.324680
-0.021090
-0.196278
0.097181
0.197392
-0.007503
-0.089625
-0.732638
-0.375070
0.396543
-0.123084
-0.343301
-0.428926
-0.113700
-0.254265
0.396267
-0.279240
0.183501
0.219669
-0.293929
-0.030728
-0.843716
0.222155
0.165278
0.012029
0.244690
0.158514
-0.443161
-0.295560
-0.378670
-0.368092
-0.059830
-0.072601
-0.357645
-0.378493
0.533808
-0.169890
0.291971
0.098329
0.040728
-0.532503
0.050711
-0.150828
0.154996
-0.344768
-0.375738
-0.081505
-0.321725
0.087471
0.402653
0.265810
-0.033717
0.293337
-0.338704
0.212803
-0.198185
0.014864
-0.282908
0.453354
-0.162284
-0.286287
-0.416848
-0.109130
-0.234293
-0.259690
0.553142
-0.309607
-0.503625
-0.302531
0.412167
-0.645823
0.234250
0.688466
0.264392
0.064788
0.288856
-0.112886
0.106851
-0.045694
-0.040816
0.366427
0.434172
0.373426
-0.219608
0.009520
0.286585
-0.312056
-0.057357
0.067930
0.540558
0.046254
0.099198
0.072944
-0.011248
0.196794
0.363178
0.131566
0.607196
-0.066978
-0.009028
0.522613
0.455392
0.201595
-0.152790
0.186616
-0.249844
0.084175
-0.209815
-0.498624
-0.297585
0.360270
0.552777
-0.635856
0.297982
0.078637
0.282235
0.300344
-0.259283
0.146743
-0.035643
0.334252
0.112075
-0.280050
-0.634041
0.004064
0.139795
-0.114854
-0.076497
-0.007822
0.204217
0.434589
-0.163515
0.545991
0.032887
-0.055520
0.565066
0.274433
-0.411079
-0.105531
-0.357448
-0.273067
0.374755
0.658481
-0.377182
0.510341
0.339766
0.514836
0.102822
0.297243
0.634524
-0.287143
0.609451
-0.352408
0.120951
-0.481978
0.086185
-0.176403
-0.158101
-0.439737
-0.452748
0.054986
0.359831
-0.658256
0.340265
0.053722
-0.302662
0.329355
0.243576
-0.156658
0.322564
0.037425
0.178149
0.479078
-0.538539
0.019549
-0.070404
-0.376409
0.102278
0.342643
0.573904
-0.147016
-0.512792
-0.178727
-0.386248
0.266928
0.192198
-0.045308
-0.316828
-0.158000
0.182994
0.409925
0.358731
-0.435267
-0.328582
-0.111573
0.039134
-0.329974
-0.444365
-0.354246
0.034536
-0.011411
-0.373981
-0.169226
0.482608
0.482572
-0.274979
0.040755
-0.434373
-0.405359
0.334357
-0.327784
-0.262962
-0.303184
-0.091445
-0.178222
-0.097844
0.081853
-0.241739
0.461798
-0.119560
-0.103312
0.037003
-0.148508
-0.177653
0.401071
-0.108627
0.607391
-0.482823
-0.448757
0.278148
-0.173318
-0.256989
-0.001220
0.065088
-0.299086
0.292296
0.123982
-0.646334
-0.207535
0.553989
0.449972
-0.366423
0.447239
-0.050824
-0.014098
0.206592
-0.019008
0.234213
0.434215
0.266507
0.405062
-0.209803
0.514047
0.448279
0.301836
0.287507
0.554794
-0.184293
0.274214
-0.424434
-0.331851
-0.178294
-0.323512
0.386143
-0.149284
-0.183886
-0.349884
-0.326343
0.268719
-0.191814
0.513614
-0.022189
-0.023740
0.094380
0.417134
-0.039527
0.118846
-0.274484
0.138953
0.015709
-0.652550
-0.364173
0.394938
-0.335784
0.004243
-0.650916
-0.648335
-0.316386
-0.311911
0.191844
-0.144809
-0.718224
0.177643
-0.393854
0.397495
-0.069552
-0.051193
-0.036460
0.039330
-0.021047
0.054026
0.274576
0.467792
0.520267
0.203240
0.422416
0.063435
0.393898
-0.244617
-0.531269
-0.050525
-0.345182
0.229713
0.120833
0.015447
-0.415471
0.674468
-0.104590
-0.209822
0.222302
-0.407991
-0.407112
-0.311685
0.560883
-0.398202
0.559383
0.381706
0.028524
0.061821
0.020225
0.162853
0.565759
0.209450
0.615838
0.462602
0.179378
-0.534589
0.008536
-0.267206
0.333715
-0.127141
-0.141749
-0.106908
-0.220701
0.377506
-0.121723
-0.122569
0.241898
-0.212705
0.305281
0.093337
0.552178
0.124381
0.273998
0.050042
-0.300300
0.013048
-0.081556
0.349371
-0.142376
0.177222
0.275214
-0.252918
-0.158617
0.366900
-0.171621
-0.070085
0.225919
0.049852
0.413286
0.470111
0.000137
-0.074800
0.029886
-0.491884
0.541314
-0.011469
-0.266039
0.533699
-0.483786
-0.103449
-0.493852
0.586442
-0.363651
-0.047792
0.068486
0.196959
0.217890
0.238361
-0.261656
-0.161357
0.449283
-0.056711
0.413331
0.300355
0.420062
-0.107967
-0.196112
0.061198
-0.154612
-0.222878
0.089014
0.579402
0.038585
-0.303318
0.431776
0.310753
-0.332389
0.103981
-0.302064
-0.375281
0.166956
-0.049650
0.208208
-0.304821
-0.681904
-0.596576
-0.310370
0.013881
0.262898
0.075478
-0.503255
-0.077190
-0.017049
-0.250446
0.049722
0.111827
-0.191989
0.186845
-0.574817
-0.000307
-0.719376
-0.448009
-0.499870
-0.521505
0.406638
-0.166156
0.335046
-0.486269
-0.583617
0.342403
-0.048017
0.305573
0.083716
0.440953
-0.041040
-0.147514
-0.267313
0.158303
0.355792
-0.370258
0.350561
0.310458
0.106187
0.614504
-0.022513
-0.164181
0.697401
-0.313681
-0.469739
0.213663
0.424507
-0.017299
-0.293415
-0.178995
-0.262941
-0.200732
0.670060
0.403520
-0.212319
-0.179045
0.388212
-0.330434
0.308124
0.337695
0.491974
-0.132948
-0.296234
-0.072530
0.511282
-0.557719
0.069735
0.364867
-0.480162
0.288529
-0.110223
-0.500789
-0.162727
0.408649
-0.297801
-0.174917
-0.215695
-0.034858
-0.485532
-0.084270
0.258658
0.140700
0.296864
-0.331720
-0.161248
0.473864
0.324110
-0.346408
0.029400
-0.511623
-0.139669
0.227059
-0.084165
-0.093498
0.175732
0.145963
-0.469877
-0.256105
0.058837
-0.303543
-0.267614
-0.590929
-0.087239
0.047592
0.168744
0.367920
0.081187
-0.416959
0.572803
-0.408047
0.479905
0.599957
-0.198684
0.060194
0.236875
-0.201560
-0.510641
-0.064176
0.157146
0.551311
0.287238
0.749175
-0.410220
-0.268364
0.049411
0.135078
-0.458272
0.300846
-0.398807
0.332669
0.029459
-0.055955
-0.057272
0.381609
0.248672
0.539396
-0.231878
-0.190983
-0.019018
0.432500
0.400923
0.666456
0.179063
0.183673
-0.530889
-0.314164
-0.188338
0.010733
-0.395734
0.442559
-0.301215
-0.606197
-0.058547
-0.353480
0.366804
0.301371
0.409150
-0.011327
0.377516
-0.205466
0.212095
-0.567543
0.535276
0.139307
-0.022094
0.449144
0.113135
-0.121413
-0.424226
-0.237847
0.485750
-0.064681
-0.118098
0.253682
0.347332
-0.048939
0.201512
0.146083
0.109826
-0.417352
-0.619170
-0.289256
0.753162
-0.129701
-0.364302
0.051096
0.210710
0.089881
-0.554760
0.320510
-0.034481
-0.458339
0.008968
-0.310003
-0.629419
-0.166453
0.016335
-0.014810
-0.531192
0.443287
0.532758
0.002947
-0.169451
-0.338712
0.437884
0.006586
-0.368022
0.425208
0.447147
-0.437936
-0.137759
0.068091
-0.420190
0.435553
-0.145137
0.203854
-0.269082
0.404067
-0.295856
0.581777
-0.507444
-0.503652
0.292349
0.291270
0.030910
-0.160995
0.362698
0.301368
0.020445
-0.513305
0.203504
0.015263
-0.460461
0.101508
-0.277004
0.088274
0.480381
-0.360708
0.011459
-0.357393
-0.044091
-0.145550
0.071532
-0.221022
-0.384549
-0.094239
0.443934
0.078511
0.027218
-0.076919
-0.303226
-0.514015
0.091071
-0.118836
-0.462063
0.299878
0.246394
-0.206802
-0.540182
0.441455
0.053859
0.249125
-0.289407
0.411232
-0.164987
-0.270997
-0.002527
-0.268034
0.524931
-0.093460
-0.385038
0.210828
-0.397876
-0.084410
-0.355080
0.035671
-0.579897
-0.543340
-0.098961
-0.438203
0.075899
-0.270835
0.473786
0.084413
0.378622
-0.153902
-0.398141
-0.054833
0.397866
-0.052095
-0.200611
0.441109
0.430303
-0.058072
-0.635636
0.270450
-0.183612
-0.318193
0.052749
-0.409940
-0.078960
0.519183
-0.108640
-0.257791
-0.351369
-0.510946
0.305362
-0.550230
-0.171251
0.006585
-0.478762
