0.296644
-0.145858
-0.058260
-0.056224
-0.211541
0.492792
0.519851
0.544553
0.488747
-0.032664
0.140136
-0.612344
0.573382
-0.300211
-0.542780
0.204931
-0.148431
-0.339404
0.033883
0.132660
0.413822
-0.317338
-0.366561
-0.154575
-0.010541
-0.364748
0.034322
0.296999
-0.070715
0.253383
0.086349
-0.452767
0.241917
-0.220645
0.487694
0.406936
-0.344116
0.273922
-0.079404
-0.506916
-0.607354
0.050809
-0.521520
-0.016131
-0.711905
-0.543204
0.000947
-0.241347
0.066897
0.459357
0.241490
-0.346303
0.349887
-0.167731
0.127960
0.482753
-0.282623
-0.018207
-0.016056
0.135514
0.328438
-0.067495
0.231000
-0.311820
-0.225329
0.417274
-0.516550
-0.208912
0.366318
-0.241283
0.069679
-0.560619
-0.037072
-0.370722
0.400348
-0.316315
0.042276
0.102272
0.226814
-0.356229
-0.254464
-0.286218
-0.476432
-0.270433
-0.342759
-0.058867
0.444398
-0.101303
0.162586
-0.379731
-0.008427
0.230511
0.221140
-0.033671
0.336516
-0.062014
0.169132
0.732825
-0.214790
0.000310
-0.133476
0.597433
0.345807
0.230220
-0.178741
0.149197
-0.197731
-0.335170
-0.320577
-0.291748
0.170204
0.033732
-0.221703
-0.496385
-0.090850
0.139600
0.262981
-0.013931
0.037917
0.262496
-0.356272
0.444877
0.327981
-0.270764
0.004591
-0.208091
-0.411062
0.365552
0.412939
0.037337
-0.018085
-0.073164
0.202547
0.221206
0.712821
0.081701
-0.221083
-0.472191
-0.038494
-0.104733
0.016127
-0.124298
-0.483236
-0.140551
-0.020362
0.036849
-0.389172
-0.196306
0.513187
-0.583659
-0.316318
0.009280
0.226421
0.090078
0.097381
0.541266
-0.222921
-0.189268
-0.111130
-0.453478
-0.170269
-0.055478
0.621204
0.265705
0.367462
-0.200685
-0.637000
0.096303
-0.328796
-0.155877
0.392760
-0.350032
0.107460
-0.634959
0.197078
-0.252799
0.430315
0.339984
0.127495
-0.109214
0.349789
-0.170408
-0.183732
-0.224919
-0.043767
0.249192
0.279503
-0.256458
-0.108480
0.286958
-0.401665
0.417734
-0.171742
-0.151830
-0.240460
-0.356178
-0.188337
0.376133
-0.229205
-0.469911
-0.121426
0.335244
-0.319585
-0.037088
0.004912
0.538436
-0.389105
0.156655
-0.528329
0.397169
0.439734
-0.274162
0.036110
0.301160
0.035271
-0.442383
0.073242
-0.251553
0.105711
0.304223
0.292650
-0.058732
-0.391852
-0.166055
-0.145102
0.318934
0.618525
-0.324925
0.410868
0.419453
-0.014478
-0.491249
0.082474
0.213360
-0.483734
0.290258
-0.045015
-0.161652
0.234637
-0.247987
0.123058
0.109859
0.107126
0.471537
-0.580540
-0.320763
-0.172507
0.341820
0.630176
0.165552
-0.219325
0.046703
0.126621
0.211262
-0.084323
-0.341790
-0.016694
0.154928
0.544665
0.289228
0.398266
-0.701306
-0.469956
-0.213537
-0.353884
0.067494
-0.124671
0.066134
0.265970
0.255189
-0.517940
0.525352
0.452493
-0.320410
0.039984
-0.321012
-0.531036
-0.094322
0.487325
-0.318001
0.019680
-0.311004
-0.422744
0.020207
-0.164233
0.443384
-0.476927
-0.349115
0.249404
0.288638
-0.562438
-0.227337
-0.339467
-0.617234
-0.302950
0.506643
-0.562641
-0.207637
0.333446
0.104707
-0.009965
-0.114575
0.214903
0.538374
-0.252074
-0.116065
0.058831
0.087303
-0.238691
0.024365
0.011259
0.331826
-0.628439
0.410357
0.361943
0.260834
-0.241352
0.435698
0.152604
0.209702
-0.211601
-0.010777
-0.367177
0.162055
-0.112303
-0.152211
-0.134712
-0.485675
-0.325278
-0.016236
-0.299849
-0.128064
-0.271843
0.075863
-0.057532
-0.189571
0.556168
-0.158821
-0.266195
0.385707
0.079803
-0.321497
0.659205
-0.045715
-0.394806
0.040239
0.465068
-0.337418
0.288202
0.333646
-0.368408
-0.257368
0.373196
-0.199861
0.422204
-0.221709
0.178573
0.163961
0.213044
0.078291
-0.071671
0.210127
0.425728
-0.133945
0.458166
-0.687252
0.120295
-0.123664
0.089459
-0.340139
0.538135
-0.542081
-0.357093
0.426835
-0.130902
0.042928
-0.539799
0.187430
-0.342788
0.144267
-0.017164
-0.292351
-0.126239
-0.067293
0.374178
0.002849
0.179023
-0.252798
-0.161416
0.067113
-0.022972
-0.114926
0.341991
-0.096415
0.035995
0.316164
-0.165193
-0.542311
-0.152726
-0.243810
-0.034914
-0.127689
0.217778
-0.072696
-0.077657
-0.066467
0.289974
-0.270001
-0.170560
0.402051
-0.166872
-0.347363
-0.165449
-0.149324
0.273602
-0.355298
-0.360295
-0.012683
-0.419616
-0.059255
0.258657
0.339759
0.009921
-0.325014
-0.018463
-0.127607
-0.100116
-0.206073
-0.211616
-0.546823
0.151072
0.370817
-0.407924
-0.675370
-0.346674
-0.039309
0.175146
-0.327261
-0.133721
0.276013
0.190037
0.196605
0.026491
0.722893
-0.379630
-0.328378
-0.241644
0.146416
-0.370202
-0.249480
0.419820
0.311094
-0.122737
0.099669
-0.665186
-0.051533
0.137326
0.101741
-0.106166
-0.311579
0.435385
-0.331090
-0.147035
-0.088802
0.256595
0.570141
-0.105345
0.337243
0.468500
-0.298851
-0.266362
-0.262891
0.255693
-0.190871
-0.537756
0.308341
0.257853
0.285013
-0.463589
-0.333507
-0.564698
0.064047
0.471299
0.194814
0.282766
0.427341
0.423930
0.103881
-0.562852
0.056662
-0.223517
0.165271
0.160497
0.070204
0.214831
0.257197
-0.266849
-0.556352
-0.030789
-0.460072
0.112019
-0.264783
-0.258266
0.031264
-0.474811
-0.258347
-0.529778
-0.499362
-0.242991
-0.255524
-0.221053
0.101616
-0.355191
0.471404
-0.191368
-0.061961
-0.084624
-0.405997
0.042476
-0.449460
0.239164
0.582685
0.642515
0.260226
0.468941
0.222144
0.302091
0.342058
0.424745
0.307212
0.373958
-0.265619
-0.476333
-0.172920
-0.577524
0.126210
0.460135
-0.216496
0.407921
-0.196479
-0.380124
0.397548
0.213596
0.306714
-0.132194
-0.173103
0.606813
0.296256
0.399817
-0.061794
0.374334
0.046003
-0.471165
-0.133129
-0.137079
0.329491
-0.138609
0.374408
-0.433687
0.270221
0.578347
0.049147
-0.171457
0.124709
0.174422
-0.418849
-0.131849
-0.100856
-0.245615
-0.593540
-0.147703
0.122597
-0.260609
-0.062338
0.310046
-0.334787
0.085750
0.191564
0.266906
-0.055141
0.300808
0.617551
-0.485194
-0.186485
0.457731
0.461988
0.086219
-0.459563
0.293222
0.313134
-0.016304
-0.272631
-0.237031
-0.197064
-0.354042
-0.190628
0.197113
0.211914
-0.133548
-0.201281
-0.243788
0.595716
-0.203985
0.056134
0.277786
-0.353237
-0.108811
0.008800
0.329971
0.233753
-0.098634
-0.071870
0.156033
0.998704
-0.383805
-0.447147
-0.246357
0.231455
-0.180030
-0.105795
0.432998
0.315571
0.073364
0.150607
-0.410987
0.379225
0.559110
-0.192744
0.325767
0.157075
0.331881
0.417466
0.035187
0.309570
-0.294838
0.046681
-0.192824
0.283405
0.199878
-0.027396
-0.148262
0.244688
0.396060
-0.159662
0.134130
0.504409
0.508697
-0.348080
0.441522
0.405824
0.204112
-0.800560
-0.259031
0.130303
-0.062141
-0.353460
-0.195141
-0.588932
-0.188779
-0.371495
0.207150
-0.119428
-0.402893
-0.066742
0.243248
0.147414
-0.254815
-0.258945
0.024926
-0.782400
-0.395092
-0.223176
0.090628
0.531248
-0.116119
-0.251018
-0.085283
-0.651340
0.061328
0.216340
-0.245527
-0.277485
-0.704361
0.148233
0.001515
-0.026093
-0.142245
-0.357283
-0.136100
-0.207109
0.058020
0.067303
-0.275681
0.354178
-0.093424
0.343374
0.123857
-0.181471
0.259841
-0.531996
0.489904
-0.160020
-0.088933
-0.456067
-0.149804
0.249770
0.056911
-0.438136
-0.031004
0.453752
-0.060630
-0.703968
0.278876
0.387706
-0.357875
-0.690232
0.404651
-0.448017
0.402441
-0.265550
0.112002
0.233559
0.009895
0.213258
0.041483
0.007857
0.210395
-0.537258
0.372180
-0.440439
0.280773
-0.081373
0.159818
0.510750
0.026743
-0.068744
-0.034246
0.253969
-0.593783
-0.567597
-0.481900
-0.703427
0.342304
-0.428312
-0.030601
0.578024
0.404766
0.516413
0.513420
-0.017224
-0.600004
-0.142383
0.179724
0.146562
0.151185
-0.377834
0.283611
0.052557
-0.264599
0.326203
0.181464
0.436044
-0.311588
0.168635
-0.337359
-0.309994
0.177694
-0.370353
-0.315480
-0.452296
-0.350620
0.001911
-0.155338
-0.021348
0.388134
-0.572785
0.242411
-0.112474
-0.091187
-0.089348
0.687233
-0.293465
0.411072
-0.524293
0.155215
0.429601
0.540793
0.193004
-0.436562
-0.256060
0.279097
-0.289930
-0.125174
0.157236
-0.589777
0.050782
0.346825
0.213116
0.160739
-0.286181
0.329413
-0.309800
0.264500
0.001135
-0.339195
-0.057227
-0.364459
-0.617863
0.528053
-0.005350
0.458263
-0.002378
-0.057867
0.454516
-0.138697
0.369578
