-1.738276
1.413166
-1.493059
-1.209565
1.322052
0.149858
0.071348
-2.200163
2.156379
0.776657
0.821484
-2.269664
-4.638206
-2.154413
2.839431
-3.150122
0.647504
-2.125498
1.618021
2.163120
-0.706498
2.518841
1.145416
-1.298045
-1.938741
1.340531
3.425953
3.494500
0.836066
2.129609
0.987056
3.183720
-1.831449
-1.656308
1.495977
-0.631409
-4.168638
-1.989403
1.033013
0.721548
-0.734435
0.876667
1.881073
-1.659419
-3.952723
-2.164896
0.817839
-0.200985
-1.760846
-0.569990
1.180244
-0.957359
3.838670
2.496624
-2.342152
-0.872870
-0.490699
-0.635782
-2.834263
-1.735414
-1.971480
1.039296
1.540309
2.161483
1.552904
1.079185
3.543892
-0.280151
-4.029072
1.347289
2.271014
0.084632
2.762843
-0.180530
-0.786872
-2.274536
0.120261
0.386856
1.435202
-1.019995
0.810877
0.424338
-0.901980
-1.426297
0.900371
4.085744
-1.740964
1.098464
-0.552818
-2.646622
-0.541117
1.291796
-1.074589
-2.258897
-0.587807
0.618726
1.046810
2.226572
-0.464285
0.680935
-1.613053
-2.155515
2.457151
-0.063725
-1.803234
-1.575029
1.622129
-0.473017
1.981113
3.555960
-2.948158
-3.133118
-0.417086
0.821438
-3.452837
-1.211172
1.415735
-3.068950
2.315261
-2.035024
-1.842343
-3.793061
-0.177284
1.695730
0.193356
0.192582
-2.171747
-2.492588
-1.883375
-1.565425
1.930205
-0.612084
2.206885
4.913521
-0.793740
-2.421457
-0.334659
-0.821989
-1.383547
2.380281
2.284124
-2.572081
-0.005830
1.948019
-0.537672
1.134470
5.072650
-0.661129
0.201265
-2.127080
-0.698605
-0.175561
-0.962004
3.217495
-4.354533
-1.022264
0.914479
1.954505
1.489448
0.270879
-1.902902
-1.027177
-1.060034
1.833320
-0.679157
4.000470
4.014945
-3.742981
0.719916
4.086933
-0.275668
-0.884517
-1.573999
0.118516
-0.412998
0.459889
0.772485
0.608499
-0.871709
0.526401
-1.444112
0.383827
-0.178747
2.225399
-1.817211
2.272556
-4.032174
3.753831
-2.490845
-0.750900
-1.143303
0.723754
1.591339
1.027391
-1.121917
1.168500
-3.920704
1.368068
-2.410194
-2.548826
0.742830
2.380908
-0.166885
-0.858766
-4.610630
-1.047551
2.326994
3.419346
0.659265
-0.805725
1.552126
-0.688476
-2.466088
-0.004295
-0.833084
-0.652877
1.713613
0.421849
2.425719
-1.878908
-0.790000
-3.984355
3.510889
-1.431498
-0.526899
-0.287995
-4.740859
0.598557
-2.872466
-1.806674
-3.744484
0.758709
2.268680
0.157118
-0.360869
0.288239
-0.984035
-0.229317
-3.045161
0.968111
-0.765523
0.714705
0.351199
0.605681
-0.305895
2.237554
3.885045
-5.150806
4.335501
0.222836
-1.799806
-0.067007
-1.898450
1.672213
-1.802180
-1.609153
0.428933
1.450549
-2.247654
-2.380309
-2.007689
-1.498192
0.362406
-0.464892
4.982628
-0.952454
-0.362127
1.462121
0.288025
3.254374
-3.203530
0.657584
-2.103455
-1.339414
2.686596
-1.124721
-0.263337
4.037232
-1.456827
0.028631
0.380365
-1.068491
0.259667
0.832030
1.287470
0.423113
2.225090
-1.529725
1.724435
0.281632
-0.386816
-2.620668
1.283230
3.427572
3.362392
0.896316
0.614421
-5.010217
-4.295187
2.093098
-0.234564
-1.380073
1.111085
0.501502
2.923016
-1.634679
-3.179563
-1.428674
-0.264142
-0.784257
5.648222
-3.939119
-3.014409
-0.814324
3.553610
3.029998
0.058275
-5.985441
4.223642
-4.287624
-1.769145
-0.349608
0.263959
-1.233013
1.436737
-0.058245
-0.196184
2.382309
-3.255089
1.704260
-3.240095
-3.372020
-1.487199
-2.197803
0.847087
0.993304
0.101832
-5.334771
-0.004122
-3.247400
-0.694476
-1.341370
-0.087036
0.625890
4.743239
1.607623
-0.042687
0.532041
-0.883381
-2.101071
1.281208
1.978441
-3.267851
-1.867017
-0.748367
2.686119
-0.701482
-3.789518
-2.159184
-0.523381
0.263070
-1.110309
-2.693162
3.062221
0.265381
3.129916
0.603552
0.807274
5.912034
-0.097680
-0.630845
-0.564713
-0.732211
1.103157
-0.450329
3.081952
0.135269
-2.235605
1.665479
-0.185882
2.292077
-0.650026
-0.700157
-1.388604
-1.577920
-0.181527
5.824355
2.046208
2.594885
-0.011638
-0.785537
3.125953
0.385881
3.055194
2.599148
-0.363148
-4.092972
0.024275
2.398058
3.941651
-1.601009
-0.878694
2.178873
-2.005064
1.836852
-2.149011
-0.143877
1.445258
4.136903
1.468468
-2.814518
0.145891
-0.436818
-2.954420
-1.351364
0.688152
1.968144
-2.556005
0.919906
1.701184
-0.126921
-4.659886
0.613510
2.139421
0.346470
-0.274239
1.772715
-1.642542
-1.106395
-0.920651
-2.320161
1.916395
2.164141
-0.773510
-2.813169
2.812214
4.392831
2.036861
0.116133
-3.654381
3.247247
0.878098
-0.635132
0.466599
0.975059
-2.214538
-1.958075
-1.671947
-0.144447
3.355886
-1.851864
1.070421
-1.201744
3.117938
1.592073
-0.609213
0.624880
-0.373163
-2.495195
1.553078
0.654709
-3.608149
-1.977673
0.105902
0.272963
1.541943
-0.730341
1.025207
3.131357
0.184682
1.329122
-2.230505
-0.375673
-0.039148
1.608984
1.286687
-1.840870
1.067164
1.002976
-0.339419
0.961520
0.115611
2.227497
-2.054544
1.351353
-3.343941
-1.655541
-2.856586
-2.431514
-2.584713
-1.390530
-1.889691
-0.937377
-1.108686
1.003207
-0.844804
2.901651
2.592590
0.352991
-0.319043
1.372272
-1.352939
-0.227241
0.959750
1.181524
1.559239
-2.371019
0.614623
1.689051
0.694958
0.813101
-1.222667
-3.320666
-1.312388
-0.976709
0.858053
1.904298
0.523657
1.169221
1.363928
-1.608501
0.128569
2.927405
-0.744782
1.046132
2.265145
-0.378127
-0.184383
-1.365863
3.371713
-3.645394
1.282787
1.039563
-1.008340
-0.261329
-1.388671
-2.579032
-3.931353
1.431319
0.898210
1.056479
2.566660
-0.183463
2.236122
-1.226504
2.030900
-0.864111
-2.809314
0.873321
-0.839345
-1.436182
-0.720714
-2.205008
1.180618
0.074723
-2.543740
0.288734
-1.175989
-0.441104
1.380517
1.796484
-4.020374
-1.115467
1.536338
1.462350
-1.777860
-2.139190
-0.106885
-0.684033
-1.191223
-1.253338
-0.476500
2.023156
-1.874793
1.272106
1.516992
0.955787
-0.929821
2.047810
2.195408
-1.411800
1.083706
1.284698
-1.238045
2.406386
1.182753
-1.719615
-1.320386
2.130542
1.026392
-2.046076
-2.232627
-0.514917
2.671436
-1.250792
0.501367
1.227117
-3.801939
0.023172
1.531876
3.250061
-0.758348
-0.270904
3.087273
-1.657448
0.086577
2.877765
1.297879
2.604661
1.853675
0.443604
3.989159
-1.432422
-2.777757
0.793954
-0.756571
0.195794
3.183266
2.889263
-0.172266
2.803415
4.577562
2.382379
-0.587970
1.216732
1.850169
-0.978608
-3.505094
-0.719169
-0.960349
-1.405437
-2.072785
-2.425925
3.322431
3.071257
2.061773
1.831419
-3.373165
0.133536
-0.366862
-0.278485
-2.292064
-0.302446
-0.391142
-1.065695
0.297418
1.250659
-1.652324
0.907355
-2.293017
0.578845
-1.555042
-1.306313
-0.227679
0.568775
-0.943247
-4.090539
4.506220
0.042724
0.597963
-0.588763
1.269442
0.949109
0.539385
0.034351
-3.562815
0.867431
0.534817
-2.119584
3.816209
0.977996
1.615110
1.203146
-2.943489
1.767353
-1.112978
-1.809860
0.953713
-0.913596
-0.309580
4.018832
1.647830
0.210312
1.127021
0.539987
-1.546236
1.132749
-0.148927
-0.754278
0.454824
-0.775107
-0.272664
0.701316
0.391193
1.392748
2.019110
0.247814
-1.844367
-1.844950
-2.809035
-0.192647
-3.256438
1.867438
0.103020
1.462842
-1.717662
0.302482
-2.306902
0.340256
0.876680
-0.824841
-3.189131
-1.380424
0.668662
0.220806
-0.640324
0.087256
-1.355213
-0.179649
-2.568997
-1.418473
3.902112
0.807597
-0.376015
-0.685323
-1.023783
0.152854
1.372785
-1.653618
-1.800505
0.302724
2.231444
-0.746910
1.646320
2.232219
0.019561
0.260671
-0.594797
-1.928125
0.099149
-2.453325
-1.457149
0.135812
-0.879115
-0.388407
-1.256212
-1.120166
-0.360529
-0.005674
-0.380313
1.981600
-1.466538
-2.173279
2.901516
2.784019
0.178961
1.469415
0.171192
0.458910
-0.864212
-1.738695
-1.961540
-1.314881
0.073096
-1.594828
0.904475
-3.280373
-0.086049
3.355896
0.612293
-1.192627
