0.097133
-0.184085
-0.150931
-0.020614
-0.434568
0.059555
0.437313
0.129553
0.118961
0.422378
-0.401524
-0.332150
0.221314
-0.236989
-0.509102
-0.061551
0.064699
-0.526179
-0.293743
0.563372
0.295660
-0.187689
-0.383394
-0.316299
0.207894
0.208266
-0.036951
-0.304020
-0.483638
0.350877
0.319432
-0.161737
-0.012328
-0.215856
-0.165848
0.157864
-0.402195
0.186279
0.290817
0.299065
0.180569
0.113717
0.069387
0.394789
0.123519
-0.362741
0.596762
0.053287
-0.088796
-0.347387
0.473897
0.072779
0.035999
0.266422
0.008531
0.488260
0.196546
0.092521
-0.455890
0.274520
0.092033
0.376275
0.032610
-0.126650
-0.054156
-0.299831
-0.435575
0.058551
0.240480
-0.338689
0.158897
-0.430357
-0.241545
0.574018
-0.442701
0.238670
-0.090991
0.060069
0.001486
-0.402664
-0.161752
0.244153
-0.079582
0.252190
0.096681
0.240251
-0.153730
0.509015
-0.107577
0.107381
-0.328668
-0.020903
0.045497
0.207595
-0.072606
0.172385
0.031077
-0.296344
-0.557770
0.402944
0.198419
-0.203094
0.283450
-0.559891
-0.431984
-0.255409
0.432400
0.248475
0.318346
-0.291748
-0.203490
0.157417
-0.141354
-0.108486
-0.045786
0.428125
0.336393
0.325039
0.129086
-0.129735
-0.201710
0.542035
0.189798
-0.159164
0.088919
0.356581
-0.208746
0.186380
-0.320570
0.023236
-0.252152
0.106133
0.196387
-0.058886
0.284520
0.400519
0.319438
-0.401690
0.388232
0.113833
-0.039838
-0.122021
-0.156366
-0.194618
0.298864
0.169703
-0.365780
-0.480323
-0.434717
0.188769
0.250487
-0.371503
-0.633724
-0.281364
-0.327504
-0.376774
-0.204322
0.059310
-0.072239
-0.300305
-0.113030
-0.164753
0.094346
-0.134817
0.067208
-0.361989
0.225522
-0.357192
0.116892
-0.159294
0.519090
-0.349649
0.253468
-0.024308
0.414333
-0.300169
-0.250870
0.509489
-0.096821
0.096989
-0.247698
0.664891
-0.085383
0.472472
0.259440
0.347761
-0.105187
0.339001
0.106235
0.215136
0.571045
-0.414217
-0.252499
0.132526
-0.052147
0.116608
-0.101008
-0.656922
-0.278877
-0.611936
0.427953
0.017472
-0.051264
0.095560
-0.146110
0.139177
0.106132
-0.333356
0.214987
0.311177
0.230176
-0.149698
-0.703707
-0.185244
0.550437
0.313826
0.349629
-0.286103
-0.354130
-0.044188
-0.416409
-0.277378
-0.496593
0.070004
0.318425
-0.212093
0.225331
0.082078
-0.208929
0.146694
-0.337710
0.458176
-0.238987
-0.128507
-0.156360
0.108029
-0.069731
-0.257741
-0.485394
-0.173318
-0.428138
0.188480
0.152895
-0.422587
-0.079313
-0.037861
0.414399
0.081209
0.348436
0.440957
-0.059789
0.418870
-0.050740
-0.195643
-0.092535
0.622073
0.009886
0.594415
-0.356656
-0.458725
0.168136
-0.083538
-0.157037
-0.253315
-0.327592
-0.109465
-0.216545
0.566281
-0.163012
-0.345003
0.301958
-0.279387
0.096713
0.484050
-0.499309
-0.044844
0.169345
0.015889
0.373187
-0.055909
-0.257017
-0.298132
-0.340824
-0.178020
0.181844
-0.112253
-0.428137
-0.570477
0.237519
-0.112224
-0.618842
-0.209124
0.349983
0.112162
0.425587
0.108082
0.363584
-0.734789
-0.291572
-0.187191
0.190018
-0.221802
0.503499
0.120458
-0.037162
-0.348316
-0.156369
0.321012
-0.158495
0.545363
-0.045349
-0.017855
0.074025
0.068671
0.190858
-0.222681
-0.045298
0.495763
-0.187987
0.104515
-0.043122
0.223355
-0.228768
0.117892
-0.367466
-0.559042
-0.229916
-0.051761
-0.632473
-0.432509
0.048381
-0.462326
0.318094
-0.194499
-0.016933
0.037460
-0.162397
-0.510891
0.531806
0.268489
0.181022
0.222396
-0.123747
0.404817
-0.414218
-0.395447
-0.399228
0.070903
-0.229044
0.367676
0.363292
-0.386526
0.269121
-0.131629
0.081654
-0.102777
0.195919
-0.281725
0.059753
0.455760
-0.266470
0.390148
0.178094
0.229595
-0.313827
0.231875
0.158852
-0.256952
0.239483
0.131327
0.085349
0.297230
0.516868
0.537327
-0.235003
-0.010966
-0.028338
0.374059
0.200413
0.397321
0.141910
-0.371775
0.053705
-0.014382
-0.570513
-0.044649
0.255595
0.208110
0.051991
-0.018538
-0.026792
-0.121748
0.345056
-0.033237
0.542204
0.316164
-0.061929
0.323070
0.027216
-0.538618
0.023540
0.391313
0.290781
0.256152
-0.018512
0.136353
0.110728
-0.259066
-0.233874
0.431056
0.191505
0.003301
0.037550
0.312924
-0.376583
-0.312284
-0.076364
0.080837
-0.390646
-0.399573
0.041988
-0.447652
0.018771
0.096921
0.351072
-0.153985
0.103164
-0.458221
-0.221017
-0.155238
0.266887
0.284489
-0.396208
0.031946
0.591858
-0.430889
-0.105835
-0.240883
-0.002408
0.009338
-0.191015
0.497451
0.338575
0.425522
-0.257775
-0.135586
0.230206
-0.091234
0.414272
-0.352911
0.345262
0.195231
-0.023336
0.282601
-0.310475
-0.434830
-0.351673
-0.394032
0.017105
0.171405
-0.163201
0.283602
0.256975
0.290372
-0.521328
0.408584
-0.043747
-0.415747
0.410145
-0.213899
0.164929
0.488393
0.388448
0.628031
0.593911
-0.383741
0.421045
0.033814
0.013655
0.199369
0.795010
-0.122390
-0.493305
0.051627
0.020169
0.187162
0.345477
0.232665
-0.087638
-0.579889
0.396401
0.302848
0.318232
0.154441
-0.659343
0.091613
0.024517
-0.464004
-0.071790
0.111755
-0.392446
0.479186
-0.076072
-0.390568
0.631422
0.080798
0.284446
0.095926
0.398228
0.595720
-0.271919
0.111903
-0.610933
0.454051
-0.466318
-0.102366
-0.139341
-0.243628
0.325803
-0.184706
-0.415476
0.402945
-0.534588
-0.123166
0.074214
0.372206
0.075637
0.287308
0.321899
-0.444475
-0.621669
-0.077485
-0.484304
0.517316
-0.110610
-0.062533
-0.545293
-0.425435
0.009718
0.035157
-0.085251
0.318770
0.241811
-0.258943
0.649094
-0.309788
-0.431742
-0.379159
0.014643
0.257601
0.226242
0.455978
-0.360097
0.409511
-0.311919
-0.379401
-0.418887
-0.133446
0.106098
0.106832
-0.108068
0.537858
0.045754
-0.001691
0.236500
-0.626647
0.042966
-0.275864
-0.323234
-0.354671
-0.488160
0.340273
0.342502
-0.360496
0.035837
0.256353
0.345267
-0.245577
0.116004
0.397960
0.408189
0.051694
-0.202069
0.302645
-0.496321
-0.078363
-0.376288
0.237391
-0.049406
0.003971
0.208298
-0.027893
-0.259335
-0.260923
0.634726
-0.322074
0.155801
0.179721
-0.400088
0.256067
-0.048248
0.287114
-0.226797
0.285641
0.035684
0.381914
0.436619
0.301459
-0.183583
0.001390
-0.125302
-0.161430
0.445363
0.455158
-0.011874
-0.577702
0.006289
0.366607
0.210414
-0.769382
0.308878
-0.040247
0.176555
0.143413
0.486313
-0.421167
-0.471641
0.498097
0.395589
0.282921
0.211536
0.405691
0.262924
-0.369172
-0.328929
-0.251652
0.269184
-0.092365
0.311006
0.205736
-0.510682
-0.193131
0.431962
0.510758
0.064425
0.384228
-0.100258
-0.018372
-0.213405
-0.034389
0.264133
-0.393286
0.413767
-0.431777
0.116832
0.190966
0.118074
0.044554
-0.421571
0.448336
-0.247577
-0.070782
0.152053
0.094848
0.001638
-0.018743
-0.651558
0.169870
0.138087
-0.622966
-0.646939
-0.111388
-0.224958
-0.400526
0.105433
0.350503
0.072569
0.075547
-0.100051
-0.726737
0.490287
0.039542
-0.803483
0.092971
0.255286
0.242623
0.679225
-0.391262
-0.092605
-0.268164
-0.068979
0.092702
-0.036800
0.112076
0.270472
0.369560
-0.046998
0.468966
-0.036379
0.503130
0.676210
0.789909
-0.576044
0.188218
-0.429682
0.032798
-0.520351
-0.240920
-0.249992
-0.406842
-0.104664
-0.229188
0.327528
0.439099
-0.437936
0.685178
0.304443
-0.213911
0.536760
0.418977
0.232309
0.040369
0.075308
0.372366
0.460745
-0.234082
-0.351769
-0.453827
-0.236165
-0.333268
0.122672
-0.076014
0.266742
-0.328782
-0.191040
-0.152020
-0.376464
0.147807
-0.344701
-0.301415
-0.259907
-0.101330
-0.434867
0.533753
-0.391617
0.105875
-0.242896
0.272930
0.489011
0.165584
0.513624
0.335641
-0.301384
-0.332146
-0.233901
0.154226
-0.386194
-0.179491
-0.281057
0.336906
-0.041533
-0.051958
0.076036
0.531758
0.130068
0.056616
0.101635
0.364723
0.201473
0.043333
0.199532
0.033626
0.121719
-0.157543
-0.246421
-0.042618
-0.310441
-0.326093
-0.477420
-0.180798
0.781390
0.363092
0.223817
-0.065846
-0.095689
-0.484056
0.109277
0.099908
-0.645472
-0.515655
-0.241263
-0.050556
-0.332126
-0.451699
-0.051172
0.002846
0.549411
0.194997
0.437391
-0.491874
0.226679
0.094735
-0.292704
0.024088
-0.191270
0.013342
-0.302177
0.378524
-0.432212
-0.099957
-0.192752
0.001584
-0.532788
0.030345
-0.082785
-0.189343
