-0.120398
0.445581
0.030449
-0.020614
-0.129342
-0.027053
0.011283
-0.061920
0.019801
0.515198
0.225065
0.170582
-0.599640
-0.276273
-0.296964
-0.061551
-0.075643
0.540903
0.140728
-0.314714
0.295660
-0.287838
-0.578321
0.011992
-0.059076
0.208266
-0.091564
0.090848
-0.302865
0.368543
0.210677
-0.029752
-0.333556
0.095070
0.180174
0.437142
-0.356500
-0.506042
-0.192124
-0.506916
-0.279554
0.158655
0.075946
0.443386
-0.615155
0.389700
0.383761
0.057451
0.306962
-0.347387
-0.108129
0.564156
0.605681
0.266422
0.053205
-0.345638
-0.341106
-0.076705
-0.039844
0.506865
0.177899
-0.588923
0.231000
-0.230396
-0.251159
-0.299831
-0.543015
-0.038785
0.188192
-0.433898
-0.114758
0.162138
0.467222
0.093241
0.343613
-0.291766
-0.395321
-0.063765
0.303099
0.224015
-0.254464
0.244153
-0.397885
-0.150419
0.036802
-0.390683
0.333777
-0.101303
0.315218
-0.023434
0.403347
0.540256
0.417421
-0.188539
-0.503965
0.172385
0.245835
-0.198942
-0.557770
0.362798
0.122333
-0.283208
0.283450
-0.221289
-0.178741
-0.469374
0.536754
0.360289
-0.129654
-0.291748
-0.317880
0.594437
-0.093739
0.317993
0.297177
-0.197289
0.221303
0.397825
0.058242
-0.476312
-0.406718
0.411960
0.026942
-0.147323
0.280797
-0.258079
0.037115
-0.129177
-0.249345
0.317654
0.195916
0.443861
0.271282
-0.086581
-0.562607
-0.425146
0.168093
-0.219001
0.388232
-0.152645
-0.335199
-0.180196
-0.167055
0.055548
0.060630
-0.063358
-0.388506
0.563790
-0.170055
-0.602021
-0.499187
-0.117211
0.026370
0.090078
0.486600
-0.385908
-0.210378
-0.161925
0.366831
-0.441448
0.072688
-0.670250
0.561963
-0.289572
0.341046
-0.249919
-0.374626
-0.349971
-0.273505
-0.053862
-0.150169
-0.349649
-0.061187
-0.767155
0.009413
0.067548
-0.250662
-0.265024
-0.070830
0.243786
-0.122951
-0.595878
0.200319
0.268727
0.387855
0.284295
0.546717
0.322451
-0.546920
0.102222
0.064388
-0.477003
-0.492804
0.643255
-0.178085
0.116608
-0.318132
0.296273
-0.330132
-0.634743
0.420344
-0.649188
-0.338916
-0.145731
0.420361
-0.162681
-0.468981
0.104949
-0.164071
-0.406376
0.280959
-0.183819
0.288524
0.221233
0.550437
0.589948
-0.065000
-0.481183
-0.114103
0.132987
0.356643
0.059718
-0.392225
0.166058
0.319529
0.016688
0.576232
-0.480209
0.372710
-0.162745
-0.050444
0.225391
0.194197
-0.128507
-0.590735
0.214072
0.202211
0.086908
-0.098536
-0.020164
-0.428138
0.040597
-0.242539
-0.139295
0.049565
-0.037861
-0.129986
0.021260
0.026933
0.523221
-0.337890
0.418870
-0.304375
0.501056
0.236453
-0.442695
-0.084095
0.154084
0.495732
0.281378
0.391436
-0.404344
0.093375
-0.278330
0.430940
0.163881
-0.224081
0.274513
0.543816
0.022482
-0.045509
0.271581
-0.486294
-0.104845
-0.499309
-0.605500
0.169345
0.429651
-0.142094
0.253509
0.420194
-0.090714
0.244875
-0.178020
0.620339
0.212409
-0.071991
-0.093542
0.370941
-0.171480
0.679509
-0.227337
-0.448310
0.334511
0.501744
0.009689
0.345125
0.166930
-0.070124
0.056988
0.308174
-0.391879
0.273025
-0.276051
0.142350
0.038627
-0.407367
0.215806
0.037245
0.513601
-0.509708
-0.089197
-0.454320
0.211451
0.337227
-0.270362
0.045012
0.034886
0.618115
0.424778
0.052706
0.075865
-0.296295
0.516104
-0.142262
-0.559042
-0.140442
-0.295739
-0.433478
-0.472178
0.299081
-0.462326
-0.096142
-0.542914
-0.249465
-0.071785
0.517358
0.257691
-0.377689
-0.230720
0.181022
-0.131841
-0.044758
0.069111
-0.106789
-0.443013
-0.104196
-0.288118
-0.602345
-0.389515
-0.554310
0.657406
0.364583
-0.151190
-0.547100
-0.221709
-0.289114
0.202956
-0.329419
-0.051697
0.244219
0.363950
0.169188
0.081468
0.497206
-0.720754
0.056093
-0.180414
-0.041313
0.160157
0.102827
0.166871
0.545191
0.330015
0.034583
-0.110173
0.417917
0.102704
-0.056015
-0.530241
0.171539
-0.028725
-0.081386
-0.119203
-0.189505
-0.379100
0.276964
0.398465
0.297244
-0.018538
-0.256385
-0.255758
-0.309111
-0.026295
0.564432
0.598804
-0.185902
0.365830
0.300369
0.558932
0.833974
-0.217910
0.534280
0.200362
-0.145352
-0.446995
-0.160797
-0.450769
0.042746
0.418108
0.102951
0.544780
0.365786
0.447446
-0.208976
0.099011
0.003661
-0.012683
-0.361374
-0.480496
0.280805
-0.096303
0.315201
0.164096
0.351072
-0.153985
0.355135
0.003857
-0.194426
0.195518
0.083916
0.264524
-0.448374
-0.306678
-0.292192
-0.292783
-0.262287
-0.315047
0.988016
-0.332291
-0.225642
0.124141
0.338575
-0.268045
-0.153729
-0.189588
-0.122490
-0.091234
0.039838
0.067901
0.331032
-0.111481
-0.011928
0.224059
-0.338508
-0.363121
-0.351673
0.234207
-0.333204
0.243592
0.186051
-0.185717
-0.225221
-0.093776
-0.440896
-0.250669
-0.028795
0.168119
0.325436
-0.317138
0.144030
0.145401
0.534984
-0.054393
0.069974
0.483605
-0.263309
0.094620
-0.166437
-0.143103
-0.206228
-0.241784
0.309742
0.544745
-0.210993
-0.394342
-0.352279
0.232665
0.632652
0.245968
0.194061
0.584190
-0.162913
-0.096992
-0.561553
-0.155390
-0.657942
-0.503318
0.038638
-0.225278
-0.374817
0.314518
-0.302943
-0.101596
0.274531
0.077646
0.325149
-0.088583
-0.183536
-0.151557
-0.227566
-0.029974
-0.343595
-0.352733
-0.252433
-0.675592
0.495704
-0.243628
0.297697
0.124408
0.335573
-0.336195
0.019677
0.421148
0.415746
0.331811
0.075637
0.287308
-0.299079
0.255818
-0.015791
-0.279890
-0.476333
-0.099758
0.226629
-0.074274
-0.115156
0.159286
-0.070280
-0.139925
-0.085251
0.506152
-0.064392
0.331380
-0.231786
-0.350209
-0.589949
0.231499
0.299833
0.279331
0.336281
0.197284
-0.645870
-0.196264
-0.357728
0.010634
0.379496
0.374408
-0.174098
-0.368405
-0.427849
0.122574
0.402195
0.442894
-0.426252
0.136540
0.477594
-0.238465
0.080491
-0.411406
-0.197996
-0.542003
0.261261
0.036344
0.244044
-0.202463
0.238746
-0.453249
0.523831
0.495804
-0.004816
-0.004775
0.063378
-0.258440
0.126813
0.304777
0.269600
0.630814
0.152393
-0.100051
-0.143721
0.268144
-0.259335
-0.400136
-0.378746
-0.227683
0.040612
-0.130332
-0.058307
0.082215
-0.266400
-0.041579
0.218218
0.196482
-0.138586
0.086791
-0.380309
0.431211
0.384624
0.309856
0.233488
0.086109
0.161361
0.006301
0.131808
0.456771
-0.221483
-0.280646
-0.091418
0.293572
-0.456071
-0.108374
0.067991
0.155408
0.342287
-0.161295
0.086353
0.220005
-0.742538
0.242349
0.356877
-0.108772
0.346135
0.014851
-0.215576
-0.251652
-0.574197
-0.084644
-0.421376
-0.166693
-0.243982
0.000367
-0.009939
0.267436
0.469423
0.504409
0.468223
-0.148713
0.259399
-0.154619
-0.039284
-0.629727
-0.168238
-0.064546
-0.389343
-0.352283
0.118074
-0.327319
-0.319586
0.232243
-0.545077
-0.054094
-0.042659
0.059045
0.275819
-0.248546
0.348324
0.424828
-0.381613
0.042018
-0.646939
-0.043699
-0.017517
-0.069820
0.273879
0.659016
0.734659
-0.046454
0.599497
0.361988
0.095381
-0.179982
-0.803483
0.050062
0.580400
-0.378472
0.477229
0.587764
0.513722
0.192814
-0.140794
0.161895
-0.248954
-0.543898
0.270472
0.369560
0.420568
0.008153
-0.325439
-0.493260
0.113459
0.236653
-0.158126
-0.498962
0.434940
0.033266
-0.539605
-0.422079
-0.591407
-0.406842
-0.066036
-0.532310
-0.021442
-0.122713
-0.266219
-0.037293
0.206482
-0.158829
0.447274
0.058607
-0.323145
0.274956
-0.325766
-0.453831
-0.146066
0.362140
0.035773
0.105771
0.047148
0.374342
-0.007020
-0.020774
-0.320604
-0.023619
-0.129388
-0.246749
-0.376464
-0.281193
0.115272
-0.235462
0.436470
-0.002954
0.169358
0.477785
-0.585481
-0.110905
0.278830
0.158966
-0.257878
-0.378060
0.161976
-0.329076
-0.188775
0.508532
-0.037217
-0.003147
0.170174
0.155129
-0.282078
0.331442
0.581379
-0.023617
-0.233828
0.495473
-0.432280
0.350976
0.184154
-0.209863
-0.315465
0.067814
0.537683
0.033626
0.599877
0.351106
0.023839
-0.533053
-0.300488
0.330560
0.441212
-0.089348
0.422384
0.329201
-0.223574
0.285392
-0.398209
-0.410919
-0.336329
0.043420
-0.435047
0.383568
0.296928
-0.365128
-0.202999
0.234077
0.104672
0.149471
0.278510
0.348048
0.153306
-0.700055
0.036004
-0.238321
0.507811
0.084607
-0.381621
0.013342
-0.302177
-0.282493
0.036952
-0.387284
-0.056281
0.054334
0.087119
-0.107080
0.480987
0.516151
