0.214173
-0.223113
-0.343421
-0.112274
-0.576649
-0.094097
0.110145
0.267066
-0.023724
0.439544
0.076712
-0.436629
0.153806
-0.094244
0.067966
0.487635
-0.673029
-0.280809
0.229720
-0.032724
0.398400
0.100505
0.043747
0.189879
-0.299354
-0.542664
-0.010507
0.317109
-0.099364
0.271727
0.328194
-0.181703
-0.245693
0.670852
-0.052812
0.261649
0.278368
-0.251852
0.069741
-0.571895
-0.294257
-0.133190
-0.251000
-0.125772
0.100573
0.082108
-0.039925
0.556517
-0.088796
-0.469918
0.146076
-0.217608
-0.303367
-0.205005
0.116041
0.470136
-0.066950
-0.374745
-0.455890
-0.014393
-0.199007
0.339079
-0.287656
-0.127824
0.453300
-0.437628
-0.164130
0.374140
-0.046837
-0.216691
-0.215588
0.190402
0.037054
-0.211096
0.265170
0.138353
-0.418663
0.292835
0.001486
-0.179527
0.562709
-0.340450
-0.280740
0.280442
-0.055054
0.544496
-0.144655
0.506849
0.029145
-0.197038
-0.016349
-0.249031
-0.267242
-0.298853
0.584423
-0.018388
-0.219463
-0.305479
-0.221196
0.371205
-0.063082
-0.312249
0.138243
-0.468023
-0.329251
0.038926
-0.033523
-0.572431
-0.081353
-0.348272
-0.252218
0.461040
-0.197986
-0.341216
0.124171
-0.318795
0.162740
-0.361679
0.219775
0.176482
-0.463597
-0.553457
0.070469
0.066445
-0.300836
-0.112170
-0.173190
0.190662
0.208778
-0.101875
0.362879
-0.406045
0.098017
0.404884
-0.353714
-0.581410
-0.581007
0.084905
0.535892
0.139364
0.034351
-0.265082
0.324140
-0.469038
0.048352
0.079852
0.049989
0.231215
0.209224
-0.066043
-0.504982
0.154075
0.227436
-0.311479
-0.327688
-0.375083
-0.257535
0.350211
-0.217963
-0.258590
0.233381
-0.501446
0.414419
0.326935
-0.030448
0.100673
-0.514611
-0.212089
0.057291
-0.300845
0.458887
0.484259
-0.387627
0.407840
0.409953
-0.051177
0.371405
0.205205
-0.365712
-0.014973
-0.090109
0.071123
-0.011697
0.603195
-0.387235
-0.215545
-0.461813
0.275597
-0.167758
-0.596317
0.559278
0.112288
0.295018
-0.355514
-0.220012
-0.034187
-0.276239
-0.103972
-0.034894
0.199686
0.616963
0.047547
-0.504455
-0.064408
-0.565890
-0.579598
0.140194
-0.319514
-0.319552
-0.237506
0.230176
-0.202298
-0.209909
0.259153
-0.329800
0.253511
0.618993
0.179455
-0.296929
0.302683
-0.158777
-0.048153
0.396821
0.650886
0.263348
0.610776
0.283688
-0.066783
0.746225
-0.336705
0.280477
0.172620
0.281041
-0.478169
-0.290052
0.308930
-0.489557
-0.243987
0.161295
0.092953
0.116502
0.522243
-0.151744
-0.154234
-0.558253
0.255550
0.057834
0.165773
0.348436
-0.488038
0.275073
0.337468
-0.068344
-0.457577
0.372349
0.053874
0.510165
0.471697
0.069490
0.404676
0.411634
0.079250
-0.023566
-0.313510
0.494447
-0.265798
0.168489
0.023586
-0.109627
-0.176894
0.326610
0.159941
-0.418126
-0.118655
-0.417790
0.457741
-0.598990
-0.400035
0.023206
-0.304360
0.457566
0.413197
-0.549256
0.171278
-0.261116
0.207106
0.301974
-0.444365
0.564355
0.147157
-0.398172
0.105695
0.323914
-0.323030
0.502580
-0.075584
0.183331
-0.117409
-0.291572
-0.360262
-0.444995
-0.221802
0.258394
-0.250470
-0.214498
0.505164
0.430676
-0.018043
-0.250083
0.319694
0.092694
-0.133009
-0.423254
0.012615
0.378800
-0.730809
0.162709
-0.175618
0.194494
-0.014168
-0.000515
0.048667
-0.370187
0.735618
-0.273934
0.447101
-0.088843
-0.124996
0.053279
-0.078466
0.032460
-0.014467
0.342010
-0.075756
0.053331
-0.161471
-0.485290
-0.133259
-0.542180
0.612384
0.288693
-0.042695
-0.178450
-0.107891
0.347896
-0.142124
0.133053
0.407230
0.173375
-0.455157
-0.257334
0.657406
0.252097
0.364417
0.009071
0.391640
0.046291
0.161699
-0.209448
-0.269232
-0.120248
-0.329450
0.339439
-0.336875
-0.278529
0.017717
-0.475458
0.305431
0.079887
-0.476003
0.489112
0.348700
0.142887
0.210384
0.010673
-0.571055
-0.646123
-0.409409
0.350201
0.397321
0.199115
0.389132
-0.398162
0.067979
-0.307898
0.191741
-0.189140
0.268705
-0.210913
0.225737
0.368649
-0.233266
-0.481203
0.113424
0.536301
-0.537577
-0.420543
0.606984
-0.150068
0.277360
-0.022676
-0.293000
0.455277
-0.164047
-0.278825
0.164121
0.646932
-0.431157
-0.029003
0.458353
-0.576788
-0.795688
0.513180
0.281883
-0.125398
-0.517163
-0.218399
0.080837
-0.151867
0.028884
0.259237
-0.287507
0.129813
0.096921
-0.311323
0.369258
0.451983
-0.458221
-0.426225
0.086039
0.283113
-0.173374
0.034221
0.100866
0.087494
0.399350
0.056575
-0.133816
-0.047300
-0.307334
-0.018762
0.390314
-0.190372
-0.260128
-0.073337
-0.233226
0.253433
0.067585
0.429668
0.233085
-0.191909
-0.200868
0.464671
-0.611188
-0.191596
-0.113708
-0.413930
0.194796
0.536847
-0.154292
0.006004
0.026842
-0.193364
0.171295
0.390047
0.555811
-0.099560
-0.103538
-0.509308
-0.185171
-0.323441
-0.472614
-0.190767
-0.251567
-0.144731
-0.008688
0.126015
-0.337593
-0.150187
-0.123611
0.306081
0.692883
0.064133
0.086050
-0.058278
-0.402192
-0.300243
-0.515199
0.000384
0.071845
-0.194103
0.278446
-0.125167
0.293437
0.384113
0.585940
-0.134577
0.232824
0.312232
-0.189310
-0.218611
-0.705606
-0.235966
-0.115480
-0.375405
0.197493
-0.802686
-0.368590
0.214739
-0.090907
-0.040111
-0.639994
0.371524
0.525227
-0.207873
-0.236976
0.419481
-0.331806
0.325803
0.176189
0.251159
0.090884
0.211977
0.432709
-0.302366
0.117674
0.002240
-0.057349
-0.124797
-0.374848
-0.406172
0.346607
0.133359
0.177519
0.237770
-0.251054
0.251498
-0.400712
0.254853
-0.335879
-0.047040
-0.146424
0.277048
0.606674
0.377417
-0.172845
-0.134016
-0.387878
0.120970
0.674862
-0.298479
0.500377
0.449542
-0.084736
0.635464
0.223682
0.414138
-0.371671
0.393814
-0.365518
-0.255567
-0.185159
0.382911
-0.212929
0.354495
0.158402
-0.578517
0.177869
0.023281
-0.351983
-0.268998
0.352650
0.360407
0.082246
0.387753
-0.177260
-0.127197
-0.386419
0.174263
-0.190069
0.214690
0.539397
-0.416130
-0.068901
-0.245010
0.536929
0.137062
-0.145279
-0.135801
-0.143836
-0.090454
-0.292063
-0.024024
0.011945
-0.405385
-0.578573
-0.200136
0.179721
0.423264
0.027791
-0.321656
0.357573
0.364632
0.098104
0.007507
-0.203647
-0.355300
-0.057511
0.098482
0.226486
-0.468643
0.105674
0.187889
0.354163
0.209068
0.487839
0.478847
0.071604
-0.132469
-0.551169
-0.138690
-0.276915
0.138876
0.057538
0.518308
0.190173
-0.203582
0.230260
0.552900
-0.137968
0.094061
-0.395683
0.058263
-0.437071
-0.288739
-0.192880
0.625786
0.329229
-0.046151
0.340643
-0.630480
-0.095805
0.495583
-0.345882
-0.044292
0.479923
0.514265
-0.224417
-0.545591
-0.334619
-0.228930
0.319135
0.413767
0.507500
-0.364195
-0.359825
0.246972
-0.143864
-0.398843
0.718316
0.390599
0.093017
0.179811
0.072130
0.141937
0.547151
-0.193498
-0.046726
0.266081
0.354991
0.141720
-0.088757
-0.210097
-0.025005
0.330151
0.282175
0.238276
0.019129
-0.100051
-0.174572
-0.358681
0.471735
0.080752
0.241555
-0.016889
-0.280407
-0.056439
0.445771
0.442099
0.200551
0.150885
0.092702
0.025072
0.379174
0.007644
-0.615863
-0.147518
0.295014
0.520992
0.523648
0.310460
0.563616
-0.177277
-0.118015
0.377494
0.670327
-0.118897
-0.248865
0.306450
0.282519
0.698701
-0.452340
0.423539
-0.259449
-0.733651
0.273407
-0.052421
-0.231806
0.260064
-0.377924
-0.398196
-0.828317
-0.352204
-0.045078
-0.647373
-0.033153
0.456763
-0.476712
-0.632857
-0.002736
0.260106
0.532805
0.315015
-0.230991
-0.413587
-0.163144
-0.185712
-0.212747
0.317685
0.277526
0.429701
0.355255
0.341944
0.094978
-0.534882
-0.094694
0.341156
-0.287174
-0.231655
0.137020
-0.094239
0.012962
-0.579067
0.314249
0.164841
0.154226
-0.393980
0.356721
-0.282078
-0.353646
0.572510
-0.358823
-0.130504
0.383228
-0.392095
-0.215216
0.081774
0.017832
0.340354
0.001008
0.232461
-0.332442
0.060687
0.032572
-0.290369
-0.690007
0.310461
0.509610
-0.370345
-0.090130
0.847413
0.180596
0.306377
0.399359
-0.755042
0.679524
-0.451943
0.385456
0.084413
-0.413992
-0.108995
-0.782615
-0.096551
-0.390084
-0.221289
-0.197469
0.148485
0.334095
-0.137828
-0.434646
0.489471
0.222583
0.165097
-0.258642
-0.202231
-0.069163
-0.436864
0.022951
0.348904
0.415862
-0.268067
0.331031
0.154132
-0.217452
0.182833
-0.344996
