-0.014368
0.377770
-0.224377
-0.066226
-0.429088
-0.008373
0.201002
0.567346
0.463047
0.240182
0.015439
-0.138958
0.147510
-0.410337
-0.529782
-0.120559
-0.085660
-0.213391
0.469342
0.119575
-0.408527
-0.145591
0.034487
0.459926
-0.103021
-0.170987
0.690970
0.036923
0.021354
0.303814
-0.092793
0.196774
-0.322536
-0.030428
0.151519
0.202895
0.352245
-0.575981
0.017136
0.161343
0.109486
0.212776
0.106299
-0.113450
0.033223
0.138690
0.200753
0.615172
0.301174
-0.261448
0.042203
0.030020
-0.172810
-0.218696
-0.567815
0.610098
0.090525
-0.219884
0.117829
-0.549536
0.319130
0.115314
-0.207037
0.751559
0.201233
0.352637
0.407493
-0.397335
0.290566
-0.057907
0.301227
-0.403446
-0.487704
-0.035327
0.239302
0.156830
-0.101440
-0.070822
-0.041953
-0.154302
0.119628
-0.510203
-0.292435
-0.062929
-0.411611
-0.160043
-0.079780
0.231847
-0.326033
0.094888
-0.197002
0.113360
-0.606198
-0.354968
0.087427
0.034706
0.281910
0.249483
-0.153970
0.368835
-0.008748
0.019730
0.290669
-0.123734
-0.456294
-0.383067
0.275036
-0.078774
0.602626
0.345252
-0.180098
0.143131
0.361586
-0.000648
0.213755
-0.127237
0.223324
-0.139754
0.187048
0.284440
-0.569164
-0.354264
0.010184
0.044773
-0.028455
-0.083083
-0.433639
0.396565
0.196286
0.431368
0.099700
-0.693080
0.359051
0.020442
-0.378958
0.419018
-0.114800
-0.640865
-0.337455
-0.302312
0.146775
-0.219641
0.054046
-0.716742
-0.127839
-0.198011
-0.389172
-0.391978
0.458226
0.349905
0.210817
-0.546210
0.201784
0.090078
-0.167775
0.500901
0.183578
-0.072881
-0.078435
0.029726
-0.229102
-0.001304
0.686688
-0.147260
0.216404
0.351959
-0.466267
-0.200234
-0.184007
-0.197367
-0.402222
0.512477
0.134840
-0.026906
0.202613
-0.093585
0.581660
0.375536
-0.143374
0.085581
0.442333
-0.039280
0.126879
-0.265029
0.202560
-0.333942
0.133555
0.170817
-0.057187
-0.018972
0.130238
-0.435769
-0.339950
0.146953
-0.262737
0.403769
-0.327366
-0.605260
-0.270264
0.446864
-0.100017
0.509432
-0.669118
0.051026
-0.351250
-0.171103
-0.208616
-0.015938
-0.027292
-0.403088
0.016642
0.111659
-0.234455
-0.243287
-0.191508
0.148068
0.072607
-0.162496
0.411136
-0.307351
-0.296264
0.169810
0.300417
0.297493
0.300122
0.231468
-0.262092
-0.075788
-0.208508
-0.367470
-0.135609
-0.420184
0.524816
-0.382261
0.513625
0.149202
0.017162
0.030020
0.319004
0.038431
-0.522766
0.381668
0.417209
0.152220
0.208934
-0.251790
0.384222
0.116763
-0.364424
-0.547413
0.192858
0.451829
-0.249340
0.268250
0.493191
-0.027069
-0.112047
0.135208
0.192435
-0.338176
0.587888
0.356368
0.436462
0.379776
-0.176555
0.168607
-0.469534
0.669799
0.209361
0.675799
-0.657578
0.232999
-0.348891
-0.180982
0.332407
0.142667
0.014690
0.394185
-0.015325
0.190490
0.376445
-0.335169
-0.212722
-0.018510
-0.296624
-0.055567
-0.670908
-0.116233
0.529607
-0.450428
-0.706224
-0.272199
-0.124222
0.275008
-0.531405
-0.148940
0.583587
-0.778500
-0.112944
-0.398238
0.071781
0.144035
0.406527
-0.533855
-0.063307
-0.415714
0.030623
0.066276
-0.172686
-0.225492
-0.279115
-0.146317
0.112864
-0.189313
-0.090157
-0.661125
0.261043
-0.297019
-0.413584
0.070888
0.129327
0.109888
-0.352899
-0.532990
-0.428095
-0.326205
0.284076
-0.485675
-0.158513
-0.514775
0.154237
0.141120
-0.142550
-0.493515
-0.089135
0.318125
-0.485257
0.298401
-0.449791
0.085884
0.230877
-0.706368
-0.103650
0.365736
-0.021353
-0.362310
-0.217079
-0.344168
-0.020460
0.094514
0.239413
-0.253115
-0.604760
0.240176
0.030689
0.291205
-0.202545
0.111940
-0.066009
-0.080469
-0.294992
0.256405
-0.232961
-0.133945
0.381575
-0.207594
0.648813
0.245376
0.075319
-0.241653
-0.042322
0.201016
-0.626873
-0.739255
-0.104634
0.126242
-0.688586
0.122520
0.172173
0.510576
-0.025298
0.454236
-0.063751
0.031695
-0.259968
0.207085
0.150157
-0.364827
0.248442
0.372229
0.135883
-0.531869
-0.035453
-0.751920
0.331560
0.312801
0.055547
0.488755
0.253369
-0.374895
0.273524
0.237677
-0.217621
-0.072696
0.452108
-0.062952
0.027453
0.207906
0.459087
0.364225
0.139207
-0.054086
0.050043
0.700445
-0.440134
-0.228243
0.047995
0.182935
0.297410
0.386143
0.048122
-0.079489
0.033376
-0.371236
0.347175
-0.218129
0.566781
-0.085747
-0.361459
0.073547
0.265113
0.460916
-0.091107
-0.480328
0.342958
-0.178727
-0.216385
0.579070
-0.141826
-0.464663
0.141771
0.364595
0.143416
0.657123
-0.197041
0.478004
0.090020
0.480278
0.458813
0.126177
0.242942
0.182359
0.498747
-0.819982
0.126207
0.218783
0.324761
0.339608
-0.266060
-0.626305
0.212853
0.285697
0.484356
-0.417231
-0.576452
-0.395149
0.005831
-0.305073
0.403650
-0.318531
0.246308
-0.276688
0.022677
-0.164610
-0.079797
-0.223026
0.254996
0.101284
-0.302344
-0.162324
0.421775
0.277344
0.331576
0.088821
0.128228
-0.174578
-0.082723
-0.221856
0.343462
-0.253398
-0.269894
-0.328621
-0.017467
-0.149666
-0.346139
0.105962
0.079812
0.012453
0.378710
0.492802
-0.493890
-0.138628
0.509423
0.262840
-0.562588
0.420388
-0.513263
-0.590168
0.382566
0.255779
-0.349345
0.126218
-0.035295
0.141559
-0.236883
0.030443
0.470505
0.223954
-0.517117
0.500020
0.523157
0.511637
-0.332495
0.609382
0.053707
0.044633
-0.656570
-0.308324
0.045173
0.220256
-0.138837
0.329847
0.081151
-0.021654
0.354544
0.060966
-0.138734
-0.158361
0.300264
-0.182268
-0.509566
-0.349956
-0.017974
0.294985
-0.106740
-0.576928
0.224077
0.267336
-0.168000
-0.272631
-0.034437
-0.366258
0.326804
-0.247416
0.129395
-0.163446
0.516539
-0.150184
-0.359001
-0.311344
0.528359
-0.196336
0.087002
-0.036608
-0.482269
-0.423916
-0.193384
-0.323335
0.050579
0.364129
-0.411371
0.510000
-0.355178
-0.066391
-0.039791
0.337015
-0.380832
-0.394104
0.652551
0.086755
0.589927
0.521524
0.390403
0.316866
-0.046785
0.382623
-0.486173
-0.519517
0.066470
0.008075
0.405900
-0.301022
-0.038906
-0.598823
-0.511623
-0.555979
0.296980
-0.108404
-0.255931
-0.393123
-0.245161
0.470151
0.276002
-0.249998
0.721846
-0.577135
-0.557897
-0.175100
0.117700
0.255810
0.401609
0.249178
-0.180161
0.101362
-0.431959
-0.087904
-0.186886
0.156771
-0.044794
0.004439
-0.372625
-0.510641
-0.069617
-0.381047
-0.569703
0.068594
-0.321903
0.368169
0.383473
0.105418
0.292227
0.044216
0.199572
-0.015584
-0.268860
0.553290
0.163309
-0.360632
0.065333
-0.028825
-0.558559
0.193704
0.003863
0.281550
-0.150077
0.267877
0.119025
0.169321
0.141177
0.077485
0.252855
-0.299204
0.007743
0.542005
-0.353620
0.238201
-0.129032
0.012225
0.122192
0.017395
-0.013023
0.476150
-0.493795
0.445119
-0.297983
-0.350026
-0.298922
-0.015361
-0.216405
-0.378493
-0.315030
0.151874
0.091580
-0.468637
-0.037740
0.108979
0.101259
0.545861
0.095022
0.184837
0.282367
-0.306145
-0.807709
0.481194
0.548897
0.307109
0.241100
-0.023193
0.285145
0.241218
-0.191851
-0.274697
0.172034
0.149275
0.043114
-0.533644
-0.037576
-0.200644
0.253726
-0.312366
0.636437
0.102844
-0.127550
-0.119933
-0.113742
-0.266182
-0.644375
0.643093
-0.381176
-0.536482
0.608417
-0.550658
0.123302
-0.360295
-0.239611
-0.664529
0.214128
-0.345925
0.656137
-0.147369
-0.316134
0.452405
0.274008
0.300071
-0.037230
-0.197568
0.216606
-0.512491
0.269837
0.508127
0.137130
0.008135
0.159818
0.510750
-0.065739
-0.337962
0.038418
-0.010897
0.251822
-0.032645
-0.282977
0.565455
-0.414328
-0.329197
0.214760
-0.183538
-0.374097
0.355886
-0.305201
0.289787
-0.488341
0.240438
-0.539116
0.088391
-0.194801
0.320306
0.050367
-0.041558
-0.474159
-0.227679
0.020488
-0.335973
0.362455
-0.002333
0.185486
0.077035
-0.090218
-0.038135
0.732218
-0.216575
0.358613
-0.359023
-0.214189
-0.202875
0.546388
0.257579
-0.244009
-0.112474
-0.315218
-0.452237
0.290282
0.416667
0.201873
-0.058270
-0.047208
-0.148209
-0.385918
0.284667
0.507702
0.336056
-0.261759
0.292190
-0.298289
-0.061701
-0.214126
-0.155277
0.159136
0.314335
-0.174616
0.021625
-0.561878
-0.436462
0.453111
-0.330140
-0.251724
0.102521
-0.420343
0.415027
-0.113921
-0.151470
-0.238435
-0.115027
0.222901
-0.025933
-0.041713
0.129881
