-0.019858
0.272181
-0.536864
0.020410
0.231636
-0.075547
-0.107884
0.256257
0.019801
-0.237424
0.106443
0.061346
0.035414
0.631090
-0.142978
0.096365
0.396687
-0.188533
0.275198
0.578790
0.187631
-0.206805
-0.402660
0.574912
-0.141494
-0.433443
-0.242542
0.174651
0.466610
0.358894
0.344810
-0.051035
0.153388
0.085652
-0.568380
0.202895
0.280649
-0.051052
-0.171155
0.225099
0.290216
0.161371
-0.651953
0.053489
-0.551466
-0.267400
-0.252038
-0.212196
0.320581
-0.416087
0.392297
-0.369222
-0.182483
0.235004
0.039354
0.405014
0.109631
-0.090442
0.188263
-0.416416
-0.161179
0.109723
0.231000
0.070467
-0.316841
0.268438
-0.406455
0.113025
0.173900
-0.225214
0.083612
-0.434988
0.346446
-0.186223
0.397195
0.122187
0.211768
-0.141344
0.285505
-0.369401
-0.124928
-0.291492
-0.388298
-0.423116
0.324641
0.038935
-0.046195
0.576409
0.361510
0.341931
-0.153830
-0.022710
-0.420319
-0.378587
0.609649
0.018384
0.028800
-0.166976
-0.026425
-0.163273
-0.480522
-0.250166
0.294042
0.270943
-0.178741
-0.199984
0.467522
0.210406
0.131629
-0.139326
0.289102
0.197314
-0.414407
0.057502
0.398864
-0.250350
0.105050
0.037904
0.248563
0.619117
0.473817
0.177840
-0.057184
-0.217405
-0.325468
-0.382929
0.236853
-0.182399
0.445307
-0.181164
0.107241
0.108852
-0.148581
0.321696
-0.453497
-0.191238
-0.118206
-0.278945
0.395994
0.092347
-0.685038
0.382474
-0.167055
0.304527
0.402285
-0.239895
-0.585126
0.512170
0.503713
0.336098
0.286359
-0.355044
-0.089152
0.044027
0.165653
0.589103
-0.388004
0.149500
0.431889
-0.440262
-0.464743
0.116658
-0.183585
-0.289572
-0.362059
-0.327991
-0.337881
-0.357722
-0.329783
0.546512
-0.065702
-0.038822
0.003642
0.452407
0.177366
-0.029425
0.661370
0.293012
0.382535
0.337691
-0.171033
-0.431200
-0.461087
-0.477627
0.326215
-0.585935
-0.573241
0.287877
0.030927
-0.153719
-0.409050
-0.162744
-0.140452
-0.313460
-0.384249
-0.321303
-0.110759
-0.071319
0.204628
0.113720
0.350878
-0.503988
-0.284574
0.199814
0.153946
-0.242569
-0.295550
-0.132820
-0.266695
0.238166
-0.225406
-0.120701
-0.178733
-0.551102
0.392738
-0.578943
-0.076449
0.225874
-0.074054
0.566027
-0.138221
0.128774
-0.474959
0.175660
0.253757
0.170848
0.618525
-0.350513
0.247707
0.042941
-0.070444
-0.420184
-0.300420
0.295716
0.509762
0.054935
-0.019727
0.042755
0.213446
-0.316362
-0.308442
-0.331618
-0.183574
0.034882
-0.323169
-0.051880
-0.182266
-0.624059
-0.414639
0.168312
0.124826
0.234299
0.454281
0.211262
0.637214
-0.174497
0.130413
-0.000869
0.106080
-0.347351
0.046164
-0.503244
0.468556
-0.034404
0.536105
0.110702
-0.532802
-0.420536
0.160157
0.471097
-0.088766
0.674839
0.378702
0.296865
0.275129
0.235671
0.077379
-0.075477
0.213136
0.350545
-0.534753
-0.214094
-0.470865
-0.190351
0.120997
0.397322
-0.409694
-0.101360
-0.358801
-0.118572
-0.045247
-0.248009
-0.342007
0.169032
0.179946
0.041104
0.034917
-0.500895
-0.410633
0.495866
-0.327784
0.016172
-0.115441
0.631080
-0.469510
-0.241994
0.095055
-0.462231
-0.252865
0.229833
-0.228683
0.048156
-0.497190
-0.328730
0.514199
0.405456
-0.437760
-0.252277
-0.323151
0.378872
0.283965
0.016274
-0.502279
0.380180
-0.496313
-0.665154
0.239406
-0.282527
0.103108
0.141657
0.095758
0.057697
-0.298852
-0.170769
-0.184078
-0.748254
0.181488
0.088130
0.067766
0.310682
-0.374064
0.399760
0.759917
-0.123183
-0.019702
0.407197
0.087184
-0.210908
-0.495139
0.356898
0.047178
-0.018818
-0.040069
0.229690
0.165875
-0.134661
0.240579
0.058705
-0.546687
0.230477
-0.174042
0.274527
-0.236208
-0.214619
-0.620622
-0.189073
0.328738
-0.261507
0.572538
0.146607
-0.159234
0.075284
-0.081088
-0.218463
0.014529
-0.084652
-0.332508
0.046786
-0.018025
0.313456
0.073176
-0.352951
-0.105656
-0.308727
-0.053647
-0.587741
0.179014
-0.484948
0.038999
-0.150396
-0.016285
0.181309
-0.506079
-0.267521
-0.083035
-0.209206
-0.228839
0.350182
0.065756
-0.103810
-0.693391
-0.434300
0.176282
-0.521037
-0.423521
0.574022
0.035337
0.140693
0.012487
0.365110
-0.319382
-0.133496
-0.641524
0.351971
-0.092662
-0.296965
0.176948
-0.278277
-0.237091
-0.246039
0.503630
0.059802
0.100418
0.631156
0.741592
0.051900
0.476683
-0.347765
0.045809
0.406048
0.469909
-0.282046
-0.374580
-0.229470
0.124543
0.014797
-0.008004
-0.193458
0.137788
0.305052
-0.137516
0.152070
0.481943
-0.247887
0.313304
-0.136718
-0.066267
-0.713046
0.334196
0.168271
-0.360173
0.213375
-0.045712
0.086125
-0.327205
0.351969
-0.101208
0.101741
0.018473
-0.089281
0.121721
0.254865
0.395601
0.610435
-0.484736
0.504532
-0.404829
-0.447116
0.125615
-0.132806
0.312183
0.092567
0.418127
0.305414
0.080492
0.236671
-0.467210
0.013601
-0.075451
-0.273850
-0.469731
0.106796
0.250426
0.366881
0.019379
0.096477
0.289588
0.586173
0.398630
0.063530
0.254043
0.626764
-0.116847
0.238956
0.073299
-0.564740
-0.421862
-0.114354
0.306179
-0.285885
-0.432880
0.224120
0.582473
-0.445894
-0.467588
-0.434283
0.319383
-0.050732
0.055540
0.194316
-0.067788
-0.252571
0.169825
0.000188
0.278142
-0.379975
0.024378
0.112681
-0.340319
0.095632
0.474732
-0.361011
0.034976
0.055487
-0.322620
0.251079
0.042788
0.528577
-0.007389
-0.059870
-0.489042
-0.175162
0.048132
0.170181
0.583716
-0.076940
0.375814
-0.356762
-0.080871
-0.067286
-0.394616
-0.661841
0.507103
-0.037791
-0.084855
0.341394
0.325365
0.018475
0.181287
0.239677
0.250316
-0.645786
0.119366
-0.741585
0.002355
0.051471
0.049979
-0.495899
-0.337293
0.064635
0.172965
-0.709751
-0.111568
0.692281
0.332567
0.298642
0.358510
-0.069537
-0.179350
-0.434019
-0.285634
-0.342378
-0.005807
0.003884
0.251559
0.077541
0.322764
0.328584
-0.481767
-0.544606
-0.098651
0.563748
-0.470705
-0.043393
-0.361889
0.295962
0.131876
-0.536482
-0.130188
-0.332937
-0.141127
0.062616
-0.419858
0.547495
0.510117
0.364213
0.544029
0.438890
0.337924
0.324382
0.561136
-0.166228
0.127548
-0.150353
0.161517
-0.404638
-0.108811
0.388011
-0.063819
0.289179
-0.196047
0.248289
0.127171
0.294729
0.164193
-0.213913
-0.479716
-0.330772
-0.203029
0.153458
0.361361
-0.513853
0.421165
-0.104065
0.313895
-0.372188
-0.348148
0.402888
-0.197965
-0.155613
0.320217
-0.109046
0.262535
-0.177968
0.046389
0.543366
-0.043682
0.052125
0.060086
-0.274520
0.482737
-0.256868
-0.538937
0.226643
-0.436782
0.424999
0.294978
0.340249
-0.496040
-0.097796
0.318458
-0.544621
0.479639
-0.534457
-0.405258
-0.268925
0.231520
-0.146367
-0.322110
0.752698
-0.403072
0.078565
0.326536
-0.100186
0.049222
-0.307188
0.129295
-0.479021
-0.064256
0.048047
0.785404
-0.043699
-0.186704
-0.202914
0.010851
-0.156357
0.664201
-0.651340
0.178477
0.401282
-0.375449
0.284826
-0.466995
0.278156
0.441691
-0.419988
0.010202
-0.032963
0.341817
0.276178
-0.238735
0.181452
-0.018808
-0.424176
0.187439
0.056583
-0.426091
0.461554
0.188180
-0.329743
-0.502111
0.321958
-0.157481
0.653558
0.281250
0.397358
0.260020
-0.413374
0.324580
0.366695
-0.254997
0.244939
0.128753
0.140531
-0.668085
-0.463629
0.332243
-0.242243
0.077602
0.241585
0.272662
-0.137262
0.341951
0.318852
0.039995
0.413157
0.105835
0.197135
-0.102736
-0.599806
0.437519
0.457498
-0.702191
-0.064923
-0.556551
-0.384445
0.533585
-0.416986
-0.220539
-0.144709
-0.166989
0.320773
0.111175
-0.051941
-0.192341
-0.055731
-0.210705
0.209598
-0.491722
-0.220842
-0.228917
-0.448208
0.493820
-0.505987
0.174188
-0.156320
0.047998
-0.200493
-0.465503
0.331442
0.173926
0.080837
-0.057452
0.145857
-0.023014
-0.072737
0.232310
0.692050
0.577867
-0.072338
0.336724
-0.301507
-0.394755
-0.513697
0.416528
0.134015
0.261409
-0.559947
-0.116917
0.170534
0.111549
-0.418670
-0.110971
0.037576
0.132113
-0.309597
0.426236
0.473786
-0.436562
0.310516
-0.260946
0.011738
-0.194299
-0.097320
-0.552983
0.372343
0.121580
0.148514
0.526467
-0.516350
0.007630
-0.120999
-0.282387
0.234820
-0.210963
0.013342
0.351533
0.160742
0.005292
0.154494
-0.194414
0.330723
-0.117441
-0.090213
0.309889
0.530706
