0.090742
3.441680
-4.410709
-2.644721
-3.025908
1.409926
-3.951895
1.006175
-1.678249
0.718730
-1.160675
-0.955585
-1.209055
-2.539990
-3.244989
-0.531147
5.575935
-1.130189
-0.933558
-0.772506
2.331988
0.888154
-0.310739
-0.737604
-3.189037
4.940296
-2.326867
2.846367
-0.289681
2.253703
-4.880115
-5.697034
-0.032133
0.264676
0.229645
0.586337
-1.222388
-0.028153
-3.560659
-0.125753
-4.046320
-0.917396
2.562197
-0.746508
-1.469195
-0.578231
-11.509822
0.387394
12.537931
-0.326052
0.505843
-0.106785
-0.348622
0.074641
0.051761
-0.016949
-5.951088
0.088526
2.848969
-2.709923
0.711578
0.316865
-2.541983
4.276769
2.446516
1.183190
-3.808046
-0.874950
-1.360914
3.749194
0.764661
-1.020959
-1.293313
-1.735054
-0.964879
-0.170818
-2.376566
-0.881243
-0.107100
0.212532
-1.486938
-2.310805
-4.020810
-0.592840
-5.437316
-1.820548
-9.263789
-1.148156
2.807891
-2.579001
0.022689
-1.875750
1.702352
0.020284
-1.554018
6.253252
-6.742751
-2.935885
-2.637465
-1.914621
-2.935621
-1.559869
3.674808
0.289249
-0.328242
-0.790596
-0.367726
2.652726
0.002130
-3.350327
-2.145030
1.994816
1.510791
-3.227404
0.531165
-6.232967
0.448700
1.057926
1.925634
0.811155
7.432874
2.284278
-2.168032
0.997974
7.754097
1.809903
0.498887
1.849657
-2.723615
-1.278751
-2.583352
-2.657750
-0.227397
0.849914
3.241708
0.924436
-2.775672
-0.770385
-2.895051
-0.541934
4.093604
1.285754
-2.700614
-3.058083
2.341276
3.327677
-3.314252
-0.337471
2.797044
6.168454
3.339926
-0.676718
2.211102
-0.581512
3.129196
1.854525
1.060349
1.765940
7.989279
3.206767
-0.145421
-3.331402
5.353535
-3.183625
-0.989936
-0.973780
0.834233
4.239779
-1.898694
1.210163
0.699072
-0.642876
3.115727
6.593044
-2.059821
-2.123415
2.507594
-1.811248
1.901652
4.506417
-1.141337
3.293025
0.266345
1.848030
-2.125339
1.152338
1.018093
-1.108086
-0.442553
1.105853
1.479304
1.671216
3.406549
-0.684961
-5.783397
-0.585828
3.644881
0.728571
-4.490520
1.046072
4.597602
-2.737026
-3.047230
-2.899053
-4.270512
1.839792
-2.523930
-2.827713
-0.169739
2.539699
0.851735
3.867132
2.452187
5.038662
-3.268555
-5.271333
-2.715505
2.087927
-3.057541
0.034981
4.890770
-1.201074
-4.580601
-3.712663
-0.957255
-7.308581
3.867168
-5.442452
-2.895194
0.421017
-3.632311
5.055806
-7.418097
-0.749236
-5.552867
-2.690876
1.170771
2.783548
-2.574663
4.490743
-1.820896
-0.458164
-0.615890
-0.369537
-4.641466
4.413227
1.944630
-10.104288
-2.133449
-2.038238
2.653390
3.163998
-0.432052
0.051637
4.344300
3.095073
2.120761
0.397356
-2.366514
-0.786290
3.026958
-1.017035
6.973687
2.539439
-8.587438
0.449956
-5.422336
5.609960
0.091500
-2.972659
-4.613924
0.513271
1.745995
4.591115
3.458973
5.043691
-4.711823
-1.206367
-3.760149
-4.943296
-2.959261
-3.833649
6.754171
-0.000880
0.048800
-3.680111
3.973979
0.070603
1.157829
-0.310963
-3.307929
3.944535
1.638442
5.493046
2.415644
2.805403
-0.972506
1.640410
-0.034775
3.187142
14.509073
2.261363
3.335514
-0.276576
1.083545
-0.819253
-2.148053
2.575659
-3.180391
0.098298
0.492876
2.694289
-5.255379
-0.758861
0.440558
-1.809013
2.119012
-2.223647
0.364543
2.003550
0.370042
0.598477
-1.331923
-2.892585
-6.694469
1.286990
-6.019705
3.527336
-2.861014
0.648486
0.689669
-1.277479
-8.750842
5.436411
4.460542
-0.673547
-2.606544
-3.221762
-1.789015
-2.753993
2.349277
-1.687388
0.896013
1.578525
-1.213035
4.086402
0.931716
1.655472
0.432533
4.119789
-4.511514
-0.207478
-1.778412
-5.434114
-2.481939
-0.885475
4.938097
3.032026
4.020279
-4.821634
-1.561927
-2.525058
1.631502
-2.190701
2.961599
1.006008
1.599093
6.049342
-4.810497
1.381356
1.705418
-2.293068
0.746740
3.420300
5.174370
-2.364170
-0.118565
-3.195346
-1.807091
-2.389762
3.192862
1.262456
1.718070
-3.919570
-2.153803
2.490165
-1.286509
1.502306
-1.015420
-2.188540
-4.913013
-0.635689
0.304275
0.534291
-7.427895
1.103352
-0.829634
1.212234
-5.784405
-2.848806
0.715757
3.166508
-3.471766
-3.449727
1.926440
0.448096
-6.692407
-1.750396
1.644145
-1.446883
-1.248765
-0.142329
-0.522888
-3.117005
-8.104073
4.790071
5.209264
4.851930
-0.749276
1.902609
0.938667
5.686624
2.048311
-1.051429
-4.652241
-5.900835
-8.260747
-3.315909
-6.870850
-1.525713
2.040361
0.904378
-4.649174
9.075764
2.969264
-9.224785
-0.177577
-2.709451
-2.063278
2.693112
2.952091
-1.626315
1.212503
3.940574
1.820352
0.064663
5.485914
-2.527859
1.368080
-2.229828
2.501037
0.709838
4.466887
0.482763
-2.678222
-1.817955
4.080159
-3.378367
0.002773
1.115779
2.983317
-3.215383
4.531743
-4.675712
-2.327448
-2.760303
6.012886
-4.295627
0.215991
-2.241614
-1.869130
-3.777924
-4.356474
-1.152652
-1.065602
1.065593
-1.280577
-1.737796
5.225073
-2.288589
-0.335756
-1.586955
5.287840
0.032317
-6.960947
3.030508
-1.537740
5.600697
-0.868582
1.503178
-0.398603
3.820331
1.954118
-1.086868
-5.852850
1.731635
1.533819
0.117076
2.935025
-0.437413
-3.237555
1.894419
0.362983
2.603830
0.564117
-2.752818
-1.176007
4.501961
3.563057
2.199422
1.022292
-0.260604
-0.470290
2.220601
6.493837
-1.291378
1.327025
1.458797
1.940916
4.827871
1.483882
3.343540
3.015061
-0.484942
-3.939929
-0.906771
-3.788365
-2.600605
3.727993
5.187425
-1.130352
1.603047
5.098634
-2.032697
7.496739
2.357299
-5.819555
-2.400892
-4.817678
1.247543
-4.252539
-1.416665
-8.465534
-4.464241
-1.554812
0.964393
-4.890008
3.140593
5.195183
-1.909551
-5.846460
2.202275
-5.024793
-9.614477
2.600031
4.818618
-6.177249
-0.890091
2.219468
-1.016502
5.303464
-0.290928
-2.743884
4.429948
-0.962450
2.557050
-3.752115
2.058745
2.144469
0.370988
-0.871284
3.463414
2.139557
-5.904019
4.294477
-0.987353
1.301019
-3.437092
0.128476
-0.947457
-0.779327
2.352560
-1.008058
-0.471135
2.446613
-1.935410
-9.817079
-0.902616
-3.471782
-3.451604
-6.118203
-0.989358
-2.297059
4.651174
0.712184
4.121500
-4.422232
0.860159
-0.222589
1.332087
-5.889730
1.292099
0.432141
0.364734
-1.604838
3.128498
3.458643
2.333282
-1.355620
1.848227
2.331684
1.202644
0.944302
0.752871
-0.103833
0.010427
-0.481204
-0.027875
-3.043692
-5.867461
-4.442084
-2.318154
2.397929
4.358841
-1.634824
1.211169
-0.711125
-1.834652
-2.739313
-0.379270
2.875899
-0.281609
4.454347
-3.451265
-4.758698
1.991303
-0.043102
-1.722461
-1.039865
-1.730249
0.500294
-0.461477
-0.368915
8.055817
-2.722759
-1.564773
3.493713
-1.538604
1.041740
-2.667383
-1.971829
5.015084
0.441962
3.459824
-0.112778
0.439668
-1.457758
-2.589165
-0.984401
1.676040
9.563802
-0.135883
2.083422
-1.752865
-1.969561
-0.390774
-2.264880
-0.749274
-0.756657
-1.482438
2.026993
4.522603
-3.012084
3.291481
3.138173
2.544491
4.325961
5.262345
-2.742067
-6.440444
2.502391
2.100130
-1.121299
-3.642459
-2.198815
3.827170
-4.109130
-3.546668
3.194140
2.379031
-8.231385
0.812083
1.756626
-1.098021
1.995306
3.529482
5.091281
2.206092
5.849793
3.083020
-3.513592
5.121094
-0.042759
-6.657653
3.362302
-1.191515
-1.166644
-2.137517
-4.949800
-1.962921
1.970229
-0.785238
-4.471382
3.951447
1.713474
2.617059
-3.262602
-7.350385
7.450629
-0.840719
-3.326966
3.193038
4.361606
3.281033
-0.558386
-3.517115
3.921359
-4.039792
-4.828356
2.758091
-1.185346
-7.722134
0.294932
-0.159929
0.273382
-0.995401
11.244669
-0.656567
2.123544
4.263154
-1.576748
-0.947085
1.916513
-3.282392
-1.894666
2.907326
-4.314685
-3.324777
-2.793716
-1.333458
5.395709
6.328406
2.291527
-2.540908
-1.042000
-0.218647
1.027833
2.143768
-3.296479
0.204176
4.414552
-0.718159
2.242215
2.667154
-2.209028
-5.016965
2.216089
2.129279
-1.257586
-0.775103
-5.286794
