-0.379617
-0.567704
-0.017305
0.171712
-0.492257
-0.019907
-0.272896
0.301693
-0.019979
0.309159
-0.113096
0.053089
-0.521369
-0.116896
0.167214
0.204931
-0.690149
-0.078792
-0.100914
-0.079848
-0.189112
-0.304746
-0.316670
0.026294
-0.862710
0.173476
0.058209
0.198529
0.349327
-0.084324
-0.305132
0.450926
-0.473833
-0.026659
0.037503
0.344508
0.117462
0.257310
-0.313829
0.111394
0.189545
-0.350898
-0.128287
0.227649
0.332627
-0.575637
-0.138707
0.067874
-0.209885
0.181477
-0.215771
0.038205
0.173588
-0.357915
0.242436
0.185854
0.092799
-0.353654
-0.240738
-0.039618
0.137514
0.229267
0.478329
-0.416740
0.557525
-0.299831
-0.133540
-0.020909
0.148707
-0.171989
0.142700
0.057569
0.021766
0.221247
0.343613
-0.340537
0.019535
0.231262
0.015170
-0.473150
0.262596
0.462643
-0.457606
0.418272
0.580937
0.057203
0.336173
-0.452877
-0.008734
0.427421
-0.160705
0.236368
-0.162961
0.122327
0.251326
-0.143287
0.448582
-0.425435
-0.426194
0.282388
-0.312043
0.316872
0.112182
-0.270289
-0.349075
-0.170127
0.210907
0.292728
0.059762
-0.063580
-0.364778
0.333917
0.045092
-0.094708
0.274016
0.146028
0.130872
-0.220953
-0.360987
-0.439778
0.166972
0.494184
-0.243545
-0.248123
-0.515604
0.227538
-0.025738
0.365552
0.323600
-0.181164
0.504170
0.648407
0.126939
0.353907
0.159443
-0.581410
0.184019
-0.139329
-0.379846
0.099331
0.062208
-0.214265
-0.116546
0.078049
-0.525397
0.141324
-0.404515
0.163054
0.217864
0.172416
-0.111623
-0.172700
0.400642
-0.070046
-0.087571
0.455468
-0.342185
0.188173
-0.141733
-0.453004
-0.161305
0.198364
0.342608
0.360202
-0.128853
0.412421
-0.332005
0.178762
0.429145
-0.118543
-0.402222
0.509678
0.228337
-0.016249
0.257463
-0.509848
0.202826
-0.046541
0.167583
0.087522
0.252370
-0.555220
-0.061885
0.216486
0.299897
0.309991
0.001405
0.267990
-0.414740
0.041368
-0.446535
0.255746
-0.261849
-0.074497
0.405607
0.197515
0.386477
-0.191023
-0.326091
-0.541273
0.090514
0.526473
-0.179905
-0.062368
0.367181
-0.209876
-0.326183
-0.247163
-0.244165
-0.170208
-0.147023
0.228775
-0.029697
-0.271492
0.392738
0.418260
0.128498
-0.130333
0.006441
-0.139144
-0.037930
-0.219083
0.181596
-0.395594
0.325621
0.194678
0.417070
-0.355200
0.092996
-0.305142
-0.338493
0.121692
0.639983
-0.419323
-0.284900
0.308249
0.137560
0.397940
-0.056312
-0.351243
-0.031849
-0.144930
0.274483
0.056268
0.504440
0.322448
0.384222
0.115075
0.415591
0.294846
-0.100078
0.451666
-0.490780
-0.014671
-0.262468
-0.106770
-0.192489
0.179141
-0.632006
0.473612
-0.298478
-0.621420
0.372860
-0.407798
-0.236265
0.066351
-0.114969
-0.504352
-0.335219
-0.196016
0.114515
-0.323154
0.118083
-0.461225
-0.237308
-0.563909
0.086307
-0.082360
0.425283
0.087195
0.520114
-0.339350
0.341305
-0.176181
-0.298226
0.132391
0.182570
0.219522
-0.005959
0.313173
-0.707810
0.379169
0.284820
-0.578888
0.332257
0.009689
0.433723
-0.255747
-0.530637
0.056988
0.383826
-0.091745
0.213091
0.434515
0.182366
-0.472444
-0.008355
0.250107
-0.235430
-0.638442
-0.074984
-0.597841
-0.061704
-0.109069
0.364690
-0.267000
0.170360
0.541634
0.113790
0.231171
0.115174
0.131943
-0.197310
0.013324
-0.313714
-0.333518
0.493836
-0.131984
-0.516901
-0.131479
0.476323
-0.043719
0.094939
0.332766
-0.089135
0.037460
0.342003
0.257691
0.413622
0.067497
-0.107778
-0.076146
-0.324634
-0.212500
0.193754
-0.317200
-0.221429
0.257146
-0.578094
0.299346
0.076775
0.722999
0.297144
-0.261047
0.067060
0.239695
-0.222150
-0.126679
0.412280
-0.458597
-0.183335
0.592168
0.013505
0.329411
-0.607818
-0.603252
-0.003789
0.527288
0.093942
-0.312112
-0.308871
-0.053069
0.010104
-0.284305
0.022335
-0.319631
0.228649
0.289217
-0.229936
0.294186
0.061448
-0.030065
-0.317520
-0.019251
-0.261034
0.437638
-0.314679
-0.428994
-0.084841
-0.120820
0.095663
-0.164108
-0.449791
0.648914
0.489538
0.184512
0.224572
-0.194191
0.072025
0.093719
0.008450
-0.109879
-0.663913
-0.180409
-0.127079
-0.535112
0.576956
-0.294854
0.212037
0.634549
0.075831
-0.184245
0.213237
0.061620
0.433159
-0.145830
0.263792
0.485144
0.031227
0.342022
-0.076229
0.131900
0.279827
0.346800
-0.133975
0.089049
-0.474840
-0.484915
0.076528
0.337291
0.116294
0.157496
-0.291738
-0.403300
0.131008
0.008785
-0.479808
-0.014602
0.102309
0.329065
0.187857
0.346364
0.338575
-0.426678
0.412088
0.468573
0.035373
-0.451568
0.041125
0.520626
-0.152569
-0.200868
-0.275447
-0.332011
-0.687315
-0.182842
-0.052847
0.015002
-0.075723
0.248750
0.027778
-0.053178
0.291621
0.064245
-0.286238
-0.290777
-0.525807
-0.019985
0.201005
-0.386617
0.149502
0.469292
-0.149149
0.498483
-0.241121
0.107932
0.326348
-0.080497
-0.263668
-0.427286
-0.144127
0.038885
-0.145958
0.112830
0.314991
-0.210443
0.389594
-0.758091
0.351476
-0.539851
0.474533
0.251838
-0.378680
-0.641465
-0.196068
-0.499978
-0.553846
-0.457400
0.445064
0.192665
0.250127
-0.578810
0.071657
0.253389
-0.474811
-0.258347
-0.047348
0.516586
-0.114976
0.363355
-0.253970
-0.018680
0.348510
-0.696625
-0.083102
0.052221
0.433594
0.074467
0.278588
-0.072461
0.275791
0.327160
0.105360
-0.256093
0.386277
0.064802
-0.229364
0.249180
-0.318113
0.153218
0.054380
0.306429
-0.472755
0.033920
-0.219818
0.475526
-0.364724
0.353210
-0.159755
-0.320729
0.072118
0.452417
-0.199128
-0.563134
-0.151735
-0.156058
-0.069063
-0.196051
0.370011
0.086438
-0.096805
0.448269
0.597520
0.462992
0.102114
-0.082679
-0.514234
-0.328582
0.673229
-0.017782
0.204109
-0.205006
-0.228578
-0.006597
-0.375136
0.131733
-0.536375
-0.368972
-0.292284
-0.254267
-0.223803
-0.106845
-0.478033
0.087451
0.025268
0.212891
0.044069
-0.269680
-0.539518
-0.021846
0.370846
0.646623
0.292465
-0.038705
-0.137820
0.161067
0.598258
0.590142
0.171576
0.404347
0.183959
0.115071
-0.353852
0.101234
0.384676
0.329656
-0.170315
-0.456655
0.424345
0.252571
-0.181056
-0.257519
-0.507614
-0.452915
-0.236074
0.106924
-0.146563
0.100831
0.102188
0.434796
-0.105513
0.387560
-0.271949
0.506909
-0.363292
0.451513
-0.353832
0.169772
-0.102280
0.476605
0.160612
-0.038646
-0.401293
0.034586
0.183713
-0.005639
0.104671
0.347073
-0.537832
-0.530966
0.394348
0.238282
-0.071681
0.477683
0.202096
0.183735
-0.603723
0.538622
0.171119
-0.030539
0.055216
0.081874
-0.132147
0.544355
0.088577
-0.398017
-0.054638
0.290212
0.526287
-0.153090
0.271674
-0.556147
0.006920
-0.556562
0.384937
0.336473
0.471811
0.256113
0.158633
0.170233
-0.566344
0.074757
0.367855
-0.265645
0.094665
-0.540424
-0.257804
0.181359
0.084245
-0.269552
0.146358
0.223592
0.100778
0.148157
0.501560
-0.086633
-0.120402
0.297450
0.214186
0.386033
0.040105
0.047080
-0.435679
0.198222
0.009205
-0.061783
-0.248836
0.467874
-0.091756
-0.358590
-0.096610
-0.210856
-0.272607
-0.091180
0.315584
-0.401132
0.233083
0.186327
-0.001585
-0.553665
0.469911
-0.512699
0.014863
-0.456067
0.226176
-0.546882
-0.072322
0.193629
0.454238
0.233531
-0.134366
-0.322525
-0.024178
-0.534226
0.081919
0.137255
0.120375
-0.182593
0.550831
-0.532291
-0.387752
-0.176539
-0.353931
-0.186923
0.452500
-0.213712
0.765133
-0.614116
-0.009866
0.453051
-0.439471
0.065787
0.274990
0.286644
-0.005828
-0.062738
-0.179729
-0.299384
0.472246
-0.355880
-0.367174
-0.539645
-0.103632
-0.467038
0.158796
0.103955
-0.456302
0.438297
0.570792
0.171328
-0.394114
-0.371369
-0.205866
-0.143438
-0.103753
-0.436395
-0.372516
0.006884
0.345940
-0.362398
0.417575
0.416941
-0.267689
-0.195308
-0.246111
-0.364161
0.043409
0.614244
0.041065
-0.310799
0.396438
0.071125
-0.451697
-0.154601
0.029033
0.153900
-0.042008
0.594056
0.005680
-0.366319
0.340602
-0.479201
0.491033
0.009375
-0.065009
-0.262297
0.077087
0.368843
-0.051435
-0.330091
0.635006
-0.337420
-0.284416
-0.210089
-0.573323
0.140507
-0.174856
0.333750
0.132737
-0.715690
0.028140
0.048524
0.589926
-0.537786
-0.426420
0.530696
-0.148036
0.225426
-0.007187
-0.351369
0.745785
0.477862
0.154132
0.090615
-0.038880
-0.302464
