-0.184348
0.006180
-0.408008
0.038965
-0.352167
-0.377940
-0.007601
0.495780
0.374420
0.419762
0.137520
0.076196
-0.387926
-0.334479
-0.432198
-0.042646
0.025237
-0.310630
0.023124
-0.457842
0.320110
-0.338500
-0.524756
0.541726
-0.023800
-0.377433
-0.355626
-0.213392
-0.372961
-0.018444
-0.035471
0.482523
-0.021912
0.120449
0.352033
0.087289
-0.112847
-0.120675
-0.247980
0.371818
-0.667348
0.025178
-0.326447
-0.264549
-0.213990
-0.572710
-0.582093
-0.039149
-0.308694
0.385145
0.000860
0.471205
-0.327694
-0.382864
0.143973
0.458787
-0.286886
-0.390335
0.235376
-0.553181
0.161915
-0.521997
0.306029
-0.293204
0.575040
-0.668410
-0.682059
0.473297
0.264130
-0.474431
0.104978
-0.247412
0.097993
-0.389540
0.048256
0.045217
0.290598
0.024497
0.453460
0.134862
0.027866
0.412232
-0.350093
-0.386912
0.269071
0.119432
-0.074095
-0.458743
-0.182420
0.300924
0.254139
0.330852
-0.353280
-0.327393
0.276000
0.055454
0.254312
-0.280676
-0.435211
-0.567835
0.011637
-0.028087
0.370362
-0.349848
0.430399
-0.318080
-0.128709
0.033720
0.238558
0.213868
0.423758
0.219198
-0.128266
0.360220
0.120158
0.426446
0.426862
0.387155
0.386542
-0.492882
0.081620
0.177840
0.052103
-0.475695
-0.319214
-0.323142
-0.244669
0.310738
-0.369656
0.164650
-0.629637
0.302749
0.170360
0.287263
-0.649577
-0.243765
-0.366679
-0.556438
0.395994
0.074402
0.326189
0.405059
-0.113031
0.196845
0.435637
-0.348083
-0.321807
0.105976
0.489227
-0.358163
-0.062305
-0.144414
-0.159957
-0.374955
-0.261746
0.224925
-0.148166
0.214406
0.691603
-0.414799
0.400318
-0.073166
0.683028
-0.521167
0.351429
0.183109
-0.511358
-0.509401
-0.263944
-0.327386
0.008452
0.046956
0.028451
0.504366
0.423824
0.045978
-0.336926
-0.253236
0.263463
-0.368328
-0.165584
-0.238243
0.131054
0.534786
-0.164875
0.141733
-0.120181
-0.415869
-0.466732
-0.230369
0.452664
-0.652921
0.177848
-0.206399
0.255159
-0.415214
-0.150935
-0.604800
-0.381691
-0.278893
-0.043468
-0.267932
-0.655973
-0.362902
0.021041
0.322664
0.084169
-0.499073
0.303580
0.045046
0.360662
0.414209
0.269830
0.464559
-0.017688
-0.142732
0.165544
-0.467897
0.446840
-0.086595
-0.455801
-0.061170
0.295924
0.055666
0.103773
0.022885
0.684068
-0.230918
-0.281988
-0.355278
0.198965
-0.351083
0.287467
-0.098275
0.613718
-0.355052
0.114942
-0.161914
0.128357
-0.077268
0.267172
-0.448793
-0.616658
-0.035034
0.304577
0.580802
-0.211193
-0.098089
0.516478
0.080968
0.351174
0.322654
0.289078
0.460186
-0.215981
-0.065569
-0.066558
0.386517
-0.239489
-0.365615
0.367696
-0.559370
0.634853
-0.193183
-0.283665
-0.087870
-0.490175
0.001901
0.537890
0.370114
0.318081
-0.540765
0.047907
0.438074
0.363866
-0.254802
0.106402
0.323162
-0.316142
0.049693
0.583966
-0.332265
-0.354745
-0.204190
-0.198428
-0.248243
0.076234
0.390653
-0.452463
0.141205
0.470072
0.149751
0.276820
-0.107074
-0.195577
0.136572
-0.387024
-0.180481
-0.273974
0.425684
0.295196
-0.366164
0.379993
-0.342742
-0.191229
-0.139148
0.274147
0.188802
-0.167746
-0.465444
0.086174
-0.325500
-0.127424
0.239922
-0.553041
0.359025
-0.244575
-0.463202
0.463463
-0.068459
-0.462353
0.048634
-0.021339
0.171822
-0.318008
0.312753
0.256324
0.253890
-0.294042
-0.201158
-0.026020
-0.304726
0.346239
0.311640
-0.026497
-0.764541
-0.476798
0.016809
-0.433281
0.116156
-0.398647
-0.325050
-0.347193
0.324396
-0.042431
0.394737
0.012765
-0.063918
0.169019
-0.150292
0.204579
0.191830
-0.520359
-0.151190
-0.138717
0.574334
0.196828
0.430934
0.320137
0.638140
-0.257204
-0.354749
-0.073524
-0.338178
-0.613053
0.015911
0.163951
-0.261507
-0.044757
-0.113540
-0.028097
-0.107492
-0.413274
-0.667718
0.442131
-0.213928
0.312137
0.248396
0.019617
0.291588
-0.152064
-0.293622
-0.145089
-0.659925
0.143610
0.445698
0.336288
-0.125685
0.068051
0.115525
-0.317546
0.386242
-0.425100
0.073311
-0.439022
0.567177
-0.214871
0.387820
0.055606
0.419586
-0.049867
-0.515216
-0.148006
0.191086
-0.486773
0.295837
0.657756
-0.114845
0.409375
0.311754
-0.075996
-0.130941
0.545275
0.342145
-0.570869
-0.314637
-0.153926
-0.311722
-0.277282
0.028884
0.202728
-0.111468
-0.190083
-0.263600
0.387247
0.363936
0.053160
-0.196803
-0.441201
-0.619030
0.132572
-0.289137
0.174222
-0.242562
0.393339
-0.211118
0.366874
-0.311277
-0.452404
0.395260
0.059476
0.284052
-0.161143
-0.547944
-0.219554
-0.159995
0.088432
-0.097205
-0.003558
-0.353535
0.739850
-0.012172
0.097725
-0.024035
-0.570695
0.163819
-0.476434
-0.436848
-0.398578
0.010576
0.251847
-0.598189
0.179503
0.056344
0.401152
0.159046
-0.350320
-0.538642
-0.420472
-0.106144
0.207073
-0.016557
0.418127
-0.233268
-0.025689
0.143000
0.454386
0.437034
0.268109
0.143581
-0.149627
-0.150695
-0.367631
0.510889
0.482649
0.018950
0.407580
-0.504816
0.005072
-0.520275
0.153801
-0.197860
0.497887
-0.108892
0.031040
0.040021
0.290604
0.246206
-0.543839
-0.121075
-0.514935
0.357324
0.268935
0.405584
0.359982
0.115594
-0.438583
-0.333775
0.160911
-0.368354
0.116697
-0.018268
-0.424999
0.097891
-0.549209
-0.385576
0.033069
0.042198
0.625531
-0.383852
0.184041
-0.408691
-0.270590
0.113690
-0.292749
0.566739
0.793080
0.436803
0.078740
0.278525
-0.303605
-0.077428
-0.538511
0.536566
0.173154
-0.504292
-0.273509
0.336360
0.173006
-0.000978
-0.111890
-0.534966
0.037305
-0.274457
-0.164535
0.231263
-0.193094
-0.046124
0.191002
0.060664
-0.196654
0.327496
-0.108563
-0.423008
-0.091920
0.113659
0.215427
-0.276603
-0.348216
0.200262
0.260802
0.210890
-0.723592
0.504927
-0.760097
0.158402
-0.220902
0.285976
-0.264476
-0.400222
-0.025223
0.340273
0.363499
-0.200620
0.320240
-0.410203
-0.097747
0.351699
0.226749
0.519900
-0.088568
-0.340603
-0.197879
-0.501422
-0.320204
-0.286138
0.846102
-0.297158
0.372284
0.373432
-0.084805
-0.223033
-0.197102
-0.552796
0.347834
-0.005578
-0.304086
0.229622
-0.351764
0.368731
-0.407111
0.379314
0.375690
-0.329008
-0.421654
-0.240032
-0.582889
0.398174
0.170259
0.020962
0.474529
0.328396
0.254197
-0.080261
0.115832
-0.406043
0.726178
0.118643
-0.026314
0.305039
0.371278
-0.459308
-0.251373
-0.439276
0.376386
0.029777
-0.252613
0.645643
-0.383619
-0.475307
-0.347788
-0.320288
0.376807
0.203066
-0.371276
-0.474942
-0.111475
0.411848
0.411590
-0.162593
0.035061
-0.204150
-0.465524
-0.407646
0.545204
-0.018011
0.462815
-0.268314
0.247783
0.158377
0.170767
-0.297971
-0.215456
-0.625653
0.238176
-0.276175
0.145117
0.450839
-0.292900
-0.146401
0.138298
-0.531154
-0.497166
-0.591054
-0.336771
0.143984
-0.652601
-0.101600
0.121191
-0.580199
-0.447133
0.040879
-0.474397
0.101937
0.297010
0.401451
0.386512
-0.181924
0.601758
0.349133
-0.383589
-0.001360
0.051446
0.337659
0.281702
-0.200263
-0.176209
0.676060
-0.101158
0.016345
-0.487349
-0.155101
-0.315216
-0.046248
-0.152730
0.018508
0.220416
0.335981
-0.499420
-0.454756
0.336777
0.239006
-0.036090
0.227539
0.371676
-0.136640
-0.046911
-0.144899
-0.094112
0.381018
-0.139246
-0.392426
-0.150386
-0.690476
0.377830
0.014681
0.497593
-0.409016
-0.168974
0.445064
-0.045754
0.174747
-0.067642
0.048188
-0.388263
-0.259891
-0.243657
0.332178
-0.209453
-0.038835
0.364203
0.286935
0.154544
0.219595
-0.466147
-0.393834
0.136268
0.596250
-0.263334
-0.350521
-0.317808
-0.088044
-0.432600
-0.510758
0.428109
0.456801
-0.204276
0.307298
-0.426912
0.206430
0.096479
-0.013657
-0.112330
0.452606
0.071472
-0.289494
0.220894
0.288650
-0.025042
-0.311762
-0.099597
-0.036968
0.007622
0.237225
0.184421
-0.951043
-0.369954
0.543661
-0.071555
-0.259280
-0.557915
-0.346486
-0.524092
-0.119024
-0.141956
-0.682038
0.320050
-0.427906
-0.619174
0.226084
-0.204908
-0.078167
0.147275
-0.589620
-0.006402
-0.349039
-0.078142
-0.030235
0.193648
-0.107715
-0.015198
-0.040509
-0.272289
-0.045611
0.193470
-0.418506
0.318697
0.535363
-0.123476
-0.071571
0.143041
-0.122750
-0.390942
0.338205
0.465338
0.372172
-0.423081
-0.068329
-0.212506
-0.449242
-0.378841
0.089099
-0.011147
-0.563590
0.289454
0.259850
