-0.000871
0.560660
0.148210
-0.610442
-0.290689
-0.559649
0.021680
0.196014
-0.277813
0.079086
0.068888
0.172750
-0.084357
0.534262
-0.511057
0.602756
-0.133958
-0.238263
-0.187626
-0.200455
0.428434
-0.206805
-0.177696
0.239006
-0.002767
0.553765
0.391174
-0.508020
-0.389151
0.337018
0.110446
0.062649
-0.446577
0.124736
0.153410
-0.274113
0.678942
-0.007078
0.091531
0.162639
-0.012790
-0.357628
0.001931
-0.262301
0.473925
-0.274988
0.327525
-0.482561
0.209608
-0.064136
-0.012322
-0.209954
0.366865
0.146842
0.225293
0.368102
0.279511
-0.017132
0.122984
-0.232354
-0.106555
0.375175
0.683783
-0.394346
-0.608884
0.555339
-0.317618
-0.587554
-0.094006
-0.567543
-0.064395
0.645440
0.341990
-0.296779
0.322339
-0.374918
0.180187
-0.342202
0.513070
-0.627207
-0.020397
0.369375
-0.791220
-0.125166
-0.105811
0.225852
0.218899
0.014934
-0.075703
0.117989
-0.096237
-0.045320
0.019374
-0.489017
-0.405869
-0.727265
-0.074731
-0.714258
0.363495
0.424327
-0.415241
-0.017239
0.328089
-0.070530
-0.028920
0.359822
-0.392349
0.225913
-0.168049
-0.245441
0.288158
0.306868
0.185329
-0.654188
0.284923
-0.721901
0.064614
-0.029491
-0.320284
0.233655
-0.371915
0.229344
0.132969
-0.665059
0.480652
-0.174983
0.375752
0.194042
0.058556
0.456399
-0.013555
-0.238949
0.198547
0.221206
0.396780
-0.727443
-0.000992
-0.375913
-0.500812
0.182202
0.084939
-0.703603
-0.007493
0.363522
-0.510448
-0.053424
0.504195
-0.316103
-0.040254
-0.409928
-0.016443
-0.343247
0.080850
-0.373876
0.048054
-0.017350
0.048847
-0.130905
-0.292777
-0.139660
0.184544
-0.105163
0.323561
-0.048140
-0.031896
-0.311066
0.218876
-0.519718
-0.265160
0.384935
-0.079162
0.296107
0.134310
-0.369309
0.258043
0.057197
-0.290150
0.060425
0.478758
-0.108523
-0.473026
-0.349270
-0.132086
-0.439079
0.184267
0.228779
0.816291
0.119916
0.031836
-0.381157
0.219682
0.059702
-0.193828
-0.306211
-0.369902
0.028379
0.371354
0.239504
-0.122334
-0.600035
-0.089049
-0.123976
-0.702422
-0.313394
-0.283938
-0.132808
-0.371306
0.065306
0.416521
0.008670
-0.186243
0.258809
0.128975
0.685300
0.436460
0.268553
0.076357
-0.256157
0.395476
-0.620990
0.337960
0.448296
0.651616
-0.599755
0.812467
0.770660
-0.424199
-0.400730
0.403308
0.441788
0.206209
0.430512
-0.264270
0.034033
0.136084
0.438590
0.009384
-0.078752
0.448880
-0.033469
-0.394496
-0.044700
-0.399505
-0.351830
0.592292
-0.012939
-0.232494
-0.396226
-0.467801
0.293624
0.640450
0.317890
0.122443
0.250890
-0.449368
0.273978
0.412871
0.202718
0.259655
-0.152759
0.358892
-0.515962
-0.045782
-0.423428
0.002301
0.157497
0.299115
0.412512
0.038264
0.034227
-0.268679
0.104240
0.393963
-0.259005
-0.238915
-0.589342
-0.153791
0.042058
-0.205215
0.184547
-0.214521
0.273716
0.254502
0.207811
0.118512
-0.639711
-0.404654
0.386789
0.369759
-0.125209
0.611909
0.071024
-0.073866
-0.165364
-0.030477
-0.286108
0.493778
-0.420596
-0.370788
0.190959
0.243761
-0.028472
-0.382471
-0.477022
-0.152354
0.643913
-0.042598
0.243622
-0.079865
-0.722925
-0.226014
-0.192548
0.249993
-0.013672
0.000584
0.256068
-0.185211
0.130459
0.373528
-0.328686
0.107744
0.258349
0.105061
0.229194
-0.172683
0.035444
-0.373036
0.403934
0.071615
-0.498212
0.088052
0.053877
-0.228298
-0.479212
0.293636
-0.401524
-0.366624
0.432652
0.217204
0.122771
-0.590576
0.454203
0.020412
0.097623
-0.342426
0.337669
0.167117
-0.025572
-0.517529
-0.425333
-0.116698
-0.004183
0.109521
-0.408609
-0.319463
0.254103
0.055688
0.105354
0.557547
-0.417906
0.235890
-0.064116
-0.349758
0.121344
0.385558
0.554495
0.474570
0.231510
0.257313
-0.204007
0.452351
-0.126095
-0.105097
0.098022
-0.251178
-0.175831
-0.039962
0.173517
0.396937
-0.177039
0.047045
-0.686729
-0.207717
-0.326534
-0.543329
-0.151515
0.171001
0.045134
0.302509
0.486915
-0.297459
0.078070
0.462862
0.417925
0.439433
0.017152
0.430334
0.512543
0.048988
0.561080
-0.370562
-0.613613
0.420194
0.239261
0.202173
-0.157521
0.458873
-0.120036
-0.373234
0.251171
0.223499
-0.141897
-0.188481
0.349682
-0.149140
0.090705
0.242099
-0.223215
0.357393
-0.248816
0.110125
0.083020
0.009921
0.318172
-0.254211
0.204514
-0.217682
0.075688
0.209529
-0.491647
-0.044725
0.076096
0.203719
-0.609716
-0.158965
0.056276
-0.047400
0.006459
0.054390
0.449978
0.431005
0.064195
-0.008542
0.239769
-0.339539
0.036193
0.041790
0.018618
0.456107
0.429508
0.563437
0.157150
0.419530
-0.122918
-0.363993
-0.042274
0.181073
-0.557365
0.880214
-0.168295
0.310291
-0.007259
-0.059754
-0.031051
-0.509251
-0.599296
-0.511716
-0.169838
0.071706
0.003736
-0.269383
-0.155216
0.686552
0.378252
-0.326968
-0.160020
-0.286085
0.270903
-0.059278
0.487458
-0.132965
0.304264
-0.016018
-0.077390
0.445281
-0.288773
-0.322182
0.227603
0.340806
-0.446151
0.137333
0.158062
-0.013757
-0.117954
-0.615931
0.304446
-0.094538
0.063651
-0.047004
-0.110789
-0.439144
-0.187997
0.553028
-0.153921
-0.562196
-0.165342
0.128543
-0.391129
-0.468779
-0.330197
0.277652
-0.216209
-0.215622
-0.398043
-0.151433
-0.006612
0.082437
0.006081
0.304438
0.208803
-0.145483
0.471322
0.547395
-0.095270
0.383113
0.334889
-0.260582
0.432275
0.424090
-0.354224
0.181997
0.149248
-0.110575
0.365254
0.152842
-0.595035
-0.174748
-0.158361
0.444716
-0.199689
0.105000
0.445167
-0.141941
-0.068101
-0.046782
0.660099
-0.288877
0.230016
-0.079546
0.644164
-0.034437
0.395505
0.060396
-0.556480
-0.023100
-0.450968
-0.341783
-0.335459
-0.355775
-0.690334
-0.354182
0.600557
0.258665
0.086123
0.281160
-0.419738
0.102348
-0.082173
0.000410
-0.000551
0.165249
0.410006
-0.192492
-0.106964
0.404579
0.265095
-0.042736
0.064751
-0.345116
-0.032093
0.128487
0.047124
-0.158549
0.610494
-0.125630
-0.183466
-0.245618
-0.506879
0.438473
0.476721
0.222353
-0.395531
-0.417658
0.158732
-0.460710
-0.620688
0.579582
0.187022
0.430390
-0.127515
-0.152426
0.341454
0.207244
-0.166462
-0.103263
0.496597
-0.233054
-0.492561
-0.320918
0.196323
0.180340
0.179867
0.074186
-0.476291
-0.256664
-0.374073
-0.314059
0.043656
-0.172589
-0.016441
-0.137314
-0.392230
-0.011534
-0.601418
-0.167808
-0.265307
-0.051602
0.536117
0.074129
0.071427
0.335104
0.099646
-0.553098
-0.149042
0.468983
-0.043262
-0.054766
0.369848
0.280667
0.414909
0.375277
0.027455
-0.092933
0.481810
0.522543
0.487715
0.123683
0.253953
0.093289
-0.070257
0.290338
-0.217713
-0.100925
-0.140773
-0.021404
0.526433
0.316927
-0.010957
0.466424
-0.435959
0.263762
-0.780127
-0.254883
0.223344
0.234473
-0.301510
0.206750
-0.020167
-0.188194
-0.396374
0.068647
-0.043699
-0.276534
-0.075937
0.011800
-0.052541
0.293894
-0.103061
-0.260856
0.422026
0.065970
0.319204
0.159530
-0.072852
-0.003302
0.189787
0.024606
-0.462123
0.308999
0.444188
-0.221969
0.461316
-0.104722
0.478115
-0.248888
0.482597
-0.093533
-0.014598
-0.180861
-0.459109
-0.055750
0.631022
0.498678
-0.098799
0.256777
-0.022893
0.103950
0.081382
-0.456407
0.144386
-0.406507
0.315860
0.416464
-0.521959
-0.071320
-0.461716
0.174345
0.086004
0.178850
-0.084573
0.499352
-0.015513
-0.095041
0.136262
-0.255399
-0.039741
0.204798
0.368966
0.408117
0.158731
0.125487
0.037735
-0.015443
0.433395
-0.186476
0.380450
-0.437370
0.269308
0.060105
-0.377462
-0.130294
-0.515616
0.037052
-0.308331
0.287399
-0.254551
-0.198474
0.387897
0.181087
-0.549720
0.669931
0.403777
-0.035172
-0.293705
-0.160237
-0.437857
0.196852
0.516899
-0.050847
-0.334332
0.672329
0.350238
-0.582252
0.343608
-0.027806
-0.243916
-0.375022
-0.258357
-0.122043
-0.106797
-0.410332
0.333550
-0.567655
0.245887
-0.167310
-0.281476
-0.483507
-0.206258
-0.085001
0.552476
0.535709
-0.123442
0.194412
0.144127
-0.421395
-0.234817
0.472578
0.262580
-0.037207
0.336056
0.600340
-0.477566
-0.240534
0.554817
-0.497277
-0.155277
-0.183503
0.868468
-0.050812
-0.403815
0.172494
0.006119
0.334319
-0.243351
0.262208
-0.322861
-0.238864
-0.566195
-0.189930
0.053498
0.234830
-0.101146
0.187444
0.555188
0.192644
0.478181
