-0.053822
0.156820
-0.102467
-0.169826
-0.553319
-0.058665
0.176440
0.273526
-0.202314
0.050617
-0.266585
0.029149
0.134914
0.308176
0.165941
0.569788
-0.084124
-0.564455
-0.230170
0.087684
-0.634825
0.316526
0.007701
-0.036841
-0.420831
0.328221
-0.195559
0.070390
0.190437
-0.011171
0.439691
-0.025678
0.206507
0.010251
-0.233854
0.566040
-0.258321
0.084584
-0.541054
0.326211
-0.033959
-0.455728
-0.313228
0.470689
0.111293
-0.370844
0.264517
-0.125065
-0.012942
0.430304
0.432810
-0.215875
0.401018
-0.251464
0.166628
0.430097
-0.336461
-0.235866
-0.368493
0.383166
-0.242836
0.148555
-0.151799
-0.271150
-0.251159
0.407925
0.282448
-0.323508
0.080328
0.184897
-0.420792
-0.547031
0.282818
0.415384
0.301510
0.061705
-0.381333
0.100732
0.356116
-0.516879
0.561978
0.328578
-0.073391
-0.153862
0.414751
-0.273736
-0.415946
-0.127025
-0.174375
-0.028193
0.343610
0.296474
-0.178081
0.072153
0.224534
-0.378680
0.312393
-0.291628
-0.469036
0.528075
0.015364
-0.502952
0.402512
0.197321
-0.170053
-0.048580
0.452316
-0.469686
-0.129239
0.046923
0.063572
0.270296
0.403842
-0.138504
0.318182
0.121246
0.286219
-0.412266
-0.377750
-0.482094
0.256401
0.559679
-0.169479
-0.093752
0.169825
-0.099425
-0.620433
0.404252
0.432462
-0.048194
-0.679726
0.503453
-0.532966
0.269536
-0.212354
-0.673534
-0.128992
0.033529
0.138223
-0.087916
0.210484
0.041609
0.171827
0.079250
-0.498411
-0.032394
-0.273577
-0.400454
-0.261820
-0.635964
-0.444407
0.296882
0.236188
0.130930
0.221767
0.653647
0.048847
0.188612
0.271803
-0.348739
-0.619854
0.552393
-0.019793
0.398105
0.160850
0.037655
-0.345270
0.480480
-0.123558
-0.379001
0.274645
0.394651
0.294267
-0.419337
0.209190
-0.161011
0.310020
0.335488
-0.384039
0.247009
-0.251587
0.416072
0.355856
-0.415672
0.319376
-0.475542
0.069745
0.565289
-0.152844
-0.414363
0.547678
0.433227
-0.679597
-0.659669
-0.006535
0.146519
0.262091
-0.433188
-0.497636
0.064301
-0.021498
-0.353369
0.315423
-0.185399
0.522008
-0.077162
-0.262665
-0.422473
-0.125273
0.164782
0.138595
-0.191199
-0.063814
-0.175833
-0.536506
0.518487
0.264095
-0.289214
0.241344
0.372683
-0.373235
-0.122669
-0.353371
0.378273
0.820344
0.526071
0.390025
-0.009150
-0.305260
-0.269709
0.224007
-0.250305
0.544905
0.326973
-0.205276
0.377039
0.431340
0.096549
-0.279598
-0.483441
0.238328
-0.382298
-0.477039
-0.294898
-0.376110
0.025636
-0.213551
-0.092940
0.492285
0.488139
0.163818
0.876316
-0.446429
-0.487931
-0.102024
-0.649578
0.351433
0.559265
0.089867
-0.493815
0.107473
-0.112791
0.349980
-0.337755
0.537454
0.299034
0.268405
0.386373
-0.458419
-0.197198
0.004340
-0.205305
0.469318
0.593124
-0.037903
0.459596
0.153650
0.351178
-0.520400
-0.180431
-0.443567
-0.415102
0.496706
0.479853
0.264301
0.420380
0.146950
-0.006702
-0.476917
0.388674
0.632457
-0.668011
0.060062
0.019675
-0.063508
-0.140557
0.093335
0.101908
-0.595364
-0.278842
0.115357
-0.053616
0.377804
-0.348781
0.216131
-0.211199
-0.270382
-0.434284
-0.192090
0.201911
0.065705
-0.013198
0.123946
-0.300094
-0.532087
0.534784
0.121701
-0.042326
-0.014649
0.362903
-0.638648
-0.069369
-0.002583
-0.097703
-0.424638
-0.361045
-0.055290
0.633911
0.406015
0.226334
0.202550
-0.106935
0.176516
0.277155
0.109826
0.197293
-0.202380
0.535835
-0.470113
0.578924
-0.476556
-0.624342
0.139461
-0.445963
-0.006984
-0.516929
0.202988
0.300219
0.205129
-0.152744
-0.393639
-0.092486
0.156619
-0.611381
-0.093486
0.341090
-0.183429
-0.278889
0.166241
-0.281106
0.636124
0.011324
0.565156
0.433189
-0.211311
-0.603252
0.157578
0.555080
-0.019862
-0.595499
0.353724
0.264402
0.492942
-0.563958
-0.338009
-0.024175
-0.543095
0.192387
-0.037525
0.478390
0.021594
0.245818
0.270384
-0.130023
-0.388208
-0.267779
-0.487447
0.077711
-0.341152
-0.184545
0.527190
-0.461412
0.244116
0.465949
-0.361656
-0.594156
0.237147
0.368379
-0.719676
0.329944
0.338072
0.506124
-0.274561
0.068945
-0.001463
0.573205
0.235231
-0.155884
0.285325
-0.479233
0.064534
0.316723
0.673787
-0.128045
-0.433387
-0.086881
0.185400
0.143362
-0.178572
0.033106
-0.142667
0.537984
-0.416331
0.538057
0.035991
0.369258
-0.252021
0.098673
-0.338342
0.069976
0.331738
0.490411
-0.498178
-0.376020
0.022187
0.076120
-0.155275
-0.369049
0.139119
0.192917
-0.302122
0.529167
0.180611
0.507260
0.046668
-0.393861
0.178727
-0.035829
0.431021
0.429982
-0.295619
-0.238618
0.421791
-0.033944
0.444180
-0.021806
0.020226
0.163245
0.438372
-0.412974
0.322192
-0.299514
0.033781
0.727005
-0.552032
0.551035
-0.076356
-0.207970
0.295992
-0.319867
0.216524
-0.325388
0.357625
-0.224486
-0.559984
0.156184
-0.085021
0.292177
0.074081
0.653211
0.296134
0.682243
-0.585044
-0.272927
0.158858
-0.642005
0.556631
0.154559
-0.008309
0.142895
-0.776647
0.133648
-0.189745
-0.055997
-0.246848
0.314002
-0.519512
-0.049371
-0.093966
-0.377606
-0.354472
0.269875
0.047483
-0.153928
-0.194217
-0.156381
0.027898
-0.442618
-0.036649
0.096450
-0.391484
-0.377841
0.542865
-0.195455
-0.458477
-0.386480
-0.466848
-0.039834
-0.125584
0.196642
0.400109
-0.144118
0.116500
0.367700
-0.465940
0.208384
0.572958
0.342058
-0.507359
0.270486
0.396773
-0.517889
-0.214223
0.215863
0.247885
-0.285623
-0.164599
0.193102
-0.197567
-0.321792
-0.127802
0.370798
0.315715
0.454810
-0.269640
-0.024443
0.397734
0.338854
0.040138
0.569000
0.190189
-0.587069
0.345981
-0.405325
0.562723
-0.055496
-0.023995
-0.003336
0.441388
-0.244289
-0.376675
0.470497
-0.608302
0.086123
-0.222714
0.143463
-0.232989
-0.169231
-0.015942
0.390694
-0.107509
0.268419
0.286226
-0.379148
0.397320
-0.131653
0.445732
-0.261735
-0.535626
0.029928
0.695887
0.551074
-0.128342
0.392704
0.344708
0.747778
-0.132203
-0.104770
-0.671661
0.298417
-0.501407
-0.040585
0.288308
0.111425
0.438790
-0.191927
0.155801
-0.088888
-0.145350
0.248220
0.320658
0.237417
0.304465
0.612324
0.342802
-0.527767
-0.056399
-0.483591
0.360797
0.338317
0.218345
0.254520
0.313162
-0.113652
0.232152
-0.044208
-0.413401
0.165126
0.163019
-0.326263
-0.217415
-0.429347
-0.006632
0.157146
-0.457742
-0.021007
-0.023542
0.045339
0.575015
-0.150379
0.404139
0.044175
-0.094092
0.658052
0.420736
0.331034
0.442837
0.099018
0.113852
-0.286750
0.501276
-0.175830
-0.550562
-0.300660
0.103447
-0.181843
-0.357957
-0.101409
0.140242
-0.028528
0.242424
-0.081904
-0.070143
-0.287882
-0.404302
0.647810
-0.373989
-0.226255
-0.210665
-0.206684
-0.261402
-0.525825
-0.302308
-0.322631
-0.070646
0.268701
0.204236
0.492698
-0.499698
-0.019752
0.060222
-0.030220
-0.460807
0.169543
0.401073
-0.485161
0.652511
0.090953
-0.067508
0.091061
-0.211569
0.228193
-0.299430
0.126042
-0.247522
-0.087213
-0.400164
0.163237
-0.090361
0.135084
-0.030634
-0.024013
-0.667939
-0.094594
-0.151744
-0.062516
-0.065688
0.026099
-0.061443
-0.618898
0.063613
-0.817573
-0.101586
-0.312305
-0.615506
-0.445486
-0.021938
0.286520
-0.273731
-0.328850
-0.055355
-0.016436
-0.061788
0.302224
0.332258
-0.569827
0.290427
-0.213805
0.225552
-0.259488
-0.318242
-0.545755
-0.595354
0.003567
0.028555
-0.096712
0.156366
-0.590034
-0.266046
0.382880
0.030412
-0.357774
0.325826
0.346411
-0.516995
-0.202048
0.213471
-0.402673
0.118132
0.090731
0.522290
-0.396426
-0.430570
-0.513947
-0.115118
-0.554732
-0.232159
0.188802
0.460316
0.595223
0.133807
-0.226708
-0.174209
0.045596
-0.221695
0.512141
0.068304
-0.488273
0.075104
-0.120548
0.234413
0.177787
-0.587584
0.436524
0.297880
0.666698
0.278032
-0.099771
-0.077818
-0.234907
0.090644
-0.321513
-0.326094
0.247755
-0.270932
-0.634861
0.320050
-0.000701
-0.093435
0.172260
-0.073228
-0.004095
-0.237794
0.199297
-0.105693
-0.566071
-0.203044
0.271635
0.133959
-0.325651
0.054390
0.261247
0.201216
-0.307963
-0.062827
-0.467209
0.441109
0.050751
0.196896
-0.142994
0.278658
-0.498083
-0.287687
-0.380533
0.149357
0.008915
-0.223889
0.323821
-0.240735
0.513935
0.543224
0.047223
-0.045456
0.171357
0.349597
-0.267011
