0.138629
0.005754
0.068373
-0.222881
-0.290689
0.038093
-0.142932
0.585110
0.010736
-0.056222
-0.027843
0.062400
-0.144082
0.534262
-0.511057
0.602756
-0.680679
-0.299191
-0.187626
-0.200455
0.428434
0.124798
-0.088412
0.206832
-0.042926
0.431682
0.513780
-0.349696
0.355574
-0.169016
0.095114
0.113528
-0.483562
0.124736
0.153410
-0.211763
0.375287
-0.007078
0.223661
0.154536
0.090093
-0.282732
-0.095272
-0.146249
-0.654507
-0.497575
0.327525
-0.107707
0.209608
0.234144
-0.017612
-0.209954
0.366865
0.121451
0.225293
0.374549
0.279511
-0.017132
-0.094154
-0.189649
-0.106555
0.327417
0.205736
-0.394346
0.383237
0.316551
0.238677
-0.599748
-0.066531
-0.560450
-0.055789
0.597900
0.261339
-0.395026
0.437997
0.074478
-0.245152
0.296202
0.513070
-0.552501
-0.020397
0.286229
-0.791220
0.198986
0.066017
0.317333
0.218899
0.168546
-0.212998
0.117989
-0.090728
-0.045320
0.084812
-0.500266
-0.424916
-0.727265
0.070207
-0.192542
0.363495
0.424327
-0.415241
0.022317
0.372231
-0.092358
-0.274856
0.205210
-0.392349
0.312712
0.222033
0.223419
-0.348784
0.306868
0.185329
-0.239759
0.284923
-0.721901
0.078351
-0.029491
-0.381105
0.107993
-0.147136
0.229344
0.466161
-0.670529
0.199386
0.542048
0.031457
0.668111
0.079993
0.389235
-0.013555
-0.513981
0.252338
0.221206
-0.340607
-0.727443
0.119491
0.141746
-0.555700
0.182202
0.084939
-0.639560
-0.141512
0.363522
-0.274623
-0.053424
0.347228
-0.357696
-0.093439
0.137150
-0.016443
-0.096638
-0.096754
-0.373876
-0.185097
-0.589573
0.048847
0.198200
-0.384286
-0.453478
-0.286064
-0.031240
0.356058
-0.048140
0.091931
-0.141950
-0.006226
-0.137401
-0.223901
0.015425
-0.124436
0.296107
0.134310
0.133707
-0.507538
0.057197
-0.290150
0.060425
0.402382
-0.035242
-0.159387
0.071222
-0.175218
-0.339317
0.184267
-0.169402
0.253438
0.615931
0.031836
-0.381157
0.480269
-0.052700
-0.193828
-0.113482
0.424180
0.116608
0.341197
0.239504
-0.086959
-0.600035
-0.027350
-0.123976
-0.657394
-0.313394
-0.283938
0.003147
0.357465
-0.616044
0.037038
-0.558799
-0.153626
-0.114112
-0.226824
-0.208405
0.436460
0.031855
-0.009800
0.147058
0.442442
0.026901
0.368739
0.509913
0.062810
-0.599755
-0.322868
0.216557
-0.424199
-0.203164
0.475494
0.420574
0.203794
0.103080
-0.264270
0.031239
0.176031
0.296897
0.009384
-0.156922
0.448880
0.053558
-0.493358
-0.382871
-0.464114
-0.351830
0.386350
-0.355778
0.102358
-0.372641
-0.160261
0.360747
0.520368
0.319245
-0.489426
0.220734
-0.463656
-0.541325
0.412871
0.202718
0.259655
-0.083224
0.803747
-0.460418
-0.045782
-0.380526
-0.008599
0.076558
0.357448
0.412512
-0.015221
-0.113161
-0.210705
0.568395
0.439626
-0.049162
-0.238915
0.459596
0.091199
0.161328
0.504326
0.184547
-0.184870
-0.319500
0.265440
-0.013111
0.186158
-0.660789
-0.404654
0.386789
0.347452
-0.214836
-0.302148
0.071024
-0.073866
-0.259725
-0.030477
-0.286108
0.452710
-0.420596
-0.383045
0.190959
0.293011
-0.448399
-0.295022
0.283541
-0.239079
0.643913
-0.042598
0.115646
-0.059045
-0.050671
-0.468543
-0.621638
0.249993
-0.110722
-0.313750
-0.209383
-0.176870
-0.368983
0.554674
0.166972
0.141049
-0.402946
-0.012548
0.284188
-0.299942
-0.058453
-0.373036
0.403934
0.071615
-0.403166
0.280325
-0.032776
0.033432
0.042490
0.037508
-0.517937
-0.366624
-0.235554
0.217204
-0.053819
-0.590576
-0.378401
0.020412
0.119469
0.312834
0.295372
0.372107
-0.079972
-0.517529
0.318336
-0.100058
-0.004183
0.109521
-0.408609
0.095973
0.261939
0.055688
0.105354
0.557547
-0.464521
0.329961
-0.062360
-0.413565
-0.262021
0.296371
-0.126536
0.474570
0.231510
0.196323
-0.420802
0.472310
-0.126095
-0.105097
0.098022
-0.238401
-0.191869
-0.039962
0.173517
0.168001
0.288121
0.069438
-0.686729
-0.108435
-0.184011
-0.552478
-0.151515
0.186778
0.007439
-0.025169
0.486915
-0.205236
-0.189363
-0.506079
0.243676
0.633262
0.017152
0.237147
-0.497655
0.147339
0.561080
-0.469792
-0.613613
0.453593
0.042574
-0.230772
-0.101629
0.303506
-0.253658
-0.341338
0.280237
0.223499
0.182589
0.605031
0.590748
-0.149140
0.090705
0.181912
-0.247187
0.260781
-0.545312
0.457767
0.083020
-0.055602
0.318172
-0.165195
0.023126
-0.217682
0.075688
0.209529
-0.563856
-0.044725
0.076096
0.241384
-0.550572
-0.075380
-0.012582
0.007877
0.054572
0.054390
0.449978
0.431005
0.064195
0.013959
0.393856
-0.309307
-0.050323
0.041790
-0.023831
0.456107
0.668484
0.595440
0.213185
0.241714
-0.122918
0.344080
-0.257441
0.082347
-0.489188
0.880214
0.489695
0.085603
-0.086667
-0.059754
0.304810
-0.558874
-0.581763
-0.334787
-0.168255
-0.187811
-0.072213
-0.269383
0.243206
0.686552
0.378252
-0.264277
-0.008020
-0.240613
0.270903
-0.150028
0.477107
-0.155778
-0.539119
0.141547
0.129482
0.302829
0.033404
0.223401
0.227603
0.428529
-0.446151
0.137333
0.158062
-0.225085
0.231653
-0.615931
0.702201
-0.094538
-0.073495
-0.047004
-0.335634
-0.439144
-0.282645
0.010054
-0.153921
-0.471618
-0.186077
-0.385264
-0.391129
0.159509
0.420476
0.209552
-0.216209
-0.393768
-0.434798
-0.043257
-0.006612
0.174966
-0.275540
0.277989
0.213792
-0.095030
0.373454
-0.198857
-0.076280
0.358389
0.138527
-0.113130
0.432275
0.364187
-0.354224
0.217407
0.001611
-0.110575
0.278211
0.208557
-0.532848
-0.251016
-0.294102
0.444716
-0.199689
-0.058630
0.445167
0.096609
-0.488235
-0.112317
0.660099
-0.288877
0.113423
-0.079546
0.644164
-0.034437
0.395505
0.124051
-0.556480
-0.198113
-0.019765
-0.276290
-0.310803
-0.331786
0.217981
0.578347
0.600557
0.205941
0.065136
0.281160
0.545509
-0.597631
-0.194898
0.000410
0.186025
0.165249
0.410006
-0.006466
0.105643
0.422158
0.265095
-0.042736
-0.276683
-0.345116
-0.032093
0.193008
-0.045961
0.128806
0.570329
-0.091322
-0.183466
-0.237968
-0.509162
0.506019
0.476721
0.222353
0.175505
-0.426190
-0.095347
-0.496414
-0.620688
-0.403786
0.349010
-0.244765
-0.127515
-0.198297
0.341454
0.267420
0.413894
-0.226319
0.446188
-0.195970
-0.516996
-0.294941
0.443595
-0.478539
0.214708
0.476022
0.271305
-0.256664
-0.465249
-0.185031
0.043656
-0.058652
-0.016441
-0.690119
-0.392230
-0.123592
-0.518883
-0.167808
-0.125192
-0.408842
0.470165
0.068964
0.305380
0.179124
0.377956
-0.195658
-0.179200
0.268437
0.012168
-0.129496
0.369848
0.256561
0.348332
0.375277
-0.024718
-0.392327
0.344594
0.310924
0.541791
0.123683
0.253953
0.093289
0.309785
0.290338
-0.217713
-0.100925
-0.486898
-0.021404
-0.499698
-0.364136
0.021826
0.466424
-0.358618
0.263762
-0.621828
-0.510790
0.194254
0.105437
-0.208879
-0.623023
0.060588
-0.036922
-0.053568
0.038105
-0.261848
-0.429963
-0.045658
0.030526
-0.025565
0.035495
0.031509
0.117488
0.429813
0.163989
0.337851
0.243674
0.017163
0.022589
0.017896
-0.388992
-0.432924
-0.197934
0.444188
-0.221969
0.461316
-0.104722
0.478115
-0.248888
0.482597
-0.347985
0.600100
0.475211
0.574891
-0.036233
-0.012793
0.112203
-0.028514
-0.172897
-0.455191
0.021684
0.081382
-0.433016
0.144386
-0.110316
0.574004
0.290411
-0.467569
-0.071320
-0.461716
0.189735
0.086004
0.178850
0.065771
-0.205416
-0.015513
-0.187823
0.136262
-0.255399
-0.030615
0.204798
0.367284
0.408117
0.069860
0.284756
0.397696
-0.015443
0.433395
-0.186476
0.077478
-0.072617
-0.212747
-0.033923
-0.377462
-0.145440
-0.419046
0.037052
-0.441876
0.007165
-0.254551
-0.115901
0.446992
0.112814
-0.549720
0.715688
0.403777
-0.178366
-0.245040
-0.411630
-0.087190
0.196852
-0.385461
-0.050847
-0.344648
0.672329
0.350238
-0.520819
0.343608
-0.027806
-0.243916
-0.375022
-0.258357
-0.216182
-0.106797
-0.397545
-0.674793
0.178688
0.245887
-0.216124
-0.281476
-0.483507
-0.206258
-0.389003
0.552476
0.251259
0.445203
0.176672
-0.540125
0.083211
-0.262159
-0.067991
0.218469
0.288644
-0.206529
-0.205406
0.140634
-0.155797
-0.425038
0.190895
-0.347566
-0.167945
-0.006295
-0.055062
-0.547929
0.269068
-0.124657
0.238374
-0.316086
0.106589
-0.322861
-0.238864
0.256600
0.499340
-0.004092
0.329486
-0.011484
0.187444
0.402303
0.192644
0.427890
