-0.322544
0.558886
-0.119287
-0.229630
-0.129342
-0.377940
0.023677
-0.129985
0.365136
0.414157
-0.008608
-0.371185
0.046718
-0.414154
0.006242
0.421137
-0.474061
0.531821
-0.336393
-0.259518
-0.661810
0.162917
-0.516113
0.395925
-0.305608
-0.539393
0.545774
-0.193932
0.166574
0.046258
-0.121813
0.497320
0.413582
0.515821
0.908290
-0.204771
-0.222529
0.317438
0.317847
-0.356739
-0.500287
-0.339583
-0.213637
-0.308102
-0.440436
-0.013122
0.204344
0.214895
-0.031333
0.197924
-0.235425
-0.070708
0.457869
-0.319405
-0.438453
0.269483
-0.201898
0.096494
0.480090
0.184920
-0.143923
0.300589
0.555916
-0.282197
0.002625
-0.372369
-0.543015
-0.517039
0.344451
-0.210440
0.573952
0.492320
0.261942
0.030781
-0.061101
0.384744
-0.050706
-0.391396
0.392194
-0.158625
-0.474492
-0.499986
0.369107
0.362244
-0.473780
0.169091
-0.167074
-0.243758
0.062171
-0.223457
-0.051636
-0.546356
0.339127
-0.360766
0.266085
-0.330248
-0.239381
0.225671
-0.540064
0.365343
-0.232488
0.164538
-0.016286
-0.382419
-0.401214
0.145391
0.013303
0.217034
-0.119418
0.231339
-0.225139
0.219198
-0.275691
-0.441740
-0.178227
-0.208199
0.308411
-0.513445
-0.077607
-0.163998
0.395816
-0.588920
-0.151281
0.550399
0.057696
-0.112499
-0.052399
0.341022
-0.046756
-0.501985
-0.090596
0.435971
-0.094854
-0.216125
-0.357475
-0.251499
-0.555387
-0.459730
0.082738
0.223178
-0.500017
-0.096158
-0.027399
0.257160
-0.539873
-0.337182
0.508335
0.072621
-0.051629
0.369345
-0.340540
-0.659798
0.339866
-0.078521
-0.364365
0.471248
-0.391660
-0.241626
-0.103867
0.282733
-0.309292
0.024448
-0.350850
0.452891
-0.116795
-0.248183
0.008474
-0.407690
-0.517969
0.206990
0.279979
-0.189540
0.344337
0.503239
-0.706512
-0.079142
-0.575579
0.005877
0.089982
0.338276
0.464886
0.476459
0.170848
0.456554
-0.195118
-0.138267
-0.324915
0.121581
0.030927
-0.034829
0.127695
-0.500279
-0.654719
-0.115710
0.424180
-0.376890
-0.274149
0.128444
-0.214789
-0.549152
-0.327289
0.016733
0.165597
0.454678
0.531349
-0.088846
0.170669
-0.477307
-0.606368
0.081603
0.236113
-0.389405
-0.241949
-0.176744
0.519434
0.315936
-0.186325
-0.248791
0.367688
-0.331563
0.286086
0.390304
0.117907
0.044655
0.552865
0.193132
-0.346214
-0.272857
0.505468
-0.058802
0.201682
0.346248
-0.391820
-0.384458
-0.392146
0.200607
0.065109
0.179365
0.128357
0.535799
-0.129515
-0.196198
0.087295
0.030103
-0.686247
0.240553
0.152630
-0.021509
-0.159605
-0.181578
0.008245
0.318449
-0.132900
-0.588387
0.475065
-0.024516
0.070376
-0.092150
0.388903
0.240155
0.411634
-0.381269
0.527819
-0.130132
0.042594
0.072078
-0.347796
0.280003
0.279698
0.681386
0.318081
-0.419441
-0.557930
-0.171991
-0.423934
0.468428
-0.177346
0.362573
0.213136
0.182994
0.029435
-0.090714
0.482640
0.115915
0.437758
0.089717
-0.216258
0.574684
-0.311564
-0.551094
-0.179868
-0.590811
0.414435
-0.253268
-0.256671
0.075023
-0.358682
0.038849
-0.288217
-0.224099
0.062931
-0.023353
0.452952
0.157391
-0.136063
0.292760
0.383670
0.113150
-0.171992
-0.540755
-0.053189
-0.058358
-0.480434
0.231243
-0.548034
-0.326407
-0.130471
0.433150
-0.023595
0.371036
0.041700
0.502555
-0.380578
0.045977
0.263165
0.621777
-0.242389
0.331913
-0.170587
-0.537259
0.257208
-0.025584
0.382916
-0.228621
-0.258765
-0.091676
-0.454512
0.430511
0.309811
0.292539
-0.301849
-0.108871
-0.173760
-0.102066
0.041435
-0.506323
-0.014348
0.461472
-0.124436
0.187969
0.504701
0.267916
0.078043
0.014446
0.338545
-0.253831
0.244684
-0.095229
-0.294170
0.188076
0.377213
0.508320
-0.476827
0.188081
-0.080928
0.021127
0.100157
0.329012
0.045757
-0.070208
0.031910
0.245218
-0.226500
-0.347662
0.416675
-0.144331
-0.712062
0.170396
-0.152294
-0.163729
0.050425
-0.198772
-0.302905
-0.362970
-0.386828
0.433555
-0.008132
-0.288174
-0.146487
0.383073
0.319345
-0.173276
0.166807
0.433977
0.334921
0.615760
-0.036063
-0.092112
0.018563
-0.069382
-0.116483
-0.015995
0.161571
-0.080381
-0.284273
0.412086
0.035337
-0.484751
-0.405124
0.400580
0.127797
-0.288357
0.733427
-0.137620
-0.235991
-0.009048
0.203944
-0.182133
0.525097
0.253699
0.075305
0.489148
0.066705
0.034317
0.156361
0.369258
0.241101
-0.320699
-0.252149
0.149276
0.435876
0.373019
-0.461909
-0.668368
0.474299
0.289936
-0.019047
-0.306542
0.597284
-0.022986
-0.253833
0.376975
0.473475
0.629938
0.111108
0.024196
0.047839
-0.801347
0.277713
-0.143543
0.627897
-0.391554
-0.288539
0.209273
0.201752
-0.232114
-0.391119
-0.373488
-0.383482
0.354783
0.102803
0.159657
-0.010182
-0.275372
-0.378789
0.364652
0.071574
-0.159771
0.426873
-0.642971
-0.134932
0.383958
-0.340618
0.501425
0.439122
0.375553
-0.129502
0.728374
-0.077656
-0.442547
0.015810
0.137477
-0.414917
-0.099997
0.339287
0.114886
-0.374033
0.079631
0.032808
-0.151631
-0.607115
-0.034991
0.548647
0.014570
-0.013553
0.037094
-0.016686
0.347112
0.158098
0.577635
0.076775
-0.289381
0.157966
-0.573512
-0.261495
-0.088795
0.520136
-0.373728
0.056113
-0.161861
0.653477
0.192447
-0.303376
0.462708
-0.606175
-0.326932
0.111827
-0.519648
0.084956
-0.597867
0.772866
-0.393943
0.048122
-0.165899
0.051089
0.409019
0.039316
0.394954
0.091165
-0.227705
0.029059
-0.077428
0.156041
0.644497
0.527768
-0.333753
0.124055
-0.439595
0.034649
-0.517047
0.171606
0.383481
0.280322
-0.072909
-0.494553
0.305909
0.872344
-0.095016
0.412297
0.206081
0.097978
-0.429621
0.240765
-0.088724
0.487173
-0.313794
0.466535
-0.490389
0.490624
0.150972
0.201117
0.391706
-0.315499
0.565975
-0.274165
0.167654
0.203359
-0.394967
-0.326927
0.151559
-0.585139
0.560532
0.311771
-0.505701
0.102383
0.403563
-0.019285
-0.193999
0.434338
0.006532
0.139200
0.512035
0.263869
0.655931
0.394097
-0.026087
-0.496106
-0.063953
-0.041445
0.268783
0.162268
-0.065217
0.357583
-0.102472
-0.387205
-0.133659
0.344115
0.207835
0.437487
0.200281
0.022479
-0.841732
0.339138
0.366735
-0.606489
0.552313
-0.182835
-0.282414
0.051960
0.413192
-0.328655
-0.049017
0.256111
-0.050768
0.321458
-0.290261
-0.285404
-0.533906
-0.536077
0.324696
-0.325785
-0.362410
0.300105
0.043791
-0.420507
0.225909
-0.430141
-0.092915
-0.220357
0.003891
0.478063
-0.473177
0.336691
-0.164052
-0.422881
-0.331210
-0.178425
0.159903
0.236419
0.521098
0.059957
0.432623
0.451130
-0.119369
0.387611
0.131906
-0.003623
0.455456
0.301574
-0.317246
0.163747
-0.551794
-0.189314
0.151830
0.038431
-0.806269
0.253689
0.118471
0.291492
0.520341
-0.221410
0.452042
0.281895
0.382534
-0.259064
0.554295
0.512489
-0.022614
0.140670
0.250882
0.127319
0.507617
0.040412
-0.477395
0.392855
-0.297637
0.097473
0.050280
-0.018556
0.209317
-0.445852
0.003288
-0.675674
-0.586100
-0.465880
0.179193
-0.198861
0.341731
0.189026
-0.120571
-0.584139
0.319550
0.134532
-0.567856
0.101874
0.111745
0.324758
0.620798
-0.380867
0.023223
-0.065827
0.518203
-0.089812
-0.530607
0.513424
0.509664
-0.513347
0.346848
-0.091605
0.551614
0.598569
-0.291926
-0.150386
-0.032278
-0.111950
-0.142696
-0.253623
-0.164374
0.278284
-0.131144
0.216368
-0.027151
0.372581
0.067663
-0.495418
-0.260862
-0.228558
0.273513
-0.167571
-0.355891
0.318328
0.495304
0.167157
0.570654
-0.353259
0.158193
-0.229644
-0.093982
0.090187
-0.308198
0.429701
-0.278283
-0.164013
-0.562700
-0.749995
0.067367
0.221217
-0.483446
0.491041
0.519945
-0.174652
0.275435
0.472701
0.535946
-0.478877
0.306069
0.245897
-0.631737
-0.039917
-0.442602
0.581379
-0.532539
0.904366
-0.267976
0.131228
-0.836827
0.304381
-0.255025
0.217782
-0.305560
-0.366186
0.128600
-0.566171
-0.400376
-0.486614
-0.255265
0.486048
-0.311300
-0.088348
0.348898
-0.046617
0.422511
0.405664
0.536276
0.282807
-0.253020
-0.060539
-0.058179
-0.166756
0.723344
-0.108741
0.147391
-0.302902
0.058618
-0.166296
-0.257662
-0.625725
0.005057
0.230728
-0.071571
-0.297222
0.296697
0.555173
-0.196192
-0.077626
0.117838
-0.490733
0.100920
0.499340
-0.261007
0.516662
0.254721
0.291024
0.084276
0.201191
0.373215
