-0.117287
3.327732
-4.448675
-2.730176
-2.901004
1.409926
-3.620551
0.622677
-1.603588
0.776966
-1.294812
-1.045433
-1.312316
-2.423131
-3.072126
-0.482338
5.535960
-1.178622
-0.833904
-0.847536
2.400846
0.867389
-0.151331
-1.021061
-3.211424
4.935842
-2.139677
2.758112
-0.417145
2.262288
-4.880115
-5.678931
0.059578
0.365838
0.256176
0.569568
-1.222388
-0.218281
-3.639319
-0.073741
-3.889371
-0.933658
2.622309
-0.742930
-1.469195
-0.578231
-11.665595
0.253423
12.480251
-0.457303
0.466716
-0.046607
-0.335326
0.138524
-0.002418
-0.272991
-6.026136
0.292184
2.848969
-2.693742
0.629009
0.371129
-2.636815
4.297998
2.660272
1.206857
-3.775253
-0.887517
-1.399992
3.661844
0.825196
-0.912273
-1.293313
-1.641343
-0.753210
-0.181475
-2.376566
-0.869453
0.879211
0.126681
-1.133076
-2.322645
-3.929242
-0.347231
-5.423985
-1.778563
-9.275135
-1.189965
2.989156
-2.724992
-0.057982
-1.875750
1.552424
0.183079
-1.373514
6.193881
-6.851595
-2.781647
-2.571692
-1.875062
-3.030268
-1.499564
3.674808
0.318855
-0.148764
-0.871068
-0.273468
2.652726
-0.100981
-3.066831
-2.204163
1.994816
1.900658
-3.325140
0.547850
-6.232967
0.464693
0.967458
2.084091
0.811155
7.406681
2.368398
-2.067460
0.878308
7.754097
1.808921
0.433096
1.729071
-2.635100
-1.391430
-2.583352
-2.561722
-0.349575
0.932116
3.243820
0.765769
-2.665710
-0.969884
-3.003185
-0.460854
3.731402
0.922933
-2.773682
-2.980913
2.375224
3.333286
-3.235328
-0.337471
2.770458
6.218336
3.244933
-0.634306
2.183484
-0.622354
3.420826
1.866658
1.010070
1.616436
7.955392
2.923090
0.082312
-3.358291
5.353535
-2.971953
-1.014996
-1.007426
0.917104
4.362763
-1.895816
1.210163
1.262065
-0.621051
3.115727
6.579213
-2.173750
-1.845660
2.422427
-1.818619
2.037587
4.584250
-1.119221
3.104583
0.284441
1.723966
-2.046711
1.369623
1.018093
-1.113546
-0.414021
1.170274
1.479304
1.848901
3.406488
-0.640924
-5.915616
-0.585828
3.648115
0.763044
-4.590472
1.260299
4.732945
-2.893039
-2.996540
-2.698577
-4.214689
1.836378
-2.560706
-2.859413
-0.384766
2.363915
0.709997
4.204114
2.571371
5.040498
-3.257547
-5.271333
-2.925031
2.037043
-3.119800
0.088746
5.001454
-1.250821
-4.747127
-3.680289
-0.984240
-7.267404
3.855549
-5.476680
-2.901652
0.182309
-3.680493
4.976203
-7.500527
-0.913885
-5.665297
-2.833912
1.134425
2.868524
-2.540849
4.664127
-1.917256
-0.506943
-0.615890
-0.512780
-4.683343
4.558723
1.849183
-10.104288
-2.133449
-2.163412
2.589613
3.029830
-0.392849
0.051637
4.436095
3.489773
2.289485
0.487605
-2.253724
-0.746789
2.932497
-0.981811
6.906689
2.626915
-8.587438
0.251671
-5.575702
5.682813
0.071259
-2.667359
-4.803365
0.475708
1.745995
4.795936
3.447327
4.953715
-4.805773
-0.938308
-3.448786
-4.925229
-2.686724
-4.047993
6.772401
0.002520
0.023303
-3.687289
4.236739
0.040018
1.186780
-0.160231
-3.307929
3.926546
2.180812
5.416625
2.499775
2.836058
-1.010398
1.640410
-0.114782
3.203974
14.410127
2.345918
3.584377
-0.217288
1.237920
-0.744260
-2.061994
2.524014
-3.210208
0.098298
0.403970
2.813262
-5.288276
-0.758861
0.398923
-2.064323
2.130956
-2.250425
0.522869
1.960549
0.348553
0.698389
-1.380586
-2.944240
-6.675813
1.443311
-6.019705
3.684012
-2.715060
0.779288
0.677912
-1.277479
-8.720436
5.436411
4.513533
-0.673547
-2.646263
-3.179690
-1.788754
-2.687303
2.245552
-1.721416
0.976484
1.485797
-1.240354
4.166069
0.922844
1.571910
0.496766
3.989527
-4.530285
-0.122335
-1.502897
-5.456807
-2.394550
-0.674273
4.971597
3.307136
4.122354
-4.727489
-1.387198
-2.525058
1.528330
-2.000170
3.025985
1.006008
1.892505
6.229395
-4.863278
1.739191
1.643622
-2.566118
0.711700
3.246440
5.131570
-2.364170
0.479521
-3.232027
-1.791075
-2.389762
3.225091
1.357823
1.728549
-3.919570
-2.166951
2.327144
-1.210827
1.588951
-0.733471
-2.233370
-4.936635
-0.707992
0.373583
0.478470
-7.335136
1.390470
-0.713612
1.126382
-5.856454
-2.893223
0.814188
3.195280
-3.471766
-3.551263
2.029392
0.426001
-6.692407
-1.674880
1.562944
-1.391774
-1.254881
-0.055312
-0.562560
-3.080759
-8.198700
4.790071
5.268141
4.606208
-0.877480
1.876194
0.867945
5.713105
2.310989
-1.051429
-4.614948
-5.947165
-7.930676
-3.083955
-6.886658
-1.520754
2.377504
0.924081
-4.293992
9.162413
2.763174
-9.187848
-0.203420
-2.653617
-2.154882
2.602353
2.967925
-1.658891
0.982769
4.018274
1.887043
0.145140
5.470848
-2.461720
1.046636
-2.382134
2.501835
0.540904
4.510968
0.429042
-2.625493
-1.797919
3.865241
-3.350218
0.002773
1.348395
3.021164
-3.397937
4.472754
-4.661073
-2.400914
-2.992768
5.937223
-4.387486
0.045697
-2.241614
-1.886693
-3.777362
-4.103057
-1.130272
-1.109674
1.127952
-1.578736
-1.837143
5.004733
-2.237157
-0.374104
-1.651078
5.320675
0.083191
-6.960947
3.103561
-1.511436
5.584869
-0.933816
1.292699
-0.442402
3.787824
1.885562
-1.086868
-5.852850
1.801407
1.499950
0.203705
2.738251
-0.383908
-3.349563
1.883509
0.362983
2.701895
0.564117
-2.809376
-1.137092
4.673065
3.387110
2.031513
1.227926
-0.232803
-0.717752
2.198513
6.672326
-1.155149
1.307426
1.458797
1.871920
4.736537
1.471670
3.078735
3.012147
-0.286796
-3.996782
-0.850563
-3.788365
-2.649285
3.748747
5.187425
-1.428745
1.461181
4.708571
-2.010521
7.340518
2.141254
-5.868361
-2.400892
-4.728123
1.160722
-4.252539
-1.442163
-8.575828
-4.645342
-1.671993
0.964393
-4.856583
3.176268
5.043377
-1.854776
-5.836968
2.462074
-5.024793
-9.658446
2.439045
4.770665
-6.046019
-0.842092
2.135844
-0.914214
5.400528
-0.129406
-2.743884
4.262654
-0.968158
2.481974
-3.614823
2.170116
2.144469
0.370988
-0.871284
3.308468
2.139557
-6.012876
4.139095
-1.019186
1.406919
-3.353453
0.128476
-0.947457
-0.701804
2.439475
-0.709694
-0.470658
2.121504
-1.737440
-9.835203
-0.962872
-3.561677
-3.814734
-6.004422
-0.983675
-2.375065
4.651521
0.617094
4.121500
-4.607053
1.146671
-0.293676
1.428493
-5.889730
1.292099
0.457266
0.438070
-1.978815
3.074572
3.490916
2.305233
-1.355620
2.007415
2.247756
1.173636
1.005914
0.660432
-0.165500
0.004337
-0.386520
0.124448
-2.984301
-5.732373
-4.667266
-2.275304
2.397929
4.522879
-1.505049
1.318872
-0.617393
-1.867023
-2.702425
-0.379270
2.821014
-0.390062
4.433055
-3.588810
-4.934901
1.908857
-0.038787
-1.881510
-1.192632
-1.668520
0.366375
-0.573708
-0.478754
7.821953
-2.834674
-1.232871
3.524734
-1.885616
1.007570
-2.583427
-1.967353
4.921503
0.476411
3.317429
-0.058459
0.320699
-1.457758
-2.573544
-1.029208
1.747426
9.563802
-0.208516
2.309433
-1.177138
-1.859330
-0.188349
-2.413714
-0.602178
-0.663345
-1.518174
2.195981
4.522603
-2.845225
3.336798
3.128291
2.767293
4.320167
5.255259
-2.867492
-6.453006
2.404297
2.100130
-1.196281
-3.583018
-2.223675
4.061581
-3.763658
-3.443830
3.342608
2.119777
-8.253544
0.748614
1.756626
-0.904342
2.040435
3.424521
5.091281
2.031548
5.799498
2.978975
-3.511423
4.999680
-0.042759
-6.631726
2.884425
-1.353212
-1.250594
-2.259405
-4.923499
-2.051098
2.068064
-0.783851
-4.428132
3.951447
1.756560
2.617059
-3.334856
-7.343003
7.579406
-0.798052
-3.429056
3.252599
4.361606
2.771756
-0.465402
-3.419087
4.171967
-4.046195
-4.867233
2.779644
-0.971087
-7.722134
0.226702
-0.159929
0.273382
-1.027776
11.333145
-0.797748
2.252152
4.304836
-1.664553
-1.036963
1.916513
-3.583932
-1.894666
2.940841
-4.033995
-3.231323
-2.855198
-1.313264
5.741635
6.247584
2.416951
-2.661822
-1.107057
-0.126337
0.914325
2.143768
-3.204987
0.162111
4.414552
-0.445998
2.595547
2.667154
-2.388740
-5.048693
2.074004
2.003276
-1.556884
-1.002817
-5.228404
