0.022594
-0.069247
-0.259151
-0.088351
0.169668
0.000473
-0.088237
0.616728
-0.236527
0.214986
-0.233760
-0.353497
0.300928
-0.309959
0.299156
0.401118
0.265932
0.277703
-0.355822
0.501458
0.066281
-0.405884
-0.094918
0.025856
-0.193855
0.080270
0.708425
-0.072761
-0.149452
0.208528
0.731202
0.056952
-0.358172
-0.154664
-0.605104
-0.097034
-0.102051
0.350818
0.481961
0.239821
-0.268784
-0.133724
0.039953
-0.194882
-0.465019
0.053305
-0.222497
0.214895
-0.112618
0.469508
-0.228211
-0.058602
-0.038688
0.009990
0.024154
0.402330
0.154962
0.378581
0.024086
-0.396712
0.385637
-0.363785
-0.292876
-0.883594
0.312194
0.222851
0.215256
0.055614
0.288197
-0.278434
-0.078538
-0.599857
0.108523
-0.398567
0.218348
0.215354
-0.058977
0.231110
-0.128042
-0.450854
-0.217526
-0.459882
-0.522650
0.524473
0.451879
-0.193405
0.327149
0.416645
-0.128824
0.219419
-0.574847
0.484451
0.445695
0.339361
-0.419953
0.539176
-0.534424
-0.115957
-0.032663
0.069442
-0.291893
0.131896
0.167441
-0.179798
-0.171724
0.191392
-0.254357
0.389351
-0.250378
0.455405
-0.096223
0.030303
-0.040626
-0.363335
0.198316
0.041196
0.428072
-0.080857
0.338199
-0.030904
0.200025
0.345439
0.021591
0.068211
0.314383
-0.227664
0.037115
-0.016464
-0.104783
0.218688
-0.252152
-0.032538
0.275192
0.057331
-0.341052
-0.465439
-0.134734
0.180441
0.049821
-0.021695
0.773241
-0.519216
0.429264
-0.250585
0.298864
0.143695
-0.475503
0.008717
0.466211
0.235644
0.179207
-0.128379
0.516863
0.269847
-0.439506
0.408364
-0.201348
-0.458548
0.214117
-0.182093
-0.536059
0.023117
-0.319002
0.218531
0.267259
0.185215
-0.195263
0.175660
-0.011557
0.103579
0.308459
0.125938
0.068103
-0.182286
0.298193
-0.302925
-0.740037
0.113482
0.085348
0.026362
0.530602
0.565296
-0.330847
-0.201181
-0.006891
0.112600
0.219401
0.358853
0.489926
0.195316
-0.188000
-0.021031
0.301283
-0.211056
-0.220012
-0.054239
-0.013592
-0.610600
0.264145
-0.367012
-0.100017
-0.177780
-0.026647
0.256654
0.674559
0.426268
-0.187390
-0.630257
0.167901
-0.217707
0.109517
-0.199327
0.173206
0.481954
0.441698
-0.506792
0.391349
-0.370959
-0.527234
0.556616
-0.205628
0.396624
0.157658
0.175641
-0.128923
0.650100
0.169462
-0.217966
0.454577
-0.432430
-0.032401
-0.223012
-0.096796
0.353335
-0.479554
0.274018
0.070603
-0.389703
-0.293438
-0.314948
0.467537
0.040597
-0.136732
0.124209
-0.432724
0.329437
-0.662285
-0.208314
-0.252235
0.356648
-0.111385
-0.350867
0.288297
-0.457577
0.227203
-0.124819
0.398011
0.230938
0.141793
-0.200716
0.251483
-0.339990
-0.300586
-0.399849
-0.333640
-0.040503
0.148644
0.272618
0.548023
0.022482
-0.109405
-0.416823
0.178047
-0.362047
-0.500949
0.380186
0.569430
0.514207
0.005608
0.049693
-0.471383
0.181292
0.591792
0.459314
-0.351872
0.268824
-0.303223
-0.608643
0.312699
-0.274172
-0.749495
-0.423533
0.167447
-0.180963
-0.409504
-0.037971
-0.180164
0.010377
-0.302702
0.252937
0.414328
0.299274
-0.217991
0.157176
-0.235167
-0.108944
0.235678
0.386690
0.110044
-0.354233
0.090034
-0.004847
-0.721887
0.060588
-0.158541
-0.501391
0.067277
0.122273
0.472440
0.218756
0.219305
0.111488
-0.197310
-0.437950
0.279217
0.586033
-0.229916
-0.211466
0.121586
0.150439
0.101408
-0.022273
0.006488
-0.008859
-0.027281
-0.031855
-0.388040
-0.131876
-0.036085
-0.146977
0.008115
-0.126439
-0.227019
0.424324
-0.628107
-0.696113
0.453593
0.242404
-0.399358
-0.627241
0.713808
-0.383497
-0.642009
0.406959
-0.143527
-0.128414
0.171295
0.106074
0.278573
0.073387
0.013685
-0.306732
0.178094
-0.449421
-0.518132
-0.755927
0.086490
-0.619587
0.284118
-0.215230
0.112957
-0.314327
0.061155
0.405611
-0.129141
-0.025295
-0.420267
0.180117
0.260942
0.048807
0.092131
-0.236082
0.031201
0.349418
0.003419
0.190171
-0.152706
-0.356099
-0.343577
0.448843
-0.252377
-0.783184
0.401345
0.486818
0.500019
-0.385061
-0.278329
0.215290
0.069427
-0.389937
-0.486838
-0.350084
-0.045072
0.401431
-0.067257
0.044835
0.152058
-0.131077
0.306165
0.583371
-0.520787
0.381779
-0.286709
-0.427112
-0.185081
0.445046
-0.202389
-0.341505
-0.241564
-0.096547
0.297785
0.337596
-0.171735
0.311039
0.737726
-0.249159
0.462947
-0.300750
-0.064483
0.373643
0.182265
0.198780
-0.091366
-0.555339
-0.293281
0.437696
0.313091
-0.064779
0.061233
0.250219
0.609697
0.218072
-0.369242
0.771668
-0.194886
-0.121052
0.321030
-0.372870
0.192429
-0.506022
-0.232059
0.202202
0.041046
-0.382020
-0.252396
-0.205412
-0.469046
0.011763
-0.272591
0.280302
0.544698
-0.173310
-0.232198
0.249059
-0.577723
0.015161
-0.076043
0.033137
0.170894
0.536268
0.144030
-0.443934
0.352544
-0.304675
0.212453
0.022593
0.257853
0.228920
-0.116724
0.030939
0.131008
-0.004486
0.053577
0.147756
0.625730
0.097714
0.257058
-0.274863
-0.019282
-0.071159
-0.550851
-0.574476
0.563050
-0.119516
0.073299
-0.056216
-0.090896
-0.470546
-0.175998
-0.152808
-0.461934
0.491538
0.068955
0.499815
-0.520918
-0.251691
-0.016099
-0.340242
-0.369400
-0.263759
0.126765
-0.557522
0.250020
0.346722
-0.206702
0.109275
0.404439
-0.418009
-0.288956
0.215628
0.238438
0.041055
0.122724
0.077761
0.150040
-0.079994
0.188921
0.672928
-0.572560
-0.414041
-0.426001
-0.161572
0.163031
-0.028850
0.300837
0.308070
-0.414415
-0.408663
-0.118168
-0.284064
-0.461563
-0.078264
-0.020926
0.439573
0.022029
-0.501465
-0.821350
0.111989
0.148115
-0.430262
-0.052797
0.352286
0.200477
0.029004
-0.364710
-0.140009
-0.324306
-0.394848
0.158492
-0.212247
-0.125224
0.293976
0.145606
-0.162068
-0.144368
-0.159478
-0.235283
-0.316988
-0.263154
0.238820
-0.001558
-0.331688
0.261261
-0.256618
-0.512649
-0.304664
-0.068297
-0.272323
0.305737
-0.169099
0.408189
0.485346
-0.168893
0.482148
-0.357976
-0.432185
-0.479011
-0.461626
0.375186
0.268783
0.199808
0.346778
0.196736
0.332259
0.211685
-0.245443
0.049196
-0.158704
0.347061
-0.093062
0.228800
0.169487
-0.293528
0.708888
-0.198704
0.324068
-0.725576
-0.222814
0.027481
-0.429647
0.176144
0.229182
0.249845
-0.218452
-0.216295
-0.472153
-0.030696
0.126121
-0.256422
-0.475910
0.432940
-0.267573
-0.254333
0.167443
-0.143869
-0.108468
0.324136
0.541132
-0.103748
-0.549589
-0.120913
0.113066
0.631812
-0.077953
-0.555949
0.026028
0.192110
-0.041734
0.311006
0.184200
-0.182396
0.056890
-0.023509
0.628576
0.491625
0.251843
0.529786
0.290212
-0.006263
0.412941
0.082513
-0.335728
0.207608
-0.425193
0.026703
0.411564
0.429854
-0.292675
-0.594288
0.054479
0.658843
-0.360832
-0.372395
0.468352
0.056479
0.530456
0.380956
0.339663
0.164833
0.439479
-0.043938
0.477141
0.029938
-0.400526
0.387067
0.113481
0.014313
0.443239
-0.497870
-0.716237
-0.192749
0.222850
-0.031380
-0.145205
0.330413
-0.674113
-0.100784
-0.332949
0.325023
0.029981
-0.221212
0.047520
0.786425
0.005058
-0.333021
0.252409
-0.240175
-0.003185
0.075986
0.514967
-0.024285
0.323530
-0.476635
0.168727
-0.322949
-0.150395
-0.050269
-0.166706
0.191157
-0.492343
0.161721
-0.059225
0.200144
-0.037050
-0.784423
0.007433
0.555891
-0.469384
-0.140235
-0.392859
-0.490333
-0.596734
0.185070
-0.046868
0.379875
0.249662
-0.154607
0.352700
-0.573938
-0.216172
-0.232639
0.003857
0.237996
-0.347362
-0.524148
0.138523
0.153722
-0.589474
-0.656518
-0.050586
-0.096773
-0.492447
-0.356378
0.617041
-0.354870
-0.191314
-0.223828
0.344538
0.583079
-0.692940
-0.556953
0.000566
-0.363672
-0.332146
-0.309724
0.370431
-0.396830
-0.631737
-0.283474
-0.573848
0.520647
0.136654
-0.024990
-0.174125
0.186525
-0.512137
-0.351407
0.502996
0.201473
-0.281477
0.358613
0.690856
0.097217
0.699244
-0.209429
-0.687563
-0.414197
0.009446
-0.500433
-0.205036
-0.046617
-0.008957
0.292127
-0.108619
-0.353317
0.473465
-0.162879
-0.511962
-0.026248
0.616855
-0.127445
-0.452265
-0.157578
0.166687
0.048541
-0.466527
-0.265829
-0.132799
-0.012646
-0.672060
0.127131
0.337591
0.409935
0.000054
0.122146
0.134924
-0.299630
-0.050925
-0.301665
-0.099957
-0.017484
0.560070
0.225681
0.026167
0.334823
0.231494
