-0.186665
-0.051475
-0.134159
0.025935
-0.159429
-0.252212
-0.571823
0.019500
-0.599034
-0.019005
0.090521
0.250762
0.060522
0.454024
-0.239448
-0.124789
0.009911
0.012497
-0.061951
-0.359258
-0.336133
-0.056875
-0.025710
0.157033
-0.618948
-0.407613
0.443588
-0.649046
0.291180
-0.241253
-0.111989
-0.029752
-0.396571
-0.090367
0.141766
0.205095
-0.004405
-0.246645
-0.290847
-0.009728
0.300933
-0.042709
-0.284620
0.392151
0.143480
-0.012032
0.079669
-0.430500
-0.185953
0.311918
-0.073842
-0.218127
0.552075
-0.626842
-0.505905
0.509079
0.187341
0.373901
0.577742
-0.207882
-0.181123
-0.544502
-0.505141
-0.188638
0.008989
0.456577
-0.220300
0.084876
0.341346
-0.334734
-0.236550
0.041247
0.248744
-0.267360
0.116448
-0.032054
-0.324356
0.204124
0.153513
-0.446086
0.358489
-0.574239
-0.571379
0.252230
-0.562240
0.094627
-0.226049
0.471997
-0.618712
-0.129229
-0.036280
0.138344
-0.241671
0.117812
-0.386759
-0.618971
-0.356060
-0.732638
0.550505
0.198692
-0.513177
-0.024551
-0.154687
0.611444
0.017508
0.259903
-0.279240
-0.647742
0.772166
-0.273043
-0.191763
0.464957
0.083187
0.177626
0.034500
0.162191
0.447468
0.299510
-0.328788
-0.018499
0.201943
-0.566942
-0.390076
-0.435223
0.250300
-0.190195
-0.096783
0.120706
0.034533
-0.148671
-0.232376
-0.036524
0.221630
-0.201137
-0.566669
0.736375
-0.520297
0.488387
-0.345510
0.113749
0.099187
-0.707139
0.098080
0.314317
-0.230921
-0.180652
0.413613
0.162832
0.354644
0.094926
-0.175894
-0.475652
0.297016
0.516609
-0.072975
-0.584479
-0.112470
0.295404
-0.302531
-0.380888
-0.291048
0.257542
0.688466
0.075272
0.485014
0.555133
-0.271547
0.454080
0.262749
-0.214064
0.259823
-0.177725
-0.032665
-0.354897
0.424842
-0.375381
0.408970
-0.203842
0.034822
-0.354928
0.067882
-0.064282
-0.330847
-0.049080
-0.388573
0.196610
0.033765
0.662910
-0.033837
-0.532039
-0.348793
0.517663
0.187631
0.027942
0.007069
-0.052041
-0.397293
-0.186768
-0.388332
-0.522402
0.320972
0.159820
-0.634543
0.040004
-0.424928
0.588150
-0.160226
-0.300864
-0.031823
0.314564
-0.274023
0.162941
0.136930
0.356586
0.412243
0.273781
0.077427
0.081662
0.026908
-0.000884
-0.389365
-0.210142
0.453573
0.634392
0.314299
0.320352
0.078756
-0.033847
-0.161449
0.521235
0.135071
-0.357525
0.198376
-0.377182
-0.501247
-0.346976
-0.268755
-0.040339
-0.567331
-0.077267
0.187923
0.030132
0.165752
0.167372
-0.109221
0.197368
-0.185814
0.429394
-0.445781
-0.000623
-0.084736
-0.153435
0.109247
0.070337
-0.529963
-0.045783
0.329355
0.294530
0.099682
0.397421
0.365533
0.178149
0.486410
0.258189
0.517250
0.084123
0.236808
0.531994
0.601468
-0.199787
0.466266
-0.478135
-0.294049
-0.124595
0.357414
-0.283788
-0.045308
0.430562
-0.197898
-0.016798
0.220633
-0.286175
0.071796
-0.155584
-0.114803
-0.011002
-0.155927
0.502040
-0.488148
-0.480859
-0.360396
-0.076227
0.297191
0.531144
0.619962
-0.010303
0.172574
-0.024744
0.233334
0.334357
0.242964
-0.268974
-0.303184
-0.191490
0.415390
0.021409
-0.394679
-0.434284
0.128448
-0.381286
-0.112584
0.037003
0.521107
-0.129392
0.734471
-0.496192
-0.442204
0.251247
-0.432363
0.405323
0.221465
-0.117999
-0.276427
0.012463
0.313795
0.396468
0.251875
0.289891
0.076785
-0.123701
-0.435152
0.593311
0.154390
0.307496
-0.010837
-0.459882
-0.071772
0.282453
-0.421760
-0.205688
0.405062
-0.395710
0.139461
0.095080
-0.042171
-0.440464
0.609215
-0.285105
-0.484006
-0.237944
-0.295800
-0.160323
0.126685
-0.428314
-0.200268
-0.128414
0.283549
0.432754
0.245963
-0.091687
-0.116115
-0.156119
-0.126018
0.106729
-0.149689
-0.045280
0.264152
0.620962
0.143900
0.258382
0.591882
0.188329
0.014067
0.147127
-0.140454
0.214330
-0.078530
-0.304729
0.211389
0.221528
-0.027731
0.528256
-0.249160
-0.114172
-0.535394
-0.521671
0.319860
-0.204896
0.039330
-0.061604
-0.164597
-0.114453
0.083596
-0.317306
-0.510999
-0.217099
-0.153594
0.205125
-0.244617
-0.130244
-0.214219
0.317226
-0.376199
0.315775
-0.185047
0.196880
0.103503
-0.187603
0.013624
0.013039
0.013031
-0.248054
0.332625
0.356119
0.455433
0.150750
-0.020930
-0.197881
-0.418789
-0.422247
0.108878
0.308298
0.359304
0.089023
0.425247
-0.170923
-0.259969
-0.046372
0.183490
-0.505274
-0.096653
-0.303743
-0.425703
0.313354
0.377506
-0.271048
0.036793
-0.146577
0.004250
0.252833
0.201900
0.426282
-0.364248
0.524625
0.250356
0.466034
-0.218529
-0.489147
-0.002611
-0.671320
-0.068913
0.431322
-0.271769
0.174484
-0.236105
-0.171621
-0.494235
0.488945
0.262376
0.073145
0.161678
-0.045398
0.052505
-0.132287
0.276379
0.151779
-0.325168
-0.359884
0.088786
-0.290830
0.235870
-0.081666
0.354401
0.213752
0.249633
-0.153793
-0.125052
0.102807
-0.719185
0.099354
-0.062841
-0.072133
-0.470078
-0.074935
0.030727
0.515783
0.402314
0.202881
-0.501270
-0.064901
-0.531806
0.194599
0.743254
-0.434133
-0.232972
0.709725
0.332910
-0.287628
0.045181
0.037693
0.017421
0.382029
-0.301527
0.530457
-0.232014
-0.373560
-0.563443
0.067071
0.591960
0.283742
-0.450310
-0.204764
0.366245
0.297819
0.467925
0.107484
-0.354439
-0.019787
-0.198699
-0.318420
0.380822
0.334142
-0.400945
-0.074794
-0.373212
0.314243
-0.325130
0.152793
-0.024558
0.035598
-0.496086
-0.526576
0.397410
-0.094759
-0.241316
-0.224925
-0.266628
0.161026
-0.027921
-0.123774
-0.370258
0.117844
0.338636
0.158600
0.614504
-0.101927
-0.021133
-0.349330
0.327322
0.467620
0.316593
0.203166
-0.046819
0.431816
-0.108301
0.291869
-0.159693
-0.080486
0.210072
-0.363275
0.438337
-0.033419
-0.266147
0.331890
0.358753
-0.355073
-0.551015
-0.319916
-0.326927
-0.195238
-0.167712
0.245291
-0.015628
0.153335
0.434888
0.306187
0.121153
-0.313281
-0.382179
0.068812
0.416817
-0.028022
-0.304136
0.068676
0.000788
0.479491
0.192435
-0.143954
0.381326
-0.172104
0.470786
-0.361731
-0.172266
0.355521
-0.467906
-0.858780
-0.116629
0.278720
0.240257
0.200531
-0.277613
-0.459745
0.512787
0.127807
0.319352
-0.519659
-0.220396
-0.297364
0.170259
0.550484
-0.239318
0.353001
-0.177176
0.634878
0.129444
-0.651230
-0.059937
0.127856
0.015117
0.430453
-0.432311
0.016074
0.547807
0.215828
-0.521573
0.061239
0.749175
0.416891
-0.136418
0.202389
0.337702
-0.409555
0.217184
0.244629
-0.298169
0.110990
-0.234287
-0.253175
-0.323428
0.077628
0.160373
0.168814
-0.190983
-0.244943
-0.230171
-0.425828
0.646992
-0.054499
-0.105731
-0.127388
0.226918
-0.041155
-0.215456
-0.171124
-0.013052
0.336842
-0.008326
0.176502
0.267794
0.367120
0.333289
-0.459105
-0.279252
0.483218
0.369322
0.172768
-0.457411
-0.259334
-0.661812
0.409530
-0.164446
-0.337982
0.270736
-0.340288
-0.034788
-0.200698
0.383448
-0.196093
0.253682
0.425589
-0.197548
-0.028275
-0.262022
-0.285480
0.060937
-0.514455
0.292647
-0.320456
0.409654
-0.404413
-0.167515
0.034593
0.736332
0.191174
0.320510
-0.154400
0.254045
-0.077183
-0.168781
0.137881
-0.195330
0.120496
-0.354733
0.439909
0.587399
0.223399
-0.363987
-0.338489
0.196099
0.647789
0.090860
0.225451
0.015527
0.447147
-0.474320
0.109472
0.257079
0.390210
0.150116
0.244463
-0.126490
-0.418024
0.417618
0.353540
-0.291975
-0.123220
0.529046
-0.001182
0.323306
-0.068587
0.143925
0.040555
0.451984
-0.679151
0.303035
0.332879
-0.322196
0.528582
-0.225346
-0.021766
-0.009567
0.310167
-0.076300
-0.496912
0.192302
-0.044091
-0.145550
0.041674
-0.164443
-0.490016
-0.661227
0.290123
-0.685060
0.280341
-0.478877
-0.303226
-0.403633
-0.157395
0.063784
-0.278413
-0.238817
-0.051013
-0.139235
0.149391
0.096966
-0.174744
0.206259
0.549087
0.454200
-0.126007
0.618356
-0.248494
0.129588
0.060758
0.655812
-0.385038
-0.182168
-0.392861
-0.116244
0.187711
0.251259
0.373421
0.480249
0.049547
-0.693354
0.075899
-0.019697
0.266348
-0.037787
0.484451
-0.284081
0.169503
-0.166315
0.115201
-0.623822
-0.521037
0.229201
0.430303
0.600454
-0.136461
-0.205827
-0.046197
-0.265794
-0.596660
-0.202224
0.070804
-0.467042
0.303971
-0.053394
-0.095341
-0.341218
0.622079
0.434511
0.204391
0.434074
-0.260187
