0.110509
-0.377500
-0.072379
-0.093773
-0.065614
-0.403516
0.496537
-0.246421
-0.189192
0.146608
0.301611
-0.234990
0.040111
0.643056
-0.535045
-0.202420
0.302178
-0.213391
-0.185527
-0.523367
-0.221071
-0.145591
-0.286458
-0.238911
-0.862710
-0.191603
0.457284
0.189478
-0.499930
0.535126
-0.092793
-0.347039
-0.130688
0.567320
-0.090071
-0.045393
-0.231109
0.127606
-0.524362
0.051813
0.394965
-0.362924
-0.484884
-0.113450
-0.336847
-0.380352
0.063086
-0.169010
0.229398
0.108715
0.298408
-0.024881
-0.107189
0.101532
0.512269
0.245113
0.122622
-0.177348
0.397975
0.739312
0.031257
0.273269
0.579293
-0.157386
0.236426
-0.269635
-0.133540
-0.022559
0.298095
-0.152003
-0.057525
-0.437367
0.392175
-0.381105
0.470738
-0.321065
-0.347842
-0.037982
-0.121848
-0.346952
-0.102898
-0.042089
-0.359950
-0.283284
0.546724
0.026929
-0.371894
0.473484
0.306547
0.204965
-0.188605
-0.175483
-0.076113
-0.002554
0.427864
0.385062
0.462307
-0.148062
-0.687086
-0.381227
-0.323389
0.298917
0.175002
-0.493351
-0.298398
-0.363756
0.590457
0.017121
-0.354392
0.195837
0.211309
0.486968
-0.304126
-0.185257
0.218605
0.115549
-0.146300
-0.029491
0.224319
-0.211507
-0.356272
0.345439
0.375236
-0.616972
-0.310743
-0.001723
-0.318764
0.258369
0.521501
0.241183
0.534381
0.596454
-0.359191
0.214258
-0.362544
-0.051916
-0.149882
-0.064967
-0.038494
-0.087916
0.290590
-0.256104
0.243437
-0.031973
0.019302
-0.187241
-0.357769
-0.391978
0.509048
-0.501599
-0.225564
0.011995
-0.220708
-0.307902
-0.168841
0.587373
-0.055583
-0.319945
-0.483360
0.264504
-0.107905
0.045161
0.678600
-0.047737
0.437751
0.404516
0.171685
-0.049024
-0.332252
-0.194471
0.094661
0.077445
-0.152401
0.503319
0.104306
0.545761
-0.558778
0.375536
-0.311242
-0.022131
0.078571
-0.069834
0.023637
-0.291384
-0.098888
0.363476
0.183087
0.196204
0.358099
-0.436412
-0.245112
-0.119055
-0.183274
-0.209677
-0.275788
-0.176518
0.553759
-0.690176
-0.512423
-0.350867
0.350320
0.037981
-0.328660
-0.094538
0.484852
0.006862
-0.389105
-0.295896
-0.528329
0.314564
0.202934
-0.101413
-0.172935
-0.185971
0.265289
0.098940
0.123247
-0.279931
0.166631
-0.235147
0.124040
0.021184
0.143112
0.321755
0.200556
0.641136
0.524318
-0.407299
-0.073294
0.508281
-0.059236
0.367221
-0.425772
-0.166007
-0.230892
0.099850
-0.108263
-0.257606
0.158988
-0.336958
0.036782
0.322222
0.087295
-0.020676
-0.418088
0.292016
-0.191647
-0.162264
0.366859
-0.492456
-0.065520
0.012897
-0.680019
0.211262
-0.460185
-0.169299
0.070376
0.506733
-0.560703
0.214990
0.346395
0.013883
-0.378391
-0.290493
-0.203815
0.189769
0.137717
0.622862
0.209361
0.741883
-0.343983
-0.716399
-0.223330
-0.118655
0.338904
-0.123505
0.110905
0.596996
-0.142094
-0.329207
-0.033285
0.143143
0.515001
0.380692
-0.336175
0.399721
0.384519
0.377775
0.405590
0.418303
-0.091920
-0.287335
0.351194
0.299823
0.052828
-0.023990
-0.711072
-0.127460
-0.021171
-0.184785
-0.073807
-0.114575
0.273025
0.257505
0.322160
-0.063061
0.066237
0.111108
0.081583
-0.470888
-0.162377
0.115535
-0.423254
0.065552
-0.393498
0.527839
-0.154430
0.121027
-0.021474
0.266687
0.049292
0.247401
-0.129028
0.011344
-0.291625
-0.122365
0.452784
0.048717
-0.364844
0.636362
0.297615
-0.523008
-0.195478
-0.484656
-0.033362
0.139523
-0.311199
0.413578
-0.068450
0.547783
0.120447
-0.706368
0.207825
0.531099
-0.115934
-0.358392
-0.277565
-0.553312
0.018091
-0.218719
-0.258492
-0.217696
0.043308
-0.119281
0.012052
-0.398585
0.345702
0.444924
0.321778
-0.080469
0.433741
0.256399
0.425728
0.443812
0.238581
-0.700018
0.556897
-0.278488
0.194598
-0.229817
-0.133602
-0.432909
-0.288678
0.291879
-0.161876
0.072974
-0.352611
-0.415415
-0.350236
-0.693907
-0.095836
-0.189256
0.135596
0.139740
-0.065822
-0.327842
-0.179573
-0.267543
0.403659
0.413249
0.464289
-0.168339
0.431155
0.045796
-0.391342
-0.754109
0.291353
-0.453725
0.019769
0.477322
-0.055590
0.151944
0.214782
0.235582
-0.225623
-0.131043
0.222826
-0.028398
0.480529
0.229357
0.420168
-0.223220
0.170588
0.700445
-0.139730
-0.246171
-0.256112
-0.177044
0.271322
-0.270566
0.176029
0.281635
-0.024569
0.320657
0.731336
0.011247
0.585641
-0.370691
-0.176951
-0.466683
0.117791
-0.117088
-0.269904
-0.637841
0.282009
-0.039309
0.368275
0.409782
0.061233
-0.307334
0.300398
0.227939
0.157868
0.657123
-0.107134
0.453019
-0.471173
0.463591
0.230355
-0.220760
-0.285634
0.470795
0.195021
0.166921
0.226294
-0.422505
-0.169651
0.339608
0.049852
0.167519
0.296832
0.048188
-0.544772
0.648563
-0.223514
-0.386057
-0.127804
-0.064088
0.372580
0.016426
-0.089418
-0.262891
0.126922
0.156719
0.615257
0.156184
0.358668
0.412660
-0.196265
-0.404480
-0.426275
0.085253
0.232978
0.067933
0.455031
0.260689
0.227094
0.119168
0.404900
0.056877
0.109583
-0.329478
0.517993
-0.086197
0.384113
0.080837
-0.266711
0.298098
-0.133791
-0.156188
0.043231
0.212405
-0.006621
-0.031051
-0.411482
-0.250355
-0.499405
-0.499362
-0.163551
-0.316954
-0.124778
0.408643
-0.039755
0.055993
-0.312943
-0.390127
0.228878
-0.195544
0.613610
0.575374
0.482763
0.582685
0.200616
-0.175023
0.087012
-0.417021
-0.431425
0.059696
0.467389
-0.747091
0.030842
-0.123137
-0.501495
0.260590
0.360164
-0.293825
0.265805
-0.352381
0.036685
0.040109
-0.334593
0.283196
0.085232
0.490339
-0.088754
-0.591505
0.295017
-0.326429
0.159099
-0.272844
-0.043592
-0.344379
-0.570072
0.655202
-0.566772
0.024668
0.434316
-0.319414
-0.340631
-0.790231
0.220434
0.278642
-0.065296
-0.220309
-0.537928
-0.418849
0.373736
-0.177684
-0.418479
-0.481723
-0.439748
0.256894
-0.149682
-0.091889
-0.403119
-0.267620
0.084678
-0.226085
0.395747
0.433456
0.436153
0.656762
0.214131
-0.245674
-0.036076
0.146466
-0.511260
-0.091082
-0.252781
0.187447
0.485046
0.413715
-0.142537
0.060906
-0.371947
0.370206
0.263237
0.019822
-0.014368
0.516655
-0.232801
0.366230
0.286961
-0.367668
-0.333494
-0.580421
-0.710547
-0.085750
0.751816
0.188025
0.417546
0.278383
0.335854
-0.418521
-0.321493
-0.447134
0.169314
0.047480
0.048401
0.458924
0.302608
-0.165867
-0.450496
-0.048215
-0.521573
0.364242
0.636600
0.148145
0.536149
-0.080387
-0.421809
-0.473265
0.146048
-0.340769
-0.207629
0.291854
-0.110550
0.190708
-0.555163
-0.085480
0.375277
-0.292973
-0.543050
0.362413
-0.126475
0.340745
0.431564
0.258003
0.292983
-0.001506
0.174228
-0.647577
-0.129806
-0.665520
-0.000617
-0.634127
0.476086
0.380875
-0.368559
0.031794
0.225365
-0.411975
-0.597975
0.569062
0.300440
0.334507
-0.640066
0.165453
0.024926
-0.743807
-0.265720
0.018530
-0.139971
0.747888
-0.051551
-0.182830
-0.068037
0.320661
-0.127519
0.001308
-0.152967
0.047368
-0.439736
0.055967
0.059984
0.130750
0.442677
-0.460901
0.264290
0.244022
-0.140794
-0.236161
0.112556
0.196470
-0.037322
-0.043617
0.050756
0.048718
-0.052858
-0.515026
-0.024285
0.136344
0.106576
0.567152
-0.167015
0.085978
0.332212
0.100749
-0.451042
-0.372001
0.130594
-0.560358
0.319421
-0.229058
0.097582
-0.700764
-0.299425
-0.085109
0.510955
-0.556677
-0.329894
-0.694052
-0.409322
-0.132703
-0.406613
-0.536310
0.010385
0.480797
-0.420367
0.377940
-0.249358
-0.152538
0.057541
0.084521
0.645132
0.042793
0.217801
0.224516
-0.593783
-0.260175
-0.292186
0.610952
-0.449807
-0.410601
-0.262972
-0.238224
0.373432
0.478620
0.078401
-0.178567
0.473193
0.315197
-0.039527
0.494936
0.239706
0.321720
0.293985
-0.552240
-0.465503
-0.242363
0.020488
0.421434
-0.246369
-0.601214
-0.315458
-0.493779
-0.202974
0.193634
-0.468872
-0.320174
0.363571
0.001911
-0.251797
-0.097914
0.083393
-0.564388
-0.238307
-0.225376
0.280044
0.089610
-0.225312
-0.107939
0.411072
0.249131
-0.315171
-0.281221
0.049304
0.394462
-0.523585
-0.433511
0.171103
-0.222125
-0.163736
0.220316
-0.229517
0.268793
-0.207281
-0.262789
-0.253608
0.360789
0.297748
-0.508819
-0.165106
-0.233302
-0.385577
-0.141688
-0.643501
0.035389
-0.316293
-0.089014
-0.286383
0.437055
0.402148
0.174654
-0.090402
0.378989
