-1.738276
1.413166
-1.493059
-1.209565
1.322052
0.149858
0.071348
-2.200163
2.156379
0.776657
0.821484
-2.269664
-4.638206
-2.176341
2.839431
-3.150122
0.647504
-2.125498
1.618021
2.163120
-0.669938
2.518841
1.145416
-1.691351
-1.938741
1.340531
3.425953
3.494500
0.836066
2.129609
0.987056
3.112214
-1.831449
-1.656308
1.495977
-0.631409
-4.168638
-1.933201
1.033013
0.721548
-0.734435
0.876667
1.836598
-1.659419
-3.952723
-2.164896
0.632689
-0.200985
-1.760846
-0.484017
1.180244
-0.957359
3.647372
2.411791
-2.342152
-0.872870
-0.490699
-0.635782
-2.821693
-1.735414
-1.971480
1.039296
1.540309
2.161483
1.704739
1.079185
3.543892
-0.280151
-3.920045
1.347289
2.271014
0.084632
2.762843
-0.180530
-0.786872
-2.274536
0.120261
0.486358
1.435202
-1.019995
0.833732
0.289848
-0.982090
-1.426297
0.900371
4.085744
-1.528754
1.098464
-0.552818
-2.646622
-0.541117
1.332944
-1.144954
-2.258897
-0.587807
0.618726
1.046810
2.226572
-0.464285
0.680935
-1.679677
-2.155515
2.457151
-0.063725
-1.803234
-1.575029
1.677098
-0.489570
1.971069
3.555960
-2.948158
-3.133118
-0.417086
0.886495
-3.452837
-1.120980
1.359483
-3.068950
2.315261
-2.035024
-1.785137
-3.793061
-0.177284
1.695730
0.339148
0.192582
-2.171747
-2.492588
-1.883375
-1.562164
1.930205
-0.612084
2.206885
4.913521
-0.793740
-2.421457
-0.334659
-0.821989
-1.383547
2.443043
2.284124
-2.572081
-0.093446
1.948019
-0.537672
1.134470
5.057966
-0.661129
0.139636
-2.094231
-0.698605
-0.175561
-0.970406
3.217495
-4.418583
-1.016011
0.884748
1.954505
1.489448
0.270879
-1.902902
-1.027177
-1.001272
1.789452
-0.699086
4.095995
4.014945
-3.724891
0.719916
4.086933
-0.046355
-0.884517
-1.180633
0.118516
-0.412998
0.459889
0.619125
0.654711
-0.871709
0.526401
-1.444112
0.344738
-0.229426
2.225399
-1.817211
2.272556
-4.032174
3.753831
-2.490845
-0.750900
-1.143303
0.723754
1.591339
0.944717
-1.053406
1.168500
-3.848886
1.368068
-2.428706
-2.548826
0.834122
2.380908
-0.166885
-0.858766
-4.610630
-1.149347
2.819771
3.419346
0.693771
-1.296699
1.552126
-0.688476
-2.376369
-0.179013
-0.833084
-0.652877
1.807209
-0.296612
2.425719
-1.878908
-0.790000
-3.984355
3.510889
-1.431498
-0.526899
-0.287995
-4.833691
0.598557
-2.872466
-1.843411
-3.744484
0.743427
2.284592
0.197062
-0.360869
0.227289
-0.984035
-0.229317
-3.045161
0.968111
-0.683593
0.705104
0.351199
0.605681
-0.305895
2.237554
3.885045
-5.128275
4.335501
0.222836
-1.799806
-0.067007
-1.898450
1.672213
-1.789520
-1.609153
0.456646
1.450549
-2.289663
-2.380309
-2.007689
-1.498192
0.346877
-0.422382
4.941603
-0.952454
-0.362127
1.462121
0.706904
3.254374
-3.203530
0.657584
-2.103455
-1.325998
2.686596
-1.322612
-0.263337
4.037232
-1.456827
0.047112
0.380365
-1.024989
0.076066
0.832030
1.287470
0.454697
2.225090
-1.529725
1.724435
0.281632
-0.396221
-2.620668
1.283230
3.526500
3.362392
0.896316
0.614421
-5.010217
-4.295187
2.093098
-0.234564
-1.380073
1.206992
0.474973
2.923016
-1.451223
-3.179563
-1.428674
-0.264142
-0.784257
5.648222
-3.939119
-3.014409
-0.814324
3.553610
3.029998
0.058275
-5.985441
4.223642
-4.287624
-1.769145
-0.349608
0.263959
-1.233013
1.436737
-0.058245
-0.196184
2.382309
-3.254279
1.704260
-3.049718
-3.372020
-1.487199
-2.197803
0.847087
1.012079
0.101832
-5.334771
-0.004122
-3.247400
-0.613870
-1.341370
-0.087036
0.625890
4.743239
1.607623
-0.042687
0.532041
-0.817081
-2.101071
1.281208
1.871013
-3.267851
-1.816511
-0.748367
2.738502
-0.701482
-3.789518
-2.159184
-0.523381
0.263070
-1.110309
-2.555699
3.062221
0.120113
3.129916
0.603552
0.807274
5.873229
-0.097680
-0.630845
-0.564713
-0.732211
1.103157
-0.450329
3.081952
0.135269
-2.568790
1.591539
-0.185882
2.292077
-0.579195
-0.700157
-1.416212
-1.577920
-0.181527
5.775724
1.964525
2.594885
-0.011638
-0.834637
3.125953
0.385881
3.055194
2.599148
-0.294857
-4.092972
0.024275
2.405544
3.941651
-1.708379
-0.516749
2.178873
-2.005064
1.836852
-2.149011
-0.481287
1.445258
4.069374
1.468468
-2.814518
0.145891
-0.470511
-2.957535
-1.295107
0.688152
1.968144
-2.556005
0.919906
1.765033
-0.126921
-4.659886
0.613510
2.317367
0.346470
-0.274239
1.772715
-1.642542
-1.106395
-0.992321
-2.278226
1.916395
2.164141
-0.808985
-2.813169
2.798024
4.392831
2.036861
0.116133
-3.654381
3.247247
0.610410
-0.696925
0.466599
0.830622
-2.214538
-1.958075
-1.759928
-0.144447
3.355886
-1.851864
1.070421
-1.201744
3.117938
1.592073
-0.686533
0.624880
-0.310180
-2.551817
1.553078
0.654709
-3.608149
-1.977673
0.105902
0.272963
1.541943
-0.730341
1.025207
3.197334
0.184682
1.329122
-2.260460
-0.375673
-0.039148
1.608984
1.272553
-1.932492
1.067164
1.002976
0.202618
0.961520
0.115611
2.332288
-2.020919
1.351353
-2.400735
-1.655541
-2.856586
-2.431514
-2.584713
-1.390530
-1.889691
-0.937377
-1.154909
1.003207
-0.844804
2.907813
2.592590
0.352991
-0.293375
1.372272
-1.312671
-0.272201
0.959750
1.181524
1.527750
-2.336571
0.553695
1.689051
0.694958
0.813101
-1.222667
-3.320666
-1.312388
-0.976709
0.858053
1.904298
0.523657
1.226773
1.278364
-1.608501
0.164270
2.927405
-0.744782
1.124327
2.265145
-0.378127
-0.158154
-1.365863
3.380857
-3.533300
1.503832
1.039563
-1.008340
-0.290822
-1.388671
-2.579032
-3.931353
1.520642
0.898210
1.009972
2.566660
-0.183463
2.176658
-1.164028
2.030900
-0.864111
-2.793788
0.873321
-0.839345
-1.436182
-0.720714
-2.205008
1.180618
0.111341
-2.543740
0.288734
-1.175989
-0.441104
1.380517
1.796484
-4.020374
-1.115467
1.536338
1.552071
-1.763961
-2.178816
-0.106885
-0.658824
-1.191223
-1.253338
-0.476500
1.932622
-1.874793
1.272106
1.529714
1.027195
-0.929821
2.047810
2.195408
-1.411800
1.126161
1.263666
-1.238045
2.406386
1.182753
-1.719615
-1.320386
1.593292
1.026392
-2.046076
-2.309365
-0.566606
2.722784
-1.160377
0.501367
1.227117
-3.801939
-0.326104
1.531876
3.288912
-0.671282
-0.270904
3.087273
-1.498434
0.086577
2.877765
1.202426
2.512709
1.769640
0.443604
3.989159
-1.432422
-2.777757
0.793954
-0.756571
0.195794
3.183266
2.950990
-0.093097
2.725123
4.577562
2.544331
-0.587970
1.216732
1.850169
-1.122929
-3.587527
-0.719169
-0.960349
-1.405437
-2.072785
-2.509266
3.322431
3.116013
2.061773
1.812941
-3.373165
0.133536
-0.366862
-0.136812
-2.240663
-0.302446
-0.391142
-1.065695
0.381900
1.250659
-1.558707
0.907355
-2.472874
0.578845
-1.555042
-1.265931
-0.227679
0.473376
-0.943247
-4.090539
4.506220
0.042724
0.597963
-0.588763
1.292932
0.924068
0.539385
0.034351
-3.562815
0.867431
0.534817
-2.080333
3.806937
0.898797
1.615110
1.203146
-2.943489
1.811815
-1.112978
-1.809860
0.953713
-0.913596
-0.309580
4.018832
1.647830
0.210312
1.127021
0.539987
-1.546236
1.132749
-0.073103
-0.684160
0.504737
-0.681714
-0.272664
0.701316
0.391193
1.392748
2.019110
0.247814
-1.844367
-1.775813
-2.809035
-0.192647
-3.256438
1.867438
0.103020
1.434982
-1.717662
0.302482
-2.306902
0.315470
0.876680
-0.824841
-3.224844
-1.380424
0.668662
0.072785
-0.640324
0.133701
-1.355213
-0.179649
-2.528269
-1.418473
3.945461
0.807597
-0.376015
-0.685323
-1.023783
0.152854
1.290791
-1.653618
-1.841478
0.302724
2.231444
-0.746910
1.764933
2.232219
0.019561
0.480799
-0.594797
-2.008898
0.094282
-2.453325
-1.290324
0.187389
-0.830983
-0.388407
-1.268737
-1.120166
0.086097
-0.005674
-0.380313
1.981600
-1.466538
-2.173279
2.901516
2.753484
0.178961
1.469415
0.171192
0.264220
-0.914026
-1.738695
-1.961540
-1.397607
0.023714
-1.594828
0.835515
-3.280373
-0.086049
3.355896
0.569653
-1.192627
