0.180798
-0.219881
-0.122114
-0.729193
-0.308334
-0.008373
0.496537
0.492653
0.488747
0.240182
0.140136
0.196524
0.138708
-0.479573
-0.487147
0.113695
-0.157410
-0.317502
0.474783
-0.088005
-0.070309
-0.130810
-0.003972
0.395925
-0.029088
-0.364748
-0.122489
-0.387320
-0.049833
0.229675
-0.036785
0.196774
0.459052
-0.162855
-0.069269
0.314013
0.163507
-0.029891
0.060513
0.219770
0.153381
-0.495980
-0.542437
-0.340713
0.173188
-0.083278
-0.050535
0.386469
0.225238
0.422744
0.036192
0.698059
0.575102
0.426836
0.686797
0.516925
-0.413314
-0.018207
0.366192
-0.382254
0.332987
-0.048079
0.010468
-0.453003
-0.115626
-0.475732
0.155996
-0.208912
0.406524
-0.372014
-0.031593
-0.364725
0.260957
-0.232777
0.457686
-0.182294
-0.101440
0.123346
0.285622
-0.356229
-0.254464
0.677695
-0.446163
-0.286722
-0.191283
0.284639
0.370126
0.515298
-0.318390
-0.379731
-0.306998
0.281719
-0.423020
-0.459452
0.205980
-0.044635
0.111294
-0.140350
-0.362037
0.216354
0.614529
0.360537
-0.302287
0.217400
-0.088172
0.191392
-0.424078
0.055575
-0.342257
-0.206228
0.045671
0.143131
0.088594
-0.625476
0.370280
-0.147425
0.260782
-0.147446
-0.131211
0.220110
-0.091052
0.463960
0.440846
-0.530848
0.264064
-0.208091
-0.351356
0.340052
0.607821
0.400785
0.422938
0.311107
0.695353
0.249508
0.313346
-0.354617
-0.221083
-0.203582
-0.038494
0.620102
0.015532
-0.057665
0.152319
-0.009459
-0.285542
0.090359
-0.389172
-0.404074
-0.551636
0.341056
-0.314915
-0.546210
0.151401
-0.388647
0.165653
0.115188
0.073321
0.145954
-0.078435
-0.305196
-0.151196
-0.127955
0.345903
-0.085389
0.216404
-0.561204
-0.116994
0.180548
-0.210014
0.277820
0.482370
-0.417164
0.152989
-0.295149
0.202613
-0.186630
-0.598035
0.371736
-0.299400
-0.099301
0.102713
-0.081450
-0.118835
-0.291384
0.178953
-0.252281
0.521294
-0.256458
-0.208062
0.158772
0.441382
0.492627
-0.084435
0.146953
-0.340170
-0.371212
-0.224218
0.153199
0.033274
0.355394
0.204116
0.312932
-0.361131
-0.111244
-0.351250
0.303729
-0.038799
-0.396385
-0.528329
-0.403088
0.439734
-0.627277
0.036110
-0.222693
-0.618722
0.474107
0.072607
-0.267075
0.416702
-0.197455
0.125724
-0.089067
0.763150
0.037091
0.264110
0.231468
0.565179
-0.324925
0.382929
0.079814
-0.135609
0.127513
0.082474
0.096334
-0.513699
0.333034
0.219197
-0.506257
0.172619
-0.453648
0.019341
0.042315
-0.327121
0.100570
0.714715
-0.320763
-0.109665
0.329512
0.362195
0.196145
-0.166287
0.067463
0.035395
0.211262
0.082829
-0.541325
-0.009559
0.320408
0.544665
0.550739
0.399032
-0.701306
-0.370763
-0.564546
-0.045991
0.168607
0.112869
0.669799
0.196167
-0.089815
-0.453359
0.527843
0.029282
-0.163380
0.147872
0.156151
0.112443
-0.014061
0.600727
-0.337691
-0.068949
-0.397300
-0.029312
0.347536
-0.268150
-0.055567
0.373461
-0.332941
-0.493080
-0.450428
-0.411978
-0.326875
-0.351299
-0.738954
0.134500
0.018478
0.352476
-0.595161
-0.501607
0.270246
-0.009250
-0.114575
0.438393
-0.510718
-0.063307
-0.264394
0.095055
0.407437
0.670173
-0.669972
-0.398155
0.591992
-0.196618
-0.069554
0.384674
0.424617
-0.599386
0.094022
-0.413584
0.228126
0.029362
0.162837
0.060494
-0.055998
-0.121367
0.121938
-0.198849
-0.485675
-0.398185
-0.016236
0.030414
-0.073214
0.557758
-0.493515
-0.084229
0.403357
0.451534
-0.140469
-0.416272
0.055641
0.036405
0.395255
0.006730
0.431250
-0.433847
0.312120
-0.217079
0.046540
-0.372277
-0.423726
-0.365615
-0.257368
0.123245
-0.408609
0.304299
0.650167
-0.587062
-0.238396
0.340829
0.006087
0.298439
0.139954
0.222053
0.500778
0.381575
-0.078705
-0.117811
0.090505
0.178642
-0.079841
0.365016
-0.332881
-0.357093
-0.420677
-0.328540
0.031472
0.016518
-0.321699
0.393733
0.208978
-0.025298
-0.248916
0.239365
-0.062754
-0.282044
0.265474
0.179023
-0.349243
0.166582
0.115525
0.234768
-0.245800
0.331833
-0.751920
0.128788
-0.044768
0.498957
-0.526048
-0.423498
-0.353968
-0.063418
-0.355882
0.271840
0.318451
-0.604533
-0.038421
0.495659
-0.181832
0.106396
0.290731
0.139207
-0.140227
-0.025763
0.700445
0.231978
-0.269762
-0.311245
-0.040198
-0.338074
-0.059255
-0.133976
0.357297
0.009921
0.413873
0.060139
-0.086274
-0.195482
-0.085747
-0.215249
-0.520000
0.141819
0.467388
-0.671343
-0.376020
-0.015401
-0.080445
0.019887
0.450310
-0.759703
-0.115133
0.190037
0.599280
0.350211
0.544048
-0.309307
0.478004
0.433897
-0.451568
-0.258969
0.092936
-0.289807
0.167070
-0.319947
0.237442
-0.243715
-0.072555
0.109193
0.101741
-0.254094
0.224134
0.377539
-0.598189
0.097577
0.517558
-0.576452
0.515269
-0.275567
-0.321315
0.315304
-0.341124
-0.265637
-0.357364
0.198196
0.462357
0.188504
0.268842
0.236125
0.351995
-0.146201
-0.379049
0.320615
-0.346599
-0.038030
-0.204804
-0.158515
0.263754
0.619337
-0.046692
0.016769
-0.453156
-0.222878
-0.008516
-0.014175
0.293437
0.081806
-0.152401
-0.266849
-0.514229
-0.165187
0.406128
-0.689992
-0.348624
-0.288881
0.031264
-0.115349
-0.258347
-0.513263
-0.590168
0.372957
-0.080396
-0.270474
0.101616
-0.668880
0.395301
-0.236883
-0.039363
0.111827
-0.066721
-0.517117
0.424891
0.523157
-0.353624
-0.448123
-0.061319
0.488718
0.176029
-0.656570
0.112700
-0.180691
0.097096
0.203618
0.458318
0.081151
-0.232386
-0.577524
0.247239
-0.344242
0.418646
0.119405
-0.224172
-0.455959
-0.333644
0.280322
0.256557
-0.106740
-0.223887
0.390478
0.132669
0.323193
-0.592963
-0.034437
0.101886
-0.471165
-0.133129
-0.056910
-0.112949
-0.206277
0.162244
-0.347666
-0.790231
0.528359
-0.038135
0.076121
-0.291436
-0.364335
-0.423916
0.317512
0.007533
-0.635434
0.364129
-0.328240
0.416723
0.103721
-0.062338
0.442402
0.423405
0.003369
0.725532
-0.539518
-0.049866
0.300808
-0.522130
-0.231338
-0.096575
0.445364
0.461988
-0.331854
0.525879
0.576105
-0.068323
-0.016304
-0.059406
-0.389183
-0.217526
-0.354042
-0.189291
-0.053648
-0.180466
-0.094410
-0.201281
0.337558
0.366230
0.101252
0.069335
-0.088823
-0.406193
-0.162441
0.008800
0.541020
0.164772
0.843306
0.191256
0.156033
0.904057
-0.361981
-0.572538
-0.186886
0.156771
-0.318211
0.223777
0.313820
-0.372996
0.032424
0.183715
0.256404
0.139581
0.636600
0.053037
0.334633
-0.245347
-0.025050
0.316157
-0.556416
0.350898
-0.268860
-0.136127
-0.028320
0.080769
0.360454
-0.014885
0.375277
0.293269
0.696099
-0.215264
0.156921
0.454109
-0.075013
0.355401
0.413472
-0.467899
0.179016
-0.069070
-0.275960
0.211666
-0.059951
0.190325
0.380102
0.320544
-0.188779
-0.005715
-0.503291
-0.005749
-0.319845
-0.169951
0.383773
-0.344671
-0.266746
0.061124
0.024926
-0.868465
0.616668
0.275129
-0.050998
-0.551199
-0.194177
0.535525
-0.159614
-0.607761
-0.236517
0.279633
-0.297987
0.003288
-0.654370
-0.452123
0.419652
-0.619170
-0.078882
0.021487
0.227508
0.331654
-0.250711
-0.140908
-0.370497
-0.143421
-0.055352
0.546787
-0.177072
-0.293397
-0.059283
0.162714
-0.191468
-0.073205
0.091446
0.373388
-0.267661
0.052563
0.419490
-0.438136
-0.381176
-0.536482
0.103572
-0.720247
0.417713
0.383542
0.371232
-0.664529
0.369452
-0.420659
0.252478
0.340181
0.096656
0.482353
-0.050630
0.145542
0.105103
-0.255727
0.178501
-0.405352
-0.093525
0.525155
0.146229
0.164990
0.281654
0.510750
-0.455061
-0.459556
0.214990
0.157311
0.129831
-0.390017
0.015577
0.385559
-0.412988
-0.424095
-0.260135
0.578024
-0.035021
0.198223
0.463329
-0.597378
0.276837
-0.346801
-0.026085
0.415438
-0.154152
0.013314
-0.289492
0.163035
-0.222618
0.197803
0.274218
0.027169
-0.218446
0.157997
-0.367075
0.152979
-0.238449
0.250155
0.569984
-0.346638
-0.005221
-0.526094
-0.214189
-0.202875
0.083393
-0.385873
0.242411
-0.112474
-0.518418
-0.183078
0.863201
0.336514
0.095279
0.338951
-0.107730
-0.427302
-0.512864
0.122624
-0.157952
-0.332689
-0.078787
0.262575
-0.096130
0.203992
-0.496180
0.442554
-0.010328
-0.006295
-0.342170
0.021625
0.270450
0.336900
-0.357524
0.404141
0.286533
0.323949
0.533335
0.444559
0.122355
-0.249397
-0.117159
0.501318
0.511685
-0.446598
-0.047495
0.311807
