-0.104501
-0.095456
-0.029333
-0.010521
0.360086
-0.289654
-0.095616
0.037754
-0.262331
0.400010
-0.115073
-0.480835
0.081414
-0.214298
-0.001599
0.072613
-0.099877
-0.399051
-0.238411
-0.077276
0.354123
0.032165
-0.415025
0.245313
0.065716
-0.147741
-0.416857
0.247271
-0.121255
0.358894
0.315802
-0.590523
-0.430110
-0.281326
-0.100487
0.186746
0.280649
0.424984
0.244043
0.477380
-0.617694
-0.059606
0.277699
0.123692
0.004966
-0.459221
0.141162
-0.212196
0.049456
-0.076464
-0.198080
-0.258855
-0.280132
-0.334983
-0.104399
-0.264030
0.274827
-0.191633
-0.027697
0.311820
-0.536119
0.441165
0.231000
-0.586240
-0.316841
0.226294
-0.566884
-0.082472
-0.350649
-0.225214
-0.329521
-0.434988
-0.236221
0.375212
-0.006339
0.008747
-0.065206
0.207288
-0.379583
-0.523550
0.171043
-0.310285
-0.552049
0.239472
-0.154870
-0.024817
0.388182
0.837205
-0.070895
0.045139
-0.106497
-0.695673
0.291388
-0.220405
-0.016293
-0.626779
-0.207496
0.553394
-0.236978
0.368835
-0.435134
0.261553
-0.098589
-0.034811
-0.178741
-0.199984
-0.224015
0.246336
0.131629
-0.434018
-0.140775
0.160930
0.273277
-0.208552
0.106868
0.019679
0.065715
-0.192844
-0.111521
0.366127
-0.641626
0.696512
0.332920
-0.428996
0.146810
-0.319307
-0.048765
-0.539515
-0.003804
0.355936
-0.220268
0.540408
0.175056
0.249762
0.746569
-0.385511
-0.618181
-0.374723
-0.162101
0.618357
-0.479648
-0.142097
0.439335
-0.025206
-0.127839
0.413062
-0.045877
0.279587
0.454256
-0.616657
-0.122829
-0.195658
0.266917
-0.032022
0.404010
-0.241924
-0.465579
-0.304918
-0.104216
-0.277503
-0.435627
0.295581
-0.179312
-0.437638
0.341354
-0.327991
-0.162652
0.210777
-0.264211
0.320150
0.251427
-0.226686
0.030063
-0.320877
0.283810
-0.006483
0.065779
-0.357504
-0.184108
-0.325366
-0.206676
-0.083045
-0.209948
0.429529
-0.166641
0.152297
0.091353
-0.543221
0.038787
-0.163599
0.042140
0.423784
-0.184105
-0.139599
0.381792
-0.014262
0.293918
-0.071319
-0.468418
0.481116
0.008100
-0.098357
0.271305
0.403163
0.232927
-0.437377
-0.273282
-0.423034
-0.212371
-0.056119
0.406730
0.518968
0.059932
-0.409491
0.574664
0.243488
0.110690
0.225874
0.109182
0.439303
-0.526066
0.203950
-0.580796
-0.150052
-0.412200
0.386510
-0.442293
-0.350513
-0.292419
0.563217
-0.070444
0.506554
0.005019
0.347165
-0.626658
-0.565918
-0.105485
0.042755
-0.191471
0.321493
-0.398237
0.113020
-0.575066
-0.218001
0.116302
0.034403
0.078030
-0.162527
0.643460
0.313545
0.032360
0.234299
0.454281
0.067504
0.331034
-0.205657
-0.094763
0.506489
-0.123279
0.405295
0.371578
-0.307567
-0.300586
-0.441080
-0.046227
-0.009731
-0.532802
0.066134
0.330829
0.531600
0.309854
0.688435
0.029282
0.173539
-0.439069
-0.034457
0.195347
0.333748
0.470205
-0.024498
0.082012
0.480847
-0.470865
0.228571
0.485984
0.167153
-0.774231
0.124218
0.401348
-0.435758
0.278017
-0.377476
0.200312
0.330870
0.385633
0.046514
0.137976
-0.467527
0.570981
0.102843
0.304042
-0.476954
0.440164
0.551321
-0.177377
-0.246935
-0.197031
-0.462231
-0.305798
0.385544
-0.047300
-0.033147
0.232790
0.027656
0.221145
-0.534978
-0.431403
0.078923
-0.344273
-0.353329
-0.553703
-0.040549
0.638461
-0.295675
0.363907
0.407941
-0.543717
-0.282527
0.103108
-0.454171
0.203522
-0.180833
0.050127
0.051154
-0.044646
0.412531
0.434349
0.200058
0.321009
0.229377
0.091027
-0.077344
-0.518488
-0.273634
0.492387
-0.297473
0.547209
-0.210908
-0.520586
-0.615848
0.221456
-0.089386
0.561766
0.321457
-0.094269
0.378441
0.200519
0.163961
0.226081
0.217364
-0.124205
0.592168
-0.206359
0.121344
0.318222
-0.172116
0.156671
0.076263
0.375811
-0.094708
0.352212
0.343232
0.390987
0.443489
0.372132
-0.084652
-0.123472
0.046786
-0.159124
0.053514
-0.018828
-0.384249
-0.270857
-0.190984
-0.053647
-0.313187
-0.016491
-0.265835
-0.005044
-0.185358
0.368649
-0.290958
0.271287
-0.690051
-0.439022
-0.077944
0.097877
0.353674
0.338570
-0.586866
-0.032776
-0.509332
0.130115
-0.003996
0.502828
0.103388
0.103503
-0.204402
-0.420357
0.498348
-0.369916
0.092317
-0.381833
0.114385
0.347065
-0.145830
-0.250894
0.270110
0.332475
-0.123062
-0.178353
0.598827
0.100418
0.268447
-0.063030
-0.067779
0.451983
0.284570
0.687500
0.118915
0.316247
0.054009
-0.186267
-0.567945
-0.247979
-0.047305
0.006006
-0.205778
0.039489
0.305052
0.157810
0.152070
-0.371696
-0.289415
0.142486
-0.136718
0.018038
0.058563
-0.515030
0.357394
0.562571
-0.340604
0.121957
-0.011095
0.006403
0.191149
0.164659
0.144459
-0.653149
0.186310
0.569637
-0.331090
0.228467
0.610435
0.315217
-0.115337
-0.404829
-0.076626
-0.484690
-0.517202
-0.211342
-0.255844
-0.044377
0.305414
-0.036267
0.368582
-0.690226
0.161623
-0.479594
-0.227555
-0.372743
-0.128170
0.095824
0.055863
-0.257043
-0.061417
0.028257
-0.135106
0.398630
-0.427303
0.134238
-0.322680
-0.071017
0.435370
0.180056
-0.299345
0.115393
-0.468172
-0.272566
0.585765
-0.278736
-0.059053
0.114621
-0.311382
-0.199226
-0.656116
-0.078189
-0.324122
-0.426583
0.454796
-0.023583
0.158324
0.132981
0.112271
0.714309
-0.375777
-0.587189
-0.285075
-0.331698
0.112968
0.329555
0.140122
-0.108924
0.420323
-0.322620
0.208384
0.260489
0.394954
0.563760
0.081866
-0.207194
0.190832
-0.393573
0.451736
0.181116
0.023985
0.444934
0.158200
0.049731
0.405483
-0.047040
-0.479779
-0.528798
-0.508637
-0.145936
0.162820
0.481409
-0.287644
0.026792
0.239677
0.177695
-0.278535
-0.259329
0.376387
-0.444143
0.042545
0.049979
0.134466
0.430861
-0.306070
-0.064801
0.409784
0.283568
0.438028
0.400511
0.134706
0.125055
-0.018255
0.122612
0.150081
-0.285634
0.352650
-0.005807
-0.144460
0.324635
-0.290724
-0.057701
0.377245
0.625996
-0.549271
0.046315
-0.090960
-0.470705
-0.301227
-0.552876
0.295962
-0.134183
-0.458580
0.106725
0.438588
-0.141127
0.248215
-0.325633
-0.417929
-0.187117
-0.022284
-0.084584
0.438890
0.317822
0.180049
-0.109124
0.448751
0.461495
0.240884
-0.558922
0.387237
0.378067
0.388011
0.087592
-0.488465
-0.439471
0.109820
-0.005821
0.826541
0.166114
0.483710
-0.136736
0.159430
-0.658966
-0.150998
0.188651
-0.079484
0.308668
0.084938
-0.399723
-0.196745
0.474522
0.011630
0.272229
-0.155613
-0.357978
0.043840
-0.086563
0.506080
0.107604
0.329936
0.406042
0.189233
-0.119734
-0.193978
0.467508
0.077346
-0.138081
-0.396326
0.100720
-0.189211
0.139748
0.120437
0.239480
-0.393983
0.145371
-0.000787
-0.283678
-0.578879
-0.183072
0.189371
-0.112705
-0.185448
-0.211035
0.548263
-0.155516
0.364769
0.209995
-0.124569
0.025407
0.038613
0.580374
0.448480
-0.064256
-0.419448
0.581978
-0.162644
-0.186704
-0.411721
0.010851
-0.496020
-0.060433
-0.018400
0.077232
-0.091937
-0.375449
0.041377
-0.646626
0.282938
0.441691
-0.204435
0.241100
0.582848
-0.113843
0.183044
-0.127157
0.085141
-0.315216
0.169600
-0.063549
-0.062516
-0.313259
-0.087331
-0.544019
-0.467725
-0.414272
-0.437518
-0.218050
0.733360
-0.665711
0.138720
0.271484
-0.576627
-0.158571
0.411706
0.644864
0.244939
0.464003
0.429560
-0.668085
-0.641091
-0.455184
-0.316769
0.359233
-0.046910
0.083346
0.465978
0.282749
0.290581
-0.478604
0.202547
0.188653
-0.331642
-0.102736
-0.501794
-0.407020
-0.414096
0.400520
-0.182776
0.042469
0.229676
0.262539
-0.163046
-0.248077
-0.312503
-0.429554
-0.031243
-0.568975
0.013547
0.206009
-0.150659
-0.210705
-0.026719
0.205845
0.372887
-0.463874
-0.115869
-0.116546
0.397633
0.174188
-0.180802
0.191418
-0.243551
0.605977
-0.248706
0.016929
-0.158268
-0.150531
-0.398102
-0.187682
-0.219600
0.017141
0.489377
-0.046987
-0.274044
0.398399
-0.276576
-0.020093
-0.513697
-0.275178
-0.011513
0.503432
-0.457488
-0.250248
-0.232343
-0.319764
0.292268
-0.110971
0.310861
-0.418423
-0.049418
-0.113916
0.473786
-0.028295
-0.344156
0.178965
0.400160
-0.221570
-0.097320
0.105426
-0.544397
0.424192
0.148514
0.006189
0.190208
0.336786
-0.120999
0.508340
-0.172641
0.396016
0.456053
-0.621727
-0.005166
-0.159178
-0.478201
0.348211
-0.234634
0.607218
-0.014792
0.050087
0.223830
