0.019983
-0.477925
0.030449
-0.104584
0.175506
0.015447
0.057602
0.288412
-0.172205
0.146608
-0.072130
0.086959
-0.186530
0.133251
-0.489410
0.033215
-0.155771
0.542944
0.200865
0.007095
-0.661810
0.274352
-0.308081
0.787043
0.143742
0.205901
-0.004721
-0.320388
-0.026862
0.167150
0.234055
-0.172748
-0.348278
-0.220645
-0.568380
0.572686
-0.138967
-0.508663
-0.206609
0.185595
0.334491
0.158655
-0.263881
-0.428329
-0.571534
0.372186
0.383761
-0.698761
-0.073349
-0.057327
0.000297
0.374563
0.099276
0.189727
0.157742
-0.375310
-0.262268
-0.355665
-0.033652
-0.416416
-0.262254
-0.291964
0.231000
0.463648
-0.551026
0.393737
-0.543015
-0.397335
0.314996
0.550957
0.620901
0.382529
0.224910
-0.336765
0.610137
-0.260639
-0.395321
-0.063765
0.067332
-0.612503
-0.056428
-0.200801
-0.381868
0.293978
0.104955
-0.316880
0.077537
-0.069756
0.296762
0.079240
0.283967
0.297926
0.416048
0.041611
-0.112192
-0.090647
0.334960
-0.037580
0.187156
-0.192632
-0.165041
-0.196554
0.010237
0.079197
0.066359
0.056791
-0.014129
0.540052
-0.082661
0.525192
-0.225088
0.275422
0.399028
0.317993
-0.654104
0.131015
0.010096
-0.264901
0.010308
0.200622
-0.398390
0.575458
0.026942
0.067041
-0.011681
0.520364
-0.185500
0.341022
0.044993
0.621526
0.166495
-0.238949
-0.112347
-0.058886
-0.657879
-0.577100
0.199163
-0.210644
0.041056
-0.349601
0.623653
0.369191
-0.630571
-0.105358
-0.051700
0.186947
-0.430773
-0.583599
0.295064
-0.602021
-0.218803
-0.414655
-0.132632
0.109936
-0.440286
0.543156
-0.164330
-0.190384
0.362524
0.371290
0.243501
-0.055585
0.544074
-0.184677
-0.116795
-0.533543
0.380392
-0.341938
0.248362
-0.442540
-0.053854
-0.581517
-0.208162
0.613011
0.069755
-0.321452
-0.824801
0.304476
-0.016058
-0.036941
-0.129474
-0.593372
-0.510494
0.268727
0.304133
0.205969
-0.237061
0.322451
-0.336225
0.102222
0.432886
0.308851
0.025891
-0.432819
-0.371249
0.020899
0.194032
0.245484
-0.253736
0.385576
0.570396
0.258772
0.498611
-0.247765
0.180325
-0.025312
0.264387
-0.146214
0.314919
-0.291896
0.181120
0.322133
0.110853
-0.089148
0.418433
-0.216280
-0.236585
-0.289918
0.367688
0.208976
0.356643
0.169810
0.348887
0.166058
-0.432083
0.016688
-0.109847
-0.428839
0.036082
-0.276077
-0.313990
0.131760
0.248221
-0.320706
0.519927
0.200607
0.332938
0.371146
-0.612498
-0.014289
-0.513054
-0.100602
0.331149
0.375270
0.494499
-0.175982
-0.214254
0.429394
0.377229
0.261341
-0.186566
-0.260062
-0.261289
0.275756
0.360135
0.456414
-0.367495
0.154084
-0.631133
0.230890
0.553625
-0.404344
-0.065099
0.507787
-0.178936
0.072078
0.437842
0.454011
0.224762
-0.372846
0.365341
-0.418732
-0.486294
-0.069930
-0.091990
-0.679404
0.228045
-0.276081
0.143595
0.178070
-0.061868
-0.366585
-0.230323
-0.234300
-0.257949
0.089559
0.346245
0.234590
0.446245
0.032383
0.222737
-0.446608
0.230515
-0.311275
-0.256671
-0.043557
-0.439848
-0.231103
0.475658
-0.197841
0.324815
-0.605415
0.506967
0.164108
0.197052
-0.048503
0.537677
0.362820
-0.009039
-0.194975
-0.055463
-0.043128
0.028109
0.211451
0.511003
-0.113034
-0.166557
-0.239745
0.618115
0.349471
0.343100
-0.442376
-0.296295
0.304524
0.276195
-0.601575
0.024138
-0.434217
-0.037994
-0.302603
0.314459
-0.336957
0.110434
-0.073937
-0.017816
-0.034244
-0.370239
-0.336158
-0.135433
-0.283218
0.243201
-0.050332
0.587915
0.111001
-0.116720
0.330469
-0.498006
-0.242734
-0.407979
0.373645
0.543665
0.741015
0.078043
-0.163655
-0.433326
-0.217632
0.038949
0.040531
0.112404
-0.058893
0.020850
0.694528
-0.115844
0.081468
0.497206
0.483206
0.123882
0.154874
-0.039898
-0.219883
0.141141
0.279595
-0.626873
0.380742
-0.053303
0.367598
0.327001
0.166332
-0.056015
-0.573930
-0.048198
-0.008514
0.015436
-0.136540
-0.003273
-0.379100
-0.160595
0.002899
0.085190
0.180911
0.319345
-0.275442
-0.309111
0.174360
0.292469
-0.240789
0.020487
0.420456
-0.012655
0.301222
-0.272975
-0.077365
-0.361176
0.070765
-0.437733
-0.497760
-0.084778
-0.182988
-0.369617
-0.040819
-0.411544
0.618266
0.439249
-0.509718
-0.208976
0.142895
0.007529
0.030866
-0.346446
-0.319793
-0.070147
-0.188256
0.066705
0.000868
0.566530
0.109706
-0.287611
0.151916
-0.421951
0.291739
0.260490
-0.432161
-0.407924
-0.597949
-0.317375
-0.541420
-0.043912
-0.146577
-0.076161
-0.061863
-0.225642
0.201741
-0.338439
-0.573672
-0.229004
-0.322300
-0.135805
0.034121
-0.016181
-0.044417
-0.602557
-0.111481
-0.142898
-0.080285
-0.338508
0.163697
0.019749
-0.557365
0.049852
0.129548
-0.218556
0.353186
0.485404
0.557545
-0.106184
-0.080943
-0.020948
-0.409495
-0.593968
-0.467907
0.397515
-0.528768
0.534984
0.121425
0.651790
0.471317
-0.087218
0.402043
0.418135
-0.083728
-0.432316
0.527429
0.152256
-0.165856
-0.300881
-0.490069
0.445532
-0.082267
-0.471796
0.245968
-0.253862
-0.453128
-0.040302
-0.102357
0.117577
0.105962
-0.100351
-0.084302
0.022833
-0.104474
0.155321
-0.537729
-0.302943
0.614078
0.309494
0.033232
0.096557
0.107166
0.394983
0.267876
0.016280
0.126218
-0.303376
-0.501202
0.069802
-0.386480
-0.511973
-0.376472
0.140305
-0.644113
0.530107
-0.272643
0.019677
-0.165899
0.027437
0.518904
0.075637
-0.351007
-0.115819
-0.513081
-0.043189
0.329847
-0.083338
-0.044000
0.182211
-0.143284
-0.154251
-0.246411
-0.091966
-0.708138
-0.044928
0.292646
0.286094
0.333129
-0.243151
-0.350209
0.166557
-0.403204
-0.573264
0.291290
0.408905
-0.250419
0.235371
0.428826
-0.087989
-0.294174
0.005876
-0.003336
-0.174098
0.150972
0.320630
-0.155178
-0.445076
-0.360420
-0.426252
-0.395068
-0.400976
-0.049114
0.481578
-0.148172
0.385667
0.199299
-0.192492
-0.121773
0.056812
0.488810
0.218878
0.480878
-0.025972
0.587282
-0.015265
0.512035
-0.500726
0.534621
-0.441911
0.332958
0.355274
-0.462154
-0.103415
-0.187242
0.162268
-0.621102
0.228840
0.146172
0.499685
-0.074462
0.363388
-0.017347
-0.103970
0.142028
0.547320
0.536418
0.339138
-0.448253
-0.155815
-0.228284
-0.237755
-0.282414
0.153257
-0.408293
0.505335
0.580599
0.196662
-0.159124
0.094277
-0.187785
-0.226566
-0.349885
0.002899
0.481642
-0.354459
-0.114837
0.122622
-0.104065
0.203685
0.264966
0.078075
0.514671
-0.349402
-0.082267
-0.173935
-0.108772
-0.578213
-0.127740
0.005634
-0.401464
0.149579
0.358875
-0.154576
-0.107962
0.251163
-0.020710
-0.035769
0.317223
0.493995
0.363314
0.433687
0.227964
0.539551
-0.221222
-0.065348
-0.555845
0.489084
-0.069012
0.464269
0.800404
0.290124
0.497984
-0.388283
0.593188
-0.504994
-0.139650
-0.042659
-0.060947
0.626340
0.426359
0.297185
-0.044213
-0.275119
0.726579
0.215854
0.151874
-0.017517
-0.201965
0.293054
0.042017
-0.285787
0.196972
0.438750
0.416365
-0.296957
0.487923
-0.466995
0.470751
0.028913
-0.394960
0.314704
-0.469144
0.010408
-0.315264
-0.221969
0.033306
0.184918
0.321705
0.022103
0.239772
0.488169
-0.146408
-0.380867
-0.161975
0.217973
0.178504
0.473955
0.453562
0.434940
-0.464961
-0.514678
0.120340
-0.553644
-0.350084
-0.060630
-0.497316
-0.009167
-0.122713
-0.153140
-0.085393
0.302954
0.056023
-0.081253
0.264193
-0.271559
-0.408900
0.183813
0.067663
0.327906
-0.177193
0.362465
0.368966
0.135753
0.187883
0.016658
0.065094
0.043047
-0.085079
-0.540747
0.127308
0.125922
0.307282
0.115272
-0.376453
0.349077
-0.088044
0.168140
0.450742
-0.587372
-0.252370
0.164846
0.353842
0.410418
0.289787
-0.503488
-0.329076
-0.162499
0.508532
0.151185
0.191181
0.379284
0.151800
-0.282078
0.336346
0.075157
-0.044965
-0.249345
-0.081711
0.270620
0.361152
0.024948
0.259304
-0.370418
0.306954
0.537683
0.122212
0.561544
-0.338568
-0.387463
-0.341398
-0.137482
0.330560
-0.061672
0.170534
-0.046617
-0.402237
0.247218
0.148391
-0.398209
-0.241705
-0.334810
0.306726
-0.408424
0.264366
0.300127
-0.022910
-0.099304
0.328361
-0.062702
-0.324097
0.141125
0.085591
-0.044499
-0.318461
0.221434
-0.245980
0.492808
-0.196192
-0.397757
-0.129404
0.227992
0.280155
0.414384
-0.439238
0.011243
-0.028963
0.123247
-0.029541
0.391150
-0.307026
