-0.028546
-0.303991
-0.000659
-0.005099
-0.237798
-0.021952
0.023544
-0.023399
-0.231000
0.294340
0.147530
0.196524
0.044512
-0.110374
0.271401
0.282854
-0.514575
0.520642
0.006503
-0.000387
-0.506495
0.006161
0.320243
0.395925
0.143742
0.342970
0.102810
0.034381
-0.332163
0.759438
-0.124724
-0.455362
-0.160199
0.036098
-0.669311
0.151561
-0.252254
-0.222617
0.372566
0.005770
-0.205053
0.163164
0.405779
-0.344752
0.173188
0.037142
0.083002
0.432005
0.276838
0.327683
-0.022587
-0.113264
0.338627
0.144002
0.100952
0.714265
0.239831
0.053742
0.308595
-0.330791
-0.227748
0.153962
-0.648043
0.606954
0.548245
0.526984
-0.521669
0.108411
0.262715
-0.372014
-0.031593
-0.130609
-0.298114
0.012390
0.457686
0.222121
-0.217965
0.131045
0.130505
-0.574628
0.457072
-0.383998
-0.165403
-0.113067
0.328694
0.026929
0.249857
-0.286033
0.179509
-0.495465
-0.251773
0.281719
0.296394
-0.381179
-0.441283
0.081240
-0.488319
-0.478101
-0.268146
-0.140636
-0.431413
0.360537
0.540584
0.146451
-0.212967
-0.340450
-0.419363
0.055575
0.296418
-0.396229
0.378833
-0.155914
-0.495303
-0.143933
0.049355
0.405166
0.234689
-0.147446
0.153242
-0.078590
0.205359
-0.326460
0.160450
-0.530848
0.186807
-0.002579
0.036899
0.580092
0.047238
0.248969
0.485940
-0.359916
-0.021020
-0.332476
-0.282831
-0.581410
-0.048310
-0.299545
-0.226318
-0.214287
0.015532
-0.566378
-0.388493
0.050834
-0.428382
0.052594
-0.377318
0.199267
0.476955
0.072543
0.086136
-0.233164
0.629934
0.059385
0.636445
0.837549
0.069573
-0.693076
-0.537298
-0.305196
-0.046067
0.282259
0.345903
-0.189182
-0.062836
-0.391918
-0.460284
-0.112470
0.147958
0.314683
0.127635
-0.027508
0.214402
0.129680
-0.454339
-0.068357
0.483910
0.098798
-0.209717
-0.021982
0.503541
0.792454
-0.205485
0.183238
-0.116439
-0.261508
0.595325
-0.468651
-0.094670
0.158772
0.233208
0.248844
-0.249711
-0.036813
0.244656
-0.495845
0.217916
0.205563
0.061893
-0.464043
0.130516
0.035406
-0.208506
-0.506109
-0.350868
-0.407815
-0.288958
0.030938
-0.012298
0.165912
0.571642
-0.294295
-0.214631
0.189337
-0.495176
-0.229801
0.284681
-0.221612
0.018248
-0.197455
-0.497354
0.227824
-0.421727
0.015985
0.392135
0.223414
-0.479768
-0.260282
0.228341
0.425198
0.636705
0.039944
-0.402879
-0.181091
-0.286685
0.101548
-0.079928
0.155154
0.216967
-0.187823
0.629354
-0.135372
-0.535218
0.100570
-0.286623
-0.343187
-0.258993
-0.016523
0.071297
0.080968
0.183327
-0.537948
-0.170105
-0.074094
-0.216112
-0.541325
0.276395
0.520296
0.417998
0.067068
0.398793
-0.375124
0.286023
0.603342
-0.283665
-0.183205
0.155184
0.147203
-0.045814
-0.276686
-0.313957
-0.538473
0.320409
-0.231237
0.147872
-0.673517
0.091199
0.635510
0.304823
-0.150471
0.520084
0.078504
-0.339123
-0.349618
-0.337519
0.559692
0.733423
0.242996
-0.493080
-0.254059
0.553823
-0.080803
0.361005
0.359018
0.273222
-0.224089
-0.049612
0.322901
-0.449727
0.091527
0.394777
-0.539109
0.309383
0.366793
-0.432004
0.085663
0.602091
0.623662
-0.419731
0.076124
-0.105651
0.084637
-0.196618
0.283163
0.118884
0.038448
-0.238737
0.063704
0.259350
0.171302
0.271301
0.314149
-0.164699
-0.192226
0.345904
0.537717
-0.342123
-0.131984
0.014020
-0.186857
0.148691
-0.288190
0.253249
0.478922
-0.122544
-0.001313
-0.377677
-0.057660
-0.097344
-0.058368
0.121731
-0.029799
-0.405350
0.473295
-0.274098
-0.613906
0.678588
-0.184203
-0.340017
0.221973
0.492190
-0.591372
0.107154
0.169412
0.113642
0.457398
-0.680790
-0.238396
0.224750
0.142289
-0.196191
-0.270799
0.598520
0.500778
0.347067
-0.761985
0.139338
0.096099
-0.057802
0.019336
0.466998
0.044343
0.000958
0.350002
-0.081386
-0.387264
0.326759
0.351483
-0.224879
-0.311403
0.011970
-0.067813
-0.037281
0.098469
0.270849
-0.721770
0.229919
-0.349243
-0.196812
0.029477
-0.077377
-0.252449
0.150868
0.134873
0.312642
-0.406480
0.064613
-0.376894
0.316350
-0.131335
-0.086728
-0.634641
0.408944
-0.549992
-0.398814
0.212503
0.453712
-0.286471
0.028650
-0.177814
0.055571
0.184803
-0.752645
0.307721
0.129389
-0.269762
0.056493
-0.040198
0.297410
-0.442755
-0.133976
0.442368
0.029029
0.413873
0.265447
0.315165
0.398640
0.138951
0.001531
-0.379989
0.184471
-0.084615
-0.645960
-0.385354
0.004448
0.423675
0.386068
-0.070837
-0.506629
0.097202
-0.174732
0.400946
0.308157
-0.788837
-0.415511
-0.030109
-0.159443
-0.558974
-0.490334
-0.734057
0.284016
0.167070
0.446061
-0.223798
0.481612
0.254081
-0.101208
0.323544
-0.285441
-0.213972
-0.236211
-0.598189
0.365974
0.792632
-0.432718
-0.067195
-0.217563
-0.136665
0.359464
-0.635044
-0.195411
-0.126146
-0.162566
-0.023955
-0.351357
0.236671
-0.068940
0.601315
-0.095352
-0.147249
0.011786
0.114382
-0.539343
-0.287031
-0.019685
0.221862
-0.096129
-0.640384
-0.176231
-0.519004
-0.681287
-0.004631
0.152165
-0.398671
-0.138502
-0.152401
-0.560561
-0.249668
0.138158
-0.189607
0.077325
0.302308
-0.505167
0.410911
-0.115349
0.163037
0.266478
0.194123
0.444716
0.464097
-0.000167
-0.427655
-0.668880
-0.065692
-0.176552
0.487369
-0.409638
-0.706556
0.319063
0.268597
-0.083676
-0.353624
-0.074797
0.066883
0.510997
-0.430181
-0.499753
0.200185
0.019262
-0.859348
0.119379
0.177557
0.670839
0.424785
0.171186
-0.459081
-0.344242
0.418646
-0.135984
-0.170297
-0.410527
-0.564630
0.257334
-0.739885
0.242409
-0.001157
-0.515000
-0.246428
-0.328426
-0.542409
0.277558
-0.395790
0.264966
-0.211784
-0.056910
-0.112949
-0.619274
-0.530612
-0.220060
-0.300713
-0.057578
0.137999
0.319155
-0.532237
-0.275884
-0.218599
-0.035636
0.007533
-0.084263
-0.464609
-0.094125
0.459696
0.146474
-0.124417
-0.274678
0.037773
0.338892
0.725532
-0.545177
-0.266143
0.206281
-0.045961
-0.139192
0.193726
-0.280563
-0.402118
0.089368
-0.777263
0.339849
0.324301
0.124916
0.417496
0.242230
0.195583
0.271612
-0.762402
0.299767
-0.405050
-0.447637
0.187185
0.293270
0.382580
-0.540018
-0.324885
0.161543
0.312487
-0.220316
-0.387241
0.541020
0.049780
0.843306
0.499875
0.421816
-0.417821
0.238800
-0.344864
-0.081084
0.156997
-0.040384
0.142420
0.722291
-0.080432
-0.212881
-0.339528
0.078643
0.354039
-0.012084
0.112417
-0.395404
-0.097220
0.061485
-0.207610
-0.016709
-0.175570
-0.908559
0.441900
-0.538740
0.414859
0.334327
-0.162389
-0.059271
0.495015
-0.582077
0.598275
0.136953
-0.321051
0.404922
0.309791
0.215542
-0.317246
0.219012
-0.069070
0.679220
-0.052109
-0.231400
0.190325
-0.746050
-0.227229
-0.375646
-0.308117
0.436119
-0.005749
0.174923
0.407208
0.185918
-0.288990
0.513212
0.126590
0.003745
-0.690942
0.171417
-0.609937
-0.050998
0.562173
-0.098370
0.115734
0.458505
-0.113793
0.029648
0.078544
0.209691
-0.277627
0.042544
-0.150777
-0.075407
-0.310082
-0.517077
-0.313251
0.083773
0.195784
0.305048
-0.140908
0.387454
0.373032
-0.274835
-0.543018
0.178970
-0.156359
-0.059283
0.518690
0.595814
0.153773
0.022535
0.373388
0.273731
-0.098618
-0.456765
-0.371031
-0.204805
-0.456809
0.009967
0.100482
0.184317
0.103449
0.136925
0.125246
0.216177
0.140394
0.520033
0.554693
0.000913
0.141167
-0.384751
-0.272983
-0.552165
0.309042
0.472342
-0.718735
-0.377936
-0.619350
-0.089770
0.600163
0.032936
-0.722369
-0.006263
-0.459556
-0.220620
0.470615
0.148227
-0.289814
0.537129
-0.286031
-0.452565
0.668114
-0.564916
-0.209398
-0.183961
0.464619
0.549514
0.394970
-0.161997
0.315197
-0.472244
-0.499384
-0.147165
0.308156
0.130442
-0.028130
-0.222618
0.187509
-0.189538
-0.102615
-0.084289
-0.237160
0.120098
0.189393
0.211037
-0.156908
0.434409
-0.252638
0.154899
0.162169
-0.296146
0.395679
-0.223961
-0.561961
0.231037
0.395159
-0.238263
-0.183078
0.031449
-0.512625
0.279768
0.257095
-0.458859
-0.043668
-0.258473
-0.057390
-0.037396
0.396106
-0.539634
-0.264424
-0.269596
0.210669
-0.145756
-0.176704
0.087886
0.284769
-0.043276
-0.070750
0.564174
0.153195
0.414666
-0.503137
-0.312535
0.323949
-0.151310
0.536228
0.447218
0.313646
-0.459631
0.000421
-0.217440
-0.432538
0.513334
0.311807
