-0.011528
0.376408
-0.107508
-0.261959
0.234038
0.077291
0.240178
0.499629
-0.046266
0.271093
-0.072130
-0.209803
-0.363727
0.534262
-0.469561
-0.015093
0.242483
-0.239154
0.224565
0.604337
-0.255342
0.527515
-0.088412
0.519853
0.031686
-0.401840
0.522723
-0.093466
-0.132274
0.048690
0.255828
0.584012
-0.413142
0.093310
-0.282592
0.406136
0.207793
-0.112246
0.113522
0.346031
0.335173
0.309871
-0.369557
0.053489
-0.615155
-0.450438
0.090574
-0.043490
0.378652
-0.784912
-0.269453
-0.197350
-0.264400
0.252913
0.368106
-0.574833
-0.517175
0.030463
-0.033652
-0.470632
-0.207934
0.173430
0.295442
0.336095
0.243986
0.450040
-0.576896
-0.154774
-0.187693
-0.278434
-0.114758
-0.255818
0.180105
0.405485
0.397195
0.150120
-0.418369
0.366788
-0.142317
-0.372141
0.141716
0.325198
-0.393886
0.269899
-0.306709
0.211619
-0.308562
0.236895
-0.274481
-0.082514
-0.215909
-0.010870
0.514221
-0.268577
0.126145
0.188616
-0.536041
-0.216513
-0.611818
0.202468
0.107819
-0.295408
-0.267943
0.295460
0.061384
-0.347720
-0.069113
-0.353168
0.186251
0.088321
0.237844
0.296254
-0.362049
-0.459432
-0.297921
-0.142350
-0.200261
-0.359594
-0.479365
0.717625
0.351083
0.368304
0.003384
0.406663
-0.214581
0.637641
-0.044782
0.050017
-0.168205
-0.297283
-0.018085
0.415655
0.304798
-0.087826
-0.377974
0.273794
0.486619
0.486302
0.395994
-0.060347
0.193015
-0.153724
-0.719699
-0.140551
0.129357
0.174533
-0.142302
0.565307
0.599984
0.272179
-0.111956
-0.355044
-0.029749
0.103288
-0.107360
0.220010
-0.210378
-0.205563
-0.597184
-0.489876
0.214118
0.183794
0.435529
0.515686
0.322602
-0.521265
-0.353509
0.347566
-0.368509
-0.283465
0.024110
-0.346635
0.047647
0.566709
0.121792
-0.109909
0.502672
-0.589148
0.291397
-0.016366
-0.128644
-0.731977
0.242608
0.203710
-0.004186
-0.276042
0.107519
0.195456
0.076305
-0.340169
-0.306484
-0.200315
-0.231067
-0.040556
0.333578
-0.014262
0.305912
-0.503315
0.012784
-0.439902
-0.138734
0.146461
-0.373930
-0.436657
-0.083032
0.040814
-0.163703
0.192237
0.129250
0.123413
0.006350
0.446660
0.569621
0.037976
0.438141
-0.146307
0.076123
-0.242238
0.342775
0.479224
-0.177079
0.041496
0.396821
-0.671515
0.319529
0.294034
0.274112
-0.400730
0.204909
0.074358
0.048906
0.309687
-0.423703
0.228605
-0.171118
-0.022811
-0.142248
-0.107949
-0.599343
0.757426
-0.476313
-0.068731
0.031591
0.003763
-0.573368
0.021293
-0.143241
0.078297
0.126613
0.548791
-0.297114
-0.343568
-0.489426
0.206625
0.088836
-0.004968
-0.174170
0.483725
0.289653
0.333704
0.028536
-0.599047
-0.270728
0.566956
0.218762
-0.138804
-0.617724
-0.337944
0.224532
-0.224110
-0.427636
-0.091262
0.419768
-0.296011
-0.062903
-0.012685
-0.658432
-0.286505
0.461512
-0.101784
0.556485
-0.292377
-0.119739
0.450965
-0.391774
0.398485
0.271851
0.102699
-0.482087
0.689588
-0.801233
-0.153953
0.351194
-0.514175
0.197128
0.325954
0.186582
-0.038754
-0.587872
-0.049649
-0.077275
-0.106737
0.440164
0.011706
-0.324689
-0.312138
-0.463028
0.021165
-0.353624
-0.198983
0.048797
-0.202641
0.147439
-0.337295
0.428182
-0.155145
-0.154430
0.606118
0.273670
-0.297961
-0.285460
0.014609
0.473720
0.688911
-0.028244
0.278726
0.460443
0.304113
-0.367680
-0.211772
0.323980
0.483496
0.382916
0.231000
0.215328
0.301430
-0.334093
0.166265
0.653274
-0.272561
0.328159
-0.504967
0.659205
0.440366
-0.019702
-0.337654
-0.098657
-0.210908
-0.645003
0.221973
-0.495048
-0.384465
-0.360344
0.616877
-0.216416
-0.320421
-0.191672
0.674095
-0.168002
0.030035
0.198842
0.697169
-0.076590
0.140856
-0.681390
0.497713
-0.440031
-0.629029
0.455495
-0.612857
-0.025120
-0.044735
-0.185890
0.534363
0.019435
0.254335
0.417917
-0.510932
-0.165914
-0.693678
-0.241540
0.348662
0.081279
-0.342262
-0.473570
-0.013422
-0.068595
0.612321
0.196034
0.014280
-0.164597
-0.516447
0.080269
0.585569
-0.112675
-0.209206
-0.386458
-0.349089
0.322553
0.009553
-0.595645
0.152648
-0.366551
0.296695
-0.094520
0.155709
0.039481
-0.000262
-0.245822
-0.040122
0.001974
-0.392114
-0.323913
0.405776
-0.403540
-0.051682
0.007529
0.264908
-0.540567
0.186964
0.452187
-0.163246
-0.236215
-0.032746
0.363132
0.171294
0.414151
0.281005
0.267484
0.275081
0.178061
0.178591
-0.410138
0.308380
-0.073774
-0.230673
0.017672
0.522999
-0.643174
-0.385365
0.381783
0.233939
0.218422
-0.241311
0.438599
-0.142994
-0.487058
-0.468767
0.062049
0.569854
-0.344194
0.233886
0.520154
0.086125
0.114331
-0.323591
-0.506319
0.209720
-0.122859
-0.120305
0.137208
0.030962
-0.451227
-0.194469
-0.162884
0.486087
-0.277651
-0.393724
-0.036589
0.357980
0.391341
0.673863
0.246620
0.293182
-0.089440
-0.106359
-0.321657
0.256938
0.700225
-0.113947
-0.436884
0.245792
-0.605055
0.155429
-0.272827
-0.548828
0.126681
-0.284104
0.444031
0.200162
0.142393
0.533192
-0.387783
-0.095332
-0.134853
0.058108
0.111596
-0.160435
0.074019
-0.338668
-0.522709
0.044476
0.539577
0.043718
0.477525
0.376278
-0.304395
-0.094071
-0.290835
0.454377
-0.021338
0.001920
-0.018260
0.016236
-0.278612
-0.159769
-0.013318
0.068121
0.290956
0.135881
0.476416
0.014404
0.459754
-0.180514
-0.576525
-0.390892
0.560780
0.216998
-0.170290
-0.187503
0.185058
-0.182988
-0.588164
0.515292
0.006577
-0.441848
0.287773
-0.486771
0.040113
0.017224
-0.062067
0.393604
0.498149
-0.330145
0.261461
0.013696
-0.386795
0.466715
0.737187
0.582887
0.097978
0.120062
-0.646740
0.654818
-0.031117
0.026371
0.145615
0.265626
-0.222320
-0.353668
-0.285486
0.376353
-0.513391
0.330313
0.332567
0.534290
-0.370569
0.407608
0.600428
0.505862
-0.149301
-0.059587
-0.559189
0.076560
-0.280010
-0.136243
-0.073070
-0.140534
0.408649
0.041911
-0.517812
-0.059324
0.062754
0.497373
-0.449332
0.327074
-0.581410
-0.419432
-0.023695
-0.012403
-0.077723
0.001594
-0.289556
-0.126739
-0.365055
-0.074462
-0.006224
-0.051624
0.391930
0.425731
-0.225849
-0.252528
0.132569
-0.032568
0.578987
-0.147786
-0.266450
-0.270966
0.227692
0.132291
-0.088354
-0.071870
0.279755
-0.119739
0.317681
-0.033947
-0.069978
0.211813
0.350284
0.223279
0.646378
-0.113799
-0.104130
-0.104065
-0.212825
0.399995
0.076112
-0.079354
-0.261430
-0.155613
0.304220
0.315756
0.171289
-0.351048
0.330108
0.543366
-0.277477
0.138817
0.197429
0.285681
0.614595
-0.062926
0.045777
0.537702
0.030557
0.573712
0.502144
0.081894
0.460507
0.288704
0.226105
-0.544621
-0.082042
-0.195513
0.082268
0.358085
-0.331182
-0.292675
0.107197
0.505424
-0.304651
-0.229834
-0.284042
-0.139265
0.040935
0.507445
0.367999
-0.425551
-0.257119
-0.537944
0.610985
-0.241381
-0.239811
-0.202914
0.356251
-0.094636
0.664201
0.651723
0.121890
-0.109619
-0.357458
-0.028665
0.076461
0.159734
-0.181273
0.725047
-0.051486
-0.367239
0.419371
-0.289232
-0.207116
0.159120
0.050997
0.398652
-0.055477
-0.052464
-0.338079
0.461554
-0.209105
0.342777
-0.197020
0.093220
-0.465789
0.019620
-0.399140
0.094996
0.021028
-0.445158
-0.190614
0.476352
0.131790
-0.605209
0.032093
-0.497602
-0.008992
-0.581043
0.161753
-0.803815
-0.317330
0.704485
-0.493471
-0.482510
-0.563811
0.172703
-0.343866
0.395500
-0.092513
-0.001074
-0.170429
0.295477
-0.120106
0.489871
0.319856
0.532917
0.352228
-0.349105
0.117911
-0.191286
-0.608647
0.464147
-0.122030
-0.489133
0.169358
0.121141
0.298348
-0.080564
0.190863
-0.281232
0.215108
0.182870
-0.552013
-0.103048
0.050689
0.519335
-0.335067
0.191181
-0.491112
0.288650
-0.134088
-0.378789
0.129450
0.184012
-0.468948
-0.113500
0.216934
-0.340619
0.523759
0.060018
0.288334
-0.384845
0.236494
0.244318
-0.477106
0.585061
-0.286307
-0.095982
0.490971
-0.577996
0.113241
0.092514
0.067842
0.009867
-0.177534
-0.156128
0.289800
0.375863
-0.127308
0.483711
-0.564286
-0.278025
0.378694
-0.310597
-0.099304
-0.379106
0.005280
0.244877
0.209487
-0.139145
0.108464
-0.431552
0.165627
0.456629
-0.433062
-0.091630
-0.238835
0.013342
-0.566823
0.157566
0.444842
-0.242315
-0.273171
0.252484
-0.634195
0.102955
0.044000
0.485236
