0.055757
-0.224056
-0.017305
0.035113
-0.008400
0.208652
0.034752
0.528427
-0.237057
-0.069804
-0.075898
0.378577
0.684354
-0.418900
0.209762
0.376191
0.510215
-0.222426
0.299253
-0.048041
0.368393
-0.209033
-0.251562
0.541726
-0.694273
0.345839
0.208792
-0.281204
-0.341872
-0.022277
0.169792
-0.333938
0.180643
-0.237576
0.105243
0.160308
0.031993
0.240995
0.088201
-0.147476
-0.367999
0.500380
-0.455742
-0.599804
0.021774
0.095358
-0.039925
-0.097359
-0.333670
-0.371604
-0.086783
-0.219667
-0.274881
-0.266348
0.081287
-0.427797
-0.301142
-0.189980
0.036744
0.415687
0.137514
0.191290
0.024020
-0.710929
0.087320
0.550093
0.401456
-0.606947
0.312565
-0.366862
-0.132338
0.145081
0.039126
-0.242794
0.236347
0.157466
0.207147
-0.533487
0.503147
-0.029826
0.365225
0.128769
-0.466159
0.350780
0.394549
-0.242745
-0.271371
0.395553
0.532847
-0.032285
0.045412
-0.224835
-0.095882
0.392966
-0.259164
-0.464047
-0.366953
-0.425435
-0.032663
0.137910
-0.092719
0.087062
-0.083354
-0.474036
-0.178741
0.181144
-0.208347
-0.634212
0.289022
0.548244
-0.361004
0.333917
0.295004
0.737190
-0.147389
-0.187371
0.084206
-0.135569
0.168668
-0.275418
-0.125951
-0.381699
-0.477972
-0.186042
-0.584604
-0.227664
0.192453
0.069679
0.135151
0.435700
0.368289
-0.266210
0.308251
-0.036870
-0.339067
0.617361
0.090721
-0.300761
-0.320405
0.309233
0.038603
-0.210526
-0.187167
-0.429011
0.010847
0.225747
0.575754
0.422221
0.208488
0.281415
-0.111623
-0.112173
0.092526
0.022790
-0.330705
0.508300
-0.414605
-0.165587
-0.198462
0.385193
-0.080315
-0.452448
-0.000967
0.281910
0.281102
0.083048
0.278822
0.469077
-0.191307
-0.493104
0.208667
0.478869
0.176545
0.008094
0.288050
0.086678
0.241870
-0.277755
-0.272477
0.107321
0.322466
-0.080807
-0.024198
0.576898
0.180044
-0.418851
0.461144
0.370455
0.073343
0.374794
-0.417467
0.078864
-0.058226
-0.432819
-0.220012
0.287289
0.615761
-0.413335
-0.035397
0.166917
0.419404
0.593882
-0.026647
-0.064408
0.373122
-0.012566
-0.165733
-0.150465
-0.492507
-0.217707
0.340071
-0.165972
0.618375
-0.030092
0.482866
-0.172197
0.153122
-0.240816
-0.028321
-0.300795
-0.450495
-0.500718
0.498747
-0.572226
0.149809
0.603764
0.322555
-0.217966
-0.446585
-0.241113
0.340249
-0.446237
-0.172031
0.108622
0.077279
0.359647
0.206700
-0.030350
-0.610731
-0.484903
0.505473
-0.147453
-0.518071
0.173660
-0.005367
0.166924
0.346703
-0.261809
0.081455
0.321759
-0.230007
-0.195539
-0.293692
0.329041
-0.075181
-0.472679
-0.343618
0.219907
-0.309679
0.172849
0.062591
-0.626802
0.103107
-0.407798
0.125638
0.158355
0.092409
0.369516
-0.397996
-0.458759
0.205101
0.039708
-0.360187
-0.441053
0.294812
-0.063636
0.063116
-0.336115
-0.318984
-0.043909
-0.450549
-0.324815
-0.283002
0.289281
0.036799
0.404091
0.306026
-0.033057
0.213216
-0.171480
-0.792761
0.617114
0.468990
-0.673564
0.177769
-0.204446
0.093335
0.065168
-0.368980
0.252937
0.078894
-0.152134
-0.723811
-0.280702
-0.072140
-0.151296
-0.008355
0.657074
0.475990
-0.062632
-0.150921
-0.522093
0.104764
-0.388459
0.204443
-0.184412
-0.076351
0.541634
0.344571
0.315027
-0.164148
-0.478133
-0.091825
0.304524
-0.394122
-0.168256
0.267503
-0.732805
-0.518862
-0.023272
-0.435685
-0.622675
0.072289
0.091331
-0.193724
-0.365113
-0.485257
-0.062205
0.252100
0.172581
0.073985
0.304152
0.424473
0.004605
-0.349877
-0.641942
-0.473365
-0.184812
-0.486801
0.427842
0.340239
-0.373375
0.221505
0.103680
-0.010508
-0.140400
-0.295440
0.501946
-0.467540
-0.104239
-0.130117
0.390148
0.013505
0.014201
-0.249996
0.364020
-0.537576
-0.095289
-0.065271
-0.621564
0.266569
-0.053069
0.189472
0.306711
0.029191
-0.191869
0.228649
0.233784
0.230817
0.048807
0.049905
-0.654167
0.350614
0.349418
-0.347257
-0.011462
0.058621
0.287336
-0.461185
0.065773
-0.183997
-0.134768
-0.035453
-0.397067
0.240199
-0.383009
-0.158939
0.268659
-0.150246
-0.244767
-0.254437
-0.067365
0.349024
0.085408
0.639553
-0.419704
0.548451
-0.545117
0.060860
0.291439
0.174373
-0.626693
0.147385
0.589646
0.107861
0.272118
-0.202389
0.167103
-0.381837
-0.080393
-0.070147
-0.426586
0.137960
0.499869
-0.079206
-0.173700
-0.214215
0.025622
0.226779
-0.068858
0.204932
0.008570
-0.621340
-0.466339
0.131008
0.024441
-0.289001
0.006257
-0.013407
0.252833
0.173941
-0.100936
0.213016
-0.437246
0.385979
-0.155188
0.074945
0.463591
0.300232
-0.332785
-0.232059
0.654369
0.424311
0.161224
0.270206
-0.230621
-0.300201
0.054124
-0.355778
0.180366
-0.368107
0.223019
-0.124308
-0.029376
-0.576452
-0.736090
-0.051834
-0.153800
-0.471060
-0.467907
-0.293020
0.146509
-0.166841
-0.299957
0.049155
0.014942
0.530145
0.297427
-0.400979
-0.427286
-0.527482
0.407865
-0.085205
0.356927
0.339595
-0.642005
0.448273
-0.634754
0.374124
0.176380
-0.456196
0.462304
-0.038177
-0.330776
0.399488
0.106471
-0.236005
0.027897
0.387119
-0.437024
-0.061396
-0.017623
0.029219
-0.433214
-0.043807
-0.360476
-0.513263
-0.466459
-0.129312
-0.091245
-0.238513
0.173797
0.499517
-0.444255
-0.010145
-0.446395
0.014873
-0.193571
0.236034
0.342217
-0.135811
0.195183
0.356709
0.190550
0.003380
0.222157
-0.392728
0.342058
0.106215
-0.379556
-0.354121
0.312582
-0.367918
0.033920
0.199097
0.007742
-0.095871
0.443466
0.018787
-0.417724
-0.581890
0.482506
0.006122
-0.130315
0.589814
-0.077789
0.859337
-0.290559
-0.617667
0.112479
0.316593
0.222837
0.238839
0.202311
0.343239
-0.197714
0.163538
-0.379125
-0.135195
-0.212247
0.225109
-0.803895
0.087002
-0.056610
-0.283629
0.348599
-0.167309
0.248055
0.199070
-0.254267
0.293260
0.138510
0.168115
0.351326
-0.145416
-0.216468
0.168486
-0.387566
-0.087150
0.068894
0.476622
-0.088549
-0.525318
-0.213081
-0.310483
0.199986
-0.444764
0.590142
-0.606381
0.585302
0.264229
-0.396114
-0.260577
0.101314
0.419268
-0.078274
-0.496672
0.026202
0.428841
0.164725
0.439222
0.415813
0.124113
0.479757
-0.297667
0.456512
-0.351406
-0.153109
-0.019343
0.407221
-0.105513
0.406102
0.059545
0.455649
0.105705
-0.603605
-0.226566
-0.039029
-0.018213
0.476605
-0.408640
-0.510641
0.107915
0.376300
-0.508939
0.160222
-0.045858
0.268117
-0.305101
-0.003461
0.275971
-0.212934
0.112817
-0.187252
-0.497902
-0.005326
-0.379639
0.094473
0.325506
-0.089693
-0.168056
0.349749
-0.204200
-0.107313
0.374954
-0.343960
0.038340
-0.019488
-0.342416
0.329393
0.293226
0.690310
0.626433
0.414389
-0.021404
0.437379
0.055351
0.089395
-0.507334
-0.090285
-0.011832
0.452975
-0.360847
0.569062
0.333104
0.339461
-0.228369
-0.046726
0.026982
0.033776
0.032033
-0.110399
-0.093040
0.643705
0.314293
-0.322953
-0.120402
-0.143187
0.113293
-0.690078
-0.382115
0.220669
0.218145
0.148233
0.419652
0.017212
-0.297693
-0.474391
-0.049778
-0.331465
-0.221969
-0.231728
0.172034
0.472786
0.115981
-0.209220
0.539077
-0.171261
-0.442105
0.173880
0.212999
0.454239
-0.513002
0.455145
0.198843
0.154103
-0.038762
-0.195077
0.139644
-0.364474
-0.332230
0.338388
-0.389737
-0.196144
-0.131194
-0.655373
-0.223775
0.139752
-0.314389
-0.305375
0.024035
-0.467678
0.074378
-0.046868
0.041135
0.419091
0.082250
0.104997
-0.366494
0.387427
-0.069770
-0.118263
0.339529
0.262239
-0.443603
0.380450
-0.199325
0.389719
0.409797
-0.463337
-0.211554
0.749766
0.107485
0.406219
0.288483
-0.559678
0.499080
0.344538
0.505924
-0.017224
0.127753
-0.282111
-0.398290
0.104930
-0.439584
-0.112298
0.150553
-0.358412
-0.259316
0.219937
0.581379
-0.089380
-0.528979
0.429332
-0.337359
0.286718
0.113262
0.502996
0.020395
-0.045229
0.290831
0.690856
-0.064561
0.327427
-0.345911
-0.281089
0.469705
-0.645924
0.006103
-0.438074
-0.091865
-0.227599
0.411072
-0.117777
0.053892
-0.420050
-0.215034
0.387347
0.199280
-0.338453
-0.077164
0.017502
-0.209032
0.189280
-0.699116
-0.056136
-0.322763
0.229384
-0.253608
-0.611606
0.313681
0.348234
0.503428
0.404141
0.610580
0.277960
-0.473128
0.297583
-0.014869
-0.494751
0.117260
0.477862
-0.249054
-0.011813
0.281221
0.526395
