-0.179887
0.369582
-0.171221
0.027391
-0.032934
-0.228007
0.422792
0.567346
0.428535
-0.286863
-0.107597
-0.380066
-0.339111
-0.117514
0.348887
-0.637685
-0.168427
-0.244497
-0.334749
0.193716
0.596555
-0.350708
-0.543396
0.464472
0.150527
-0.474017
-0.104371
-0.032445
0.080678
-0.435598
-0.326824
0.108399
0.263818
-0.472395
0.261701
0.196126
0.554944
0.295290
0.052249
-0.196752
0.300794
0.407180
-0.010834
0.489652
0.050323
-0.317910
0.226669
0.505796
-0.477657
0.181477
0.257366
-0.046427
-0.289930
-0.150487
0.102517
0.516925
-0.394842
0.057817
-0.455890
0.185059
0.563113
0.399140
0.304365
-0.037257
-0.054156
0.360692
0.311231
-0.483434
0.141408
-0.225400
-0.146291
0.228755
-0.043785
0.458087
0.371380
0.206959
-0.018505
-0.067551
0.168134
-0.009092
-0.387541
-0.542090
0.498993
0.425117
-0.463252
-0.435789
-0.095661
0.231847
-0.189752
0.187778
-0.095938
-0.139559
-0.085076
0.482025
0.353024
-0.155965
0.281910
-0.331822
-0.680110
0.302960
-0.079096
0.357028
-0.123446
-0.384462
-0.480460
0.223524
0.257363
-0.280583
0.228515
-0.132498
0.289102
0.304056
-0.109586
0.236066
-0.033933
0.083358
0.378869
-0.116386
0.187048
0.556087
0.537188
0.580700
-0.611498
0.614663
-0.047222
-0.167954
-0.124818
-0.125830
0.198880
0.320697
-0.611514
-0.006033
0.028526
0.309045
0.314811
0.632476
-0.067650
-0.439916
0.082578
0.497280
0.234970
-0.021520
0.286696
-0.734251
0.280577
0.250340
-0.413759
-0.195228
0.298070
-0.407510
0.260135
-0.139199
0.020599
-0.028417
-0.136515
0.317051
-0.267989
-0.510850
-0.175509
-0.290549
-0.532898
-0.477424
0.567641
-0.134817
0.167931
0.463335
-0.141170
0.097545
0.097325
0.150697
-0.402222
0.512477
0.174481
0.021227
0.302931
0.086822
0.142898
0.133964
-0.143374
-0.125735
0.057286
0.232042
-0.488929
-0.060067
0.026513
0.425813
0.231844
0.458404
0.144114
0.158424
0.146254
0.575550
-0.232287
-0.147898
-0.259350
-0.179750
0.353343
-0.706480
0.246501
0.537896
-0.100017
0.151088
-0.597869
0.230919
0.458156
0.339937
-0.382688
-0.089268
-0.024249
-0.663496
0.040616
-0.306233
-0.291173
-0.129698
-0.488685
-0.169873
-0.027713
0.017426
-0.505116
-0.493625
-0.186517
0.049831
0.321901
0.349792
-0.183576
0.157135
-0.282080
-0.520842
0.127688
-0.368148
-0.203087
0.544584
0.343298
0.378216
0.025316
0.227041
0.017162
0.004294
-0.106721
-0.391130
-0.223959
0.251070
0.417209
-0.397843
0.766027
0.455835
-0.013770
0.203065
-0.006404
0.107948
0.176418
-0.253956
0.420043
0.294944
-0.135100
0.139479
0.033184
0.117507
0.274462
-0.493542
0.440679
-0.483864
-0.432486
-0.204006
0.732260
-0.076546
-0.210554
0.407773
-0.046829
0.403923
-0.427879
0.169899
-0.079663
0.175657
-0.247465
0.128978
-0.025035
0.394185
-0.015325
0.140723
-0.745033
0.358731
-0.212722
0.160369
0.372406
-0.434083
0.096296
-0.027319
0.441631
-0.175173
-0.081366
0.553488
-0.029498
0.345718
0.432232
-0.060704
-0.272496
-0.425985
0.107333
-0.224099
-0.300140
0.144035
-0.115441
0.284386
0.359582
-0.350779
-0.030976
-0.044444
-0.226517
-0.129440
-0.369708
-0.089729
-0.327145
0.519012
-0.167738
-0.722165
0.559049
-0.254928
0.507244
0.104515
-0.260147
-0.044376
-0.074991
-0.123393
-0.428095
-0.439137
0.683653
-0.311747
0.050197
0.138441
0.295340
-0.716761
0.546254
-0.460867
-0.016933
0.288202
-0.277331
0.359298
-0.328044
-0.029962
0.246232
0.423805
0.599598
-0.200202
0.389591
-0.435898
0.087184
-0.348825
0.025015
-0.423726
0.259436
-0.577183
-0.414811
0.386143
0.129685
-0.408035
0.147854
0.211396
0.312270
-0.542219
0.413723
0.151410
-0.287781
0.170674
0.362355
-0.144649
0.220951
0.140847
-0.030480
-0.111333
0.292386
0.439345
0.026566
-0.523924
0.471088
0.069070
-0.600099
0.325019
-0.311911
0.407689
-0.226460
-0.595998
0.311256
0.524017
0.584909
-0.045935
-0.061731
0.263975
0.248442
0.255018
0.405964
-0.071586
-0.122238
0.323992
0.465366
0.570601
0.013982
-0.245113
-0.165578
-0.412035
-0.373411
-0.233317
-0.004934
0.317569
-0.114508
0.555030
0.113923
-0.147273
0.019357
0.463760
-0.072495
-0.140227
-0.010506
0.150381
-0.446480
0.361719
-0.076364
0.593757
-0.098521
-0.061661
-0.346123
0.335049
-0.124234
0.141317
0.347175
-0.241667
0.396984
0.282621
-0.137994
0.090588
0.319072
0.321310
-0.461909
-0.597062
0.275291
0.532860
0.013422
0.849527
-0.066244
-0.349659
0.020467
0.530953
-0.188915
-0.541059
-0.222531
-0.244144
0.222503
-0.119974
0.020168
-0.627018
-0.136685
0.153446
-0.252918
-0.498828
0.308365
-0.076019
0.264768
0.117226
-0.251297
-0.535538
-0.351614
-0.832655
0.065099
-0.076629
-0.577876
-0.317482
-0.129530
0.203065
-0.481890
-0.374634
-0.292604
0.562442
0.305597
0.319879
0.441423
-0.045475
0.407823
0.449309
-0.073489
-0.162324
0.316717
-0.219173
-0.085227
-0.245660
0.125291
-0.156675
-0.120466
-0.161466
0.145396
-0.422482
-0.276388
0.230922
0.302616
0.088906
0.090329
0.139225
0.136278
-0.257566
0.406183
0.492802
-0.085105
-0.185615
0.106047
0.394375
-0.043807
0.122806
0.554921
-0.420933
0.316921
0.478634
0.201063
0.049938
0.444582
-0.677305
-0.483208
0.539937
0.376206
0.289098
0.260498
0.148504
-0.239702
0.544801
0.125525
-0.470405
0.027437
-0.005795
0.254882
-0.371594
0.707028
-0.470767
-0.287497
-0.271855
-0.588164
0.429557
0.357187
0.021526
0.187288
-0.241360
0.192486
-0.044930
-0.312509
0.127421
0.311799
-0.099618
0.252399
0.115644
-0.405243
0.560685
-0.102239
-0.284366
0.368713
-0.676240
0.238839
-0.575683
-0.230286
-0.223336
-0.414130
-0.097127
0.016442
-0.388963
0.244289
-0.214545
-0.146987
0.403891
0.235765
0.315800
-0.252913
-0.210836
0.161745
-0.592220
-0.423758
-0.022971
0.310959
0.008823
-0.432674
-0.160356
0.043721
-0.274407
-0.427575
0.183670
0.533938
0.611262
0.103780
0.251123
-0.033480
0.241854
0.251979
0.492385
0.034072
-0.089954
0.089962
0.056080
-0.323267
-0.216646
-0.674583
-0.112790
0.155801
-0.386894
-0.059407
-0.393123
-0.365065
0.415813
-0.265985
-0.249998
-0.543788
0.327920
-0.401273
-0.245968
-0.101528
0.248345
-0.372422
0.374808
0.095921
0.452636
0.328538
-0.304900
0.647456
0.279120
-0.139886
0.049277
0.433150
-0.510641
0.496466
0.043710
-0.686644
0.141973
-0.127369
0.315381
0.512638
0.157075
-0.312749
-0.119534
0.278015
-0.212230
-0.063727
0.650843
0.385389
-0.029699
0.041364
0.248672
0.482737
0.027820
0.393078
0.362468
-0.535597
-0.129945
0.055662
0.264227
0.038655
0.247879
0.334635
-0.586112
0.574086
0.475490
0.116832
0.238201
-0.183748
-0.031554
-0.263503
0.067566
0.658843
0.460227
0.046701
0.141064
0.191456
0.372978
-0.372532
-0.010254
-0.099969
-0.324200
-0.238014
-0.326858
-0.160757
-0.424226
-0.136393
-0.007721
0.101259
-0.180402
-0.451131
0.176958
0.035243
-0.279864
-0.446155
-0.499137
-0.038399
0.317878
-0.133818
0.084174
-0.063072
-0.123331
-0.134681
0.197724
-0.200807
-0.768779
-0.069552
0.183454
-0.036943
0.036982
-0.763703
-0.037983
-0.157920
-0.858331
-0.137484
0.239121
-0.476917
-0.076440
-0.171762
-0.011813
0.191157
0.192005
0.006497
-0.319119
0.012596
0.186358
-0.534616
0.248756
0.392274
-0.364409
0.406854
0.330571
-0.414037
0.203682
-0.380555
0.067663
-0.647373
0.156272
-0.029626
-0.246682
0.404726
0.254983
-0.117673
0.008135
-0.352619
-0.364838
0.026743
-0.068744
-0.030681
-0.243442
-0.333426
-0.437231
-0.262179
-0.142040
-0.322784
0.027474
-0.647458
-0.183538
-0.281860
0.198223
0.476381
-0.617598
-0.508762
0.222553
0.160881
0.370553
0.195727
-0.207995
-0.505125
-0.100315
0.079785
-0.088335
-0.063684
-0.335973
0.386742
0.429332
0.100427
0.105868
0.128265
0.028165
-0.385644
0.390785
0.358613
-0.521263
-0.381187
-0.435082
0.571188
0.214652
0.360126
0.441479
-0.353715
0.222057
0.380188
0.416667
0.211926
0.295144
-0.504751
0.423855
-0.247092
0.070575
0.077462
0.468603
0.510529
0.248761
-0.347560
0.402374
0.016796
0.281901
0.240390
0.406277
-0.116149
0.022765
-0.433910
0.256533
-0.194178
0.315203
0.230550
0.425459
-0.184370
0.305409
0.480619
0.109013
-0.215334
-0.033240
0.189387
0.211430
-0.401714
0.265923
