0.421381
-0.098079
-0.083673
0.039323
-0.594167
-0.019907
0.627866
0.167669
0.370490
0.343742
-0.182961
-0.249516
0.019039
-0.499407
0.274457
-0.367331
0.140592
0.169209
0.357780
-0.179284
-0.221071
-0.133600
-0.203563
-0.407731
-0.169924
-0.212170
0.019227
-0.042520
-0.302865
-0.121032
0.255828
0.513698
-0.410244
-0.226599
0.128869
-0.013993
0.174030
-0.211206
-0.007478
0.226316
0.200494
0.118399
-0.247379
-0.124252
-0.291439
-0.083086
0.357981
0.068459
-0.185734
0.042834
0.378697
0.390119
0.050080
0.073697
0.019387
0.280582
0.106592
-0.192920
0.257162
-0.355620
-0.164946
0.243125
-0.098372
-0.077618
-0.499299
0.411297
-0.297618
-0.090358
0.262950
-0.065762
-0.159339
-0.720926
0.260409
0.006428
-0.556656
0.204454
-0.250615
-0.318916
0.208214
-0.346952
-0.304334
-0.100340
-0.174865
0.076798
0.381540
-0.055389
0.400688
0.258908
0.151395
0.049852
-0.079050
0.153457
0.411563
-0.237621
-0.044460
0.007744
0.028800
0.553394
0.250945
0.475791
0.613086
0.018751
0.290669
0.060758
0.350251
0.217910
-0.443969
-0.473820
-0.243998
0.221774
-0.055686
-0.347031
-0.199945
-0.217183
0.384183
-0.186336
0.079759
-0.487754
0.319574
0.438932
-0.529998
0.062897
0.145702
-0.058415
0.319454
0.219320
0.387519
0.332770
0.428156
0.143564
-0.644953
-0.344793
0.180865
0.130379
-0.695483
0.567075
0.258365
-0.105138
-0.278334
0.122591
-0.556613
0.259947
-0.256327
-0.050519
0.258795
0.204764
0.476856
0.465935
0.198960
0.235644
0.245099
-0.180083
0.338628
0.048369
0.630710
0.541266
-0.199098
-0.077031
-0.284658
-0.085303
0.265234
0.222264
0.353004
-0.291761
-0.050968
-0.407000
-0.024909
-0.151257
-0.530494
0.221269
0.099555
-0.231476
-0.547872
-0.286287
-0.447536
0.507894
0.204615
-0.041035
0.420658
-0.088897
0.138145
0.598182
-0.195439
0.632754
0.177506
0.462663
0.509165
0.182939
-0.180238
-0.479211
-0.421241
-0.043216
-0.424425
-0.282469
0.501683
0.360816
-0.230330
-0.309306
-0.147175
-0.355399
0.382832
-0.471822
-0.267001
-0.037088
0.136916
0.559048
0.036700
-0.180461
-0.070469
0.110227
0.040337
-0.115335
0.135464
0.143613
0.416705
-0.228494
0.107233
-0.410405
-0.362204
0.069011
0.292650
-0.251274
0.144477
0.202295
-0.144546
0.191357
0.139914
-0.267956
-0.154884
0.162772
0.338502
0.455959
0.277106
-0.055167
-0.395461
0.182528
-0.163259
-0.230305
-0.579941
-0.297018
-0.497660
0.169767
-0.493948
0.009494
-0.525203
0.105357
-0.637126
-0.179132
0.530684
0.112197
-0.388128
0.251740
-0.060614
-0.485033
-0.318231
0.212063
0.150200
0.165018
0.450602
-0.099999
0.705412
-0.344752
-0.214459
-0.369111
0.807289
0.089801
0.299765
0.635558
-0.347166
0.034227
-0.138487
0.486927
0.578148
-0.109012
0.319325
-0.318841
-0.025035
-0.055916
-0.383338
-0.024498
0.169455
-0.491935
0.484811
-0.041119
0.266965
-0.039291
0.462449
-0.044378
0.182826
-0.269597
0.166946
0.066498
0.015531
-0.368501
0.074047
0.362183
0.215289
-0.009930
0.378962
-0.538126
0.250487
-0.186119
-0.235462
0.089302
0.164935
-0.085546
0.087936
0.307995
-0.391570
0.124409
-0.210089
0.216128
-0.374182
-0.183275
0.153131
0.142346
-0.596256
0.152002
-0.183122
-0.228485
0.317258
0.229361
-0.494560
-0.369243
-0.561003
0.219166
0.433952
-0.311884
-0.493815
0.039843
0.031552
-0.456638
0.222045
-0.000374
-0.295300
-0.559456
-0.319728
0.369823
-0.292429
-0.053279
0.326783
0.705546
-0.314644
-0.134742
-0.019702
0.231235
0.328401
0.054548
-0.405356
-0.424434
-0.334919
-0.257368
0.416108
-0.393216
-0.226620
-0.265324
0.178573
-0.219537
0.307396
-0.178986
-0.128396
0.371447
0.460629
0.446421
0.313235
-0.286868
0.208889
0.225921
0.025740
0.217167
0.322155
0.048764
0.452285
-0.354181
-0.033524
-0.463192
-0.266916
-0.301204
0.216531
0.389866
-0.035942
-0.211959
0.468296
0.147893
-0.511168
-0.594857
0.350545
-0.383197
0.103870
-0.173488
0.038386
0.376463
0.331833
0.553578
0.583665
-0.383009
0.118851
-0.406758
0.085430
-0.183897
-0.038305
-0.675188
0.271840
0.178723
0.119697
0.164451
0.385905
-0.448727
0.076567
0.284297
-0.290859
-0.196441
0.465554
0.593317
0.273602
-0.258320
-0.206328
0.566838
0.192183
0.066255
0.322487
-0.305277
-0.061857
-0.037062
0.741592
0.328658
0.415629
-0.429077
-0.082323
-0.467328
0.545836
-0.305007
-0.035496
0.318563
-0.048936
0.194971
-0.027602
-0.344406
0.091396
0.746429
-0.066511
-0.096022
-0.353540
-0.422255
-0.194886
-0.166796
-0.050937
0.530218
0.191892
0.516943
-0.423381
-0.638486
-0.364047
-0.041967
-0.326096
-0.164762
-0.365236
0.042422
0.644996
-0.149288
-0.076446
-0.832655
0.184223
0.605338
0.296983
-0.441786
-0.748068
0.146411
-0.539050
-0.239622
-0.130976
-0.197255
-0.618700
-0.024075
0.416528
-0.058533
-0.144945
-0.131985
0.087968
0.293459
0.317769
0.122827
-0.215644
-0.108045
-0.272827
-0.490802
0.103153
-0.758091
0.195244
-0.019776
0.156340
0.333605
-0.374798
0.089254
0.282390
0.117938
-0.193942
-0.064122
0.402489
-0.126742
-0.303522
0.171182
0.408836
-0.391859
-0.530570
-0.009518
-0.706204
0.049490
-0.208771
0.172969
0.584842
-0.034046
0.559521
0.400073
-0.115906
-0.094448
-0.514215
-0.046406
-0.109226
0.375103
0.425795
-0.269598
0.659544
-0.128229
0.362647
-0.360735
-0.245648
0.011638
-0.522790
0.223688
0.267825
0.294362
-0.042183
-0.013830
0.263164
0.333901
-0.411527
0.353210
0.013649
-0.171899
-0.468123
0.196189
-0.263764
0.069498
-0.131245
-0.044069
-0.619635
-0.279232
-0.234760
-0.430262
0.334589
0.146771
0.372403
-0.220994
-0.305307
0.376444
0.413527
0.055720
-0.303547
-0.079597
0.130605
0.211085
0.076121
0.205253
0.564963
0.221342
-0.599200
0.071469
-0.664509
0.325895
-0.019900
-0.282116
-0.189274
0.008499
-0.001168
-0.301938
0.331835
0.303844
0.541215
-0.456348
0.241069
0.478876
0.574149
0.036992
-0.469693
0.325421
0.066660
-0.384516
-0.653087
0.502497
0.199808
0.392354
0.232254
-0.039231
0.072193
0.285169
0.381669
0.211914
0.096649
0.225977
0.321169
-0.282870
-0.472801
-0.415983
0.024379
0.402522
-0.906658
-0.224999
0.343554
0.440935
-0.136561
0.341859
0.577025
0.937157
0.129534
0.465492
0.091681
0.182864
0.025265
0.437735
0.435308
0.173847
0.551174
-0.106697
-0.824579
0.086348
0.136564
-0.635526
-0.197965
-0.387941
-0.339421
-0.461465
0.040761
-0.477189
0.100039
0.139266
-0.562654
-0.362688
0.787905
0.170255
-0.584725
0.421224
0.473387
-0.148655
0.088577
-0.398380
-0.071397
-0.259366
0.040442
0.132063
0.193865
-0.149281
-0.365787
0.454340
-0.241800
-0.571803
-0.312901
0.351035
0.285496
0.503401
-0.365549
0.175812
0.342287
-0.190422
0.187175
0.372978
-0.314073
-0.271567
-0.017059
-0.758308
-0.317695
-0.522382
0.061172
-0.462598
0.036927
0.470277
0.003631
0.002853
0.259718
-0.125892
-0.354824
0.138668
-0.036707
0.118260
-0.051606
-0.520449
-0.142069
-0.099552
-0.063072
0.137001
-0.566089
0.311164
0.155639
0.342911
-0.182183
0.230029
0.241465
0.397220
0.366750
-0.220374
-0.296403
-0.621287
-0.404906
-0.647954
0.014792
0.318307
0.401322
-0.182889
-0.502003
0.108122
-0.018702
0.002908
-0.365718
0.406962
-0.211650
-0.377283
0.009057
-0.146107
0.284452
0.477172
-0.349347
0.233559
0.053862
-0.301070
0.215088
-0.361744
0.651918
0.479241
-0.234935
-0.002744
-0.439471
-0.304620
-0.372586
-0.328782
-0.137482
0.104099
0.160502
0.389952
0.137460
-0.161723
-0.203362
0.716045
-0.120461
-0.558600
-0.460406
0.009947
0.142792
0.546482
0.492147
-0.945508
-0.506158
0.267916
0.155647
0.192486
-0.340130
-0.379776
-0.514015
0.022357
0.103941
-0.381779
-0.144801
0.245328
-0.484085
-0.656733
-0.363712
0.006625
0.028433
0.052712
0.265495
-0.310799
-0.084150
-0.028115
0.684192
-0.128991
-0.158397
-0.643107
0.596855
-0.127324
0.346574
0.218645
-0.209968
-0.293465
0.113883
-0.078958
-0.395361
0.469260
0.142731
0.243837
-0.164691
0.542800
-0.077379
0.064697
-0.131418
-0.103521
-0.701301
0.455397
0.236951
0.423130
0.238160
-0.360572
0.071870
0.123231
0.344899
-0.629067
0.114054
0.350758
-0.273589
0.097458
0.021346
0.160555
0.213759
-0.096589
0.223366
0.190453
-0.088746
0.317161
