0.032097
-0.689068
-0.251413
-0.005112
0.454187
-0.289654
-0.044614
0.530882
0.418855
0.426129
-0.289552
-0.287765
0.081414
-0.213877
-0.014140
0.204931
-0.441953
-0.535451
-0.204511
0.235356
0.607826
-0.043822
-0.494786
0.417009
-0.353384
0.297373
0.011637
0.495141
-0.121255
0.041027
0.787393
-0.087695
0.398409
-0.281326
-0.579563
0.191485
0.036030
0.424984
-0.118019
0.421883
-0.342842
0.019489
-0.217382
-0.138366
0.414359
-0.464839
-0.219968
-0.434406
-0.076259
-0.142339
-0.009805
-0.104224
-0.143810
0.029084
-0.115683
-0.458933
-0.123593
-0.087160
-0.424877
0.105308
0.044949
-0.291128
-0.601423
-0.064213
-0.252065
-0.652176
0.337079
0.005477
-0.339041
-0.267747
0.355164
-0.434988
0.288868
-0.060771
0.283340
-0.229370
-0.013241
0.207288
0.010414
-0.523550
-0.130237
-0.286218
-0.552049
-0.251068
-0.332963
-0.011401
0.255423
0.768937
0.169415
0.406712
0.204251
-0.235124
-0.057095
-0.203553
-0.056342
-0.583391
0.222286
0.368408
-0.280092
0.202468
-0.291893
0.305389
-0.156640
-0.534315
0.055349
-0.222989
-0.219231
-0.530279
-0.105424
0.012700
0.024408
0.200705
0.018511
-0.493276
-0.362951
-0.105006
0.141417
-0.001782
-0.155311
0.453179
0.669713
0.696512
0.290898
-0.428996
-0.400316
-0.372636
0.059894
0.210823
-0.003804
0.418898
0.275782
0.171745
0.175056
0.249762
0.017428
-0.208208
-0.165711
0.399239
-0.154599
0.394152
-0.593669
-0.041441
-0.108531
0.262556
-0.127839
0.169703
-0.164754
0.009352
0.279655
-0.363428
0.179207
-0.220789
0.526380
-0.273615
0.445738
-0.127645
-0.465579
-0.328316
-0.293981
-0.278897
0.180832
-0.107164
-0.096181
0.021313
0.282736
0.588250
-0.195263
-0.412018
-0.011557
-0.263808
-0.060041
-0.043083
0.112427
-0.216211
0.283810
-0.635389
0.268205
-0.242342
0.157706
-0.086543
-0.206676
-0.083045
-0.132551
-0.043184
-0.086229
0.062378
0.219401
-0.543221
0.088534
-0.225049
0.042140
0.423784
-0.181502
-0.132552
-0.417092
-0.013236
0.293918
-0.554282
-0.229205
0.536970
0.214263
-0.033418
0.203791
-0.259844
-0.203259
0.023084
0.382342
0.210591
-0.223649
-0.016629
-0.497362
0.518968
0.097464
-0.084603
0.505730
0.242519
0.205252
-0.280000
-0.025152
-0.050066
-0.295753
0.397114
0.131484
-0.127603
0.462933
0.386510
-0.585487
-0.399117
-0.168201
-0.368148
0.041450
0.108955
0.005019
-0.288102
-0.487517
0.274018
-0.029796
-0.204329
-0.351479
-0.440769
0.079886
0.005761
-0.649582
0.138396
0.287259
0.098131
-0.169663
-0.215472
-0.194650
0.039371
-0.111385
-0.350867
-0.342847
0.137713
0.274084
-0.118953
-0.153361
0.222596
-0.146650
0.405295
0.265519
0.066906
-0.382340
-0.441080
-0.283665
-0.154974
-0.592860
0.071358
-0.028075
0.407187
0.338483
-0.312316
0.286021
0.022291
-0.397930
0.260943
0.195347
-0.167370
0.339567
-0.209284
0.304006
-0.174037
0.463643
0.012242
-0.186518
-0.267725
-0.090849
-0.570477
0.412950
-0.409816
-0.380558
-0.566405
0.198931
0.343060
0.267041
0.014559
0.356566
-0.639757
0.279192
0.380316
0.253091
-0.019431
-0.217991
-0.492090
-0.392352
-0.259983
0.097204
0.035230
0.198067
0.472382
-0.047300
0.448316
0.172875
0.060588
0.437949
-0.624352
-0.411519
-0.264723
0.266971
-0.060769
-0.447780
0.236958
-0.102194
-0.148103
-0.168427
0.407941
-0.459241
0.293455
0.621909
-0.431078
0.459132
-0.180833
0.216152
-0.205585
0.117300
0.377624
-0.471707
0.374263
-0.387848
0.176215
0.114365
-0.055577
0.119480
-0.219599
0.286389
-0.361916
-0.357057
-0.070476
-0.604265
-0.636125
0.221456
-0.383497
0.016463
-0.143552
-0.406484
0.294877
0.371831
0.163961
0.315628
0.064092
-0.460237
0.612675
-0.291291
0.121344
0.231999
-0.117664
0.565027
0.032012
0.103022
0.036261
-0.028097
0.373313
0.061155
0.216087
-0.084415
-0.537980
-0.111029
0.456574
-0.308987
0.371790
0.012831
-0.777480
-0.439062
-0.224854
-0.513746
0.550868
-0.084269
-0.356099
0.541972
-0.084069
0.137636
-0.551474
0.447790
-0.690051
-0.412433
-0.365005
0.265231
-0.464212
-0.522169
0.008286
-0.032776
-0.529252
-0.160616
0.245546
0.502828
0.083362
0.506755
-0.105122
-0.420357
0.451474
0.023653
0.182585
-0.381833
0.014967
-0.173440
-0.145830
-0.229878
-0.259605
0.388498
-0.399713
0.261772
0.337596
0.093910
0.299581
-0.063030
-0.187605
0.451983
0.261339
-0.061083
-0.202197
0.216463
0.144966
-0.055876
-0.637841
-0.247979
-0.016893
0.313091
-0.133816
-0.029445
0.338916
0.279075
-0.084543
-0.371696
-0.289415
0.483769
0.044409
0.132669
-0.347929
0.268381
-0.215466
-0.296200
0.400123
0.121957
-0.093789
0.343258
0.047646
0.124290
-0.146800
0.238206
0.186310
0.569637
-0.234831
0.365974
0.298279
-0.373024
-0.441786
-0.094202
-0.016284
0.004834
-0.635960
-0.175730
-0.265460
0.398839
0.413794
-0.036267
0.089463
-0.643829
0.159608
-0.138905
0.246977
-0.418698
-0.128170
-0.140174
0.357121
-0.257043
-0.431683
0.312102
-0.380237
-0.454193
0.115884
-0.516309
0.252229
-0.216329
0.398266
0.180056
-0.072565
-0.044036
0.301563
0.172215
-0.204633
-0.199999
-0.177631
0.209029
-0.031051
0.548457
0.503113
-0.488512
0.148079
-0.398409
0.454796
-0.111619
-0.255312
-0.349073
-0.195455
-0.146747
-0.395948
-0.666153
-0.607781
-0.306416
-0.574817
-0.263427
0.421074
-0.299753
-0.024816
-0.084436
-0.506225
0.213047
0.386990
-0.572560
0.086765
0.292981
0.080494
0.166396
0.474693
0.357439
-0.004371
0.444934
0.336360
0.279783
0.013629
-0.047040
-0.462609
-0.020926
0.353214
0.000148
0.159829
-0.110168
0.078647
0.116869
0.435718
0.132480
-0.209319
0.618621
-0.312100
-0.102877
-0.140009
0.413527
0.003418
-0.224808
-0.244289
-0.125224
0.387742
0.177104
-0.162068
0.400511
0.181770
-0.417284
-0.191913
0.034288
-0.587702
0.323541
0.316458
0.356609
-0.371380
-0.131162
-0.295231
-0.016610
0.240102
-0.401601
-0.528044
-0.039441
-0.222088
0.213480
0.478700
0.311624
-0.242047
0.148075
-0.131353
-0.097231
-0.072205
0.274912
0.183384
0.126020
-0.508035
-0.232444
-0.003097
-0.112681
-0.365049
0.257858
0.084348
-0.109124
0.267351
0.373751
0.366342
-0.217424
-0.346480
-0.578144
-0.159120
-0.215795
0.137187
0.271894
0.063546
0.308182
0.971420
0.243047
-0.387275
-0.246063
-0.039029
0.445356
0.180288
-0.201560
0.124052
0.296950
0.099002
-0.728181
0.228110
0.119138
-0.351104
-0.556359
-0.708584
-0.005842
0.043840
0.192893
0.407683
-0.359975
0.329936
0.460161
-0.383321
0.030373
0.087812
0.135633
0.553667
-0.195913
-0.378794
-0.555767
0.148043
0.513376
0.029569
0.009115
0.054879
0.204112
0.025937
-0.283678
-0.432736
-0.245629
0.189371
-0.384672
0.301147
-0.278759
0.548263
-0.415525
-0.247203
0.024784
-0.167976
0.059439
-0.170755
0.637082
0.471372
0.090667
0.391573
0.506412
-0.027929
0.258346
-0.483235
0.398816
0.407860
0.371465
-0.018400
-0.497870
-0.064593
-0.383552
-0.427467
-0.688355
0.112261
-0.312526
-0.361341
0.289278
-0.379459
-0.101158
0.183044
-0.075122
-0.196826
-0.132109
0.169600
-0.246538
-0.035011
-0.121187
0.076780
0.068231
-0.059862
-0.401302
-0.452931
0.004522
0.170936
-0.522209
-0.129990
0.271484
0.178637
0.620221
-0.430577
0.124038
0.439907
-0.030091
0.641362
-0.650450
0.341413
0.468303
-0.469384
0.076375
0.619972
-0.479963
0.550430
-0.301360
0.033851
-0.431902
0.271956
-0.155924
-0.410476
-0.377701
-0.365778
-0.371344
0.446492
-0.277014
0.412535
-0.312091
0.078740
0.009060
0.165072
-0.568890
-0.382952
-0.429554
-0.263544
0.212835
-0.515025
0.003753
-0.138780
-0.025135
-0.026719
-0.001605
0.682710
-0.508821
0.360888
-0.397148
0.534368
-0.089803
-0.113520
-0.403633
-0.261428
0.048084
-0.379511
-0.157623
-0.186801
0.119442
0.343678
-0.081856
-0.066178
0.362257
0.710439
-0.029848
0.221517
-0.375672
-0.463919
0.261018
0.503547
-0.054957
-0.098512
0.502859
0.549673
-0.250248
0.209642
-0.319764
-0.644804
0.473490
0.381074
-0.510507
-0.291347
0.496386
0.356671
0.048506
0.028972
-0.162847
-0.032170
-0.221570
0.397440
0.008285
0.099565
0.247120
0.121229
-0.145959
-0.643630
-0.289268
0.206366
0.508340
-0.219747
0.338787
0.296239
-0.502728
0.116197
0.477289
-0.395679
0.212640
-0.088838
0.155017
-0.288890
0.312280
0.223830
