0.400797
0.367676
-0.019250
-0.215280
-0.182299
0.062737
0.350828
0.436978
-0.065244
0.282290
-0.068843
-0.099002
-0.457628
0.437375
-0.469561
0.057219
0.242483
-0.238966
0.295429
0.458505
-0.007459
-0.047085
-0.492878
0.519191
0.057409
-0.222670
0.522723
-0.093466
0.457921
-0.025264
-0.179340
-0.334314
-0.366726
-0.027832
-0.568380
-0.639985
0.236908
0.365466
0.207115
0.323412
-0.069508
-0.213587
-0.369557
0.053489
-0.615155
-0.498151
0.090574
0.004105
-0.207751
0.171907
-0.292415
-0.331144
-0.197255
-0.479726
0.379016
0.405014
0.158957
-0.148380
-0.386091
-0.486817
-0.207934
0.091014
0.480167
0.336095
-0.116175
0.363059
-0.576896
-0.207769
0.288197
-0.278434
0.159531
-0.322722
0.205924
0.489634
0.457896
0.222121
0.273201
0.366788
0.659539
-0.446086
-0.161752
0.300012
-0.393886
0.301499
-0.326906
0.232682
0.341653
0.236895
-0.245356
-0.082514
-0.183158
-0.460128
0.267384
0.300524
0.126145
0.209070
0.164613
-0.380022
0.617036
0.202468
-0.281341
0.641508
0.161066
0.295460
0.014450
-0.347720
-0.102427
0.169610
0.040905
-0.591657
0.320500
0.300791
-0.374566
-0.418928
0.398311
-0.142350
0.225378
-0.453176
0.003670
-0.254252
-0.356272
0.465232
-0.137993
-0.159164
-0.101490
0.505658
0.335025
0.125188
0.032041
-0.297283
-0.629637
0.415655
0.294179
0.081718
-0.503997
0.336755
0.585309
0.411662
0.395994
0.225940
0.107055
-0.214265
-0.719699
0.151379
0.129357
0.166488
-0.201048
0.565307
-0.325267
0.334235
0.091740
-0.355044
0.227436
0.103288
0.035582
0.104977
-0.210378
-0.247736
-0.595990
-0.489876
0.126732
0.024448
0.221600
-0.185148
0.322602
0.104587
0.420695
0.347566
-0.428483
-0.283465
0.382228
-0.422687
0.047647
-0.061234
0.145692
-0.025766
0.502672
-0.189081
0.387473
-0.016366
-0.162418
0.021708
0.277935
0.181502
0.029441
0.298941
-0.016741
0.623575
-0.037837
-0.440749
-0.026402
0.040263
-0.325741
0.404906
0.537188
-0.014262
0.305912
-0.512424
0.009356
-0.541273
-0.061210
0.146461
-0.373930
-0.365560
-0.257055
-0.353250
-0.163703
0.244474
-0.086080
-0.035643
0.462005
0.446660
-0.134194
0.016190
0.458556
-0.173066
0.059211
-0.224992
-0.142353
0.196469
-0.275462
0.041496
-0.366936
-0.719321
-0.111309
0.294034
-0.300738
-0.400730
0.161559
-0.336878
0.106956
-0.117178
-0.423703
0.228605
0.387079
-0.108606
-0.319599
-0.107949
-0.592730
-0.137877
-0.534972
0.042315
-0.335276
0.034882
-0.573368
-0.171448
-0.241276
0.124487
0.754894
0.548791
0.124826
-0.343568
0.139742
0.408206
0.088836
-0.527061
-0.174170
0.437869
0.199945
0.216916
-0.015257
-0.599047
-0.233971
0.600396
-0.384866
-0.175259
-0.694936
-0.337944
-0.141450
-0.169282
-0.342171
-0.519496
0.419768
0.142868
0.324413
-0.469088
0.110905
-0.286505
0.213136
0.228054
0.556485
-0.200466
0.104715
0.494746
0.178225
0.335657
0.271851
0.102699
-0.473345
-0.028609
-0.788983
0.262681
0.209647
-0.603008
0.132618
-0.674701
-0.212815
-0.362782
0.618708
-0.031485
-0.077275
-0.077639
-0.335855
0.084831
-0.346614
-0.241994
-0.377717
0.021165
-0.371115
-0.198983
0.151293
0.127523
0.147439
-0.337295
0.428182
0.141418
-0.341200
0.606118
0.492918
-0.275701
0.217819
0.016080
0.473720
0.691987
0.066057
-0.106369
0.130657
0.500001
0.047926
0.422078
-0.283382
-0.211548
-0.285633
-0.285105
0.076905
0.301430
-0.174195
0.371355
-0.369084
0.145163
0.329121
-0.504967
0.255882
0.487051
-0.019702
-0.337654
-0.146854
-0.188810
-0.645003
-0.414211
-0.437920
0.667778
-0.360344
0.644457
-0.308420
0.135978
-0.851551
0.738756
-0.546687
0.120317
-0.379516
0.285697
-0.079687
0.072507
-0.681390
0.203034
-0.440031
-0.629029
0.012679
-0.674609
0.415020
-0.289917
-0.272957
0.534363
-0.008741
-0.580338
0.110907
-0.510932
-0.202335
-0.693678
-0.262918
0.344174
0.016187
-0.290587
-0.473570
0.088977
-0.153004
-0.099060
0.171530
-0.150396
-0.206706
0.247838
-0.521616
0.221345
-0.083035
-0.209206
-0.426667
-0.142259
-0.256772
-0.090044
-0.693391
-0.438989
-0.071963
-0.293656
-0.064603
0.155709
0.039481
-0.063384
-0.391445
0.022056
-0.386705
-0.392114
-0.323913
0.171893
-0.185081
0.287187
-0.090051
0.283439
-0.549000
-0.511850
0.452187
-0.096303
-0.171735
0.319165
-0.211487
0.127056
0.478298
-0.450063
-0.223482
-0.193308
0.169743
-0.226018
-0.410138
0.188210
-0.073774
0.082501
0.017672
-0.378855
0.051972
0.284557
0.381783
0.335931
0.148049
-0.578546
0.389028
-0.142994
-0.543101
-0.509649
0.070013
0.668484
0.318407
-0.032023
0.528902
0.086125
-0.511860
-0.266247
-0.351673
0.205122
0.251258
-0.020744
0.289258
-0.215184
0.395601
0.249059
-0.162884
-0.282898
-0.574089
-0.268929
-0.015926
0.004391
0.464498
0.145186
-0.687838
0.278938
-0.068341
0.341125
0.365278
0.083533
0.518327
-0.114314
-0.652103
0.245792
-0.140217
0.230527
-0.129111
0.501851
0.107748
-0.284104
0.444031
0.056662
0.093926
0.533192
-0.387783
0.293437
-0.192821
0.118197
0.037445
-0.160435
-0.005396
-0.245578
0.145495
0.458741
-0.069657
0.043718
0.270753
0.252015
-0.204548
-0.191924
0.214739
0.018328
-0.101608
0.001920
0.124796
0.016236
-0.446376
0.202439
0.015841
-0.317367
0.367804
0.517507
-0.271801
0.103488
0.329807
-0.546815
0.227452
-0.390892
0.560780
0.135227
0.178560
-0.492877
0.293317
-0.182988
0.299264
-0.212426
0.544574
-0.441848
0.364920
0.074089
0.059525
0.379677
0.394829
0.274633
0.507103
0.205007
0.247743
0.112473
-0.284420
0.466715
-0.480548
0.582887
0.261881
0.120062
0.313547
0.654818
0.405522
0.026371
0.145615
0.265626
-0.322303
-0.097919
0.360891
0.243813
-0.579306
0.337272
0.332567
0.543236
-0.304763
-0.060936
0.020186
-0.304031
-0.106471
-0.090010
0.175443
0.089040
-0.701642
0.457282
0.260669
-0.140534
0.319676
-0.087719
0.487671
-0.059001
0.218271
0.105604
-0.449332
0.332958
-0.112821
-0.544252
0.391398
-0.012403
0.100131
0.001594
-0.338897
-0.126739
-0.365055
-0.074462
0.040612
-0.019689
0.464712
0.425731
-0.283298
-0.147956
0.132569
-0.090723
0.437053
-0.238464
0.066472
-0.449285
0.320487
0.289179
-0.428564
0.095309
0.066499
-0.008578
0.075887
0.009325
-0.343023
0.343300
0.350284
0.338283
0.636324
-0.113799
-0.434038
-0.104065
-0.714094
0.277368
0.076112
-0.164234
-0.261430
-0.092105
0.234296
0.336266
0.072966
-0.351075
0.330108
0.225352
0.782683
0.138817
0.197429
-0.042666
0.571091
-0.062926
0.051078
0.101328
-0.024112
0.290040
0.425778
0.081894
0.519508
0.325192
0.202437
0.020647
-0.252179
-0.195513
0.082268
0.673209
0.698755
-0.446596
0.289243
0.275754
0.204359
-0.127613
-0.510790
0.330135
0.308259
0.212475
0.367999
-0.479021
0.033663
-0.476386
0.075081
-0.358204
0.231688
0.525931
0.356251
-0.094636
0.664201
-0.440006
0.121890
0.423456
-0.262383
-0.009701
-0.103186
0.385944
-0.294244
0.712761
-0.052295
-0.108855
0.557625
0.033964
-0.160143
0.263729
0.096715
0.398652
0.142804
-0.298836
0.152708
0.476292
-0.209105
0.365500
-0.197020
0.395679
-0.438979
-0.429244
-0.401535
-0.089051
-0.080912
0.156846
-0.236718
0.450203
0.131790
0.353553
0.032093
-0.497602
-0.045031
-0.180617
0.207526
-0.803815
-0.436835
0.285826
-0.587427
-0.276427
-0.563811
0.235683
-0.343866
0.413341
0.294870
-0.001074
-0.152005
0.295477
-0.104815
0.621988
0.260700
0.532917
0.424779
-0.412702
0.045723
-0.219601
-0.608647
0.426081
-0.122030
-0.411989
-0.046924
0.191963
-0.427152
-0.090189
0.189102
-0.045091
0.454999
0.242619
0.539314
0.311615
0.473196
0.519335
-0.499971
-0.166428
-0.491112
-0.464089
-0.049511
-0.468774
-0.326042
0.184225
-0.436430
-0.113500
0.226052
-0.240953
0.241260
-0.027072
0.298593
-0.307958
0.291375
0.244318
0.590363
0.346061
0.228147
0.025902
-0.300488
0.033524
0.113241
-0.372376
0.004891
-0.332383
-0.177534
-0.132082
0.289800
0.365671
-0.042756
-0.141049
-0.564286
-0.348340
-0.364094
-0.310597
-0.070350
-0.376753
-0.071166
-0.347566
0.108323
0.085591
-0.304946
-0.392832
0.036004
0.456629
0.222889
0.134723
-0.238835
0.013342
-0.130150
0.259627
0.414532
-0.352742
-0.324500
0.252484
-0.634195
0.061825
0.150295
0.090119
