0.011600
-0.184085
-0.197147
-0.083589
0.297938
-0.324011
0.437313
0.130035
0.113225
-0.116598
-0.444298
-0.384580
0.201145
-0.248499
-0.573228
-0.480071
0.064699
-0.280809
-0.294843
0.527285
0.291466
-0.144232
0.144835
-0.316299
0.207894
0.297292
-0.036951
-0.304020
-0.418896
-0.195906
0.319432
0.326739
0.028728
-0.215856
-0.016792
0.155666
-0.392407
0.124438
-0.047676
0.339940
0.189545
-0.145760
-0.081402
0.515449
-0.281145
-0.362741
0.696199
0.022083
-0.088796
-0.421377
-0.342538
0.072779
0.035999
-0.251464
0.046887
0.488260
-0.025781
0.069136
-0.455890
0.274520
0.092033
0.376275
0.046413
0.544348
-0.017533
0.223948
-0.404333
-0.532405
0.240480
-0.338689
0.158897
-0.429868
0.276617
-0.385729
-0.516450
-0.144381
0.182891
-0.025780
0.001486
-0.574628
-0.161752
0.212454
-0.079582
0.252190
0.111736
0.159935
-0.250196
0.768937
-0.047838
0.177377
-0.387627
-0.020903
0.045497
0.207595
-0.072606
-0.241191
0.075228
-0.542809
0.572215
0.402944
0.198419
-0.476123
-0.057424
0.264241
0.009648
-0.255409
0.524245
0.248475
0.410023
0.235772
-0.130892
0.203399
-0.141354
-0.118271
0.012029
-0.348816
0.336393
0.325039
0.129086
-0.319249
-0.249405
0.542035
0.150070
0.545640
0.088919
0.356581
-0.124818
0.452701
-0.392348
-0.423019
-0.252152
0.163976
-0.040698
0.404884
0.379394
0.398023
0.422810
-0.401690
-0.177446
0.213615
-0.039838
-0.122021
-0.143890
0.077394
-0.124859
0.040598
-0.040076
-0.480323
-0.378420
0.252414
0.250487
-0.331899
-0.109130
-0.281364
-0.383636
0.447454
-0.278107
0.232586
-0.028064
-0.277064
-0.160932
-0.164753
0.498581
-0.178881
-0.680440
-0.320202
0.245772
-0.357192
0.083909
-0.377123
0.537780
0.518543
-0.246692
-0.101960
0.432786
-0.142668
-0.067851
0.603798
-0.005122
0.093652
-0.141169
0.201665
0.013157
0.492945
-0.025801
0.347761
-0.046063
0.271939
-0.166141
-0.013458
0.653061
-0.125108
-0.080519
0.293067
0.400924
-0.276358
-0.004820
-0.488343
-0.034894
-0.394844
0.035696
0.114225
-0.051264
-0.531485
-0.146110
0.035319
0.106132
-0.333356
0.360149
0.295883
0.230176
-0.294120
-0.703707
-0.004981
0.339637
0.262486
0.349629
-0.286103
0.690402
0.479071
-0.416409
-0.277378
-0.496593
-0.671418
0.263348
-0.158996
0.221797
0.056718
-0.208929
0.042300
-0.241314
-0.051753
-0.252755
0.265591
0.578825
0.108029
-0.069731
-0.257741
-0.485394
-0.173318
0.456950
0.300179
0.050247
0.073993
-0.174653
0.548823
0.414399
-0.319633
0.348436
-0.669164
-0.022922
0.184517
0.115030
-0.195643
-0.092535
0.622073
-0.303235
0.594415
-0.362650
-0.520600
0.082145
-0.625372
-0.345321
-0.445095
-0.327592
-0.167613
-0.521809
0.338587
-0.163012
0.114287
-0.147016
-0.279387
0.419546
0.484050
0.199277
-0.434036
0.177251
0.015889
-0.026370
-0.089608
0.310356
-0.384849
-0.298015
0.407524
0.219445
-0.484098
0.006157
-0.570477
0.237519
-0.312562
-0.466853
-0.351849
-0.322444
0.112162
0.591363
-0.093511
-0.337536
-0.693534
0.303654
0.179554
0.130079
-0.154513
0.001914
0.082404
-0.088640
-0.348316
-0.026938
0.321012
-0.155977
0.509265
-0.086691
-0.088265
0.074025
0.071523
-0.450583
-0.213150
0.592669
0.060720
-0.187987
0.104515
-0.098275
0.148216
-0.032397
0.230607
-0.465636
-0.587489
0.236391
-0.117324
-0.645781
0.068770
0.047260
-0.242548
0.110832
0.533079
-0.016933
0.037460
-0.308481
-0.510891
-0.334702
0.268489
0.228681
0.168261
-0.290030
0.271690
-0.012992
-0.395447
0.358352
0.040125
-0.398344
0.291935
0.363292
0.628118
0.221587
0.490350
-0.667015
0.374578
0.195919
0.547910
-0.431492
0.037157
-0.149009
0.390148
0.178094
-0.093738
-0.313827
0.190249
0.025343
0.366543
0.079887
-0.391347
0.014405
-0.181827
0.540457
0.537327
-0.185592
-0.010966
-0.028338
0.354978
0.222630
0.246372
0.141910
-0.430662
0.084775
0.045754
-0.610380
-0.459776
0.270124
-0.340918
0.202146
0.618181
-0.046426
-0.206441
0.392973
0.128844
-0.080147
-0.477339
-0.061929
0.241631
0.027216
-0.538618
-0.265606
0.476476
-0.350484
-0.004183
0.429081
0.041623
0.110728
-0.354670
-0.307273
0.344552
-0.327477
-0.174942
0.037550
0.312924
-0.411283
-0.312284
-0.076364
0.251595
-0.365138
0.377415
0.113426
-0.447652
-0.053877
0.096921
-0.102295
0.451549
0.090802
-0.458221
-0.436931
-0.110153
0.319072
0.283868
-0.396208
0.100866
0.591858
-0.283117
0.137108
0.359683
-0.451845
0.009338
-0.265353
0.542600
-0.004553
0.425522
-0.183360
-0.164747
-0.061742
-0.201420
0.414272
-0.352911
0.345262
-0.245812
0.187638
0.229935
-0.383336
-0.376498
-0.663361
-0.630286
-0.251297
-0.132946
-0.430085
0.131980
0.231550
0.290372
-0.523745
0.132354
-0.570745
-0.366930
-0.384118
-0.643477
0.147281
-0.171544
-0.095623
0.134700
0.270944
0.337532
0.479459
0.033814
0.039831
-0.233758
0.795010
-0.048882
-0.348925
-0.234954
0.020169
0.187162
-0.257165
-0.190934
0.018742
-0.497569
0.096262
0.378035
0.318232
0.154441
-0.101719
0.113292
-0.186420
-0.018853
0.381730
0.379556
-0.632534
-0.030796
0.404410
-0.479477
0.461437
0.080798
0.474990
0.188865
0.316921
0.590142
-0.227076
0.111903
0.283133
0.404721
-0.466318
0.153791
0.382109
-0.457116
0.325803
-0.136740
-0.289607
0.388753
-0.378882
-0.123166
-0.502998
0.372206
0.143981
-0.038458
0.321899
-0.503068
-0.445966
-0.029659
0.234207
-0.145003
-0.110610
-0.357103
0.211888
-0.158751
0.418832
0.058099
-0.165890
0.340943
-0.213996
0.104517
0.312727
-0.365887
-0.626391
-0.003842
0.192073
-0.313400
0.226242
0.455978
-0.410737
0.409511
-0.311919
-0.379401
0.129568
-0.133446
0.427761
0.106289
-0.108068
0.423616
0.045754
0.354752
0.236500
-0.626647
-0.291333
-0.219513
-0.150974
0.171677
0.323541
0.324658
0.298662
-0.360496
-0.262273
0.264361
0.134748
0.522254
0.612758
0.397960
-0.186152
0.617551
-0.381467
0.250087
-0.297797
-0.078363
0.254122
0.354446
-0.077277
0.252706
0.208298
0.387829
-0.387853
-0.143476
0.634726
0.418383
0.155801
0.179721
-0.084336
0.256067
-0.090841
0.287114
-0.226797
-0.482533
0.008617
-0.633701
0.495766
-0.486381
-0.064057
0.001390
0.357475
-0.012075
0.445363
0.498100
-0.011874
-0.577702
-0.119204
0.737940
0.016891
-0.769382
0.434826
-0.073721
0.244696
0.143413
0.238668
-0.118224
0.578779
0.448302
-0.641355
-0.255079
0.211536
0.405691
-0.035492
0.646831
-0.328929
0.198736
0.867688
-0.416420
0.311006
0.205736
-0.164433
-0.193131
-0.497479
0.634221
0.064425
-0.006387
0.389830
-0.045057
-0.213405
0.100646
0.046953
-0.429638
0.413767
-0.449435
-0.509041
0.190966
-0.483417
0.061852
-0.421571
0.448336
-0.238025
-0.671237
0.031519
0.094848
-0.313877
0.005414
-0.010279
0.169870
0.233953
-0.478569
0.742331
-0.111388
0.348309
-0.400526
0.105433
0.139953
0.014313
0.057285
0.315538
-0.607504
0.490287
0.186596
0.243352
0.428721
-0.245534
-0.378141
0.679225
-0.099552
-0.103705
-0.220650
-0.020102
0.092702
-0.120480
-0.035749
0.064736
0.162933
-0.424911
0.019402
-0.036379
0.636140
0.009302
0.235540
0.096618
0.034098
-0.372450
0.149134
0.184473
-0.409217
-0.249992
0.393112
-0.180671
-0.229188
0.327528
-0.112513
-0.347255
0.833578
0.160998
0.076844
-0.038934
0.432351
0.296824
-0.078652
0.075308
0.151671
-0.163981
-0.234082
0.586731
-0.545575
-0.142769
0.036854
0.122672
0.352756
-0.203156
-0.328782
-0.332976
-0.358821
0.280478
0.625848
-0.344701
0.075414
0.059708
-0.534925
-0.057233
-0.023056
-0.159880
0.106700
0.438763
0.090457
-0.265124
0.096196
0.366256
-0.329076
-0.397426
-0.431518
-0.173189
0.376241
-0.386194
-0.288961
-0.315804
0.300505
0.002695
-0.051958
0.076036
0.042385
0.152979
-0.132525
0.101635
0.262353
0.257155
-0.259624
0.199532
0.056676
0.170227
-0.232520
-0.290369
-0.042618
0.192714
0.117848
-0.477420
-0.412730
0.015698
-0.457225
-0.415279
-0.360432
-0.038894
-0.543425
-0.291764
0.296673
-0.487361
-0.515655
-0.241263
0.033283
0.092609
0.398373
-0.051172
-0.120986
0.529120
0.569672
0.525968
-0.443313
0.224454
0.116895
-0.107843
0.381735
-0.270328
-0.192042
0.073507
0.337837
-0.432212
-0.099957
-0.182415
0.001584
-0.560534
0.030345
-0.082785
-0.211154
