-0.169222
0.006180
-0.020911
0.062941
0.218195
-0.324708
-0.153016
-0.049219
0.455990
0.386670
-0.072130
0.364563
-0.405903
-0.370275
-0.489410
0.557685
0.355946
0.638349
0.172285
0.468061
0.180268
-0.339086
-0.532274
0.311779
-0.175214
-0.063858
0.003985
-0.394183
0.185379
0.402364
0.242346
-0.128571
-0.096132
-0.270829
-0.568380
0.030138
0.625997
-0.508663
0.339030
0.185595
-0.583822
-0.104241
-0.267094
0.195096
-0.568298
-0.372041
0.334761
-0.039149
-0.073349
0.385145
0.326089
0.471205
0.596549
0.293882
0.164134
0.458787
-0.261998
-0.332894
-0.304950
0.392170
0.156942
-0.521997
0.231000
-0.428890
-0.617966
0.413784
-0.616826
0.494261
0.178572
-0.326178
0.620901
-0.412366
0.183767
-0.364667
0.048256
-0.071816
-0.024422
0.463687
0.185236
-0.412443
0.078365
-0.534892
-0.135945
0.171800
-0.355361
-0.376694
-0.046603
0.081521
-0.163663
0.300924
0.320045
0.064099
-0.357228
-0.237621
-0.046993
0.052898
0.334960
-0.537857
-0.351157
0.367151
0.015099
-0.183595
0.132142
0.643157
0.747055
-0.307837
-0.132440
0.033720
0.387664
0.149726
-0.196951
-0.326082
0.008832
0.191438
-0.654104
-0.469137
0.215103
-0.152178
-0.092725
0.236536
0.101129
-0.050207
0.043204
-0.202230
-0.282536
-0.270805
-0.185500
0.149572
-0.295170
0.621526
0.121297
0.008471
0.296845
0.258227
-0.419472
0.293302
0.175704
0.241964
-0.330822
0.389437
0.595023
-0.423358
-0.225398
0.323129
-0.090600
0.210133
-0.308919
-0.583599
0.212772
-0.358163
-0.442864
-0.238914
0.429691
-0.177012
-0.364365
0.543156
-0.487551
0.214406
-0.253721
0.320809
-0.034317
0.281777
0.683028
0.253454
0.132484
0.183109
-0.511358
-0.279348
0.304192
0.468595
0.008452
0.438726
-0.032665
0.060851
0.118350
-0.115578
-0.619160
0.047074
-0.133867
-0.077337
-0.160253
-0.250790
0.155975
0.421188
0.681950
0.148496
0.113538
-0.415869
-0.049977
-0.367596
0.457342
-0.172391
-0.105897
-0.022968
-0.058355
0.418359
-0.387732
0.197074
-0.479769
0.551742
-0.043468
0.221414
-0.593199
0.481709
0.382835
-0.162048
0.168985
-0.190153
0.129250
0.040607
-0.326880
0.237650
0.560177
0.276121
-0.017688
-0.269651
-0.045830
0.660182
-0.230004
0.465675
-0.162456
-0.312394
0.416127
0.062602
0.103773
0.104567
-0.013383
0.352987
-0.281988
-0.368148
0.586289
0.131760
0.248221
-0.182556
0.004580
-0.128948
-0.095436
-0.161914
0.026538
-0.177840
-0.469271
-0.358860
-0.453750
-0.436825
0.440946
0.488998
-0.131200
-0.098089
-0.371085
-0.678088
-0.316506
-0.309263
-0.448158
0.068666
0.490935
0.410948
0.079859
0.507632
-0.274344
0.281378
0.400837
-0.318023
0.468556
-0.079240
0.372218
-0.158778
-0.011162
0.407773
0.210173
0.711785
-0.053030
-0.540765
-0.050981
0.015516
-0.309090
0.277101
-0.009364
0.323162
0.432244
0.133879
0.222712
-0.106308
-0.354745
0.298986
-0.187900
0.005247
0.271851
0.390653
0.398533
0.082403
-0.006786
0.098605
-0.211199
-0.196107
-0.168858
-0.047549
-0.330352
-0.009930
-0.273974
-0.009595
0.413633
-0.366164
-0.031797
-0.156988
-0.191229
0.395403
-0.321938
0.163039
0.047068
-0.600091
0.023681
-0.181665
-0.582377
-0.006862
0.433461
-0.125410
-0.244575
-0.313505
0.463463
-0.031006
0.121883
-0.442376
0.428403
0.333101
-0.580237
-0.267601
0.256324
-0.271151
-0.091815
-0.428043
0.316459
0.324497
0.346239
-0.113955
-0.068739
-0.014734
0.582019
0.016809
-0.036260
-0.236853
0.157103
0.116630
0.471019
0.324396
0.034280
0.038079
-0.052626
-0.260791
0.298723
0.316954
-0.172892
0.191830
0.374356
-0.096886
-0.055598
0.450049
-0.637211
0.430934
0.025186
0.567447
-0.076818
0.494069
0.295804
-0.060258
-0.607818
-0.260447
0.123882
-0.324526
-0.109368
-0.075965
0.000643
0.238265
-0.090011
0.267876
0.600538
-0.463192
-0.681828
-0.144495
-0.020859
-0.029685
0.181439
-0.237368
-0.481424
-0.257090
-0.428853
-0.385494
0.255776
-0.450771
0.386402
0.041181
0.159839
-0.148519
-0.293094
-0.789676
0.344586
-0.396264
0.361055
0.365830
0.059506
0.336046
0.408005
-0.414088
-0.112578
-0.099935
-0.290943
0.295837
-0.071437
0.152833
0.409375
0.393282
-0.393076
-0.129866
0.503437
-0.482200
-0.471598
-0.258320
0.026855
-0.065956
-0.277282
-0.362320
0.361517
-0.043197
-0.190083
0.053218
0.100288
0.448615
0.552823
-0.090268
-0.441201
-0.225609
0.276889
0.208221
-0.103125
-0.407469
-0.106158
-0.266921
-0.176076
-0.311277
-0.212705
-0.158558
-0.009080
0.374529
-0.287732
-0.342624
-0.075113
-0.188327
0.342416
-0.484459
-0.236567
0.141572
-0.527308
-0.178573
-0.330951
0.192138
0.292682
0.163744
-0.269814
0.059735
0.131378
0.222050
0.115399
-0.439159
0.471881
0.479765
-0.047572
-0.465637
0.008781
-0.306972
-0.335610
0.215873
0.207073
-0.121062
-0.335728
0.105964
0.803545
0.080379
-0.293981
-0.134550
-0.001594
0.465917
-0.149627
-0.027357
-0.468760
0.510889
-0.609465
0.397623
0.407580
0.055254
0.049405
0.581209
-0.058804
0.129631
-0.162913
-0.113109
0.434285
-0.260749
-0.414983
0.112628
-0.177315
0.578481
0.128255
0.049904
-0.301049
0.405584
-0.260238
0.032984
0.314681
0.122244
0.308551
-0.330197
-0.067788
-0.427655
-0.375202
0.097891
-0.359667
-0.386480
-0.600929
0.316193
0.568322
0.251526
-0.048311
0.353022
0.240262
-0.543887
0.101980
0.415790
0.103557
-0.378943
-0.201065
-0.451888
-0.432050
-0.142594
-0.083338
0.123846
0.423946
-0.071002
-0.115156
-0.246411
0.173006
-0.357597
-0.295681
0.233300
0.363330
-0.914300
-0.246077
0.198010
0.139578
0.260152
0.191002
0.291290
0.398270
-0.501502
-0.108563
0.410052
0.495145
-0.067536
0.059383
-0.000528
-0.391830
-0.036803
0.260802
-0.155178
-0.560139
0.379350
-0.039569
0.545509
-0.255612
-0.151535
-0.049311
-0.238752
-0.074558
0.340273
0.087773
-0.263055
0.135314
-0.160356
-0.450590
0.383120
0.556911
0.519900
-0.153952
-0.067847
-0.480155
0.499341
-0.443093
0.332958
0.846102
0.250569
0.144432
-0.383517
0.058876
-0.554416
-0.170773
0.227971
0.599430
-0.145946
0.191854
-0.124698
0.374121
0.169045
-0.248751
0.379314
0.078446
0.332741
0.195177
-0.550284
-0.525237
0.329122
0.170259
0.078068
0.474529
-0.023650
0.254197
0.384124
0.354590
-0.079711
-0.271153
-0.173472
-0.067828
0.153458
-0.299060
-0.496803
0.061849
-0.008148
-0.496733
0.009296
0.411313
-0.551802
-0.159762
0.271598
0.443313
0.495295
-0.569754
-0.069516
-0.255709
0.512211
0.138501
0.358875
0.043378
-0.235143
-0.140285
0.264901
-0.466788
0.146905
0.415939
0.278707
0.435282
0.284719
0.277084
0.026035
0.636208
-0.560458
-0.338870
-0.502637
0.013356
-0.330333
0.213372
0.450839
-0.340375
-0.029653
-0.538243
-0.128322
0.208346
-0.285700
-0.232713
-0.615850
-0.651558
-0.639997
0.121191
-0.169612
-0.478521
-0.495875
-0.177639
0.012027
0.161208
0.169149
0.042996
0.415764
-0.114928
0.003009
-0.215047
0.319807
-0.466995
0.337659
0.491859
-0.493402
-0.061386
0.001516
-0.106112
-0.443564
-0.181474
0.196910
0.218767
-0.272263
-0.064552
0.047013
0.149166
-0.087262
-0.325439
-0.388500
0.324827
0.082644
-0.032079
-0.141021
0.384279
0.047604
0.026526
-0.253854
0.119791
-0.411871
-0.003669
-0.392426
-0.009167
-0.690476
-0.167742
0.131874
-0.455744
-0.576769
-0.168974
0.058607
0.411542
-0.361569
-0.259081
0.215231
-0.277260
0.168741
0.130989
-0.135509
0.047148
0.578780
-0.091456
0.198240
-0.128741
-0.071928
0.018139
-0.363761
-0.479950
0.264678
0.115272
-0.308979
-0.001485
-0.022975
0.125342
0.104613
-0.640247
-0.110905
-0.249343
0.507577
-0.366707
0.206430
-0.306616
-0.294574
-0.546603
-0.421545
0.186733
0.067031
0.223586
-0.200493
0.058270
0.302696
0.070708
0.310083
-0.146229
0.088482
0.275727
-0.951043
0.152046
0.359768
-0.194508
-0.122595
0.375892
0.373918
0.328247
0.403493
-0.000117
-0.561961
0.015593
-0.427906
0.113241
0.137230
0.002404
-0.016470
-0.028171
0.492248
-0.373824
-0.128523
-0.044709
0.327897
-0.229945
-0.385653
-0.231554
0.097689
0.041237
0.191802
0.193470
0.227317
-0.375765
0.535363
0.124378
-0.318461
-0.271716
-0.037838
0.492808
-0.199606
0.038277
-0.080726
-0.349709
0.212612
-0.046223
-0.445688
-0.269991
0.054334
0.130170
0.051545
-0.156597
0.515323
