-1.662445
1.687309
-1.791386
-1.209565
1.187572
-0.179298
-0.354594
-2.477187
2.117881
1.320287
0.861939
-1.870444
-4.668446
-2.154413
2.591055
-3.011024
0.488116
-2.189871
1.465450
1.728701
-0.676918
2.536021
1.187686
-1.602791
-1.938741
1.359007
3.302079
4.036084
0.780874
2.050534
0.998234
3.111425
-2.000036
-1.805230
1.413562
-1.219977
-4.495942
-1.862927
1.016939
0.735600
-0.734435
0.877342
1.836280
-1.565823
-3.806530
-1.949661
0.632689
-0.496039
-1.548772
-0.598705
0.425557
-1.233608
3.647372
2.220348
-2.349422
-0.486101
-0.447812
-0.655136
-2.586891
-1.178344
-1.889559
1.312741
1.617574
2.161483
1.604855
1.054344
4.031354
-0.280151
-3.861731
1.501869
2.284850
-0.014747
2.883446
-0.229294
-1.052162
-2.274536
0.135926
0.591888
1.347217
-1.685025
0.833732
0.552824
-0.982090
-1.275701
1.089334
3.877303
-1.695227
1.058670
-0.662440
-2.827527
-0.541117
2.130167
-0.978863
-2.258897
-0.479900
0.677099
1.052038
2.391514
-0.154758
1.021384
-1.825690
-2.264872
2.379618
0.144226
-1.529732
-1.088456
1.721359
-0.473017
1.913945
3.483777
-3.018971
-3.124652
-0.375642
0.821438
-3.017988
-1.327903
1.512681
-3.576879
2.196516
-2.106373
-1.919492
-3.448343
-0.177284
1.576002
0.339148
0.313472
-2.179403
-2.600918
-1.791365
-1.547036
1.930205
-0.457499
2.018259
4.914800
-0.841910
-2.814756
-0.148674
-0.802303
-1.464231
2.327816
1.743586
-2.517065
-0.144792
1.976513
-0.604382
0.954295
5.457476
-0.653133
-0.064980
-1.920970
-0.795293
0.013449
-0.934100
2.935982
-3.827636
-0.966449
1.077297
2.421701
1.489448
-0.734978
-1.902902
-0.976071
-0.848207
1.562706
-0.679157
4.032926
3.962398
-3.679105
1.015829
4.080412
-0.401563
-0.329974
-1.141326
0.128252
-0.377829
0.063735
0.488633
0.205712
-0.884487
0.579571
-1.471919
0.708052
-0.468757
2.326366
-1.728332
2.433412
-3.885778
3.753831
-2.590367
-0.263650
-1.143303
0.754482
1.967496
1.073932
-1.104822
1.052084
-3.781599
1.103399
-2.455053
-2.548826
0.783427
2.176560
-0.186041
-0.858766
-4.610630
-1.181541
2.648352
3.419346
0.559574
-1.182839
1.637448
-0.796618
-2.701093
-0.192927
-1.008988
-0.111772
1.875567
0.534243
2.425719
-1.831922
-0.899866
-4.069702
3.816910
-1.340454
-0.909242
-0.089822
-4.783986
0.561262
-2.963806
-2.378886
-3.690236
0.344035
2.268680
0.002400
-0.028773
0.162643
-0.984035
-0.038194
-3.045161
0.961242
-0.554192
0.689425
0.444367
0.605681
-0.305895
2.317810
4.128876
-5.150806
3.877701
0.400218
-1.799806
-0.305029
-1.840373
1.371436
-2.478911
-1.216793
0.428933
1.450549
-2.257937
-2.241335
-2.217692
-1.283279
0.426121
-0.748444
4.950590
-1.334625
-0.301577
1.124887
0.405102
3.401806
-2.976808
0.620252
-2.111620
-1.366713
2.783730
-1.124721
-0.149643
3.928614
-1.358762
-0.063544
0.255007
-0.884736
0.183165
1.195814
1.284649
0.264141
2.142280
-1.553084
1.566788
0.418227
-0.301115
-2.731363
1.322959
3.599451
3.456669
0.991492
0.560554
-5.140575
-4.384251
2.033054
-0.070816
-0.897722
0.944812
0.449796
3.054948
-1.576297
-3.244571
-1.436761
-0.264265
-1.010460
5.636619
-3.754219
-2.655254
-0.829172
3.429321
3.029998
0.499972
-5.785298
4.223642
-4.146343
-1.476179
-0.262715
0.263959
-1.673856
1.227628
-0.117927
-0.187466
2.253855
-3.038163
1.664397
-3.049718
-3.633016
-1.396515
-2.142279
0.901845
1.225963
0.101832
-5.334771
-0.564090
-2.614059
-0.632657
-1.256954
0.063701
0.672608
4.683103
1.607623
0.183347
0.821592
-0.846735
-1.732723
1.239921
1.911793
-3.295641
-1.610474
-0.781722
2.779021
-0.869692
-3.416252
-2.159184
-0.476956
-0.081206
-1.000454
-2.545033
3.021105
0.109976
3.049207
0.572124
0.576445
5.936938
-0.355024
-0.911863
-0.314197
-1.288940
0.881794
-0.241044
3.298801
-0.249061
-2.748208
1.591539
-0.326720
2.363190
-0.646950
-0.545893
-1.388604
-1.545380
-0.181527
5.875029
2.008551
2.480617
0.215317
-0.902273
3.240767
0.385881
2.903083
2.669786
-0.446699
-3.832537
0.120927
2.216426
3.941651
-1.717136
-0.590952
2.649425
-1.785752
1.771215
-3.226821
-0.075402
1.319082
4.193206
1.250173
-2.697621
0.142216
-0.493309
-2.815186
-1.483917
0.683038
2.045574
-3.081142
0.484228
1.475024
-0.126921
-4.659886
0.613510
2.197289
0.208749
-0.225197
2.081600
-1.762618
-1.326003
-0.785725
-2.288327
2.109345
2.085273
-0.773510
-2.825381
2.747606
4.631319
2.036861
0.144464
-3.461790
3.207089
0.682718
-0.455508
0.313541
0.831138
-2.101473
-1.861245
-1.671947
0.285436
3.478682
-1.881240
1.810902
-1.337870
2.826450
1.478583
-0.867553
0.624880
-0.736024
-2.551817
1.179867
0.654709
-3.907908
-1.977673
0.062151
0.318006
1.656719
-0.557897
1.405584
3.309133
0.209012
1.350391
-2.180902
-0.375673
-0.034753
1.486340
1.216517
-1.622954
0.967272
0.828973
0.258007
1.153586
-0.031817
2.332288
-2.032032
1.302516
-2.325394
-1.726556
-2.238843
-2.403889
-2.716865
-1.401742
-1.961400
-0.879973
-1.246766
1.003207
-0.936381
2.885300
2.363294
0.410542
-0.204185
1.263503
-1.343721
-0.245900
0.570765
1.120040
1.745769
-2.667501
0.776941
1.442507
0.643971
0.765662
-1.317108
-3.311143
-0.945578
-1.032303
0.706422
2.086613
0.523657
1.309439
1.569541
-1.640775
0.125408
2.980779
-1.021597
0.975968
2.081514
-0.038380
-0.389897
-1.364558
3.441095
-3.953015
1.460895
0.862867
-1.008340
-0.160769
-1.408819
-2.768838
-4.350440
1.576766
1.083172
1.341162
2.566660
-0.177305
2.187406
-2.193883
2.123075
-1.031665
-3.029194
1.124957
-0.857346
-1.376939
-0.816908
-2.330501
1.194624
0.034246
-2.543740
0.047042
-1.396567
-0.299159
1.219199
1.796484
-4.093488
-1.115467
1.536338
1.357366
-1.711268
-2.261293
-0.429646
-0.067730
-0.935400
-1.027016
-0.532409
2.062640
-1.762477
1.047378
1.418164
0.884102
-0.839133
2.264089
2.346916
-1.536319
1.050699
1.330504
-0.993157
2.328837
1.356117
-1.666744
-1.102080
2.001360
0.972773
-1.764966
-2.204693
-0.502971
2.753871
-1.066943
0.560482
1.152104
-3.843993
-0.253312
1.453657
3.288912
-0.531027
-0.270904
3.087273
-1.849048
-0.056664
3.016939
1.273227
2.512709
1.881357
0.542336
3.914385
-1.198761
-2.596058
0.864304
-0.885298
0.569243
3.253991
2.340352
0.076131
2.599650
4.754447
2.841859
-0.656894
1.251934
1.755106
-0.973860
-3.585012
-0.572635
-1.038617
-1.730917
-1.584130
-2.509266
3.507679
3.071257
1.900259
1.738866
-3.078464
0.135771
-0.257472
0.246848
-1.631630
-0.552101
-0.099578
-0.899990
0.276790
1.074321
-1.556719
0.890092
-2.297940
0.546442
-1.029438
-1.277407
-0.312489
0.531292
-0.896490
-3.976072
4.326494
-0.178593
0.635636
-0.664748
1.172590
1.137203
0.499608
0.144779
-3.607193
1.327778
0.134798
-2.166001
3.443098
1.063586
1.679659
1.203146
-3.010481
1.602966
-0.970898
-1.809860
0.833721
-0.666162
-0.166285
3.860959
1.469432
0.210312
1.304988
0.368591
-1.967994
1.064571
-0.346378
-0.979560
0.400024
-0.775107
-0.322906
0.770997
0.615625
1.261890
2.253500
0.207227
-2.045006
-1.793768
-2.987191
-0.048860
-3.165644
1.945200
0.146874
1.355009
-1.608110
0.123518
-2.394008
0.515159
0.810308
-0.927958
-3.477964
-1.356202
0.778710
0.220806
-0.558738
0.297861
-1.271798
-0.179649
-2.399535
-1.302736
3.902112
1.593600
-0.376544
-0.406174
-0.928121
0.288903
0.965860
-1.657154
-1.784613
0.562895
2.311992
-0.746910
1.662723
2.410836
0.024312
0.293480
-0.671501
-2.777312
0.206002
-2.453325
-1.387136
-0.434602
-0.607195
-0.043045
-1.229435
-1.254663
-0.326468
0.105330
-0.380313
2.117438
-1.410052
-2.356873
2.888078
2.784019
0.309908
1.487117
0.623292
0.509422
-1.052970
-1.511346
-1.684416
-1.506732
-0.453536
-1.760307
0.971526
-3.159879
-0.086049
3.350380
0.569653
-0.931895
