-0.006640
3.270448
-4.355175
-2.739306
-2.947218
1.624140
-3.914302
0.878918
-1.749695
0.742385
-1.160675
-1.170838
-1.322064
-2.552748
-3.047668
-0.440999
5.535960
-1.195436
-0.905831
-1.002943
2.399263
1.169210
-0.244227
-0.810270
-3.209350
4.802180
-2.272394
2.784935
-0.425740
2.123072
-5.069145
-5.722689
-0.032133
0.333400
0.235604
0.419500
-1.076975
-0.028153
-3.736706
-0.274376
-4.046320
-0.677822
2.627168
-0.782120
-1.407999
-0.539372
-11.455074
0.166975
12.670453
-0.564770
0.416848
-0.046607
-0.321011
-0.048426
-0.002418
-0.134241
-6.127696
0.357759
2.749175
-2.694229
0.598663
0.171136
-2.466340
4.297998
2.746234
0.908662
-3.747547
-0.861697
-1.399992
3.838046
0.925887
-0.926499
-1.431389
-1.754061
-0.991075
-0.230674
-2.378441
-0.699154
0.926830
0.420147
-1.095582
-2.995179
-3.858571
-0.548339
-5.397299
-2.002445
-9.325019
-1.021589
2.989156
-2.579001
0.074916
-1.738758
1.590293
0.196492
-1.454890
6.352995
-6.851595
-2.749486
-2.609976
-1.783878
-2.935621
-1.442362
3.654278
0.212739
-0.442192
-0.844484
-0.043185
2.616287
0.042639
-3.394587
-2.210886
2.063240
1.320999
-3.354480
0.479723
-6.181430
0.480646
0.956402
1.948475
0.811155
7.552085
2.445640
-2.190504
0.856668
7.666968
1.808921
0.572928
1.868568
-2.527076
-1.391430
-2.567799
-2.647181
-0.202259
0.932116
3.241708
0.765769
-2.665710
-0.772145
-2.985395
-0.485703
3.744290
1.366519
-2.819232
-3.054136
2.344007
3.372576
-3.465967
-0.337471
2.736626
6.042527
3.324669
-0.470435
2.291625
-0.548062
3.388352
1.896618
1.015080
1.658978
7.641180
2.936482
-0.012889
-3.364134
5.256132
-2.971953
-0.667519
-1.080840
0.681868
4.302106
-1.975505
1.088929
1.154839
-0.908335
3.287644
6.505842
-2.059821
-1.922252
2.515440
-1.912335
2.087817
4.408487
-1.890135
3.129741
0.347297
1.723966
-2.480028
0.911916
1.165574
-1.224399
-0.504966
0.962425
1.525819
1.811272
3.406488
-0.660022
-5.979308
-0.699246
3.648115
0.684911
-4.604364
1.023080
4.641780
-2.818189
-3.009482
-2.975162
-4.255086
1.897667
-2.470940
-2.918496
-0.150680
2.338348
0.639264
4.219780
2.547082
4.982091
-3.361603
-5.153251
-3.051665
1.940147
-3.116685
0.034981
4.822175
-1.373517
-4.747127
-3.584246
-0.847434
-7.265007
4.034997
-5.485455
-2.895194
0.347011
-3.747702
5.121500
-7.401762
-0.761849
-5.675203
-2.690876
1.339094
2.742638
-2.259564
4.444251
-1.801402
-0.458164
-0.712513
-0.512780
-4.377094
4.274518
1.856466
-10.113171
-2.052884
-2.415917
2.695171
3.050802
-0.500906
0.017141
4.469112
2.963890
1.825459
0.487605
-2.257182
-0.816671
2.783936
-1.225466
6.869005
2.481589
-8.134413
0.270330
-5.389736
5.779038
0.229811
-2.897227
-4.567384
0.404275
1.727808
4.398726
3.447327
4.889912
-4.780108
-1.130997
-3.960793
-4.931695
-2.902738
-3.976428
6.784930
0.004084
-0.078629
-3.487315
4.018460
0.576362
1.136483
-0.302062
-3.093224
3.743522
1.547937
5.472806
2.346319
2.943042
-1.075970
1.685377
-0.093245
3.284546
14.372635
2.407018
3.271558
-0.141003
1.010234
-0.833481
-2.061994
2.537151
-3.051143
-0.004961
0.403970
2.813181
-5.255379
-0.872380
0.377876
-1.809013
2.131088
-1.972819
0.522869
2.005659
0.455212
0.731641
-1.425607
-2.996502
-6.600399
1.472695
-6.372637
3.684012
-2.590368
0.779288
0.670617
-1.275392
-8.876605
5.402898
4.668236
-0.796048
-2.551795
-3.250423
-1.890596
-2.826258
2.174561
-1.718451
0.878586
1.761274
-1.291939
4.122161
0.685307
1.546841
0.567002
4.289772
-4.520248
-0.075668
-1.665793
-5.483140
-2.555938
-0.848280
4.957081
3.194823
4.056063
-4.983249
-1.387198
-2.477689
1.528330
-2.174284
3.007496
1.440032
1.892505
6.186125
-5.005730
1.450712
1.651363
-2.597502
0.832932
3.185208
4.980073
-2.305281
0.113616
-3.256985
-1.846212
-2.247936
3.166095
1.251450
1.955244
-4.021337
-1.960803
2.325536
-1.157073
1.574861
-0.888731
-2.151590
-4.887713
-0.707992
0.372566
0.583887
-7.257698
1.390470
-0.648640
1.129584
-5.781464
-3.015557
0.454501
3.244979
-3.471766
-3.546934
1.879788
0.373087
-6.812461
-1.724604
1.765815
-1.431110
-1.189457
-0.136621
-0.573089
-3.080759
-7.973749
4.790071
5.493564
4.695365
-0.763401
2.010199
0.825403
5.530504
2.226285
-1.138711
-4.697661
-5.947165
-8.195202
-3.142303
-6.661894
-1.411321
1.969754
0.904378
-4.284849
9.230485
3.009587
-9.176562
-0.387264
-2.651860
-2.154882
2.696960
3.020059
-1.797602
0.847602
3.877845
1.846967
0.247008
5.448906
-2.505699
1.240053
-2.202096
2.672284
0.693984
4.399259
0.463620
-2.946452
-1.180698
4.093183
-3.289490
0.002773
1.298032
2.922217
-3.397937
4.314436
-4.469827
-2.400914
-2.918923
5.865184
-4.387486
0.187816
-2.177135
-1.507902
-3.687392
-4.655992
-1.130272
-0.998593
1.156317
-1.762034
-1.799582
5.013093
-2.237157
-0.421226
-1.510652
5.441357
0.014187
-7.046513
3.076074
-1.579792
5.658712
-0.683891
1.251586
-0.442147
3.770426
1.935509
-1.022776
-5.831598
1.731635
1.571129
0.207468
2.777893
-0.532428
-3.295142
1.748600
0.392169
2.732454
0.597532
-3.093381
-1.496641
4.725504
3.617266
2.145831
1.265283
-0.252334
-0.245836
2.251827
6.714612
-1.123251
1.133731
1.424792
1.866633
4.840197
1.630183
3.021243
2.974540
-0.386366
-3.996782
-0.922137
-3.850408
-2.563579
3.748747
5.149243
-1.048585
1.640548
4.817195
-1.944708
7.351910
2.140487
-5.819555
-2.400892
-4.806374
1.567541
-4.078335
-1.387201
-8.480423
-4.608727
-1.658538
0.681807
-4.841251
3.268703
5.183805
-1.864573
-5.813825
2.222176
-4.925171
-9.599008
2.545758
4.879293
-5.887241
-0.724443
2.156640
-0.935947
5.245940
-0.129406
-2.748650
4.262654
-1.142503
2.468940
-3.831372
2.147855
2.104059
0.460252
-0.968610
3.659813
2.168746
-5.816835
4.151844
-0.890479
1.231740
-3.233334
0.029780
-0.904990
-0.779327
2.337272
-0.852428
-0.548964
2.194915
-1.785097
-9.816991
-0.914738
-3.910018
-3.517619
-6.004422
-0.988056
-2.629716
4.552778
0.555113
3.981053
-4.632431
0.916367
-0.345222
1.392323
-5.770098
1.219301
0.268817
0.436454
-1.753127
2.989562
3.490916
2.305233
-1.490084
1.811368
2.247756
1.422571
0.872936
0.858130
-0.120541
0.019960
-0.320289
-0.026837
-3.159366
-5.867461
-4.491510
-2.360030
2.377588
4.283026
-1.458329
1.382428
-0.641966
-1.679474
-2.753777
-0.256334
2.760145
-0.380956
4.603064
-3.212992
-4.796511
1.955138
0.005798
-2.073964
-0.970143
-1.738977
0.342355
-0.522368
-0.472951
7.821953
-2.651606
-1.408514
3.567047
-1.482186
0.857563
-2.529822
-2.154685
5.156846
0.444026
3.174994
0.076988
0.533640
-1.261717
-3.054171
-1.098371
1.783741
9.516654
-0.246195
2.400060
-1.439972
-1.935556
-0.316957
-2.449563
-0.902294
-0.517075
-1.518174
2.192292
4.438090
-2.910068
3.186314
3.136044
2.660681
4.379674
5.222767
-2.754085
-6.474727
2.423198
2.111396
-1.300926
-3.499007
-2.171093
4.072842
-3.994672
-3.546668
3.167538
2.374389
-8.238576
0.841520
1.673677
-0.845616
2.010652
3.532751
5.257872
2.101130
5.925202
2.901913
-3.581927
5.040511
-0.200651
-6.651309
3.305796
-1.521363
-1.253783
-2.333014
-4.923499
-1.987479
1.886770
-0.783851
-4.211903
3.884232
1.617565
2.530010
-3.330617
-7.620596
7.614077
-0.638376
-3.413338
3.318575
4.442502
2.679060
-0.710759
-3.504740
4.165922
-4.099956
-4.729802
2.758091
-1.102383
-7.722134
0.322998
-0.341904
0.298490
-0.973732
11.156694
-0.775531
2.423917
4.232150
-1.498121
-0.764995
2.000790
-3.364867
-2.063900
2.869315
-4.315833
-3.227001
-2.855198
-1.237871
5.434652
6.247584
2.507561
-2.664849
-1.120661
-0.098695
0.862175
2.053137
-3.319018
0.195403
4.362027
-0.419567
2.581080
2.667154
-2.209936
-4.958326
2.222824
2.055253
-1.556884
-1.002817
-5.294845
