0.421381
-0.098079
0.148210
0.039323
-0.594167
-0.019907
0.115495
0.167669
0.298036
-0.056222
-0.021964
-0.268926
0.112291
-0.499407
0.274457
-0.367331
0.426971
0.169209
0.357780
-0.402676
-0.447932
-0.152764
-0.203563
-0.407731
-0.169924
0.117213
0.151026
-0.075413
0.405423
0.113853
0.095114
0.534139
0.596991
0.124736
-0.049854
0.344508
0.174030
0.397654
-0.007478
0.226316
0.054815
0.070020
-0.236129
0.036203
-0.654507
-0.092483
0.357981
0.068459
-0.185734
-0.281437
0.386435
0.443053
0.366865
0.009258
-0.019375
-0.086559
0.107294
-0.389177
0.421589
-0.429691
-0.104394
0.273269
-0.186141
-0.077618
-0.527975
0.357377
-0.243614
-0.090358
0.426227
0.199978
-0.159339
0.295293
0.260409
0.006428
0.351550
0.204454
0.360921
-0.220053
-0.191122
-0.485275
-0.387541
0.273960
-0.609140
0.076798
0.394549
-0.055389
0.444398
0.258908
0.151395
0.000166
0.006462
0.153457
0.366902
-0.170704
0.029364
-0.061118
0.251651
0.497083
-0.383601
0.347343
-0.415241
0.018751
0.061468
0.156693
0.340130
0.233331
-0.134415
-0.402608
-0.339340
0.221774
-0.055686
-0.290971
-0.172728
-0.025105
0.344653
-0.694135
0.103347
-0.045631
0.319574
-0.625644
-0.625275
0.197250
0.011495
0.154432
0.296662
0.219320
0.387519
0.150471
0.428156
0.143564
-0.398359
-0.364093
0.252338
0.127658
-0.391829
-0.007494
0.258365
-0.189149
-0.379846
0.085972
-0.637970
-0.639560
-0.256327
-0.120447
0.214818
-0.053424
0.504195
0.552972
-0.209420
0.346570
0.268844
-0.172700
0.338628
-0.373876
0.590560
0.502042
0.048847
-0.318777
-0.375301
0.599895
0.221064
-0.295927
0.353004
-0.368886
-0.050968
-0.407000
-0.111336
-0.130903
-0.530494
0.485384
-0.084892
-0.177316
-0.568713
-0.286287
0.294862
-0.113335
0.274101
0.024780
0.420658
-0.046756
-0.105835
-0.349270
-0.160326
-0.102886
0.177506
-0.167897
0.509165
-0.405176
-0.180238
-0.479211
-0.424554
-0.094358
-0.193828
0.214957
0.501683
0.360816
-0.230330
-0.225914
-0.147175
-0.270599
-0.249461
0.300947
-0.267001
-0.037088
-0.398552
-0.150212
0.020994
-0.112679
0.020821
-0.326182
0.126431
-0.115335
0.267642
-0.214496
-0.533479
-0.221501
-0.428648
-0.410405
-0.362204
0.069011
0.292650
0.448296
0.034935
0.202295
-0.183576
0.280253
0.653110
-0.148092
-0.154884
0.162772
0.338502
0.471153
0.277106
-0.055167
0.387079
0.438590
-0.163259
-0.166422
0.430908
0.053558
-0.625569
-0.369186
-0.537792
0.009494
-0.525203
0.185226
0.381818
-0.375720
0.530684
-0.678088
0.274657
0.251740
-0.060614
-0.468363
-0.320725
0.212063
0.150200
0.332252
0.450602
0.058979
0.705412
-0.344752
-0.214459
-0.470793
0.807289
-0.285145
0.299765
0.542707
-0.338765
0.034227
-0.268679
0.117396
0.622566
-0.317007
0.267934
0.412820
-0.025035
-0.054087
-0.380499
-0.024498
0.162089
-0.340496
0.563353
-0.041119
-0.069710
0.129731
0.373461
-0.044378
0.156594
-0.206547
0.166946
0.102647
0.015531
-0.447143
0.426315
0.558921
0.229123
-0.009930
-0.265801
-0.444296
0.250487
-0.186119
-0.558266
-0.031225
0.179573
0.040883
0.051690
0.179563
-0.068022
0.124409
0.078347
0.216128
-0.471445
-0.151572
0.335836
0.142346
-0.596256
0.152002
-0.184376
-0.228485
-0.037007
0.014609
-0.135729
0.232183
-0.538196
0.011087
-0.342487
-0.265195
-0.493815
-0.049397
0.064451
-0.456638
0.177136
0.212646
-0.265260
0.038286
-0.319728
0.297878
-0.395780
-0.062000
0.326783
0.705546
0.244491
0.447316
0.357381
0.173657
0.303140
0.054548
-0.405356
-0.490196
-0.246603
-0.840171
-0.038698
-0.408609
0.293615
0.064048
0.178573
0.131668
0.079884
-0.178986
-0.066808
-0.363922
0.493049
-0.193626
0.284472
-0.067012
0.209904
-0.546864
0.269745
-0.674609
-0.005414
0.025805
-0.378883
0.123478
-0.101033
0.461312
0.327001
-0.301204
0.319708
0.389866
0.243227
-0.144249
-0.160737
0.147893
-0.157011
-0.587741
-0.489477
-0.464671
0.299884
-0.173488
-0.046517
0.376463
0.251740
0.504486
0.583665
-0.157644
0.089889
0.116744
0.373117
-0.183897
-0.037258
-0.613613
0.223418
0.178723
0.029946
0.164451
0.385905
-0.448727
0.103269
0.472418
-0.359891
-0.196441
-0.188481
0.593317
-0.312781
-0.340116
-0.121379
0.364242
0.105344
-0.060607
0.017736
-0.084340
-0.150273
-0.163848
0.635711
0.328658
0.415629
0.075688
-0.082323
0.025748
0.038237
0.433765
-0.439027
-0.153794
-0.153462
0.194971
-0.113743
-0.382713
0.249060
0.737992
-0.354345
-0.096022
-0.353540
-0.261732
0.285969
-0.166796
-0.035718
0.445732
0.191892
-0.520450
-0.532981
-0.429387
-0.330951
-0.122918
-0.335228
-0.411533
-0.401932
0.037738
0.644996
-0.224905
0.310291
-0.737951
0.106189
0.698934
0.296983
-0.441786
-0.088543
-0.542377
-0.036589
-0.186431
-0.130976
-0.160777
0.189875
0.378252
0.416528
-0.048323
0.470177
0.418339
-0.000129
-0.284800
0.147274
0.272504
-0.283454
-0.023036
0.233497
-0.490802
0.103153
-0.758091
0.131945
0.056662
0.156340
0.158062
-0.047577
0.019066
0.282390
0.110121
0.017777
-0.064122
0.402489
-0.137802
-0.303522
-0.705606
0.005918
-0.391859
-0.531677
-0.054626
-0.706204
-0.287221
0.704692
0.590142
0.547579
-0.028233
-0.489922
-0.434798
-0.204746
0.456046
0.520502
-0.061912
-0.253228
0.375103
0.511584
-0.269598
0.659544
-0.135912
0.383113
0.424551
-0.245648
0.011638
-0.522790
0.223688
0.267825
0.270330
0.105384
-0.013830
0.345797
-0.407462
-0.411527
-0.272975
0.539572
0.224955
-0.072381
0.115844
-0.180281
0.235939
0.459168
0.660099
-0.038463
-0.076194
-0.234760
0.365438
0.346623
0.146771
0.269185
-0.220994
-0.305307
-0.429110
0.413527
-0.028374
0.173274
-0.409285
0.121882
0.206655
0.288277
0.261827
0.564963
-0.180402
-0.674696
-0.154876
-0.181837
0.372908
-0.019900
-0.051853
-0.640127
-0.343053
0.404579
-0.239205
0.026739
0.092804
0.548445
0.379767
0.241069
0.415755
-0.486926
0.036992
-0.469693
0.264208
0.047037
-0.384516
-0.653087
0.411477
0.172740
-0.026156
0.232254
-0.095347
-0.282397
0.154431
-0.118918
-0.407446
0.096649
0.225977
0.321169
-0.381924
0.282285
-0.415983
0.089422
0.496597
-0.195970
-0.437575
0.343554
-0.595943
-0.567758
0.426162
0.594815
0.896941
0.018854
0.465492
0.091681
0.276262
-0.568332
0.437735
0.170764
-0.156302
0.148090
-0.690989
-0.854144
-0.125192
-0.051602
-0.703037
-0.197965
-0.387941
-0.339421
-0.461465
0.040761
-0.555822
0.100039
0.139266
-0.562654
-0.204929
0.254898
0.414909
-0.605258
0.421224
-0.346912
-0.083402
-0.525698
-0.398380
-0.071397
0.070469
0.621581
0.309785
-0.301092
-0.217713
-0.365787
0.413242
-0.203876
0.513671
-0.312901
-0.138204
0.285496
0.503401
-0.404085
0.036369
-0.024314
0.113306
0.503278
0.161085
-0.314073
-0.271567
-0.069060
-0.693806
-0.277546
-0.522382
-0.208863
-0.462598
0.036927
0.353895
-0.176264
0.002853
0.259718
0.422026
0.071913
0.138668
-0.202125
0.118260
-0.122511
0.647478
-0.142069
-0.099552
-0.063072
0.340850
-0.017592
0.393758
0.155639
0.342911
0.218978
0.225630
0.264434
-0.058679
0.280030
-0.255932
-0.270249
0.250522
-0.404906
-0.597951
0.207997
0.318307
0.401322
-0.017870
-0.502003
-0.358845
-0.018702
0.002908
0.344059
0.159953
-0.165650
-0.377283
0.072571
-0.146107
0.406419
0.477172
0.264648
0.233559
0.493002
-0.301070
0.118714
-0.361744
0.651918
0.109891
-0.170737
-0.077735
-0.445222
-0.000444
-0.281106
0.083058
-0.338484
0.052422
0.141034
-0.008174
0.099017
-0.144567
0.127730
0.737084
-0.075761
-0.355194
-0.460406
0.656920
0.142792
0.607605
0.216441
-0.856083
-0.504378
0.177459
0.155647
0.192486
-0.325776
-0.318837
-0.514015
0.022357
-0.050847
-0.236229
0.672329
0.184012
0.150052
-0.656733
-0.399019
0.006625
0.028433
0.067083
0.136266
-0.310799
-0.163329
0.435056
0.684192
-0.300342
-0.158397
-0.342376
-0.483507
-0.112474
0.101071
0.552476
-0.209968
-0.537104
0.113883
-0.136642
-0.395361
0.498849
0.130671
0.262580
-0.164691
0.542925
-0.077379
0.152448
-0.131418
0.073689
-0.311835
0.455397
-0.264780
0.118059
-0.010989
-0.420364
0.071870
0.123231
0.423437
0.095264
0.255435
0.241151
-0.268606
0.146508
-0.012229
0.160555
0.339377
0.102797
0.223366
0.190453
0.192644
0.317161
