-0.019667
0.295899
-0.107508
0.025935
0.234038
-0.252212
0.240178
0.104450
-0.636210
0.288794
0.225065
0.086959
-0.590459
-0.291062
-0.296964
-0.441188
0.125674
0.013439
0.224565
0.190737
0.298714
0.354939
-0.093050
-0.247741
0.031686
-0.407613
0.419541
-0.537885
-0.312921
0.048690
-0.041566
-0.097830
0.407401
-0.090367
0.141766
0.232293
0.018762
-0.231558
-0.166769
-0.092752
0.267142
0.075549
0.139555
0.392151
0.104291
0.042886
0.079669
-0.051041
0.019842
0.311918
-0.262184
0.000576
0.552075
-0.414458
0.261558
-0.326507
0.159849
0.406967
-0.363515
-0.170691
-0.207934
-0.571156
0.410154
0.336095
0.519973
0.456577
-0.220300
-0.299619
0.398172
0.125948
-0.114758
0.451784
-0.550525
0.006224
0.116448
-0.291766
-0.418369
0.137397
0.153513
-0.446086
-0.254464
0.244153
-0.393886
0.216080
0.461379
0.094627
0.026892
-0.101303
-0.523921
-0.060344
-0.109158
0.138344
-0.241671
0.039360
-0.465107
-0.618971
-0.536041
-0.732638
0.550505
0.198692
0.316596
-0.295408
0.375866
-0.477934
0.004225
-0.347720
-0.279240
-0.647742
-0.003678
-0.291748
-0.085150
0.295809
0.132152
0.270766
-0.297921
0.195479
0.376690
-0.319146
-0.558826
0.078526
0.166972
0.368304
-0.289830
0.455012
0.276176
-0.275599
-0.018311
0.120706
-0.017206
0.234504
0.618299
-0.091092
0.304798
-0.201137
-0.562607
0.736375
-0.520297
0.488387
-0.345510
-0.052005
0.284627
-0.617785
0.098080
0.143699
-0.322763
0.123735
0.413613
0.210072
-0.243879
-0.139658
0.129972
-0.194550
0.297016
0.516609
-0.072975
-0.522795
-0.210378
0.005891
-0.302531
-0.344018
-0.240548
0.257542
0.688466
0.075272
0.485014
0.346159
-0.197117
0.408584
-0.368509
0.161048
0.243169
-0.155412
0.047647
-0.354897
-0.093501
-0.279391
0.483910
-0.589148
0.034822
-0.354928
0.067882
-0.064282
0.160350
-0.049080
-0.408851
0.196610
0.120805
-0.408739
-0.033837
-0.588573
-0.267946
0.597221
-0.562999
-0.040556
0.108184
-0.052041
-0.397293
-0.186768
-0.330132
-0.522402
0.370706
0.146461
-0.664868
0.040004
-0.424928
0.040814
-0.160226
-0.300864
0.129250
0.123413
-0.274023
0.122215
-0.140598
0.452804
0.438141
0.273781
0.077427
-0.453472
-0.114103
0.062505
-0.455801
-0.210142
0.545991
-0.671515
0.319529
0.294034
0.078756
-0.135494
-0.161449
0.561606
0.135071
0.183817
-0.423703
-0.377182
-0.509582
0.089293
-0.268755
0.118742
-0.567331
0.003725
0.113282
0.380342
0.122242
-0.139295
0.049565
0.194062
-0.143241
0.429394
0.504165
-0.000623
-0.337890
-0.153435
0.109247
0.070337
-0.634693
-0.442695
0.329355
0.243576
0.195273
0.217224
0.360818
-0.483864
0.380408
0.323875
0.517250
0.084123
0.236808
0.432493
0.220612
-0.189239
0.466266
-0.362290
-0.235074
-0.407594
0.124402
0.321276
-0.008626
0.430562
-0.356121
-0.016798
0.017415
-0.349524
0.071796
-0.037344
-0.114803
0.026034
-0.297602
0.407660
-0.508227
0.000963
-0.283341
-0.339689
0.263075
0.571941
0.705264
-0.010303
0.097212
-0.024744
0.233334
0.263420
0.242964
-0.106737
-0.303184
-0.191490
-0.346614
0.021409
-0.003872
-0.434284
0.047085
-0.198983
-0.045231
0.037003
-0.316453
-0.337295
0.428182
-0.137091
0.303717
0.251247
-0.442676
0.405323
0.299631
0.024808
0.473720
0.012463
0.390116
0.396468
-0.438368
0.289891
0.076785
-0.492952
-0.400656
0.593311
0.154390
0.382917
-0.010837
-0.459882
0.565622
0.293045
-0.416272
-0.209259
0.328159
-0.395710
0.139461
0.153763
-0.042171
-0.375806
0.553253
-0.218761
-0.464267
-0.180161
-0.239118
-0.384465
-0.170992
-0.428314
-0.200268
-0.041604
0.240862
0.363277
0.245963
0.234216
0.142757
-0.150030
0.029138
0.039659
-0.681390
-0.215882
0.058868
0.179993
0.143900
-0.540400
-0.025120
0.188329
0.014067
-0.386008
-0.205437
-0.031202
0.316071
-0.016819
-0.194868
0.221528
0.001735
0.626132
0.183278
-0.155090
-0.465378
-0.001833
-0.051193
-0.147792
0.293991
-0.061604
-0.164597
-0.132508
0.084766
-0.297142
0.322608
-0.048542
-0.042902
0.303836
-0.315680
0.407948
0.155196
0.344682
-0.306056
0.360811
-0.185047
0.172880
0.039481
-0.187603
0.121257
0.013039
0.013031
-0.248054
0.332625
0.405776
-0.403540
-0.043966
-0.020930
0.264908
0.373441
0.015873
-0.009649
0.075964
-0.082522
0.635074
-0.181490
-0.170923
0.470732
-0.046372
0.399962
0.275081
-0.167203
-0.141749
-0.373769
0.340940
0.377506
0.318026
0.017672
-0.146577
-0.287528
0.252833
0.139194
0.426282
0.338575
0.524625
0.250356
0.466034
-0.223421
0.296638
-0.026098
-0.618400
-0.019778
0.431322
-0.271769
-0.229847
-0.274441
-0.087665
-0.494235
0.234207
0.262376
0.297518
-0.316711
-0.045398
0.052505
-0.139051
-0.140318
0.053873
-0.609426
0.517607
-0.479791
0.372496
0.391341
0.145401
0.586442
0.213752
0.200332
-0.153793
-0.662518
0.102807
-0.655081
0.004348
-0.062841
-0.086397
-0.470078
-0.050004
0.030727
-0.174578
0.402314
0.160446
-0.501270
-0.503916
-0.216972
0.194599
0.643643
-0.095332
-0.232972
-0.211562
0.332910
-0.287628
0.053249
-0.436494
0.583976
-0.442315
-0.017855
0.530457
-0.232014
0.061117
-0.496824
-0.274272
-0.274542
0.283742
-0.491836
-0.204764
0.366245
0.246842
-0.391069
0.013568
-0.354439
-0.158958
0.120818
-0.409652
-0.000307
0.645736
0.124258
-0.269540
0.081426
-0.339185
-0.328331
0.157018
-0.091447
0.039745
-0.496086
0.203636
0.428203
0.212597
-0.241316
-0.224925
0.381440
0.074089
-0.027921
-0.123774
-0.370258
0.084187
0.366626
0.106187
0.355098
-0.025901
-0.191660
-0.062713
0.100902
0.279331
0.316593
0.120062
-0.046819
0.289061
0.671565
0.358519
0.346610
-0.080486
-0.321514
-0.436961
0.438337
0.376353
-0.513391
0.373323
0.358753
-0.350268
-0.552685
-0.319916
0.020186
-0.195238
0.181189
-0.070046
-0.015628
-0.416050
0.510377
0.469717
0.307498
-0.313281
0.408649
0.068812
0.497906
-0.037063
-0.389004
0.293219
0.000788
0.279217
0.192435
-0.195647
0.359026
-0.172104
0.470786
0.062616
-0.203216
-0.126739
0.430924
-0.322878
-0.178089
0.278720
0.191619
0.200531
-0.212336
-0.459745
0.461284
0.138693
0.380315
-0.517329
-0.220396
-0.257094
-0.118707
0.465037
-0.267889
0.125889
-0.177176
-0.119739
-0.311480
-0.576401
-0.064499
0.127856
0.015117
0.223279
-0.459818
-0.569406
0.483434
-0.251664
-0.521573
-0.416663
0.749175
-0.410220
-0.136418
0.202389
0.324687
0.336266
0.217184
0.268329
-0.298169
-0.257204
-0.200001
-0.182155
-0.323428
0.077628
0.629054
0.103429
0.108552
-0.182973
-0.230171
-0.357306
0.597960
0.418586
-0.105731
-0.065926
0.139561
-0.136687
-0.215456
-0.100780
-0.389343
0.365146
0.037701
0.146354
0.244005
-0.745020
0.286791
-0.459105
-0.280429
0.387622
0.210612
0.249649
0.620884
-0.259334
-0.191592
0.369568
-0.164446
-0.343120
-0.239811
-0.259454
0.012339
-0.200698
-0.148507
-0.117658
0.180523
0.351898
-0.334591
0.042956
0.040335
-0.297952
-0.181273
-0.514455
0.292647
0.774921
0.458528
-0.500221
-0.167515
-0.189950
-0.303877
0.398652
0.320510
-0.154400
0.254045
-0.097447
0.071344
-0.556922
-0.197020
0.120496
-0.354733
0.019620
0.587399
0.012858
-0.363987
-0.445158
0.196099
0.647789
0.151931
-0.245074
0.040525
0.447147
-0.466400
0.109472
0.276638
0.012766
0.085572
-0.021343
0.069881
0.102946
-0.325899
0.320440
-0.219866
-0.035925
0.545481
-0.045654
0.323306
-0.109849
0.062549
0.224218
0.319856
-0.679151
0.303035
0.292446
-0.097885
0.500378
-0.219113
-0.021766
-0.122030
0.310167
-0.076300
-0.496912
0.298348
0.051415
-0.145550
0.041674
-0.221022
-0.261272
-0.580653
0.290123
-0.685060
0.280341
-0.478877
-0.185224
-0.360012
-0.125853
-0.134088
-0.059093
0.053206
0.064615
-0.139235
0.391741
0.156999
-0.174744
0.192237
0.085153
0.454200
-0.126007
0.618356
0.468144
0.173904
0.017362
0.563486
-0.385038
-0.047394
-0.397876
0.420503
0.182724
0.031449
-0.381147
0.256635
0.285392
-0.693354
-0.489199
-0.256432
0.258692
0.391933
-0.278025
-0.284081
-0.690302
-0.166315
0.690062
-0.438209
-0.521037
0.229201
0.554858
0.246782
-0.678213
-0.239841
-0.184054
-0.265794
-0.596660
-0.385577
0.013342
-0.204700
-0.282493
-0.015725
-0.095341
-0.341218
0.622079
0.434511
0.187974
-0.212007
-0.071945
