-0.098081
-0.209448
-0.189900
-0.092151
0.221512
-0.432991
0.195315
0.382121
-0.189699
0.559599
-0.347955
-0.360380
0.147510
-0.164399
-0.475655
0.344901
-0.081656
0.019680
-0.328846
0.148376
0.274462
-0.430041
-0.145767
0.315665
0.478613
-0.418594
-0.008119
-0.367334
0.551744
0.264893
0.228013
-0.611547
0.263818
0.390651
0.320122
0.344508
0.665477
0.204564
0.311378
0.250901
0.491196
0.232540
0.111385
0.209141
0.121902
-0.028429
-0.296217
0.126966
-0.175471
-0.448505
0.429209
0.443053
-0.162808
-0.266348
0.093338
-0.394109
0.114881
0.044652
0.192325
-0.184355
0.156942
0.227890
0.003594
0.283193
0.201233
0.352637
0.441414
-0.263165
0.249330
-0.380709
-0.202498
0.149189
-0.191160
0.082161
0.595519
-0.014576
-0.164105
-0.294206
0.035810
-0.045261
0.525138
-0.591196
-0.417157
0.162588
-0.358439
-0.007132
0.062216
0.076145
-0.379281
0.098010
-0.193333
-0.068236
-0.147037
-0.198429
-0.312439
-0.241399
0.373457
0.240080
-0.649254
0.197011
0.466525
-0.268069
-0.094363
0.020135
-0.442107
-0.021592
0.571277
0.213566
-0.021189
-0.414355
-0.022706
0.304056
0.153123
0.042590
0.076252
-0.138477
0.186382
-0.135569
0.187048
0.262496
-0.133160
-0.286870
-0.380265
-0.313393
-0.584604
-0.284345
-0.106686
0.565526
0.480510
0.320916
-0.016297
-0.024356
0.087079
0.221206
0.024841
0.539612
-0.026833
-0.291667
-0.333170
-0.355930
0.583988
-0.171074
-0.064837
0.129856
0.214818
0.263194
-0.406769
-0.195228
0.528414
0.308708
0.161562
-0.341160
0.271253
0.251392
-0.119594
0.279156
0.183578
0.022739
-0.097597
0.376596
0.020174
-0.561451
0.301650
0.036612
-0.472417
0.732833
-0.038573
-0.035162
0.661869
0.178494
0.305028
0.229140
0.138344
-0.227713
0.187429
-0.085630
0.191498
0.239902
-0.143374
0.339328
0.579539
0.205004
-0.321278
-0.375914
0.075391
-0.017708
0.133555
0.462836
-0.492436
-0.203609
0.612161
-0.029751
-0.185036
0.099174
0.078491
-0.381906
-0.341132
-0.451353
-0.230998
0.446864
-0.241355
0.013709
0.393091
0.180910
-0.368911
0.241134
-0.491944
-0.153446
0.115934
0.049414
0.212838
-0.677200
0.617596
-0.211233
0.102344
0.260278
0.210505
-0.376643
-0.120532
-0.395641
-0.097120
-0.648641
0.230115
-0.402503
0.495806
0.244261
-0.199480
-0.216874
-0.422950
-0.395520
0.125800
0.544584
0.020237
0.364676
-0.485629
0.228781
-0.124776
-0.069275
0.319004
0.036149
-0.137762
0.337284
-0.377711
-0.137114
-0.594393
-0.158356
-0.718807
-0.142645
0.593957
0.133438
0.230977
0.032093
0.276247
-0.516390
-0.096773
0.024444
-0.520391
-0.293912
-0.316250
0.291556
0.449883
0.194489
-0.305857
-0.378947
-0.256029
0.155426
-0.261777
0.511288
0.000976
0.632830
-0.138487
-0.508169
0.681190
0.334143
-0.337055
0.013870
0.071652
0.394185
-0.015325
0.190490
-0.610158
-0.390652
-0.363430
0.036246
0.036202
-0.431001
-0.181778
-0.440523
-0.421895
-0.309367
-0.024691
-0.283372
0.202593
-0.097212
0.470308
-0.175630
0.196873
-0.146376
-0.273974
-0.567133
0.116562
0.379545
0.251642
-0.069617
-0.072140
-0.415714
-0.177920
0.018696
0.073934
-0.129440
-0.335782
-0.283643
0.154684
-0.126709
-0.553041
-0.171379
-0.136809
-0.394201
0.557467
-0.112927
0.317258
0.109888
-0.057258
-0.532990
0.320198
-0.326418
0.364214
-0.311884
-0.372174
-0.488692
0.274789
-0.524087
-0.400194
-0.656625
-0.265260
0.086922
-0.019008
0.292630
-0.429449
0.291733
-0.385834
0.684463
-0.047356
-0.312966
-0.443125
-0.382138
-0.055730
-0.369486
0.286891
0.079906
-0.464875
-0.425195
0.127406
-0.220347
0.205371
0.027739
-0.212307
0.440874
-0.178450
-0.137256
0.547209
0.318114
-0.146695
0.170674
0.396003
-0.150940
0.110493
-0.229717
0.451015
-0.621564
-0.045999
-0.314327
0.152343
0.441453
-0.139317
0.461312
-0.607835
-0.150779
0.210343
0.389866
0.017430
-0.248080
-0.225128
0.147893
-0.382223
0.498487
0.080551
-0.442473
-0.163095
-0.126851
-0.036489
-0.032768
-0.362883
0.062124
0.356445
0.570601
0.147382
0.116744
-0.039452
-0.393454
0.168490
-0.249518
0.361541
-0.072696
-0.245144
-0.467084
-0.020753
-0.182988
-0.168946
0.458342
-0.006143
0.079884
0.238195
0.589646
0.273602
-0.307477
0.215961
-0.376460
0.477185
-0.298310
-0.412020
0.394905
0.118665
-0.194974
0.347175
0.089049
0.467887
-0.028413
0.233877
0.142212
0.059252
-0.299135
-0.536287
0.302522
0.342958
0.302001
-0.242559
0.328372
-0.066244
0.054188
-0.345525
0.290003
-0.267721
-0.339788
-0.238956
-0.251570
0.383047
-0.630275
-0.337729
0.183807
0.215616
0.510771
0.362383
-0.105825
-0.176707
-0.084825
-0.466600
0.135170
-0.266931
-0.124997
-0.389644
0.285697
0.027600
0.137870
-0.576452
0.182264
-0.430865
0.186721
-0.471060
-0.267216
-0.278172
-0.012842
0.289054
0.355728
0.281156
-0.015220
-0.163155
0.439383
-0.204228
-0.331225
-0.216636
-0.246075
0.332011
0.142164
0.045165
-0.288773
0.554629
-0.241698
-0.090584
0.154853
0.171448
-0.245288
0.069561
0.088906
-0.138502
0.179023
-0.198722
-0.479589
0.349305
0.527041
0.018657
-0.117809
0.509423
-0.391859
-0.530570
0.047206
-0.301898
0.042768
-0.484495
0.358449
0.074554
-0.237665
0.497599
0.627753
-0.279444
-0.018835
-0.396961
0.231092
-0.178503
0.102045
-0.239702
-0.068641
0.201010
0.110607
-0.489236
0.038704
-0.620761
-0.371594
0.576812
0.236924
-0.154513
-0.077485
-0.638685
0.312181
0.357187
-0.183303
-0.138734
-0.025704
0.325340
0.224955
-0.690490
0.590300
0.037305
-0.529860
0.367026
0.234617
-0.405243
-0.045445
-0.168000
0.252550
0.316593
0.404274
0.326804
0.066794
-0.407244
0.199637
0.577884
-0.495922
-0.294183
-0.302371
0.185519
-0.254682
0.545942
0.020557
0.088610
0.240472
-0.173268
-0.193910
0.098961
-0.455541
-0.530331
0.460633
0.170124
-0.010517
-0.354505
0.197783
0.560681
-0.354060
-0.109427
-0.238362
0.589975
-0.609529
-0.060894
0.219803
-0.075361
0.431799
0.172192
-0.535182
-0.133585
-0.089954
0.093370
-0.319195
0.229312
0.061067
-0.092811
-0.301083
0.014236
-0.394974
0.012411
-0.481040
-0.274327
0.353762
0.358190
-0.415983
-0.103085
0.395333
0.599475
-0.111285
-0.235563
0.368774
-0.088354
-0.305589
-0.328582
0.824646
0.258127
-0.304900
-0.389842
0.151508
-0.244726
-0.462938
0.753398
-0.553323
-0.541865
0.463792
-0.728975
-0.157712
-0.113092
0.394493
0.512638
-0.254802
-0.691953
0.012153
0.269635
-0.115911
-0.381986
0.305237
0.508758
0.462255
-0.362356
-0.296383
-0.907754
0.122488
-0.167138
0.230185
-0.420435
0.474868
0.733043
0.179424
0.131385
0.241837
0.303803
0.515474
0.541204
0.239330
-0.353620
-0.372803
-0.006217
-0.378441
-0.294563
0.216495
0.034266
-0.046785
-0.082181
0.208941
-0.141061
0.220159
-0.767742
0.076490
-0.449988
-0.396374
-0.500533
0.063273
-0.059469
0.104211
-0.162851
0.020071
0.081612
-0.084386
-0.541577
0.106669
-0.161446
0.091433
0.659560
0.209614
0.493556
-0.204435
-0.134885
0.531864
-0.144187
-0.248360
-0.191851
-0.014503
-0.297468
0.182920
0.143750
-0.449230
-0.247586
-0.244760
0.247681
-0.633369
0.556542
-0.110661
-0.269359
0.300039
-0.418990
0.286171
-0.720209
-0.088479
0.063911
0.329889
0.470695
0.100482
0.037068
0.369379
-0.256471
-0.377283
0.261143
-0.006147
0.192872
0.036360
-0.401297
0.174747
0.278787
0.071594
-0.537527
0.105378
-0.155924
-0.641365
-0.372497
0.466606
0.188240
0.370620
0.169233
-0.916370
0.499397
-0.251734
0.039608
0.131268
-0.608423
-0.198309
0.083291
-0.638044
-0.164056
0.095130
0.214760
-0.390095
0.040766
0.305052
-0.059018
-0.599027
-0.436187
-0.119911
0.032354
0.301073
-0.352205
0.136761
0.060936
0.165582
-0.003770
-0.474129
-0.073971
-0.387143
0.125686
0.547901
0.153807
-0.362022
-0.039875
-0.020523
-0.372255
-0.053828
0.279243
-0.427118
-0.171863
-0.068560
0.490829
-0.051184
0.467216
0.321487
-0.503545
0.140528
0.380188
0.384468
0.136456
0.167766
0.007906
0.637497
-0.104203
-0.544577
0.311215
-0.483431
0.536959
0.152749
0.016815
0.375967
-0.225224
0.288919
0.218347
0.489588
0.154427
-0.460431
0.213412
-0.502029
-0.056157
0.311342
-0.250937
0.006818
-0.367895
0.450069
0.402731
-0.521473
0.192760
0.188450
0.515582
-0.233576
0.092365
-0.105593
