-1.662445
1.853307
-1.791386
-1.160439
1.187572
-0.164297
-0.303756
-2.477187
2.117881
1.320287
0.786002
-1.870444
-4.571707
-2.065961
2.747707
-3.011024
0.488116
-2.158827
1.443151
1.728701
-0.676918
2.601594
1.239669
-1.516160
-2.075128
1.403745
3.302079
4.047402
0.780874
2.050534
1.025003
3.265417
-2.202902
-1.830454
1.413562
-1.266634
-4.529904
-1.862927
1.101854
0.735600
-0.734435
0.877342
1.836280
-2.035986
-3.806530
-1.949661
0.417612
-0.496039
-1.515655
-0.598705
0.355649
-0.718389
3.931053
2.220348
-2.349422
-0.463247
-0.388498
-0.655136
-2.517535
-1.777906
-1.889559
1.042248
1.506885
2.425505
1.604855
1.042367
4.003984
-0.280151
-4.003651
1.559666
2.284850
0.029731
2.812333
-0.229294
-0.786872
-2.265427
0.138657
0.591888
1.347217
-1.685025
0.862826
0.552824
-0.882553
-1.275701
1.089334
4.211077
-1.960460
1.058670
-0.662440
-2.827527
-0.541117
2.130167
-0.777158
-2.183649
-0.479900
0.677099
0.961208
2.346845
-0.154758
1.020987
-1.825690
-2.264872
2.457151
0.144226
-1.521795
-1.143716
1.713805
-0.478029
1.913945
3.483777
-3.018971
-3.184382
-0.375642
0.682380
-3.005703
-1.345178
1.425800
-3.576879
2.135501
-2.143562
-1.890022
-3.401173
-0.802390
1.576002
0.339148
0.313472
-2.179403
-2.600918
-1.958736
-1.818850
1.930205
-0.379835
1.975550
4.914800
-0.793740
-2.171868
-0.148674
-1.477885
-1.529077
2.327816
1.743586
-2.517065
0.147872
1.948792
-0.524475
0.888026
5.197088
-0.632954
0.088186
-1.920970
-0.773240
0.055804
-0.934100
2.935982
-3.827636
-0.950663
1.077297
2.357004
1.476950
-0.664674
-1.958188
-0.976071
-0.848207
1.653991
-0.679157
4.032926
3.788699
-3.679105
0.839192
4.080412
-0.305431
-0.253817
-1.141326
0.128252
-0.377829
0.063735
0.441780
0.205712
-0.939825
0.464261
-1.471919
0.568838
-0.623988
2.326366
-1.544437
2.433412
-3.885778
3.722137
-2.508374
-0.263650
-0.651216
0.754482
1.967496
1.073932
-1.104822
1.052084
-3.781599
1.339964
-2.455053
-2.661980
0.783427
2.169430
-0.153609
-0.858766
-4.610630
-1.181541
2.557986
3.419346
0.679128
-1.312923
1.637448
-0.589039
-2.701093
0.012634
-1.087250
-0.190688
1.875567
0.534243
2.597386
-1.943776
-0.899866
-4.069702
3.816910
-1.351740
-0.909242
-0.054483
-4.931019
0.561262
-3.061569
-2.293773
-3.766874
0.344035
1.974912
-0.027436
-0.028773
0.103103
-0.730045
0.122628
-3.028888
0.961242
-0.484452
0.802061
0.444367
0.502101
-0.389319
2.317810
4.128876
-5.150806
3.908756
0.400218
-1.723034
-0.065862
-1.840373
1.479122
-2.533517
-1.641152
0.289491
1.450549
-2.354091
-2.241335
-2.217692
-1.283279
0.570010
-0.748444
5.211168
-1.334625
-0.301577
1.214491
0.439619
3.414111
-3.270648
0.419351
-2.103455
-1.366713
2.783730
-1.124721
-0.149643
3.871747
-1.358762
-0.052433
0.255007
-0.862957
0.183165
1.195814
1.284649
0.264141
2.077614
-1.393075
1.566788
0.128012
-0.412930
-2.398347
1.322959
3.599451
3.415205
0.991492
0.561616
-5.102325
-4.553709
2.094770
-0.070816
-0.861133
0.896960
0.534068
3.054948
-1.602675
-3.191424
-1.436761
-0.180137
-0.464920
5.636619
-3.754219
-2.581084
-0.752500
3.429321
3.029998
0.499972
-5.785298
4.571464
-4.236910
-1.865794
-0.295143
0.119503
-1.613126
1.748181
-0.117927
-0.187466
2.336920
-3.038163
1.664397
-3.049718
-3.633016
-1.396515
-2.142279
1.161470
1.225963
0.091697
-5.334771
-0.564090
-2.614059
-0.632657
-1.338478
0.244788
0.672608
4.683103
1.582911
0.151913
0.897164
-0.849975
-2.142858
1.239921
1.911793
-3.295641
-1.497154
-0.781722
2.779021
-0.957518
-3.416252
-2.063546
-0.443834
0.295532
-0.986784
-2.545033
3.021105
0.109976
3.098240
0.572124
0.576445
5.978355
-0.355024
-0.827803
-0.250711
-1.305216
0.881794
-0.241044
3.298801
0.099078
-2.651096
1.302126
-0.326720
2.363190
-0.517233
-0.545893
-1.388604
-1.545380
-0.282518
5.875029
2.069939
2.480617
0.116652
-1.005523
3.146382
0.584510
2.903083
2.669786
-0.446699
-3.698355
0.061485
1.696815
3.863365
-1.783463
-0.797502
2.207260
-1.785752
1.771215
-3.226821
-0.189039
1.606423
4.195150
1.214511
-2.697621
0.152407
-0.661232
-2.815186
-1.483917
0.682869
2.057426
-3.081142
0.426645
1.356236
-0.316143
-4.292165
0.919988
2.197289
0.208749
-0.225197
2.081600
-1.780070
-1.326003
-0.785725
-2.288327
2.145907
2.085273
-0.570750
-2.825381
2.747606
4.602721
1.742012
0.278537
-3.461790
3.165212
0.682718
-0.455508
0.629548
0.831138
-2.044080
-1.799815
-1.499158
-0.004080
3.478682
-1.999973
1.810902
-1.337870
2.826450
1.478583
-0.842262
0.551052
-0.030476
-2.412399
1.181716
0.489914
-3.934173
-1.437454
0.062151
0.350728
1.656719
-0.730341
1.148264
3.213272
0.303836
1.384052
-2.260460
-0.375673
-0.034753
1.486340
1.216517
-1.707878
1.047197
0.900789
0.258007
1.106787
0.287065
2.250225
-2.032032
1.302516
-2.256357
-1.445870
-2.302590
-2.346091
-2.693416
-1.401742
-1.961400
-0.864448
-0.852904
1.104040
-1.066948
2.885300
2.508399
0.410542
-0.293482
1.209938
-1.210980
-0.245900
0.570765
1.134820
1.463239
-2.433279
0.674189
1.442507
0.727922
0.744076
-1.268119
-3.311143
-0.945578
-1.420161
0.658818
2.063719
0.437316
1.284489
1.569541
-1.640775
0.125408
2.980779
-1.021597
1.104567
1.992957
0.055670
-0.407962
-1.485582
3.257436
-3.953015
1.460895
0.862867
-0.839653
-0.244963
-1.547888
-2.761508
-4.350440
1.493669
1.083172
1.278163
2.400623
-0.135728
2.213364
-2.104124
2.050627
-0.786878
-2.936252
1.113310
-0.781088
-1.390814
-0.816908
-2.322819
1.194624
0.034246
-2.609055
0.047042
-1.446493
-0.299159
1.219199
2.241822
-4.046736
-1.373641
1.532126
1.465604
-1.835977
-2.293671
-0.398028
-0.067730
-0.935400
-1.025903
-0.423246
2.374878
-1.762477
1.045705
1.373622
0.884102
-0.839133
2.264089
2.346916
-1.290565
1.050699
1.330504
-0.993157
2.328837
1.356117
-1.666744
-1.137586
2.095576
0.972773
-2.046076
-2.437310
-0.502971
2.793954
-1.165423
0.560482
1.152104
-3.926548
-0.192669
1.453657
3.139455
-0.531027
-0.262137
3.087512
-1.849048
-0.178861
2.996629
1.216956
2.776767
1.822914
0.465553
3.914385
-1.198761
-2.596058
0.714620
-0.750359
0.595778
3.484001
2.340352
0.076131
2.765162
4.754447
2.760526
-0.656894
1.251934
1.768625
-0.793724
-3.671771
-0.595076
-1.392638
-1.740888
-1.541760
-2.390793
3.507679
3.141510
1.900259
1.918809
-3.078464
0.135771
-0.332431
0.166720
-2.091458
-0.294042
-0.099578
-0.854309
0.410594
1.074321
-1.605757
0.891275
-2.386539
0.564048
-1.579196
-1.277407
-0.586226
0.531292
-1.034642
-4.165704
4.326494
-0.178593
0.605611
-0.584227
1.172590
0.343608
0.499608
-0.120451
-3.265538
1.032495
0.185279
-2.166001
3.955460
1.063586
1.679659
1.197333
-2.795017
1.602966
-0.970898
-1.741064
0.833721
-0.666162
-0.166285
3.921877
1.469432
0.133552
1.304988
0.368591
-1.967994
1.241594
-0.286984
-0.962558
0.400024
-0.775107
-0.309573
0.748255
0.615625
1.261890
2.237944
0.413525
-1.883469
-1.734643
-3.017037
-0.048860
-3.165644
1.867438
0.146874
1.381606
-1.803610
0.123518
-2.309158
0.515159
0.905421
-0.927958
-3.477964
-1.356202
0.681583
0.008881
-0.558738
0.297861
-1.429793
-0.131582
-2.399535
-1.302736
3.902112
1.593600
-0.376544
-0.420616
-0.909326
0.191846
0.965860
-1.657154
-1.738080
0.506695
2.573494
-0.903650
1.646320
2.410836
-0.108625
0.293480
-0.692260
-2.715574
0.206002
-2.319820
-1.317258
-0.071723
-0.726114
-0.043045
-1.229435
-1.291517
0.304995
0.076778
-0.287711
2.117438
-1.356543
-2.356873
2.835459
2.748462
0.309908
1.407929
0.623292
0.509422
-1.007650
-1.589458
-1.692645
-1.506732
-0.453536
-1.615616
0.971526
-3.326032
-0.086049
3.350380
0.552392
-1.024935
