-0.098081
-0.209448
-0.231983
-0.050448
0.221512
-0.413991
0.195315
0.567346
0.258235
0.492849
-0.319509
-0.360380
0.147510
-0.164399
-0.475655
0.344901
-0.081656
0.007976
0.176561
0.124897
0.093081
-0.623635
-0.182249
0.315665
0.478613
-0.418594
0.189615
0.036923
0.580651
0.264893
0.280542
-0.611547
0.263818
0.459943
0.320122
0.344508
0.665477
0.204564
0.311378
0.250901
0.501841
0.275931
0.111385
0.209141
0.121902
-0.001661
-0.296217
0.126966
-0.488449
-0.448505
0.429209
0.443053
-0.162808
-0.266348
-0.521533
-0.394109
0.114881
0.044652
0.181172
-0.184355
0.156942
0.227890
0.003594
0.283193
0.201233
0.352637
0.441414
-0.263165
0.249330
-0.380709
-0.202498
0.108661
0.212208
0.108312
0.595519
0.008747
-0.164105
-0.294206
0.035810
-0.045261
0.525138
-0.559683
-0.417157
0.351486
-0.328714
-0.017309
0.062216
0.075373
-0.379281
0.098010
-0.229821
-0.068236
-0.221987
-0.198429
-0.312439
-0.241399
0.373457
0.240080
-0.649254
0.197011
-0.012754
-0.268069
-0.094363
0.020135
-0.442107
0.088355
0.571277
0.213566
-0.021189
-0.414355
-0.022706
0.304056
0.316126
0.042590
0.076252
-0.138477
0.186382
-0.135569
0.187240
0.262496
-0.133160
-0.319220
-0.169479
-0.237479
-0.428041
-0.229429
-0.106686
0.565526
-0.119243
0.320916
-0.016297
-0.024356
0.087079
0.221206
0.024841
0.539612
-0.026833
-0.350620
-0.181993
-0.353073
0.583988
0.041609
-0.064837
0.129856
0.214818
0.163902
0.342580
0.210725
0.528414
0.308708
-0.248057
-0.341160
0.271253
0.251392
-0.119594
0.279156
0.248366
0.022739
-0.097597
-0.467265
-0.488817
-0.561451
0.267720
0.036612
-0.472417
0.416297
-0.107951
-0.035162
0.661869
0.416800
0.305028
0.229140
0.138344
-0.175087
0.320923
-0.085630
0.191498
0.239902
-0.143374
0.339328
0.579539
-0.313256
-0.321278
-0.456056
0.075391
0.053923
0.133555
0.462836
-0.492436
-0.203609
0.612161
-0.570679
-0.185036
0.099174
0.098607
-0.381906
-0.341132
-0.445102
-0.230998
0.462771
-0.241355
-0.442622
0.393091
0.180910
-0.441026
0.273374
-0.491944
-0.153446
0.115934
0.049414
-0.196789
-0.677200
0.617596
0.223028
0.102344
0.260278
0.210505
-0.376643
-0.120532
-0.395641
-0.243611
0.196994
0.230115
-0.442167
0.495806
0.244261
-0.362331
-0.216874
0.092996
-0.426565
0.050631
0.544584
0.196708
0.364676
-0.485629
0.318342
-0.124776
-0.084983
0.408183
-0.397183
-0.137762
0.337284
0.427187
-0.137114
-0.681856
-0.158356
-0.718807
-0.142645
0.593957
0.133438
0.212644
-0.319088
0.276247
-0.516390
-0.096773
0.024444
-0.520391
-0.293912
-0.316250
0.291556
0.449883
-0.164803
-0.341074
-0.378947
-0.256029
0.155426
-0.103932
0.566087
0.136529
0.632830
-0.138487
-0.537046
0.435899
0.334143
-0.337055
-0.122058
0.071652
0.394185
-0.037612
0.190490
-0.602726
-0.390652
-0.363430
-0.043566
0.036202
-0.431001
-0.181778
0.038169
-0.421895
-0.309367
-0.024691
-0.283372
0.202593
0.330870
0.470308
-0.175630
0.196873
-0.146376
-0.276694
-0.567133
0.116562
0.379545
0.251642
-0.069617
-0.072140
-0.415714
-0.177920
0.018696
-0.068866
-0.110365
-0.269473
-0.146317
0.227018
-0.126709
-0.553041
-0.171379
-0.136809
-0.394201
0.503562
-0.112927
0.317258
-0.028420
-0.057258
-0.532990
0.320198
-0.258831
0.425371
-0.311884
-0.372174
-0.281460
0.274789
-0.524087
-0.358401
-0.656625
-0.265260
0.086922
-0.019008
0.295251
-0.429449
0.221245
-0.385834
0.544429
-0.047356
-0.312966
-0.443125
-0.382138
-0.055730
-0.369486
0.214693
0.079906
-0.464875
-0.474933
0.173353
-0.220347
0.179471
0.089950
-0.297447
0.440874
-0.244611
-0.071943
-0.043770
0.318114
-0.468099
0.170674
0.396003
-0.173036
0.110493
-0.229717
0.451015
-0.557118
0.143934
-0.314327
-0.088937
-0.322752
-0.139317
0.461312
-0.607835
-0.150779
0.210343
0.389866
0.017430
-0.023909
-0.225128
0.147893
-0.382223
0.498487
-0.098688
-0.442473
-0.163095
-0.126851
-0.022139
-0.032768
-0.362883
0.062124
0.356445
0.570601
0.089691
0.057661
-0.039452
-0.413356
0.168490
-0.176933
0.271292
-0.072696
-0.245144
-0.467084
0.261625
-0.182988
-0.168946
0.458342
-0.006143
-0.012182
0.238195
0.589646
0.368058
-0.307477
0.215961
-0.376460
0.386860
0.091075
-0.412020
0.394905
0.118665
-0.178448
0.347175
0.089049
0.382226
-0.028413
0.233877
0.142212
-0.012909
-0.299135
-0.536287
0.302522
0.342958
-0.135199
-0.166201
0.328372
-0.066244
0.054188
0.283443
0.542600
-0.411830
-0.407394
-0.230707
-0.364125
-0.014473
0.500296
-0.337729
0.183807
0.215616
0.510771
0.362383
-0.151857
-0.176707
-0.084825
-0.466600
0.135170
-0.266931
-0.070226
-0.389644
0.374010
0.065099
-0.126982
-0.576452
0.551035
-0.430865
0.186721
-0.471060
-0.267216
-0.278172
-0.012842
0.289054
0.355728
-0.071412
-0.015220
-0.163155
0.439383
-0.204228
-0.331225
-0.216477
-0.246075
0.332011
0.142164
0.045165
-0.288773
0.554629
-0.241698
-0.090584
0.074581
0.232551
-0.245288
-0.024872
0.088906
-0.138502
0.179023
-0.232217
-0.457400
0.349305
0.527041
0.018657
-0.117809
0.509423
-0.391859
-0.530570
0.091948
-0.301898
0.042768
-0.484495
-0.182119
-0.253970
-0.237665
0.497599
-0.118222
-0.279444
-0.018835
-0.548627
0.318751
-0.178503
0.102045
-0.239702
-0.068641
0.201010
0.110607
-0.489236
0.038704
-0.620761
-0.371594
0.658017
0.242190
-0.154513
-0.292899
-0.638685
0.312181
0.357187
-0.183303
-0.138734
-0.025704
0.325340
0.224955
-0.394616
0.590300
0.037305
-0.512777
0.367026
0.167363
-0.405243
-0.045445
-0.168000
0.252550
0.316593
0.404274
0.326804
0.292534
-0.386306
-0.327166
0.168016
-0.495922
-0.294183
-0.302371
0.173375
-0.254682
0.545942
0.591679
-0.333208
0.240472
-0.173268
-0.169231
0.098961
-0.455541
-0.530331
0.460633
0.170124
-0.288898
-0.354505
0.167557
0.560681
-0.354060
-0.109427
0.409338
0.589975
-0.136125
-0.060894
0.219803
-0.075361
0.431799
0.252930
-0.535182
-0.133585
-0.089954
0.093370
-0.319195
-0.339970
0.061067
-0.092811
-0.335881
0.059651
-0.394974
0.012411
-0.481040
-0.329998
0.313695
0.358190
-0.415983
-0.103085
0.395333
0.599475
-0.111285
-0.235563
0.368774
-0.089430
-0.305589
-0.328582
-0.300581
-0.383513
-0.304900
-0.389842
-0.355232
-0.244726
-0.462938
0.711309
-0.553323
-0.586927
0.463792
-0.728975
-0.157712
-0.113092
0.394493
0.512638
-0.254802
-0.691953
0.012153
0.269635
0.407683
-0.381986
0.323510
0.508758
-0.041734
-0.046151
-0.291975
-0.840737
0.358601
0.605858
0.230185
-0.420435
0.565636
0.733043
0.179424
0.131385
0.241837
0.303803
0.594928
0.012631
0.443969
-0.353620
0.197403
0.070495
0.041425
-0.294563
0.216495
0.034266
-0.046785
-0.082181
0.208941
-0.141061
-0.439672
-0.767742
0.076490
-0.188868
-0.396374
-0.500533
0.063273
-0.319309
0.104211
-0.162851
0.020071
0.081612
-0.084386
-0.541577
0.106669
-0.161446
0.091433
-0.372803
0.258926
0.493556
0.240473
-0.134885
0.461548
-0.144187
-0.277143
-0.191851
-0.271131
-0.297468
0.182920
0.521225
-0.460850
-0.247586
-0.244760
0.247681
-0.633369
0.485488
0.188178
-0.283717
0.300039
0.493663
0.286171
-0.720209
0.026500
-0.031854
0.421815
-0.008396
0.100482
0.037068
0.369379
-0.256471
0.396443
0.359114
-0.006147
0.192872
0.036360
-0.401297
0.174747
0.278787
0.071594
-0.537527
0.105378
-0.155924
-0.563259
-0.372497
0.466606
0.188240
0.370620
0.169233
0.247538
0.499397
-0.313958
0.039608
0.131268
-0.608423
-0.141175
-0.283307
-0.638044
-0.207604
0.095130
0.214760
-0.303069
0.040766
0.401602
-0.059018
-0.599027
-0.439763
-0.119911
-0.049110
0.379851
-0.325776
0.136761
0.060936
0.165582
-0.003770
-0.474129
-0.073971
-0.387143
0.161853
0.498099
0.153807
-0.362022
-0.068104
-0.020523
-0.372255
-0.053828
0.279243
-0.427118
-0.158327
-0.068560
0.490829
-0.051184
-0.338754
-0.000701
-0.517474
0.102265
0.439966
0.384468
0.394291
-0.267606
0.007906
0.637497
-0.173659
-0.599294
-0.114588
-0.483431
0.536959
0.152749
0.016815
0.375967
-0.256799
0.286829
0.218347
0.512304
0.076654
-0.239021
-0.260871
-0.502029
-0.056157
0.311342
-0.289906
0.242232
-0.363484
0.637491
0.402731
-0.462269
0.460743
0.194586
0.515582
0.099607
0.312280
-0.267011
