0.258981
-0.125533
-0.025031
0.354959
-0.113836
-0.025699
0.437313
0.231487
0.113225
0.357798
-0.134773
0.130503
0.264910
-0.500441
-0.600834
-0.160670
-0.024476
-0.055458
0.066320
0.429326
0.169064
-0.187689
0.042908
0.311779
0.073645
-0.377433
-0.132125
0.408605
-0.487740
0.102223
0.336673
-0.129200
0.298954
-0.281326
-0.173085
0.093556
0.255890
-0.758020
0.285408
-0.382575
0.164229
0.206660
-0.132413
-0.007869
0.153586
-0.320922
-0.446419
-0.000172
-0.275483
-0.439624
0.616475
0.036954
0.776531
0.062474
0.024154
0.100883
0.032930
-0.582308
-0.124696
0.278652
0.087003
-0.521997
0.204421
-0.524093
0.318007
-0.728268
-0.237142
0.558907
-0.292856
-0.179189
-0.084010
-0.343338
0.342307
-0.226658
0.428150
-0.048427
-0.005888
-0.119002
-0.277571
-0.690487
0.031277
0.243028
0.179109
0.523567
-0.196461
-0.065769
0.097815
0.532277
-0.173792
0.227936
-0.392070
0.343098
-0.453880
-0.155512
0.073003
-0.245806
-0.207496
-0.564856
0.503720
0.444172
0.024400
0.332184
0.299675
0.321705
-0.468799
-0.519339
0.521097
0.246336
0.334438
-0.185312
-0.192804
0.229887
0.456215
-0.079343
-0.214095
-0.173705
0.565905
-0.241042
0.400030
0.262496
0.618747
0.575218
0.249393
0.291420
0.252899
0.539898
-0.270283
0.450002
-0.369656
-0.368244
-0.544637
-0.383709
-0.014623
0.310977
-0.492067
-0.230907
0.094832
0.160946
-0.183965
0.085190
-0.583015
-0.344881
0.072336
0.075782
0.257889
-0.194574
0.117864
-0.331845
0.217864
0.296843
0.240451
-0.464115
-0.089152
0.125502
0.029299
0.488255
0.008351
0.059310
0.126527
-0.473787
-0.483204
0.007447
0.503563
-0.134817
-0.197141
-0.246430
-0.338543
0.038591
-0.492887
-0.019886
0.212089
0.509678
-0.512785
0.407840
0.385993
-0.665477
0.551365
0.228832
0.081894
-0.373611
0.413980
-0.153305
-0.023297
0.435240
0.349831
0.055665
-0.529910
-0.506840
0.362868
-0.179525
0.492478
-0.578069
-0.279364
-0.220117
-0.003359
-0.292771
0.332425
0.222203
0.163186
-0.477237
-0.100017
0.105615
0.253147
-0.095076
-0.391116
0.409175
0.276789
-0.364763
-0.204778
-0.016629
0.360662
-0.011214
0.140329
0.509732
0.359382
0.388435
0.132056
-0.092628
-0.159403
-0.044188
-0.223411
-0.483539
-0.581850
0.070004
0.078259
0.748069
-0.125212
-0.673522
0.374485
-0.426307
-0.401562
0.350203
0.707848
0.307130
0.613718
0.212629
-0.142248
-0.130667
-0.431236
-0.387343
0.177324
0.083677
-0.262707
-0.124788
-0.418088
-0.005446
0.465783
-0.106626
0.016297
0.274433
-0.130352
0.531765
-0.030433
0.211262
-0.199228
-0.113505
-0.289126
0.573320
-0.179903
-0.532748
0.516422
-0.339990
0.031425
0.415157
-0.327006
0.091978
-0.378225
-0.065785
-0.125482
0.256419
-0.459554
-0.344851
0.010243
-0.428028
0.374769
-0.228717
0.199446
-0.075477
-0.108066
-0.205186
0.220633
-0.248097
-0.354745
0.314260
0.351834
-0.519928
0.120009
-0.637133
-0.043009
0.274785
0.434925
0.151566
0.176882
0.111915
0.392002
0.030618
0.455678
0.132543
-0.095974
0.064560
0.139002
0.062932
-0.235462
0.254056
-0.072140
0.019327
0.034817
0.469858
0.289420
0.568503
-0.556768
-0.147902
-0.492334
-0.014838
0.207048
0.221057
0.048799
-0.134576
0.720347
0.418431
-0.323156
0.275649
0.469449
-0.063180
-0.151290
-0.362217
0.578691
-0.645117
-0.304069
-0.104445
0.044425
-0.331740
-0.119680
-0.459029
0.168090
0.471707
-0.320416
0.118710
-0.069958
-0.298742
-0.294998
-0.061193
-0.020630
-0.117773
0.396780
0.352718
-0.109894
-0.262058
-0.517529
-0.237705
-0.036243
-0.239703
-0.033008
0.490350
0.037467
0.135978
0.338149
0.349397
-0.399315
0.132000
-0.183335
0.395844
0.329554
0.125361
0.159265
0.487599
0.106607
-0.148332
0.307109
-0.594345
-0.074601
0.323693
0.407463
0.520459
0.009710
0.231600
-0.136965
-0.130780
-0.113578
0.072994
0.171539
-0.012569
-0.345941
0.208788
-0.682106
-0.816287
0.610788
-0.450771
0.114892
-0.411584
0.464289
-0.336397
-0.400955
-0.477033
0.371629
0.084362
0.428445
0.525478
-0.022101
-0.720096
-0.183534
0.393978
-0.071660
-0.036041
-0.018512
0.574022
0.155456
-0.233549
0.319287
0.358998
0.275198
-0.408839
0.124052
0.234373
-0.560615
-0.265431
-0.061427
-0.119344
-0.374743
-0.027414
0.112917
-0.047722
0.228112
-0.313820
-0.006584
-0.017895
-0.324763
-0.491049
0.248766
-0.133348
-0.044725
-0.289997
-0.498470
0.550614
0.030535
0.439070
0.025131
-0.059592
-0.515231
-0.134548
0.330242
-0.250658
0.113498
0.532394
-0.316566
0.413744
-0.090337
-0.038222
0.063837
0.087402
0.312524
0.252514
0.395666
0.045407
0.208235
-0.073077
-0.197655
0.339608
0.944260
0.091018
0.485274
0.318522
0.235213
0.044989
-0.466409
-0.161770
-0.304206
0.191911
0.221103
-0.309107
0.283229
-0.463364
0.365738
-0.503310
0.375775
0.373128
-0.105108
0.117177
0.376039
0.066274
0.450740
0.078098
-0.279580
0.290819
0.097789
0.379117
0.358079
-0.237084
0.005092
0.109291
-0.224824
-0.165531
0.328138
-0.115077
0.060275
-0.301941
-0.188143
-0.071322
-0.526630
-0.173238
-0.405647
0.244227
-0.079709
-0.236982
0.782586
0.000406
-0.438583
0.185616
-0.138500
0.075788
0.662395
-0.667205
-0.189946
0.336163
-0.295061
-0.138231
0.433257
0.246492
0.260455
0.490593
0.333798
0.389804
-0.885495
-0.166486
-0.459786
0.443334
-0.106256
0.417082
-0.076600
-0.233302
-0.531488
-0.077428
0.479535
-0.506017
0.366329
-0.044782
0.183078
-0.310737
0.350742
-0.284064
0.180863
0.069838
0.201509
0.418660
0.478875
0.183724
0.056708
-0.314066
-0.015698
0.086438
-0.043592
0.408309
0.128069
-0.125646
0.373452
-0.011283
-0.363404
-0.296229
-0.227986
-0.270543
0.226429
0.069855
-0.344623
0.377395
0.378130
-0.074359
-0.523438
-0.102604
0.149440
-0.539673
0.323541
0.502667
0.155946
0.225470
-0.043353
-0.101491
-0.019386
-0.369660
0.389206
-0.301797
0.017893
0.503920
-0.445984
0.482148
-0.483421
-0.483999
-0.327833
-0.270868
-0.097231
-0.276382
0.311165
-0.020454
-0.411034
-0.456718
0.084999
-0.852720
0.506119
-0.480954
0.358748
0.331555
0.241114
-0.342552
0.521362
0.237034
-0.175969
0.415215
0.255460
0.394090
-0.129305
0.404597
0.388073
-0.161430
0.537009
0.081849
0.356911
-0.071326
-0.078194
0.229333
-0.107732
0.294541
0.480238
-0.187161
-0.244032
0.286542
0.386481
0.100185
-0.029963
0.153727
0.395589
0.306327
0.019505
-0.040079
0.084433
-0.175570
0.107604
0.234265
-0.043825
0.142716
-0.235827
0.174484
0.051219
-0.193131
-0.257751
-0.209391
-0.614792
0.007321
-0.470199
0.041786
0.009683
-0.094150
0.075077
0.538420
-0.307883
0.318256
-0.249544
0.458698
-0.090224
-0.719914
-0.439277
0.259219
0.467926
-0.479894
0.100714
0.498928
0.110010
0.112939
-0.651558
-0.379941
-0.448751
0.577818
-0.471949
0.257760
-0.233204
0.009625
-0.538025
-0.188226
-0.257449
0.276990
0.006528
-0.042823
-0.085590
0.150754
-0.356271
0.076401
-0.253310
0.493080
-0.159776
-0.308278
-0.176135
0.403060
-0.140794
0.100806
-0.147408
-0.072036
0.064736
-0.547013
0.258675
0.076780
-0.325439
-0.062228
0.135872
0.136681
-0.018234
0.275304
-0.200657
0.047604
-0.241200
-0.445158
0.234716
0.186938
-0.448145
-0.566692
-0.101266
-0.769059
-0.748711
-0.714278
0.175909
-0.278167
-0.413088
0.432351
0.410005
0.083377
-0.026225
-0.030721
0.447375
-0.099382
-0.362461
-0.674305
0.047148
-0.225958
-0.118697
-0.280339
0.318490
-0.467265
0.178364
0.114889
-0.331249
0.318205
-0.432929
-0.246393
-0.083952
-0.559097
0.204669
0.471121
-0.563448
-0.482519
0.444294
-0.097559
0.419304
0.358426
0.196486
0.408467
0.083818
0.215104
-0.438590
0.110265
-0.388890
0.163035
0.282880
-0.031581
-0.316568
0.040879
-0.188666
0.607878
-0.138267
-0.879404
0.259541
-0.087514
0.106577
-0.274044
0.358613
-0.455024
-0.268662
0.400937
0.419274
-0.499458
0.371550
0.304533
0.101071
0.205894
-0.088375
-0.263446
0.131643
-0.658193
-0.421395
-0.451046
-0.423311
-0.484468
-0.103031
0.404429
-0.269547
-0.188909
-0.277687
0.183921
-0.162475
0.364747
0.246381
0.445223
0.126398
-0.331561
-0.307140
0.213125
-0.112555
-0.187864
-0.506461
0.195022
-0.702339
-0.562733
-0.159178
0.053498
-0.031891
0.156071
0.259709
-0.262660
-0.069928
0.316906
