-0.044993
0.100943
-0.332743
-0.155121
0.035139
0.499695
0.054300
0.271604
-0.095707
0.352138
-0.131402
-0.226723
0.077946
-0.248499
-0.434762
-0.510250
0.511138
-0.241485
-0.162445
-0.038458
0.190559
0.037761
-0.517921
-0.341760
-0.440114
-0.392033
0.091678
-0.075003
-0.023961
-0.121032
-0.303497
0.027005
0.202906
-0.296411
0.087168
-0.331409
0.174030
0.353014
-0.018681
0.346031
0.184162
0.506105
0.049318
-0.366426
-0.496093
-0.572093
0.207991
-0.459129
0.571164
0.533693
0.545346
-0.177477
0.624649
-0.303723
0.387064
0.169395
0.021033
-0.119322
-0.368493
-0.220019
-0.223830
0.441599
0.079485
-0.278953
-0.499299
0.307646
0.546879
0.106595
-0.267966
-0.603889
-0.121497
0.255530
0.345864
-0.392363
-0.062816
-0.112146
-0.375060
0.290436
-0.121848
-0.274605
0.285124
0.260276
-0.390956
0.293754
-0.294050
0.388433
-0.135802
-0.073698
-0.389428
0.340351
-0.072266
0.075837
0.370669
-0.401142
0.393754
0.162837
0.222286
-0.359339
0.350061
0.316906
-0.060161
0.012626
-0.141145
0.156693
-0.211726
0.217910
0.546578
-0.556777
0.328650
-0.170694
-0.055686
0.461040
0.063226
0.346780
0.128458
-0.592830
0.111228
-0.347253
0.180029
-0.395640
-0.762072
0.256131
0.513652
-0.617767
0.493379
-0.362907
0.149011
-0.066807
-0.540781
0.309200
-0.644953
-0.303280
0.356458
0.293507
0.213748
0.174727
-0.122240
-0.105138
0.244063
0.169508
-0.113837
0.164824
-0.256327
0.102353
0.090102
0.237104
-0.322328
-0.422746
-0.387688
0.346570
0.110105
-0.180083
-0.077548
0.099996
-0.278030
0.041298
-0.282794
0.237159
-0.219467
0.222523
0.140068
0.288322
0.175805
-0.257239
0.128841
-0.235329
-0.544846
0.256067
-0.143264
-0.203372
-0.274321
-0.405549
0.174354
0.014505
0.227358
-0.327096
0.497293
0.525671
-0.143374
-0.180031
0.106127
0.100844
-0.191717
0.079147
-0.105115
-0.041657
-0.250418
0.129734
-0.152844
-0.019702
-0.424554
-0.570679
-0.456382
-0.167267
0.050546
-0.285585
0.596207
-0.544946
0.164884
-0.572902
0.583219
0.071548
-0.175635
0.170451
0.543083
-0.395645
-0.197108
-0.176074
-0.557805
0.036180
-0.106610
-0.131430
0.135464
0.276121
0.566131
0.260726
0.278905
-0.017922
-0.462258
-0.065870
0.147355
-0.487795
0.150419
0.119250
0.691908
0.587173
-0.293943
-0.175993
-0.096362
0.162772
-0.060380
0.455959
0.371084
0.062917
-0.455283
-0.389493
-0.153521
0.179129
-0.313819
0.029501
0.059468
-0.163630
-0.464418
0.170067
0.347305
0.248703
-0.667587
-0.375720
-0.359296
0.112197
0.244412
-0.079916
-0.136082
0.383700
0.314006
0.439244
0.024092
0.456269
0.138785
0.308222
0.260542
-0.148282
-0.023566
-0.271526
-0.086588
-0.188416
-0.527612
-0.079735
-0.018342
0.073246
-0.186013
0.486927
0.419546
-0.296011
0.383286
0.127184
0.104712
-0.055916
0.403510
0.352884
0.728402
0.236234
-0.032688
0.186400
-0.364408
-0.251294
-0.433673
-0.044378
0.587293
0.454822
0.166946
0.126688
0.015531
-0.304732
-0.170761
-0.215134
0.015789
-0.473110
-0.314522
-0.025847
0.193940
-0.417094
0.510276
-0.366881
-0.556456
0.894628
-0.299732
0.342249
-0.172335
0.501415
-0.242001
-0.048880
-0.091822
-0.201251
-0.372367
-0.716872
0.592669
-0.657553
-0.128387
-0.014168
0.159279
0.342692
0.509582
0.322702
0.409932
-0.252597
0.284516
0.538259
-0.245129
-0.475693
0.395484
0.396863
0.436487
-0.013516
0.066747
0.057769
-0.233758
0.278149
-0.527848
0.347617
0.326783
-0.572350
-0.351367
0.079943
0.028165
0.231235
0.061961
-0.212131
-0.479695
0.096484
-0.565551
-0.058474
0.653720
-0.023974
0.093983
0.120908
-0.636372
0.145093
-0.428445
0.234216
0.547209
0.426408
0.507820
0.026997
0.313235
-0.650806
0.641309
-0.675130
0.364133
-0.074245
-0.233706
-0.551605
-0.288504
-0.036469
0.555760
0.113058
-0.361545
-0.067268
0.216531
-0.222232
-0.135301
-0.207672
-0.179033
-0.108575
0.262364
0.077540
-0.489477
-0.512928
-0.590695
-0.304315
0.524292
-0.324764
-0.412628
-0.616141
0.583665
-0.299261
0.098913
0.379206
0.424722
-0.390325
-0.331161
-0.283533
-0.345317
0.153939
0.029946
0.090252
0.507453
-0.443123
-0.371113
0.384431
-0.258355
-0.263335
0.605031
0.383804
-0.472086
-0.128925
-0.057484
-0.351857
-0.496167
-0.059255
-0.065193
0.308298
-0.225447
-0.108850
0.323348
-0.106750
0.073532
0.255725
-0.307482
0.452616
0.389196
0.249232
-0.090556
0.516559
-0.012002
-0.120354
0.082070
0.386943
0.028481
-0.259416
-0.230509
0.444458
0.452151
-0.395654
0.384858
-0.384357
0.053052
-0.545580
-0.022653
0.349224
0.606228
0.323028
-0.246761
-0.135830
-0.605859
-0.196064
-0.202594
-0.097752
0.235698
-0.114376
0.431480
-0.832655
-0.544772
0.071579
-0.471043
-0.394361
0.341681
-0.359884
-0.344162
0.101396
0.152695
0.128416
-0.618700
-0.024075
0.016271
0.016398
-0.689205
-0.210174
0.087968
-0.050140
0.371141
0.479037
0.248179
0.531141
-0.420157
-0.548828
-0.229097
0.572544
-0.397236
-0.539181
0.156340
-0.365644
-0.116271
0.081054
0.083777
-0.270895
-0.370276
0.075460
-0.503855
-0.278692
-0.533603
-0.208720
-0.155732
0.109680
-0.627347
-0.187375
-0.092175
0.091041
-0.173284
0.590142
0.019819
-0.693652
-0.076798
-0.091643
0.461559
-0.138868
0.182477
0.250748
-0.410832
0.375103
0.362988
0.280997
0.659544
-0.128229
0.078282
0.279432
0.983355
0.130338
0.056303
0.154727
-0.209998
-0.158783
0.003784
0.327326
0.198001
-0.155932
0.425151
-0.355319
-0.282359
-0.249942
-0.599906
0.073404
0.085232
-0.739940
-0.506325
-0.041388
0.170049
-0.169854
0.214941
-0.158746
-0.388434
-0.470685
0.215953
0.317867
-0.435388
0.172678
0.207391
-0.169621
0.566983
-0.054418
0.507878
0.049147
-0.049962
0.316967
-0.349998
-0.602506
-0.153454
0.379159
-0.100021
-0.118621
-0.283550
0.342058
0.198505
0.400455
-0.423536
0.550557
-0.054540
0.303844
0.504676
-0.053856
-0.301542
0.489692
-0.474646
-0.093896
-0.375961
0.236051
0.140769
0.285063
-0.538800
-0.084420
0.064489
-0.314721
-0.385857
-0.039231
0.253357
-0.032282
0.360623
0.299729
-0.372262
-0.409256
0.124408
0.010114
-0.303793
0.675748
0.024379
-0.348399
-0.725576
0.260440
0.001113
0.440935
0.214008
-0.223643
0.323602
-0.271142
0.258324
-0.163830
0.634564
-0.417817
-0.149064
0.400844
0.487918
-0.285531
-0.115780
-0.033136
0.340597
0.507674
0.136381
0.505953
-0.651823
-0.653872
-0.096554
0.498088
0.211367
0.462267
0.541420
0.228524
0.476649
-0.072282
-0.013224
0.170255
0.254649
-0.185819
0.473387
0.420831
0.267399
-0.334853
0.641222
0.227964
-0.528092
-0.115212
0.230814
-0.180718
-0.046225
0.100026
-0.016604
-0.250422
0.409973
0.290382
0.069361
0.127201
0.384741
-0.792700
-0.302308
0.409140
0.061289
0.012919
0.172358
0.163786
-0.017059
0.189276
-0.553100
-0.628794
-0.083032
-0.087887
0.184255
-0.301038
0.051645
0.118859
0.259718
-0.034640
-0.375595
0.156521
-0.334072
0.709756
-0.581105
-0.117634
0.380166
0.657386
0.182180
-0.117664
-0.161909
0.311164
0.155639
0.181919
0.362731
-0.090174
0.241465
-0.123486
-0.353785
0.008009
-0.233499
0.508283
-0.335400
-0.503962
0.729344
0.066831
0.184473
-0.182889
0.274529
-0.369814
-0.132044
0.154068
0.128913
-0.128005
-0.093163
-0.058046
0.153328
-0.094367
-0.138430
0.205090
-0.392014
0.082655
0.129485
-0.301070
0.137887
-0.030615
-0.244942
-0.270186
0.218107
0.311996
-0.106983
-0.304620
0.234501
-0.270498
-0.166373
-0.712872
0.013189
-0.204837
0.265602
-0.488812
0.496227
-0.472641
-0.165633
-0.171264
-0.249659
-0.252370
0.298240
0.072120
0.574367
-0.061278
-0.163150
0.240438
-0.049110
-0.259748
-0.149486
-0.432326
-0.375493
0.401711
-0.180331
0.055461
-0.316865
-0.164063
-0.500274
-0.226918
0.130068
-0.145160
0.180477
-0.109859
0.117515
-0.165919
0.219592
0.543508
-0.443015
0.676176
0.393493
-0.308016
-0.164749
0.610646
0.039462
-0.329090
0.349146
0.209478
0.302652
-0.178114
-0.006229
-0.046166
-0.102248
0.108973
0.101798
0.380835
-0.156825
-0.479376
-0.257688
0.421307
-0.360528
0.335166
-0.388310
0.313181
0.248703
0.486547
0.343215
0.494065
-0.498083
0.170742
-0.100982
0.313642
0.031195
0.551291
0.582434
0.118823
-0.430350
-0.057258
0.223366
-0.233576
-0.210994
0.544886
