0.296780
-0.135876
-0.066459
0.038867
0.179544
0.081238
-0.163630
-0.110948
-0.223700
-0.001650
-0.108658
0.101282
0.039851
-0.318069
-0.582869
-0.293098
-0.228848
-0.188533
0.170633
0.152445
0.311844
-0.557052
0.050978
0.424837
0.181326
0.369189
0.380418
0.476375
0.239047
0.503523
0.327915
0.361940
0.153388
0.136602
0.180174
-0.245092
0.595113
0.368564
-0.713621
0.140562
0.095637
0.522100
-0.142783
0.210973
-0.385869
0.380837
0.486222
0.262419
0.306962
-0.345508
-0.465223
0.583647
0.298267
-0.181308
-0.030170
-0.303273
-0.345508
0.157139
0.309049
-0.365664
-0.469118
0.073562
0.167557
-0.159990
0.046773
0.275913
-0.587952
-0.153733
0.364645
-0.311743
-0.156676
-0.434988
0.088504
0.388038
0.489957
-0.031826
0.211768
0.067623
0.101255
-0.020255
0.258104
0.326556
-0.005012
0.016606
0.565040
0.003196
-0.092965
0.420519
-0.045542
0.138448
-0.382279
-0.075543
-0.755492
-0.260290
-0.331515
0.320975
-0.057622
0.271819
0.658596
-0.157197
-0.449718
0.354540
0.238194
0.281355
0.450458
-0.387064
0.536754
0.211391
0.072757
0.286241
0.139580
-0.356481
-0.092987
-0.018822
-0.111252
-0.173705
0.221303
-0.278706
0.322968
0.454845
0.082691
-0.329234
-0.592376
-0.067605
0.281476
-0.308990
-0.520313
-0.075303
0.291721
0.282767
0.118307
-0.440499
-0.352491
0.345787
-0.575272
-0.451192
-0.115053
-0.063899
-0.306441
0.012996
0.028306
-0.396596
-0.014407
0.067971
-0.054182
0.071156
0.427540
0.718560
0.503713
0.455055
-0.320713
0.161726
0.041481
-0.127213
-0.340438
-0.474592
-0.227147
0.126881
0.394392
0.020483
-0.526609
-0.222573
-0.158695
0.546909
0.322602
-0.249919
-0.381259
-0.058030
-0.141899
0.348954
-0.150169
-0.092083
-0.026756
0.566709
0.176030
-0.223789
-0.331812
-0.172456
-0.170903
0.085581
0.228786
-0.446581
-0.021649
0.450351
0.441118
-0.263270
0.509165
-0.477255
-0.296739
0.206822
0.515717
0.150839
-0.251188
-0.399011
-0.279187
-0.053399
0.286216
-0.378137
0.206751
0.409194
0.295093
-0.500056
-0.294883
-0.174796
0.333639
0.137124
0.207238
-0.063355
-0.266695
0.296158
0.552751
-0.377512
-0.467786
-0.368199
-0.037191
-0.216280
-0.076449
-0.155264
0.211896
0.229437
-0.166721
-0.616415
-0.392225
-0.449401
-0.547611
0.170848
0.060846
-0.350513
0.245138
0.094257
0.561726
-0.744445
0.289362
0.105042
0.584795
0.298273
-0.122641
0.030020
-0.202736
-0.344793
-0.474143
-0.277137
-0.639910
-0.258245
0.068581
-0.003690
-0.112585
-0.106626
0.106931
0.333641
-0.221049
-0.454920
0.571540
-0.177539
0.571176
-0.227589
-0.003694
0.124356
0.421032
0.440989
0.516422
-0.417766
-0.225683
0.443879
0.501375
-0.270296
-0.609705
0.342544
0.160157
0.403923
-0.045509
-0.220675
-0.259361
0.273938
-0.441397
0.052704
0.094351
0.005288
0.157092
0.275464
0.197705
-0.361309
0.512468
-0.261143
-0.206903
0.000847
-0.562768
0.563654
-0.356265
-0.171480
-0.131740
-0.427930
-0.417095
-0.010319
0.179946
-0.065301
-0.309876
-0.610990
-0.021171
-0.616612
0.187341
-0.097659
0.287886
0.413935
0.086106
-0.314991
-0.198352
-0.499271
0.213684
-0.162525
-0.509708
-0.058358
0.292898
-0.010908
0.094093
-0.278760
-0.050739
-0.406003
-0.305553
-0.030513
-0.131765
0.132069
-0.188975
0.144610
-0.104673
0.199679
0.729290
0.006229
-0.083128
0.136989
0.039606
-0.062118
0.254915
0.452076
-0.123655
-0.015130
-0.426614
-0.166935
-0.331380
-0.045697
-0.374064
0.270602
0.319056
0.023434
0.475446
0.363550
0.086974
0.117750
-0.531874
0.032990
-0.490243
-0.241045
-0.385694
-0.195009
-0.190949
-0.284552
-0.289114
0.104718
0.061278
0.093056
-0.221629
0.444142
-0.281950
-0.051883
-0.549317
-0.111358
0.197661
-0.262984
-0.068999
0.160157
-0.169259
0.381791
-0.007455
0.437026
0.527669
-0.003091
-0.173197
-0.247044
0.066296
-0.185732
-0.237822
-0.237368
0.637279
-0.767074
-0.498581
-0.063291
0.165985
-0.291934
-0.245724
-0.025911
0.333318
-0.409700
-0.360673
0.355287
0.254172
0.240520
-0.148606
0.315999
0.055713
0.623329
0.307990
-0.068476
-0.227131
0.309514
-0.213660
0.221201
-0.041787
-0.450769
-0.004769
0.426436
-0.390948
0.007679
-0.246560
0.434893
-0.557016
0.035603
-0.116843
0.360219
-0.237091
0.337913
0.216661
0.059802
0.089890
0.058983
0.566530
0.099199
-0.717023
-0.749619
0.153247
-0.309582
0.398133
-0.117088
-0.608561
-0.156985
-0.073774
-0.100463
0.007877
-0.101929
0.139119
0.122885
-0.217634
0.465578
-0.577408
0.398177
-0.187934
-0.037650
-0.263210
-0.571910
-0.428004
-0.269070
0.590972
0.481698
0.214310
0.438093
0.164478
0.054197
-0.351673
-0.042612
0.137101
0.243592
0.251154
-0.249618
-0.274688
-0.300971
-0.507347
0.504532
-0.073724
0.356192
-0.471060
0.077405
-0.130028
0.217379
0.025652
-0.499661
0.254632
-0.011073
-0.235135
0.728374
0.225961
-0.043917
-0.153537
-0.307860
0.302458
0.158544
-0.282252
0.402942
0.335458
-0.566270
-0.301262
-0.151631
0.154060
-0.388845
-0.040967
0.402042
0.310707
-0.276935
-0.056073
-0.076062
0.306179
0.340702
0.539135
0.064465
-0.504878
0.661595
0.221590
0.122070
0.274434
-0.115156
0.284040
-0.462983
-0.124778
0.046325
-0.237598
-0.007380
0.639464
0.468110
0.375241
0.200155
-0.157051
-0.148688
-0.168455
0.419530
0.259065
0.138933
-0.292890
-0.506225
-0.427794
0.577934
0.074279
-0.409220
0.103515
-0.252199
-0.090076
0.436605
0.219165
0.364989
0.388199
-0.163490
0.135061
-0.092366
-0.427013
0.196189
-0.043088
0.353393
-0.103425
0.001150
-0.674289
-0.003842
-0.621089
0.279331
0.336281
0.469733
0.369639
-0.119073
-0.138414
0.381374
0.360441
0.436166
-0.388044
-0.358609
-0.449927
-0.367270
-0.063440
0.656628
0.252935
-0.323345
-0.346654
-0.030182
-0.432541
-0.196864
-0.004590
-0.246660
0.412680
0.335493
0.200879
0.164391
-0.167308
-0.108530
-0.226983
0.010847
0.722925
-0.096616
-0.223925
-0.032157
-0.340588
-0.403121
0.196177
-0.512995
-0.072034
0.379759
0.145429
-0.112697
-0.305998
-0.448206
-0.174806
-0.224633
0.483013
0.473856
-0.145954
0.330196
-0.266400
-0.152613
-0.398443
-0.090723
0.134678
0.462197
-0.670817
0.304653
0.118604
0.347438
-0.329829
-0.294886
-0.110123
-0.055254
0.242993
-0.412121
-0.724738
0.101564
-0.146396
0.153458
-0.207189
0.069373
-0.356144
-0.280492
-0.605920
-0.349186
-0.044241
0.209456
-0.197965
0.242349
-0.045769
0.108487
0.070582
0.573542
-0.477757
0.451954
-0.718255
-0.093168
0.635761
-0.233653
0.482737
0.000367
-0.104272
-0.065470
0.380975
0.225437
0.425778
-0.288945
0.427426
0.245051
0.519469
-0.624506
-0.251399
-0.534457
-0.347572
-0.178400
-0.287040
-0.081680
0.032734
-0.060416
-0.203912
0.379736
0.064850
0.068085
0.187175
0.222325
0.616190
0.028444
-0.083510
0.048047
0.304314
-0.559966
0.061172
-0.545784
0.047689
0.659016
-0.285787
-0.046454
0.535447
-0.086754
-0.405189
0.280656
-0.893577
0.050062
-0.139950
0.341929
0.163412
-0.384087
0.126066
0.414658
0.207407
-0.021292
-0.540032
-0.551177
0.286698
-0.122533
0.415205
0.406825
-0.645809
-0.085477
-0.431397
-0.009828
0.008535
-0.447289
0.387769
0.028057
-0.380418
0.271475
0.482047
-0.267298
-0.066036
0.013128
-0.043004
0.224417
-0.635331
0.278478
-0.501223
0.165894
0.089232
0.170870
-0.398196
0.309977
0.256808
0.039083
-0.456454
-0.057761
0.010385
0.446807
-0.141019
0.070937
0.168549
0.482627
0.167157
-0.069782
-0.061233
-0.006633
0.074592
0.256966
-0.631481
-0.308198
-0.232124
-0.218283
0.111175
0.035473
-0.242513
-0.028090
-0.047022
0.146904
-0.458292
-0.465224
-0.383930
0.175741
0.472701
-0.450991
-0.248212
0.045274
-0.576456
0.201833
-0.282898
-0.544002
0.694783
-0.023617
-0.482328
-0.078678
0.487450
0.114409
0.137830
0.193017
0.734000
0.238314
0.055485
0.111103
0.111928
0.545295
0.163679
0.153900
-0.297210
-0.464221
-0.116244
-0.277201
0.380697
0.102963
0.107775
-0.525636
-0.311619
-0.253020
0.033708
0.390424
0.033765
-0.351540
-0.253028
0.042533
-0.194299
0.186890
-0.668469
-0.251341
0.236951
0.553104
0.537323
-0.452219
0.259994
0.319882
-0.187789
0.247559
0.239976
0.013342
-0.828539
-0.047517
-0.205934
0.192202
0.077800
0.281780
0.219986
-0.131563
-0.027983
-0.239742
