-0.467319
-0.156599
-0.049595
-0.072661
0.039878
-0.131159
-0.038768
-0.489230
0.066817
-0.088936
-0.210680
-0.380066
-0.353693
-0.533078
-0.452045
0.243725
-0.456328
-0.143622
-0.251736
0.087890
0.383421
-0.362456
-0.168628
0.373968
-0.042926
0.233479
-0.091137
-0.196948
0.470095
0.029199
0.095114
-0.108643
-0.571866
-0.111395
-0.568380
0.411590
0.174852
-0.059693
0.091531
0.064780
-0.031017
-0.327551
-0.012933
0.363432
0.058167
-0.468311
0.279695
-0.039149
0.209608
0.116710
-0.280739
0.521262
0.199611
0.367253
-0.349842
0.606592
-0.140286
-0.219884
0.428192
0.459798
-0.106555
-0.548930
0.148430
-0.279785
-0.501877
-0.434819
-0.356704
-0.163887
0.528333
-0.510835
-0.179916
0.193959
0.244639
-0.296779
0.418257
-0.374918
-0.057390
-0.190295
0.343351
-0.544830
-0.022260
-0.531368
-0.694287
0.177380
-0.175127
0.208698
-0.463540
0.542624
-0.114430
-0.076032
-0.479250
0.453740
-0.352806
-0.602959
-0.435211
0.348231
0.285961
-0.192542
-0.509787
0.456503
-0.432445
-0.059796
-0.049556
0.020135
-0.021986
-0.435118
-0.342038
-0.530279
0.487863
0.183380
0.147051
0.085010
-0.321262
0.152642
0.284923
-0.646992
0.238972
-0.235193
-0.042279
-0.187273
0.352658
-0.138369
0.489337
-0.208208
-0.086958
-0.174983
0.202467
0.125118
0.351169
0.621526
-0.009714
0.240752
0.185744
0.221206
-0.444262
-0.501144
0.311705
0.130052
-0.514666
-0.198577
-0.000585
0.097566
-0.093773
0.149592
0.162978
-0.115676
0.504195
-0.316103
-0.269607
-0.380979
-0.023880
-0.180083
-0.050425
-0.373006
0.612325
-0.001281
0.048847
-0.446170
0.145994
-0.139594
0.012189
-0.509726
0.184880
-0.028279
-0.178873
-0.014389
0.452737
-0.801883
-0.215913
0.258492
0.230298
-0.068525
0.158209
0.215104
0.193463
-0.358223
-0.290150
0.317312
0.478758
0.355386
-0.081877
-0.227512
0.253887
-0.381855
0.465118
-0.217818
0.383963
0.284969
0.148315
-0.077835
-0.555238
0.092944
-0.392250
-0.402647
-0.309832
-0.331229
0.529138
-0.515055
-0.175905
0.101698
0.168460
0.140696
0.111576
-0.219240
-0.563785
-0.160202
0.296337
-0.168179
-0.266695
-0.164650
-0.351248
-0.233564
0.065332
-0.261296
0.458524
0.216458
0.004968
-0.140158
0.395476
0.591367
0.368739
-0.201466
0.081569
-0.477179
0.326689
0.721261
0.213060
-0.409257
0.375709
0.325520
-0.396063
-0.098180
0.248221
-0.248709
-0.548108
0.488382
-0.042489
-0.105912
0.376120
0.253165
0.147928
-0.495418
-0.404611
0.087837
0.136027
0.542016
0.068761
-0.348695
-0.484686
0.360508
0.541290
0.319245
-0.443693
0.275270
-0.279503
-0.188841
0.395641
0.240057
0.108971
-0.154430
0.774441
-0.790606
-0.491235
-0.345981
0.159283
0.101297
0.299115
0.412512
0.050470
0.068536
0.274881
0.008945
-0.414569
-0.100199
-0.210129
0.459596
-0.126938
0.161328
0.430184
-0.040070
-0.240843
0.318218
0.265440
0.207811
0.186158
-0.660789
0.374834
0.477244
0.506554
-0.150365
-0.245833
0.175608
-0.073866
-0.231314
-0.347086
-0.093511
0.493778
-0.541791
0.220517
-0.145545
0.548676
0.052187
0.251642
-0.389169
-0.072140
0.302853
0.423210
0.137300
-0.207371
-0.802486
-0.187399
-0.589153
-0.512234
-0.109264
0.347372
-0.325619
0.279694
-0.087957
0.151390
-0.395241
0.188533
0.362303
0.105061
0.304524
-0.067024
-0.566442
-0.430714
0.403934
-0.012938
-0.246751
-0.404404
-0.384207
-0.033337
0.116451
0.293636
-0.517937
-0.286265
-0.071948
-0.456897
0.073602
-0.639622
0.211281
0.018998
0.288013
-0.269811
0.509724
0.104920
0.144290
-0.483336
-0.468614
0.221456
0.442743
0.073225
-0.396739
-0.319463
0.372225
0.055688
-0.362904
0.501193
-0.365500
-0.177705
-0.105694
-0.152140
0.595123
0.385558
0.025991
0.320881
0.231510
0.635736
-0.097642
0.591929
0.388403
-0.067146
0.154423
-0.325185
-0.141267
-0.302456
0.122520
0.020428
0.177637
-0.312862
0.320066
-0.345129
-0.236038
-0.498581
-0.132307
0.092267
-0.385680
0.302509
0.486915
-0.273500
0.056575
0.399016
0.417925
0.451520
-0.147574
0.430334
0.069220
-0.216375
0.164295
-0.285059
0.443446
-0.460704
-0.025788
-0.230772
-0.422154
-0.228716
-0.120036
0.245628
-0.392478
-0.403321
0.284766
-0.188481
0.213155
-0.145052
0.090705
0.209654
-0.223215
0.297410
-0.016679
0.237683
0.294473
0.170965
0.333544
-0.118564
0.115846
-0.307633
-0.258953
0.209529
-0.056552
-0.002209
0.295851
0.218905
-0.443063
-0.158965
0.267127
0.007877
0.585029
0.054390
0.412144
0.160893
0.552178
0.114416
0.191375
-0.195074
0.359594
-0.016613
-0.015750
0.093073
-0.441208
0.563437
0.146052
-0.369105
-0.167707
0.429610
-0.084825
0.082347
-0.489188
0.920070
0.351125
0.396463
-0.007259
-0.015910
0.094810
-0.524574
-0.599296
-0.147370
-0.187312
0.122904
0.022227
-0.186537
0.011262
-0.229813
0.165453
0.078290
-0.160020
-0.152645
0.457313
0.131872
0.489046
-0.206694
-0.539119
-0.148255
-0.011498
0.356052
-0.288773
-0.226623
-0.065577
0.437174
-0.545745
-0.457917
0.259715
-0.013757
-0.088100
-0.388936
-0.234108
-0.208005
-0.079223
-0.020311
-0.146339
-0.350953
-0.196159
-0.475606
-0.061848
0.701660
-0.165342
-0.644789
-0.290694
0.394983
-0.330197
0.242188
0.437710
0.110860
-0.442437
0.033470
-0.006612
0.167499
-0.270568
0.336778
0.467373
-0.145483
0.350116
0.592384
0.291727
-0.302366
0.330164
-0.260582
0.432275
0.525777
0.184572
0.210945
0.311876
-0.083234
0.320096
0.120629
-0.532848
-0.244676
-0.325291
0.482212
0.384952
0.138777
0.500173
-0.039560
-0.344341
-0.152613
0.666350
-0.133891
-0.129297
-0.079546
0.279331
-0.100272
0.269986
0.146387
-0.573224
0.109057
0.118989
0.049610
-0.668218
-0.301649
-0.001771
0.566295
0.305851
-0.007265
-0.248889
-0.316664
-0.399914
-0.557095
-0.303134
-0.614175
0.309743
0.034611
0.331770
0.044184
-0.110918
-0.337113
-0.100192
-0.005155
0.153017
-0.319592
0.018051
-0.148356
-0.047450
-0.197925
-0.043590
-0.312685
-0.228623
0.188755
0.448047
-0.002710
0.422006
0.222353
-0.241513
-0.256330
0.073000
-0.543398
-0.606347
0.010610
-0.489954
0.446427
-0.219327
0.029031
0.308296
-0.228882
0.524520
-0.081988
-0.218101
-0.553750
-0.516996
-0.294941
0.196323
-0.302346
0.051374
-0.119811
-0.062840
0.438675
-0.374073
-0.250522
0.043656
-0.111734
0.044036
-0.743094
-0.392230
-0.145778
-0.617599
0.213201
-0.459390
-0.100391
0.276260
0.487492
0.244218
-0.216355
0.499240
0.046441
0.655525
-0.268860
0.070860
-0.373825
0.191633
-0.026560
-0.607361
0.035977
0.090807
-0.392327
0.481810
-0.474896
0.172436
-0.138658
0.198566
0.222400
0.368613
-0.304054
0.246373
-0.100925
0.012106
-0.021404
0.507013
-0.347363
0.432894
0.256496
-0.365231
0.307463
0.491723
-0.294878
-0.394638
0.234473
0.242552
0.218136
0.040413
0.532598
-0.473509
0.126471
-0.480203
0.133166
0.132645
0.084124
0.490425
0.113076
-0.210494
0.036354
0.422026
-0.370447
0.556319
0.014608
0.355421
0.101982
0.189787
-0.235428
-0.462123
-0.328233
0.385180
-0.221969
0.447591
-0.485092
0.237340
-0.005371
0.521701
0.179828
-0.181698
-0.180861
-0.459109
0.492467
0.218911
0.023272
-0.120065
-0.227088
0.372347
-0.489787
-0.333567
-0.384466
0.097186
-0.218980
0.305416
0.238754
0.523271
-0.071320
0.094739
-0.616853
0.201750
-0.100035
0.109017
-0.110415
-0.125028
-0.353931
0.161590
-0.281913
0.015190
0.325945
0.373817
0.408117
0.072869
0.123472
0.130546
0.291315
0.352931
-0.340028
-0.269896
-0.382766
-0.370733
0.060105
0.261203
-0.187558
-0.367392
0.130493
-0.285027
-0.263279
-0.313794
-0.203611
-0.249855
-0.218886
-0.549720
-0.109427
-0.007637
-0.807811
-0.252396
0.144647
-0.087190
0.147313
-0.517694
0.116833
-0.038469
-0.334281
0.026588
-0.699982
-0.525318
-0.260646
0.208099
-0.067909
-0.386813
0.105527
0.035078
-0.343690
-0.453282
-0.061104
0.210629
-0.074254
-0.312592
-0.267845
0.338873
0.493830
-0.268193
0.523107
0.001833
0.411072
0.201615
-0.421395
-0.234817
-0.076135
0.264081
-0.172897
0.590990
0.664522
-0.317689
-0.296903
0.211066
-0.460077
0.056768
-0.126442
0.128960
0.151604
-0.413010
0.564174
-0.478690
-0.164800
-0.242217
0.262208
-0.355219
0.533335
-0.021289
0.249546
-0.524483
-0.080424
-0.456755
0.463819
0.452500
0.162671
0.427890
