-0.303506
-0.130648
-0.037135
-0.050425
0.396164
0.667241
-0.164904
0.274020
-0.157222
-0.154498
-0.396469
-0.396257
-0.075234
0.422989
-0.001656
-0.288399
-0.024476
-0.125833
0.227639
-0.026562
0.424677
-0.288130
0.042881
0.382325
-0.199874
0.575194
0.443588
0.350440
0.077518
0.525442
-0.057716
-0.161737
-0.257610
0.262666
-0.295061
0.232293
-0.302118
0.362426
-0.145103
-0.691630
-0.236171
-0.166199
-0.081402
0.494859
0.143480
-0.497575
-0.519512
-0.172256
-0.290075
-0.043518
-0.141795
0.239133
0.001678
-0.304794
-0.001285
-0.264030
-0.407935
-0.053556
0.360384
0.596062
0.095574
-0.161545
-0.121541
0.074466
-0.430978
0.305737
-0.055469
-0.551829
0.224498
-0.049226
0.146316
-0.532206
0.261942
0.345347
0.459695
0.025754
-0.090991
0.261697
-0.043694
-0.468652
-0.374386
-0.542018
-0.334429
-0.472143
0.376743
-0.038957
-0.184577
-0.220139
0.536588
0.336698
-0.036280
-0.458056
0.275697
-0.260290
-0.465023
-0.195411
-0.069779
0.394134
0.839378
-0.466562
0.537800
0.157541
0.290669
-0.090440
-0.013867
-0.044403
0.524245
0.216033
-0.094541
0.134407
0.227514
0.272750
0.044133
-0.052358
-0.314968
0.139600
0.449025
0.313463
0.005304
0.246151
0.341943
-0.004368
-0.077002
-0.082117
-0.400316
-0.190195
0.138225
-0.295080
0.101207
0.230933
0.371087
-0.142641
0.221630
-0.448861
-0.444262
0.736375
-0.469283
-0.291762
-0.369137
-0.088304
-0.638726
-0.260502
-0.524328
-0.247373
0.382268
0.174642
-0.180520
0.111606
-0.368640
-0.380682
0.262343
-0.416455
-0.089152
0.516609
-0.367890
0.797925
-0.033936
0.325104
-0.626424
-0.189563
0.142244
0.168954
0.794926
0.199943
-0.103092
0.346159
0.147100
0.038591
0.323774
-0.474722
0.023048
0.426849
0.392609
-0.092191
0.492345
-0.086412
0.600586
0.186260
-0.110259
0.214832
-0.420675
-0.197230
-0.292791
-0.539905
0.303875
0.044116
0.253438
-0.188557
-0.089400
0.183885
0.587416
-0.139922
-0.123301
-0.153958
-0.353934
-0.509656
0.184186
0.099755
0.108879
-0.528378
0.406084
-0.484462
-0.624959
-0.095027
0.376392
0.334580
-0.494795
-0.292664
0.024435
0.034291
0.404304
-0.294120
0.078682
-0.346844
0.321104
0.214252
0.334572
-0.309581
-0.027480
-0.123909
-0.464582
-0.224688
-0.287711
-0.795826
0.231186
-0.222794
-0.149977
-0.056376
0.023019
0.488122
0.249530
0.108955
0.150402
-0.358479
-0.445969
0.398227
0.346993
-0.349811
-0.521996
0.575323
-0.309850
-0.019738
0.054193
0.050501
-0.426579
0.105357
-0.176411
-0.490890
0.030384
-0.000623
0.143995
-0.331391
0.170021
-0.236912
0.147184
-0.227589
0.235665
0.357580
0.023091
-0.750333
0.414817
-0.305708
0.721653
-0.261464
-0.104949
0.316841
0.206674
0.292958
-0.233465
0.470781
0.286538
-0.293308
0.589673
-0.122361
-0.308039
-0.464070
0.356844
-0.063868
0.041237
-0.010151
0.066811
0.151504
0.434385
0.497036
0.076846
-0.099364
-0.777617
-0.270511
0.324120
0.595397
-0.221375
-0.449152
0.085729
-0.480719
-0.570569
-0.101036
0.521445
0.123864
-0.139747
0.372270
0.004425
-0.245969
-0.306449
0.009638
-0.305147
-0.270083
0.245701
-0.001089
-0.377583
-0.685897
-0.091462
-0.058483
-0.262304
0.434218
0.437949
0.311768
-0.339656
0.309463
0.388155
0.210017
-0.447780
0.313885
-0.348552
0.336622
-0.142262
-0.473513
-0.284412
-0.321917
-0.511179
-0.234679
0.266078
-0.177046
-0.026210
0.077385
0.042817
-0.214778
-0.646602
0.211567
0.523575
-0.257188
-0.263728
0.148849
-0.236924
0.157938
0.038607
0.350026
0.191705
-0.097214
-0.009236
0.482466
-0.329580
-0.298851
0.109521
-0.143048
-0.132850
0.049608
-0.039797
-0.247679
-0.441511
-0.222790
0.050380
0.292913
0.300147
0.535316
-0.600039
-0.192354
0.032115
-0.514736
0.214168
0.191087
-0.074601
-0.031899
0.393359
0.405611
-0.119117
0.002020
0.400711
-0.254625
-0.399740
0.448482
-0.112197
0.477034
-0.073581
-0.351557
-0.319285
-0.169237
0.405736
-0.337199
-0.470108
-0.402595
0.286968
0.005827
-0.379551
-0.316849
0.343849
0.422548
-0.361987
0.295035
-0.508828
0.177191
-0.370249
-0.448814
0.086580
0.290558
0.358378
0.236893
-0.090143
-0.284113
0.162362
0.485063
0.002351
-0.323377
0.332625
-0.195838
-0.389396
0.072470
-0.018036
0.434629
-0.393535
0.274990
0.009571
-0.132907
0.280679
-0.148418
0.300796
-0.171662
0.112764
0.122203
-0.462002
-0.643647
-0.176287
-0.202627
-0.168390
-0.161386
0.114190
-0.039634
-0.418906
-0.430913
-0.509184
-0.413924
0.084689
0.426282
0.526647
0.285986
0.138027
-0.184132
-0.265382
-0.658514
0.044601
0.087402
-0.276853
-0.246569
0.405011
-0.478930
-0.221244
-0.257441
-0.046155
-0.219064
0.374902
-0.567115
0.569637
0.127899
0.156685
-0.245382
0.306576
-0.405071
-0.280287
-0.062606
-0.402476
-0.371668
-0.346965
-0.356793
-0.096665
-0.418511
0.186933
-0.025878
-0.261595
-0.297513
-0.214880
-0.027784
-0.438937
-0.130912
-0.468760
0.446897
0.013257
0.091875
0.345477
0.023080
0.178369
-0.025633
0.140193
0.089460
-0.185349
-0.161024
0.072386
0.083445
-0.352577
0.000181
0.200304
-0.310566
0.157498
-0.368222
0.496722
0.507516
-0.444345
-0.414396
-0.151511
-0.355100
-0.261872
0.477170
0.426897
0.346722
-0.429847
0.048054
-0.210801
0.040193
0.562549
-0.504342
-0.421840
0.163026
-0.148687
0.352827
-0.382675
-0.478118
0.426230
-0.591556
0.030891
0.318796
0.176143
0.163826
-0.056596
-0.193249
0.081155
0.051140
0.397121
-0.220387
0.460135
-0.377441
-0.027921
-0.349137
-0.107512
0.566044
-0.571261
0.106187
0.614504
0.037883
0.497444
0.434504
0.162173
0.246956
0.398583
-0.258855
0.139836
-0.160188
-0.000579
0.257805
-0.675887
0.166141
0.261381
-0.087820
-0.089009
-0.615520
-0.224970
0.121278
0.114068
0.194653
0.137309
-0.115695
0.228760
-0.234586
-0.557719
0.492031
-0.356286
0.090682
-0.261854
0.228986
0.463406
-0.234193
-0.533620
0.354844
0.271950
0.646623
0.346083
0.574312
0.065153
-0.254151
0.254122
0.134690
0.038319
0.440206
0.571880
0.447816
0.279186
-0.523263
-0.180856
-0.560882
0.328051
0.492889
0.363371
-0.390850
-0.313017
-0.036528
0.299560
-0.523026
0.107416
-0.322394
-0.021425
-0.151491
0.000286
0.378153
-0.094944
-0.329152
0.202441
-0.099632
0.156959
0.369283
-0.061253
0.415329
0.097042
-0.225161
-0.632759
-0.039285
0.563263
0.198180
0.291673
-0.457043
0.324136
-0.365571
0.379392
0.195042
-0.184212
0.329889
-0.055379
0.407683
-0.338035
0.071301
0.148572
0.367337
-0.205832
0.021947
0.107844
-0.307944
-0.497479
-0.203030
0.190021
-0.192344
0.347960
0.124191
-0.417688
-0.011759
-0.019688
-0.228912
-0.141454
-0.081688
-0.245629
-0.407804
0.124246
0.157658
0.297438
0.405841
0.376430
0.104908
-0.351831
0.483218
0.142005
0.170225
0.637082
-0.207708
0.112922
-0.353446
-0.025074
-0.224463
0.100778
0.157642
0.094069
-0.486410
0.073404
-0.060187
-0.369886
0.260959
-0.544344
0.550192
-0.026600
-0.483116
-0.007826
0.068985
0.335260
0.608307
-0.114219
0.456159
-0.162676
0.176940
-0.413339
-0.307878
0.135118
-0.511024
0.117064
-0.113830
-0.114391
-0.234035
-0.347159
0.193559
-0.100681
0.136673
0.761309
0.292038
-0.120169
0.168863
0.163547
0.335905
0.487474
0.411687
0.314110
0.355980
0.134423
0.479148
-0.527375
0.469374
0.314401
-0.456252
-0.649808
-0.564219
0.495714
0.082028
0.233522
0.016435
-0.219653
-0.330706
-0.014086
-0.003812
0.452165
0.482627
0.234501
0.151460
0.490115
0.468647
0.300321
0.236359
0.240718
-0.186930
-0.103480
-0.342310
0.024971
-0.408790
0.383988
-0.377841
-0.120823
-0.278759
-0.037607
-0.490016
0.354388
-0.019504
0.075547
0.274632
0.140187
0.329339
0.174999
-0.262542
-0.096108
0.376415
0.053202
-0.175736
0.154977
0.176490
-0.179936
-0.010500
0.058589
-0.370353
-0.075517
-0.271935
-0.271842
-0.337804
-0.219063
-0.128991
-0.180709
-0.155054
0.288800
0.402678
-0.079500
-0.305135
0.603785
-0.052259
0.353525
-0.589816
-0.471918
-0.055924
0.472578
0.418946
0.133959
0.241083
-0.156788
0.349879
0.723616
0.068894
-0.617301
-0.152276
0.269169
0.089178
0.680128
-0.445968
-0.076415
0.264610
-0.174828
-0.718692
0.582513
0.040172
-0.375390
0.297455
-0.780896
0.005002
-0.141808
-0.250950
-0.557648
0.186726
-0.437404
-0.162173
