0.370873
0.185244
-0.176244
0.119223
0.175506
-0.273266
0.416174
-0.443516
0.447472
0.146608
0.308388
-0.462059
0.238117
-0.188399
0.239585
0.042675
-0.113698
-0.117016
-0.510760
0.087684
0.068084
-0.186669
-0.390043
0.454891
0.176373
0.247324
-0.157285
-0.495167
-0.026862
-0.306100
-0.233406
-0.431369
-0.485314
-0.394612
-0.222034
0.549195
0.379187
-0.148586
-0.479999
0.346031
0.090093
0.433215
-0.166482
0.200929
-0.314821
-0.021407
0.029204
-0.165680
-0.382743
0.468094
0.000297
-0.095623
-0.112360
0.473455
-0.056486
-0.319031
-0.131537
0.838968
-0.466964
0.439428
-0.016392
-0.054297
0.516767
-0.173697
0.337762
-0.360770
0.308276
0.334280
-0.313452
-0.134673
0.124914
0.308512
0.172700
0.204517
0.225510
-0.155863
-0.049110
0.015058
-0.045780
-0.563425
0.122365
-0.196739
-0.559130
0.439913
-0.163302
0.001649
0.277052
0.510805
-0.139999
0.496791
-0.102194
0.277374
0.411563
-0.031200
0.427389
0.527063
0.070207
0.732807
0.613243
0.381238
0.090485
0.243031
-0.318028
0.003813
-0.128388
0.653971
-0.099081
-0.402608
0.348461
0.124779
0.255323
0.246910
-0.380637
0.571446
-0.107659
-0.039887
-0.225340
0.037904
-0.277353
-0.356369
-0.420222
-0.190514
0.163626
-0.190012
-0.300635
-0.132000
-0.193364
-0.424854
0.198880
0.320697
-0.329854
0.691706
-0.047056
0.353926
-0.255677
-0.247605
0.215526
-0.197012
0.376383
-0.276365
-0.478095
0.217765
0.067099
-0.031430
-0.070080
0.258054
-0.393373
-0.038937
0.483330
-0.342360
0.421974
-0.146641
-0.044532
-0.263217
-0.225102
-0.043387
-0.297399
0.567861
0.130461
0.243768
0.094562
0.340980
0.726119
0.389601
0.307340
0.286688
0.031443
-0.382966
-0.284639
0.038328
-0.168589
-0.043647
-0.269798
0.088468
-0.339820
-0.637522
0.116287
0.415655
0.373122
0.208403
-0.188950
-0.026878
-0.186279
-0.477627
-0.165409
-0.395089
0.253438
0.510467
-0.077208
-0.395886
0.168531
0.142185
-0.146224
-0.137909
-0.378894
-0.082511
-0.387374
0.183111
-0.197994
-0.215689
0.570396
0.082261
-0.205425
0.451885
-0.250097
0.356245
0.420134
-0.214992
0.499201
-0.023668
0.260509
-0.118415
0.154753
-0.335991
-0.424408
-0.119401
0.105236
-0.289918
-0.192917
-0.247596
0.368739
-0.721152
0.062647
-0.537334
-0.509549
0.148819
-0.527612
0.188516
-0.056818
0.082772
-0.379360
-0.631108
0.318133
0.306440
-0.563253
0.198755
-0.017018
-0.512838
-0.603272
-0.277217
-0.389065
-0.284982
0.035144
0.460904
0.309046
0.431447
-0.159661
-0.070409
0.341450
-0.053081
-0.110488
-0.260062
-0.227194
0.382697
-0.157827
0.339254
-0.522506
-0.388127
0.242953
-0.309058
-0.513421
-0.483864
-0.302306
-0.141796
0.055074
0.224306
0.437842
0.210964
0.220612
0.079484
-0.184569
0.207535
0.477638
0.291531
-0.507789
-0.369155
-0.353485
0.067289
0.457474
-0.075917
0.519316
-0.395258
0.539583
0.251547
0.533148
-0.154078
-0.209329
-0.027319
-0.493942
-0.223840
0.122011
0.323555
0.013730
0.032187
-0.311415
-0.010303
0.187402
-0.477269
-0.342897
0.418308
-0.629902
-0.338079
0.515361
-0.367102
-0.344551
0.236120
0.336314
0.366262
-0.188564
0.453796
-0.755611
-0.220627
0.293957
-0.266456
0.401908
0.405456
0.070811
0.023271
-0.064068
0.324145
-0.473182
-0.074499
-0.042879
-0.058514
-0.403506
-0.594097
-0.380756
0.152992
-0.208202
-0.440895
0.029124
0.063066
-0.022808
0.335297
-0.261708
0.281219
-0.396232
-0.370564
-0.192347
0.005075
0.052250
-0.087439
-0.000410
-0.460222
0.311399
0.551925
0.380644
0.338510
0.025015
0.397007
-0.420355
0.297598
0.084268
0.680240
0.179471
0.043616
0.318027
-0.269784
0.420188
-0.094259
0.457102
0.487897
0.425728
-0.177696
-0.139663
-0.034353
0.459210
0.154874
0.202359
0.012421
-0.474569
-0.271424
-0.278066
0.437026
-0.373865
-0.422542
0.327001
-0.356608
-0.134950
0.233673
-0.469357
-0.251242
-0.118380
-0.059790
-0.499642
-0.217566
0.637724
0.747559
-0.162521
0.180911
0.271951
0.046267
-0.360673
0.176199
0.087627
0.538469
-0.214871
0.565008
0.203975
0.101425
-0.371243
0.330792
-0.021796
-0.466354
0.021411
0.722621
-0.007777
0.132017
-0.056974
0.506634
-0.195839
0.616659
0.147385
0.256997
0.103332
0.224106
-0.294005
-0.296702
0.382109
-0.188146
-0.083643
0.013569
-0.020012
-0.555009
-0.043818
0.369258
-0.282251
-0.489321
-0.145540
0.212443
0.313084
-0.185696
-0.237991
0.103568
-0.346674
-0.100463
0.458923
0.352386
0.023121
0.225439
0.417493
-0.396608
0.369227
0.657123
-0.327766
0.014519
-0.119973
-0.274554
0.205163
0.598564
0.293690
0.391298
-0.233551
-0.146445
-0.436891
0.054197
0.088696
-0.568420
-0.558711
0.100333
0.447371
-0.169574
0.181710
-0.041550
-0.245097
0.502417
-0.152373
-0.186366
-0.512037
-0.474658
0.297717
0.140354
-0.089319
0.098153
0.476655
0.250531
-0.169991
0.351995
-0.286456
0.131817
-0.547253
-0.199429
0.383088
0.206165
0.225979
0.326518
0.149768
-0.087430
0.070420
-0.203563
-0.447054
-0.453128
-0.211397
-0.275109
0.627204
-0.108627
-0.113035
-0.385933
-0.445659
-0.319933
0.022823
0.319522
0.559440
-0.077752
0.399080
-0.263921
-0.070914
0.311110
0.380739
0.167505
0.090489
0.140388
-0.280023
-0.284870
-0.381606
0.353526
-0.420634
-0.376472
-0.428505
-0.288748
0.414925
-0.485831
0.396544
0.530459
-0.043000
-0.506225
-0.211325
-0.351007
-0.155228
0.060282
-0.373779
0.040822
-0.203093
-0.052417
0.100021
-0.532848
0.265805
-0.215354
0.105304
-0.281713
-0.152446
-0.234891
0.286094
0.545590
0.355098
0.251378
-0.129538
-0.003842
0.144962
-0.124858
0.295638
-0.541420
0.022969
-0.226498
-0.310093
-0.263074
0.094857
-0.630106
-0.409634
-0.469261
-0.559882
0.024165
0.597151
-0.334933
0.553902
0.064573
-0.142362
-0.039213
0.311941
0.587577
0.085698
0.414222
0.098422
0.023254
-0.416117
0.423786
-0.100712
-0.276683
0.376581
-0.055967
0.743053
-0.077789
0.054369
0.299680
-0.443093
-0.132984
0.122367
0.530926
-0.167107
0.533304
0.653531
0.141360
-0.176626
0.578727
-0.488236
-0.261597
-0.084082
0.288157
0.445822
0.322739
-0.373297
0.517732
0.438328
0.286321
-0.295517
-0.192879
0.252413
0.237374
-0.427820
-0.376402
0.169433
0.284852
-0.483468
0.050840
0.101422
-0.193820
-0.070761
0.283933
-0.094684
0.550356
0.325149
-0.139004
0.138166
0.260410
0.144597
0.165043
0.615838
0.622023
-0.055367
-0.425694
-0.178299
0.062134
0.217316
-0.054313
-0.317177
-0.178974
0.144975
0.466972
0.635761
-0.246345
-0.575449
-0.286112
-0.080024
0.344594
-0.443760
-0.530699
-0.019844
0.313779
0.470680
-0.058976
0.093050
-0.040104
-0.214832
0.041064
-0.315743
0.455706
0.428978
0.364255
-0.418094
-0.247386
0.287718
-0.670361
-0.571703
-0.552559
0.626340
0.047749
0.610593
-0.020167
0.055382
0.726579
-0.316803
-0.083444
-0.204821
0.286184
0.109998
0.042017
0.101259
0.177724
-0.172669
-0.098903
-0.283033
0.280656
0.627242
-0.480071
-0.323878
-0.318724
0.245505
-0.134976
0.141968
0.181640
0.290756
-0.052555
-0.662654
-0.412417
0.076051
-0.290190
0.015352
-0.430522
0.323620
-0.328230
0.217973
0.478728
-0.663411
-0.325524
0.201955
0.019613
0.117938
0.220918
-0.615738
-0.408786
0.379195
-0.255751
0.184317
-0.183860
0.311603
-0.085393
0.178511
-0.094444
0.093403
-0.260551
0.550444
0.208564
-0.217073
0.338637
0.327906
0.210773
-0.219892
-0.077928
0.043698
0.436265
-0.171121
-0.005438
0.358483
0.428443
-0.544655
-0.214964
-0.026388
0.248353
-0.321966
0.580603
0.015304
0.570372
-0.145650
0.321712
-0.260658
-0.154331
-0.255939
0.277920
0.373000
-0.475579
-0.481426
-0.313669
-0.197805
-0.520913
0.151185
-0.046372
0.273058
-0.355385
-0.118002
-0.079278
-0.289323
0.144554
0.307263
-0.171605
0.166052
0.467791
0.355432
-0.019230
-0.190586
-0.403640
-0.397545
-0.282594
-0.153134
0.221459
-0.061241
0.157546
-0.347565
-0.457488
-0.346739
0.170534
-0.105981
-0.293465
0.256635
-0.071006
-0.591529
-0.079504
-0.334810
-0.358979
0.207098
0.111447
0.372253
0.548224
-0.094524
0.094234
-0.165615
-0.452226
0.229201
0.058622
0.081229
0.462853
0.185326
-0.544826
0.503476
-0.380533
-0.524675
-0.129231
-0.204700
0.597754
0.547400
-0.426293
-0.100808
0.006268
-0.629374
-0.190325
-0.098126
0.189283
