0.097133
-0.606120
0.253505
0.345943
-0.053612
-0.016923
-0.535945
0.129553
-0.189699
0.205353
-0.010520
-0.137170
0.051215
-0.364135
-0.509102
0.209860
0.116000
-0.179443
-0.330857
-0.010482
-0.061840
-0.457305
-0.383394
-0.076395
-0.340369
-0.528120
0.071129
-0.546836
-0.268749
-0.062806
-0.142114
0.033159
-0.401951
-0.044947
0.361789
0.157864
0.168718
-0.067267
-0.427854
0.219276
0.122101
-0.183367
-0.249445
-0.113715
0.364175
-0.314597
-0.422006
0.236617
0.350824
0.461889
-0.193094
-0.345503
-0.012180
0.327902
0.291733
0.374955
0.196546
0.047698
0.263740
-0.363444
0.015173
-0.193844
0.090090
-0.416058
-0.220035
0.235946
-0.665638
-0.354707
0.131747
-0.499359
0.342144
-0.446760
0.184489
0.022419
-0.144235
0.112575
0.195124
-0.316134
0.592479
-0.402664
-0.348273
-0.326539
0.269331
-0.291319
0.494861
0.539143
-0.322763
-0.402688
-0.490826
0.260362
0.032012
-0.104188
-0.364420
0.319957
-0.006536
-0.210262
0.259292
-0.413068
-0.198668
-0.504286
-0.172853
-0.156869
0.360677
0.026761
-0.098891
-0.243177
0.369630
0.100804
-0.083949
0.051112
0.506759
-0.321619
-0.554677
-0.006093
0.283152
-0.381657
0.303125
-0.168353
-0.563462
-0.034852
-0.421104
-0.253166
-0.328829
-0.489860
0.132633
-0.303972
0.205364
0.210823
0.450202
0.201025
-0.209282
0.262920
0.439546
0.229095
0.215390
0.069822
-0.041947
-0.172247
-0.368845
0.131579
-0.056623
0.074676
-0.241290
-0.194552
-0.627260
0.267096
-0.380724
-0.210616
0.520025
0.179992
0.170899
-0.258345
0.235836
-0.006729
-0.173881
-0.062750
0.088981
-0.296631
0.261953
-0.316445
-0.380656
-0.223495
0.106406
-0.231189
0.053479
-0.635299
-0.125159
0.038591
-0.357138
-0.648614
-0.076635
0.340257
0.023794
-0.177528
0.293728
-0.258386
0.063862
-0.139473
0.095284
-0.382699
-0.121815
-0.078326
-0.271971
-0.349082
0.259440
0.338878
0.061562
0.026717
0.260273
0.093486
0.173876
-0.092726
-0.256947
0.091544
0.242375
-0.362897
-0.387374
0.190758
0.053898
-0.462993
0.368640
0.013709
0.326371
-0.240411
-0.255757
-0.437377
0.393348
0.106500
-0.239064
-0.324935
0.287170
-0.163195
0.169457
0.319731
0.550437
0.096659
0.002689
-0.191948
-0.527952
0.106122
-0.097120
-0.022946
-0.336811
0.523323
0.057406
0.312551
0.302270
0.082078
0.224014
-0.324519
-0.401562
-0.090135
0.031181
-0.216828
-0.326533
-0.391781
0.642494
-0.474670
-0.003798
-0.389906
-0.392784
-0.147453
-0.407280
0.100587
0.603553
0.403678
-0.496090
-0.321520
-0.084499
0.138772
-0.030344
-0.216971
0.288643
0.005069
-0.135955
0.194649
-0.638118
0.096284
0.214503
0.121616
0.305316
0.260855
-0.307061
-0.349595
0.453419
0.565074
0.169593
0.486535
0.256910
-0.212912
-0.258785
-0.175961
0.387743
0.112026
-0.117528
0.225179
0.122879
-0.027680
-0.009267
-0.004819
0.036181
0.247581
0.336629
-0.037919
0.078433
0.316284
-0.428137
-0.570200
-0.518438
0.134535
0.157686
-0.556575
0.409690
-0.444998
0.398928
0.103898
0.493778
-0.643349
-0.294775
-0.224140
0.043488
-0.305997
0.331956
0.014297
-0.037162
-0.490872
-0.242147
-0.066042
0.201938
-0.438923
0.070165
-0.101726
0.108328
-0.062065
0.336429
-0.340548
-0.126976
0.246628
0.194214
0.452524
-0.487119
0.420627
-0.108836
0.144765
-0.582518
-0.583145
-0.353505
-0.222479
0.146914
0.343790
0.496246
0.293503
-0.139304
-0.087793
0.063960
0.034752
-0.261856
-0.409604
0.592461
0.042420
0.152207
-0.313367
-0.123747
0.531099
0.356205
-0.643758
-0.498006
0.285695
-0.404911
-0.268316
-0.272158
0.399960
0.233526
-0.594611
0.081654
0.203827
-0.315388
-0.228209
0.059753
0.363292
0.068879
0.280739
-0.103125
0.054806
0.393420
-0.674044
0.156671
-0.105938
-0.075646
0.131327
-0.045999
0.471403
-0.493075
-0.031623
0.480222
-0.335704
-0.230617
-0.012898
-0.236171
-0.012719
-0.233580
-0.371775
-0.145053
-0.361326
-0.721693
-0.044649
0.048330
-0.171453
-0.156653
0.343981
-0.033584
0.258415
0.082572
0.037887
0.456999
-0.021756
0.374234
-0.138482
0.081330
0.195089
-0.146614
-0.114555
0.353743
0.256152
-0.129718
-0.262528
-0.071437
-0.450769
0.044791
0.208112
0.457591
0.399061
-0.321632
-0.065944
-0.832497
-0.329448
0.004174
-0.248966
0.326093
-0.214577
0.247312
-0.434543
0.032396
0.158501
0.060139
0.050540
-0.306619
0.375147
-0.052025
-0.138168
0.119721
-0.255023
-0.449040
-0.047866
0.412292
-0.004361
-0.108752
-0.133816
-0.064346
-0.145653
-0.497040
0.169735
-0.264301
0.722893
-0.042843
0.418147
0.398371
-0.557792
0.029638
0.102075
0.056265
0.070751
-0.023336
-0.554276
0.170808
-0.004211
-0.326310
0.117567
-0.122859
0.477159
-0.163201
0.360843
0.241484
0.072568
-0.149985
0.164338
-0.043747
-0.360915
0.410145
-0.038740
0.322055
0.250811
0.124159
-0.176167
-0.202916
-0.320477
-0.208058
0.256938
0.551734
-0.476306
-0.647940
-0.291612
0.034138
0.051627
0.603013
0.444552
0.184625
-0.140965
0.051447
-0.200136
0.113438
-0.351522
-0.297775
-0.182468
-0.101080
0.128872
-0.170851
-0.475797
0.036093
0.111755
-0.550395
0.260299
0.451458
-0.060999
0.443826
0.206102
-0.529778
0.183114
0.281543
-0.154460
0.171980
0.029516
-0.714788
0.494169
-0.458477
0.445281
0.277697
0.038424
-0.439635
0.256364
0.366343
-0.332975
-0.534588
-0.105250
0.184209
0.208384
0.205039
0.020679
-0.664430
-0.457878
0.434846
0.028798
-0.152469
0.037303
0.282333
0.371129
-0.508152
-0.161977
0.036139
-0.489050
-0.690490
-0.586229
-0.450707
0.278172
-0.191471
0.080393
-0.690854
0.090827
-0.485293
-0.524180
0.018505
0.517750
0.115566
0.066794
-0.207831
-0.262941
-0.418887
-0.448803
-0.314806
0.200262
0.230854
0.002435
0.393383
0.619414
-0.053681
0.144763
-0.138667
0.337403
-0.136851
0.232768
-0.037859
0.450885
0.247805
0.037145
0.354697
0.318551
-0.466904
-0.245577
-0.014310
-0.419852
0.147924
0.408463
0.636159
-0.191406
-0.409056
-0.227970
-0.569232
-0.223890
-0.534277
0.516048
0.430295
-0.381226
0.241826
0.554348
-0.453158
-0.168456
-0.380605
0.310763
-0.389346
-0.212305
-0.025623
0.007016
0.362013
-0.509360
0.103733
0.315998
-0.285736
-0.080534
0.223643
0.323754
-0.692676
0.126035
0.274621
-0.398506
-0.093128
-0.375091
0.020509
-0.404803
-0.669570
0.363522
0.502901
0.154652
0.025386
0.156575
-0.486734
0.398058
-0.018243
0.498097
-0.269247
0.282921
-0.127857
0.503819
0.158046
-0.475599
0.474673
0.262524
-0.474952
-0.354776
-0.439050
0.124298
0.039920
-0.252631
-0.352850
0.283841
-0.585832
0.374806
-0.082844
0.120437
0.370017
0.269936
0.333519
-0.441662
0.554369
0.403731
-0.059496
-0.372803
0.422094
-0.286349
-0.246223
-0.010937
0.338509
0.342841
0.712875
0.159308
0.155649
0.427787
0.327401
0.070711
-0.149151
-0.088429
0.139273
0.120951
-0.441596
0.634984
0.197207
-0.496020
-0.048733
-0.052433
-0.065158
0.021715
-0.316836
0.480335
0.078932
0.099735
0.306959
-0.030283
-0.371063
0.684343
-0.092204
0.576462
-0.331171
-0.192270
-0.062839
-0.491095
-0.063549
-0.052464
-0.214437
0.000268
0.122743
0.250660
0.054712
-0.061654
-0.111474
0.168306
0.298147
-0.279668
-0.607561
-0.394591
-0.299532
-0.187083
-0.190124
0.610215
-0.120637
-0.238737
0.219673
0.000233
0.243674
-0.625748
-0.204365
-0.046910
-0.301290
-0.037188
0.149997
0.273655
-0.539011
0.563672
0.654708
-0.545949
0.241940
0.102962
-0.098491
-0.230647
0.356243
-0.182776
-0.549333
0.436402
-0.347827
0.022121
0.516984
-0.272845
-0.148353
-0.031243
0.648398
0.148871
0.372604
0.525095
0.495441
0.209598
0.431056
0.722961
-0.601146
0.315782
0.083818
-0.149279
-0.305821
-0.437857
0.208724
-0.382713
0.319471
0.311954
0.034339
-0.044715
0.547758
-0.237838
-0.201741
-0.091336
0.172974
0.060755
-0.476303
-0.427192
0.193342
-0.184298
0.024409
-0.002390
-0.132019
-0.229007
-0.443357
-0.541246
-0.049222
-0.177905
-0.188382
-0.023802
-0.381920
-0.058270
0.042745
-0.312547
-0.092125
0.237719
0.398467
-0.217575
-0.122583
0.121083
-0.026119
-0.390084
-0.100710
0.155890
0.002761
0.613750
0.055415
0.523597
0.213412
-0.168470
0.597705
-0.071572
-0.121150
-0.017170
-0.466827
0.391776
0.459723
0.091755
0.460743
-0.109827
-0.614577
0.477879
0.142659
0.331022
