-0.235459
0.529728
-0.333193
-0.155121
0.454187
-0.072798
0.025225
0.023261
-0.343016
0.346797
-0.299047
-0.034009
0.081414
-0.436735
-0.051359
0.257027
-0.099877
0.317377
0.269874
-0.172687
0.188099
-0.300502
-0.336904
-0.264703
0.244955
-0.419400
-0.151102
-0.278135
0.106145
0.048690
0.315802
-0.198239
-0.037273
0.176548
0.109945
-0.142676
-0.311539
0.206741
-0.279374
-0.541558
0.015750
-0.251628
0.168865
-0.380141
0.547084
-0.564728
0.097822
0.165634
-0.275483
-0.372885
0.423112
-0.177477
0.081852
-0.422977
-0.052603
-0.443045
0.354162
-0.220624
-0.027697
0.202394
0.437249
-0.367745
-0.304636
-0.410598
-0.459820
0.353617
0.303699
0.322959
0.188221
-0.267492
-0.121497
-0.434988
-0.209700
-0.224044
0.119197
0.025754
0.165032
0.252796
0.159159
-0.348050
-0.130844
0.264743
0.422153
-0.426873
-0.047948
0.146543
-0.101046
0.506849
0.351197
0.245850
-0.108629
-0.760026
0.316925
-0.156115
-0.591738
-0.317636
-0.207496
-0.394802
-0.471836
0.237271
-0.163585
-0.323011
0.099307
0.128491
0.551984
0.100215
0.367512
-0.370847
-0.070918
-0.423620
-0.164808
0.143131
0.153123
0.025542
-0.284414
-0.036523
0.247723
-0.325964
0.302426
0.037606
-0.709394
0.534182
-0.461331
-0.083808
0.114414
0.393351
-0.048765
-0.094514
-0.168205
-0.415960
-0.781878
-0.338455
0.209930
0.340667
-0.068097
-0.385511
-0.534684
0.479250
-0.160054
0.491790
0.092798
-0.534725
-0.025833
0.127317
-0.367899
0.165315
-0.272265
0.279587
0.561448
-0.114839
-0.148061
-0.241964
0.330701
-0.097952
-0.139235
0.519453
-0.244873
-0.304918
-0.104216
-0.383430
0.187642
0.283734
0.548035
0.515686
0.096301
0.618238
-0.559481
-0.334389
0.035795
0.178494
0.024110
-0.016353
0.134847
-0.035544
0.476834
-0.258386
0.318089
-0.139473
-0.411221
-0.180031
0.404497
0.548747
-0.144874
-0.271259
0.308893
-0.222249
0.102797
-0.038364
-0.025136
-0.410347
0.457342
-0.403050
-0.184105
0.235401
-0.178517
-0.383976
0.398170
0.179206
-0.494979
-0.515916
0.034521
0.011840
0.271305
-0.350616
-0.607333
-0.437377
-0.296046
-0.437593
0.043663
0.035581
0.261767
-0.108637
0.266572
-0.536205
0.379550
0.102825
0.188202
-0.013319
0.056061
-0.240363
-0.526066
-0.258243
0.750549
0.139002
-0.508504
0.071993
-0.461727
0.067464
0.096045
-0.489808
-0.476612
-0.056435
0.285687
0.353657
0.557366
0.069333
-0.314476
0.350584
-0.627785
0.563739
0.117622
0.021210
0.103537
0.111979
0.347305
0.135659
-0.112585
-0.333995
0.410161
0.138772
-0.006910
-0.283068
-0.306753
0.099687
0.231688
-0.109420
0.425137
0.400160
-0.386649
-0.438137
0.172078
0.045751
-0.292826
-0.465884
0.155969
-0.379560
0.135078
0.316416
0.631018
0.419406
-0.013946
-0.018943
0.061904
0.264845
-0.074603
-0.034457
0.047582
0.434040
-0.044413
-0.137043
0.675486
0.536147
0.013829
0.299320
0.075136
-0.467432
-0.709832
-0.287925
0.587293
0.416995
-0.192204
-0.505602
0.559340
-0.383414
-0.439195
0.201831
-0.264994
-0.473110
0.421092
0.418308
-0.111246
-0.102865
-0.510767
-0.379076
-0.069935
0.894628
-0.113570
0.309884
0.085063
0.528947
-0.047300
-0.351398
0.032474
-0.053625
0.290448
-0.065784
0.572561
-0.168621
0.023232
-0.115447
-0.227938
0.407903
0.469449
0.010026
0.440286
0.461821
-0.311035
-0.549592
-0.417482
-0.395073
0.003079
-0.055763
-0.034773
0.019874
-0.273891
-0.377088
-0.241598
-0.027703
-0.396811
-0.029089
-0.490604
-0.264828
-0.412585
0.079943
-0.622415
-0.034603
-0.155420
-0.176666
-0.437912
0.413885
-0.390469
0.297691
0.551849
-0.096886
-0.269643
0.120908
0.217635
0.179689
-0.409837
-0.008636
0.160596
0.592168
-0.058342
0.486585
0.364168
-0.055000
0.141371
-0.106044
0.209333
-0.136845
0.385052
0.255271
0.279004
-0.201420
-0.339190
-0.139943
-0.799385
0.119435
0.204872
0.229238
0.089077
-0.283213
-0.129211
0.700533
0.187852
-0.180314
0.095875
0.296428
0.395111
-0.565804
-0.142773
0.230555
0.231599
0.011765
0.302207
-0.287672
0.098913
0.435296
0.144693
-0.102897
-0.351821
-0.611857
-0.147472
0.235703
-0.061437
-0.001126
0.130662
0.334510
-0.468777
0.362508
-0.003632
0.354985
-0.345263
0.081163
-0.435065
0.079316
0.251118
0.566861
-0.503596
-0.053478
0.019291
0.214480
0.272331
0.030593
-0.060571
-0.290744
-0.274604
0.200733
0.687500
0.364856
-0.027199
0.115483
-0.186267
-0.278034
-0.224397
-0.541367
-0.234231
0.664223
0.082312
0.369239
0.179991
0.419522
-0.218872
-0.179989
0.384858
-0.080465
0.288630
-0.233137
0.032643
0.298686
-0.020382
0.195263
0.014568
0.482308
-0.458834
0.016300
-0.202594
-0.373458
0.024777
-0.501935
0.409032
-0.000128
-0.544772
-0.345442
-0.576452
-0.038433
-0.161329
-0.116375
0.021889
0.082122
-0.250740
-0.380619
-0.539549
-0.299957
0.310236
0.398665
0.445905
0.153338
-0.201092
-0.050140
-0.063773
0.221499
-0.447361
0.055863
-0.257043
-0.440741
0.217099
-0.300186
-0.009388
-0.329337
0.113438
-0.403366
-0.313151
0.084404
-0.304691
0.045774
0.320634
0.170499
-0.272566
-0.250637
-0.499119
0.302480
0.107633
-0.268992
-0.480601
-0.257721
0.087263
-0.274272
-0.309014
-0.260157
-0.355066
0.193196
0.165678
-0.103023
-0.559767
-0.289057
-0.099447
-0.290688
0.298397
-0.200108
0.412726
0.140122
-0.108924
0.229408
-0.275865
0.328165
-0.297551
0.286348
-0.590087
0.183950
-0.265418
-0.164832
0.196535
0.068121
0.181116
-0.131420
-0.074264
0.263375
0.371217
-0.274175
0.027616
-0.479779
0.413122
-0.269757
0.368321
-0.077789
-0.417903
0.204948
-0.068442
0.066907
-0.097291
-0.470685
-0.523306
0.340485
-0.174406
0.389370
-0.249114
0.508721
0.436904
-0.416756
0.464381
0.356602
-0.049962
0.374184
-0.568891
0.278283
0.291477
0.407608
0.275182
-0.065962
0.000936
-0.072489
0.235922
0.366501
-0.324292
0.312194
0.095397
-0.219160
0.250685
-0.417654
-0.316352
0.416824
0.006875
0.383210
0.092425
-0.422176
0.235797
0.556722
0.106725
-0.089994
0.324199
-0.115481
0.075814
0.040730
0.061741
-0.003097
0.387420
0.351461
0.253979
0.191394
-0.273442
0.010114
0.523290
0.103949
0.166148
-0.063604
-0.482260
-0.301318
0.128062
0.329715
-0.280951
-0.106566
0.285634
0.904057
0.222445
-0.412121
-0.451855
-0.368553
-0.071851
-0.290951
0.007200
-0.285628
-0.007968
0.274067
-0.031132
-0.335594
-0.017952
-0.446610
-0.380560
0.237657
0.422544
-0.059404
0.085918
-0.213051
-0.208288
0.101935
-0.122470
-0.072282
-0.015411
-0.083569
0.134906
-0.102200
-0.197646
0.467366
-0.302682
0.411928
0.268702
-0.108180
0.209846
0.365704
-0.184464
-0.156862
0.036962
-0.666184
-0.113822
0.579855
-0.100554
-0.185448
-0.211035
-0.062144
-0.385603
-0.024224
-0.284042
0.377516
0.130818
0.185726
-0.298425
-0.115870
-0.309558
0.344758
0.423206
0.252660
0.375551
-0.428280
0.330233
0.463889
0.104216
-0.074900
0.151020
-0.253409
0.156183
0.067376
-0.558630
0.144520
0.024163
-0.117634
0.405258
0.577360
-0.101516
0.063096
-0.080840
-0.050411
0.238493
0.160556
-0.221963
-0.131839
0.455596
-0.079207
-0.353785
-0.047872
0.306435
-0.495453
0.334275
0.136673
0.929646
-0.533574
0.033310
-0.445158
-0.267617
-0.247919
0.353092
0.156685
0.296868
-0.402907
-0.691407
-0.294959
0.330003
-0.119677
0.076375
0.258849
0.371084
-0.228929
0.210391
0.028586
0.011008
-0.417001
-0.244942
0.453538
-0.026266
0.316399
0.284756
-0.232819
0.345551
-0.328782
-0.050633
0.344422
0.461703
0.099972
0.091877
-0.488812
-0.191188
-0.263544
0.365490
0.328373
0.352442
0.131800
0.298240
-0.092759
-0.539831
0.284766
-0.087061
-0.387022
0.050689
-0.259748
-0.458534
-0.698016
0.191418
0.035732
-0.151796
-0.252622
-0.251892
0.460814
0.274402
0.003474
-0.231248
0.099321
-0.196864
0.356537
-0.407620
0.114024
0.169435
0.414361
-0.403474
0.676176
-0.072505
-0.446956
-0.245501
-0.457488
0.090374
-0.322986
0.257722
0.209478
0.148385
0.393318
-0.006229
-0.106289
-0.358274
-0.030954
-0.127550
-0.287335
-0.232964
-0.452950
-0.257688
0.344191
0.156352
-0.544397
0.415210
0.220897
0.475943
-0.492864
0.023228
-0.251288
0.275445
0.355257
-0.189558
-0.061039
0.273285
0.221767
0.345628
-0.297342
-0.175771
0.259506
0.156994
0.192050
-0.592009
0.243335
