-0.389740
0.581866
0.047345
0.352895
0.108236
0.320252
0.237269
-0.226538
-0.021773
0.448997
0.051556
0.067143
0.119858
0.445349
0.282757
0.324926
-0.553650
-0.407835
-0.437934
-0.104883
0.537972
-0.122393
-0.188403
-0.154575
0.325507
-0.377433
-0.023896
0.158365
0.080678
-0.001224
-0.417158
0.199598
0.205583
0.078604
0.551245
-0.166745
0.568827
0.397654
-0.142560
0.170043
-0.242733
0.332151
-0.213637
0.271150
0.490917
-0.401312
-0.231239
-0.154447
-0.162552
0.107342
-0.257788
-0.421214
-0.454086
-0.266348
0.693647
0.471863
0.242503
0.227994
0.174022
0.281015
0.207342
-0.449513
0.652801
0.353469
-0.048576
-0.595228
-0.457515
-0.022378
0.528333
-0.233261
-0.257831
0.488248
0.174457
0.292943
0.109710
0.025127
-0.076146
-0.344684
-0.041953
-0.085382
-0.486046
-0.323798
-0.437222
-0.557466
-0.284543
0.277765
0.198338
0.579444
-0.260806
0.484686
0.254142
-0.105394
0.056238
-0.045476
0.221151
-0.066007
0.285961
0.235314
0.663124
0.224936
-0.119303
0.014997
0.156236
0.187202
0.261405
-0.214572
-0.030531
-0.233711
0.174560
-0.205799
-0.026091
0.459773
0.482688
-0.200432
0.092489
-0.039732
0.190395
-0.352745
-0.042279
0.177053
0.249532
0.449363
-0.043490
0.425949
0.251753
0.301476
-0.261998
0.246198
0.091673
-0.060052
-0.428586
0.102167
-0.146313
0.246538
-0.350314
-0.106422
0.083734
-0.390529
0.540898
0.196741
-0.069021
-0.041441
-0.167055
0.225027
0.233695
-0.154981
0.533352
-0.548018
-0.150748
0.016206
0.151680
-0.282663
0.283284
-0.185526
-0.152495
0.370826
-0.290189
0.081887
-0.154127
-0.456781
0.428934
-0.524967
0.562790
0.155589
0.056798
-0.437295
-0.382964
-0.350214
-0.485963
0.247959
0.032213
0.402913
-0.251183
0.117299
-0.568200
-0.509848
0.024919
-0.098658
-0.179525
0.017836
-0.473026
-0.282540
-0.175218
0.547505
0.075391
-0.332545
0.535362
0.390092
-0.068706
0.361714
0.041665
-0.011806
-0.244298
-0.155883
-0.323217
-0.083844
0.046231
0.143944
-0.016762
-0.269245
-0.286329
-0.192415
0.716093
-0.152372
-0.246808
-0.168126
-0.634478
0.122111
0.617526
0.336305
0.022678
0.288487
-0.543551
-0.275861
0.210225
-0.303218
-0.527607
0.216562
-0.120532
-0.265436
0.198965
0.118639
0.491111
0.202295
0.125031
0.535121
0.348161
-0.569101
0.169740
0.089193
0.056101
0.345849
0.189551
0.345527
-0.172485
0.253773
0.579792
-0.494775
0.021225
0.046834
-0.288011
-0.223624
0.155004
0.338910
-0.334746
0.551042
-0.245733
0.454143
0.311165
0.225518
0.067387
0.477060
-0.552718
0.209737
-0.035148
0.130633
-0.215312
0.507596
0.536429
-0.424660
0.336631
0.118634
0.423566
-0.257725
-0.071726
0.140503
-0.190785
0.418868
-0.238002
0.039173
0.601795
-0.289166
0.761100
0.515877
0.315372
-0.365639
-0.693704
0.036052
-0.026370
0.038962
0.339959
-0.293302
0.042881
-0.006162
-0.296742
-0.375279
0.116354
-0.224264
-0.409400
-0.131910
-0.175357
0.090961
-0.492067
-0.561110
0.350254
0.008970
0.341177
0.107341
0.621113
0.380700
0.416725
-0.354435
-0.347332
0.107108
-0.072140
0.069199
0.170863
-0.058111
-0.071685
0.243284
0.255375
-0.134384
-0.403803
-0.192226
0.429052
-0.197507
-0.145132
-0.234218
0.266971
-0.008211
-0.105793
0.011443
-0.357108
-0.018165
-0.360655
-0.151950
0.441944
0.320683
0.068654
0.422078
0.003381
-0.531324
0.009570
0.214063
-0.196619
0.503172
-0.398948
0.514295
-0.257730
0.446853
0.327687
0.226131
0.230127
0.015398
0.087068
0.193426
0.026240
-0.142704
0.175675
0.114424
0.034921
-0.212547
0.009878
0.044761
-0.039879
0.495940
0.221661
0.164825
-0.546687
0.589201
-0.195031
0.822941
-0.476827
0.187376
0.395877
-0.211986
0.085311
-0.441663
0.456639
-0.253529
0.138320
0.278075
-0.378835
0.138268
-0.072960
-0.316582
-0.347114
0.424569
0.075370
-0.015928
-0.253656
0.509573
-0.157714
-0.310218
-0.705961
-0.521671
0.296168
-0.106946
0.204704
0.138132
0.266837
-0.564329
0.219738
0.286647
-0.391342
0.686537
0.349191
0.254348
-0.157318
0.164295
-0.235482
0.062956
0.311535
0.263863
-0.335561
0.516700
0.052081
-0.068155
-0.315486
0.346753
-0.543553
0.050076
-0.295298
0.343091
0.276438
-0.397609
0.162830
0.298642
-0.271448
-0.062385
0.379573
0.078224
0.170965
0.017608
0.183013
-0.086274
-0.326688
-0.111142
-0.202747
-0.253988
-0.218472
0.251281
-0.310317
0.148520
0.495908
0.423675
-0.087803
-0.162117
-0.575211
0.371835
-0.409626
0.360757
-0.099307
-0.451094
-0.147419
-0.186518
-0.311257
0.162749
-0.236567
0.062718
-0.251008
0.037819
0.464671
0.059688
-0.111895
-0.198661
-0.375160
0.525857
-0.721481
-0.628895
0.363526
-0.489305
0.286480
0.147843
0.318979
0.164265
0.035564
0.006685
0.279724
0.004391
0.119373
-0.522822
0.297970
-0.083682
0.173989
0.420575
-0.103023
0.418339
-0.203450
-0.051575
0.308937
0.398548
-0.285716
0.156619
-0.514237
-0.642005
0.172224
0.095382
-0.015505
-0.523331
0.253469
-0.497748
-0.069451
-0.119066
-0.055972
-0.032505
-0.337370
-0.205917
0.367485
0.628225
0.549246
-0.371114
0.119865
-0.179656
-0.496462
0.032324
0.343433
-0.243159
-0.573907
0.038778
-0.220615
-0.215722
-0.248967
0.691134
-0.438448
-0.024024
0.495121
0.268443
-0.123892
0.133300
0.464682
-0.269598
0.028057
0.530512
-0.593560
-0.317937
0.119994
0.359780
0.337604
-0.254339
-0.703220
-0.190886
0.305573
-0.103329
0.354544
0.393268
-0.479930
-0.246411
-0.255087
-0.106625
-0.165890
-0.487253
-0.341387
-0.523777
0.120657
-0.274804
-0.627494
0.002264
0.110884
-0.033983
-0.111936
0.600781
0.478301
-0.110095
0.262952
0.280752
0.406234
-0.169621
-0.358321
0.075832
0.566081
0.416001
-0.102152
0.124709
0.422219
-0.276809
0.277852
0.330769
0.116265
0.524414
0.130366
0.276287
-0.381805
0.491798
0.307968
0.645784
-0.635269
-0.006349
0.381076
0.296108
-0.165273
0.650242
-0.028554
0.372722
-0.375212
-0.445424
0.235797
0.392358
0.144432
0.098199
-0.020629
-0.410941
-0.126092
-0.382203
0.170739
-0.381155
0.485150
-0.432452
0.208852
-0.063636
-0.095452
-0.857419
0.461284
-0.091687
-0.201317
0.036769
-0.195970
-0.486381
0.809992
0.121236
-0.278337
-0.345529
-0.090679
0.235006
-0.219362
-0.418897
0.039767
0.705100
-0.067828
0.158490
-0.235167
-0.508340
-0.133036
0.170148
-0.606114
-0.265307
-0.090463
0.158289
0.395589
0.224430
-0.552258
-0.201213
0.471025
-0.056363
0.107604
0.117425
0.037783
0.197703
-0.555163
-0.148387
-0.766572
0.023768
-0.204539
0.443010
0.234146
-0.466974
0.298429
0.316721
0.120419
0.176548
0.322813
-0.608514
0.422741
-0.427088
-0.101270
0.413398
0.047371
0.260822
-0.587867
0.382697
0.216164
-0.120354
0.048227
-0.240172
-0.049252
0.334506
0.431727
0.233288
-0.229609
-0.022094
-0.443735
-0.297744
-0.220358
-0.769053
-0.021880
-0.384375
0.019040
-0.502539
-0.154348
-0.102903
-0.219187
0.315962
-0.014106
-0.347864
-0.394528
-0.367211
0.679225
0.250514
-0.132599
-0.215818
-0.295568
0.085986
0.155639
0.427122
0.236038
0.341598
-0.667303
-0.341127
-0.319700
0.616044
-0.102640
0.280328
0.472828
0.614170
0.713433
0.372347
-0.499555
-0.081057
-0.675061
-0.132990
-0.218980
0.057324
-0.168014
-0.589115
0.176680
0.466217
0.000562
-0.023820
0.146806
-0.199543
0.052264
-0.050798
-0.382113
0.299086
-0.411505
0.330563
0.186385
0.288459
-0.297088
-0.132119
-0.493978
0.317257
0.159818
0.646196
0.301633
-0.022312
0.052697
0.193152
-0.608423
-0.585757
0.369946
0.581577
0.436939
-0.000384
-0.217484
-0.252313
-0.479121
-0.137582
0.435617
-0.817929
-0.065453
-0.022540
-0.507513
0.275990
-0.306666
0.225570
-0.556544
-0.415333
-0.224817
-0.384309
0.290622
0.208248
-0.127476
-0.272781
0.227185
0.181090
0.230828
-0.032086
-0.244166
-0.276103
0.228540
0.077146
-0.506557
0.523983
0.717272
-0.623690
0.291093
-0.365544
-0.274654
0.170534
0.535709
-0.169499
0.148385
0.522274
-0.448058
-0.461546
-0.235055
0.103368
0.093571
0.616855
-0.208182
0.316518
-0.222874
-0.202741
-0.004620
0.295579
0.199310
0.303102
0.386001
-0.545477
0.370263
-0.115442
-0.026998
-0.811367
0.217590
-0.479554
-0.269094
0.508616
-0.042636
0.421510
-0.313615
-0.105089
-0.224363
0.176005
-0.034978
0.512594
