0.167152
0.100943
-0.177667
-0.629785
-0.656351
-0.363035
-0.354016
-0.360315
-0.192996
0.084357
-0.224496
0.172750
0.042737
-0.327647
-0.536278
-0.015093
-0.024476
-0.080886
0.015713
-0.123732
-0.148790
0.120803
-0.226005
0.318651
-0.862710
0.297373
0.115853
-0.217385
-0.149689
-0.110831
0.527551
-0.426275
0.169431
-0.296411
-0.016792
0.030197
0.057697
0.485249
0.207115
0.421883
0.238571
0.407180
0.266717
0.103323
0.231387
0.245496
0.164517
0.259317
-0.310969
0.477299
-0.215771
-0.177626
0.587324
-0.366171
-0.260815
0.128913
0.185184
-0.449505
-0.376204
0.197774
0.204311
-0.447314
0.304365
0.463648
0.440811
0.512243
0.207487
0.543768
0.378884
-0.518322
0.041777
-0.208390
0.189016
0.200272
-0.027724
0.222121
0.356251
0.198281
-0.430719
-0.378054
0.099370
0.599620
-0.570724
0.461438
-0.612198
0.204195
0.440305
0.150629
-0.140789
0.049852
-0.095938
0.104385
-0.330912
0.383370
0.137893
0.231438
-0.105099
0.553394
-0.427441
0.160404
0.108790
-0.393645
0.074010
0.295460
0.304221
0.317049
-0.267705
0.169610
-0.297773
-0.591657
0.022734
0.368733
-0.295202
0.374595
0.325247
-0.462773
0.040038
0.011732
0.418458
0.262496
-0.023155
0.142028
-0.049714
-0.242562
-0.214581
0.041471
0.381958
-0.181732
-0.283151
0.598921
-0.552605
-0.024356
-0.174519
-0.052773
0.568068
-0.130356
-0.135481
0.370853
-0.295565
0.186676
0.166439
-0.214265
-0.029266
0.024804
0.111099
-0.194070
0.069214
0.230399
0.708775
0.252414
-0.379562
-0.107657
0.196322
-0.146765
-0.262982
0.430312
-0.244140
0.544749
0.219170
-0.094487
0.676150
0.218644
0.046405
0.062676
0.182018
0.455235
-0.080566
0.341619
-0.063792
-0.580761
-0.351201
-0.010920
-0.523404
0.566709
0.448814
0.141153
0.502672
-0.147904
0.291397
0.396308
0.349789
-0.082495
0.036870
-0.217012
-0.025801
0.249192
-0.517082
0.161790
0.088534
-0.373835
-0.446535
0.360067
0.129857
0.180352
0.031838
0.529170
-0.187087
-0.488343
0.084669
0.481116
0.044571
0.361842
-0.410173
0.433958
-0.419695
0.133377
0.366206
-0.042163
0.043663
-0.741878
0.462005
-0.424271
0.617596
-0.316102
0.156577
0.288013
-0.114670
-0.211105
0.141601
-0.493625
0.269638
0.519728
-0.392225
0.074631
-0.111309
0.348842
-0.343049
-0.283159
-0.366956
0.132575
-0.343521
0.004065
0.397779
-0.228083
-0.487517
0.163356
-0.171182
-0.186130
0.288311
-0.440769
-0.538613
0.300179
0.081756
0.100054
0.284734
-0.196909
-0.718807
0.001092
0.310135
0.031272
-0.106573
-0.099101
0.420043
0.471323
-0.182145
-0.346598
-0.258444
0.070360
-0.420389
-0.482686
0.013656
-0.599047
-0.090777
-0.204006
0.799110
-0.096500
0.299765
0.344444
-0.010050
0.484769
-0.314312
-0.462427
0.410303
0.035049
0.263822
-0.429590
0.135676
-0.200570
0.190766
-0.024498
-0.459757
-0.003840
0.541896
-0.097303
-0.354148
-0.240536
0.271851
0.095383
-0.389789
-0.206547
-0.502669
-0.466563
0.376448
-0.416579
0.190645
-0.191742
-0.203310
-0.425985
-0.318298
-0.056445
-0.254578
0.135029
0.523428
0.527152
-0.575414
-0.116065
-0.445645
0.052459
-0.355847
-0.600752
-0.075841
-0.553064
-0.297745
-0.208706
0.428182
-0.537716
-0.341200
0.236542
-0.357117
-0.228485
-0.026337
-0.059905
-0.386453
0.516104
-0.219313
0.407941
0.649083
-0.404621
-0.468210
0.188736
0.288423
-0.180833
0.436487
-0.539359
-0.013923
-0.505869
-0.240259
0.359298
-0.416272
0.044470
-0.375956
-0.517975
0.196749
0.344807
0.193754
0.219048
0.205536
-0.080789
0.166129
0.331689
0.221456
0.568199
0.053093
0.364417
0.015724
0.452397
-0.080417
0.585978
0.335444
-0.115167
-0.281340
0.220114
-0.291291
-0.067794
-0.154041
0.507308
0.359874
-0.381154
0.051522
-0.552764
-0.299779
0.402478
-0.232236
-0.313052
0.423921
-0.344040
0.185413
0.150373
-0.072880
0.246372
-0.082816
0.067219
-0.367469
0.306470
-0.445602
-0.262157
-0.062436
-0.238917
-0.187020
-0.061604
0.046404
0.131289
0.125628
0.169408
-0.063638
-0.314862
-0.165193
-0.181976
0.459395
-0.390325
-0.309834
-0.134161
0.491947
0.014705
0.045417
-0.502878
0.137709
-0.063384
-0.063231
0.364380
-0.417786
0.406016
0.605031
0.534677
-0.410057
0.287187
-0.121379
0.173743
-0.297201
-0.160733
0.465214
0.322483
-0.377120
-0.161354
0.013039
0.356204
0.160453
0.124702
-0.312746
0.267218
0.443021
-0.344681
-0.068205
0.516559
-0.059506
0.140133
-0.006539
-0.146577
-0.237408
-0.127869
-0.211546
0.179017
0.159300
0.728289
0.044125
-0.244144
0.018038
-0.163280
0.351584
-0.063420
0.301481
0.586819
0.309602
0.217238
0.211309
0.232336
0.443586
0.209720
0.180365
0.092682
0.125844
-0.832655
0.074654
-0.307445
0.330518
-0.170605
-0.084834
-0.215036
0.363943
-0.257798
0.153321
0.145401
0.193934
0.361115
0.209074
0.205701
-0.372866
0.403960
0.130761
0.048050
0.081487
0.049901
0.006634
0.517249
-0.048862
-0.172552
0.389594
0.130357
0.632652
0.248702
-0.437360
-0.201548
-0.288578
-0.631136
-0.134853
-0.407166
-0.266849
-0.300451
-0.300699
-0.392981
0.054480
-0.234137
-0.383663
0.043718
-0.521579
-0.491769
-0.721005
-0.349420
0.316921
0.030164
-0.034317
0.069969
-0.224540
-0.068094
-0.433177
0.491368
0.015841
0.227412
0.470508
-0.605868
0.414562
-0.009900
0.048122
-0.543887
-0.084436
0.270138
-0.544218
0.154118
-0.353942
0.153218
0.181044
0.217921
-0.181700
-0.413290
0.368799
0.330873
0.562562
-0.232066
0.119601
-0.342864
-0.039807
0.593560
0.138334
0.416857
0.240212
-0.307667
-0.406852
0.075889
-0.406967
-0.417832
0.106308
-0.278535
-0.470980
-0.603329
-0.132212
-0.064108
0.384622
-0.465232
-0.524339
-0.382015
0.170222
-0.619053
-0.104505
0.024443
0.332567
-0.215492
-0.584766
-0.198017
-0.132413
-0.317209
-0.227960
0.324658
0.220515
0.305117
0.205128
-0.352445
0.089829
-0.149096
0.500214
-0.090108
0.045374
0.617551
-0.143466
-0.222921
-0.237307
0.615640
0.140769
-0.372807
-0.164935
-0.012403
-0.002206
0.115071
-0.291574
-0.148463
-0.713930
-0.178305
0.458146
-0.089011
0.377750
0.191394
0.169449
-0.537178
-0.432631
0.562271
-0.144002
-0.453920
-0.539690
0.116163
0.119356
0.475126
0.254152
0.562723
0.353807
0.897074
0.082491
0.045296
-0.599684
0.260791
-0.529997
0.437735
0.433150
0.304594
-0.346850
0.127668
0.114247
0.277368
0.449351
-0.363855
-0.568856
-0.332675
0.341512
-0.414995
0.097262
0.379399
-0.487452
0.208538
-0.071178
-0.416420
0.028830
-0.047669
0.493880
-0.260484
0.525552
-0.335060
0.503618
0.424999
0.095661
-0.179905
0.149505
0.325192
0.009050
0.088428
-0.275946
-0.547552
-0.353620
-0.254317
-0.470276
0.290382
0.220830
0.440313
0.702381
-0.397810
0.346065
0.272001
-0.277765
0.307734
0.644954
-0.479021
0.490342
-0.269552
-0.471949
-0.090730
0.371453
0.217252
0.184255
-0.128156
-0.068664
-0.074900
0.199528
0.058061
0.146310
-0.009701
-0.397401
-0.361035
0.269118
-0.434224
-0.142069
-0.485006
0.118414
-0.317499
-0.161909
0.156585
-0.226697
-0.693774
0.264780
-0.149560
0.307960
-0.426539
0.524500
-0.054037
0.403234
0.443783
0.159863
0.678147
-0.209282
-0.017552
-0.421232
-0.348542
0.338979
0.235120
-0.135786
-0.544747
-0.324271
-0.184697
0.243085
0.636561
0.213262
0.205472
0.054649
-0.234344
-0.587427
-0.178239
0.129485
0.188604
-0.134677
-0.099382
-0.402082
0.407897
-0.073188
-0.376092
-0.371431
-0.275728
-0.441127
-0.290059
0.076820
0.221633
-0.506680
-0.212747
0.242667
-0.128303
-0.061261
0.273646
-0.258549
0.085722
-0.708643
-0.258146
-0.204276
0.322974
-0.424705
0.014289
0.640097
0.271940
0.081872
0.415588
0.140187
0.011218
-0.590848
-0.567658
-0.407004
-0.169702
-0.326042
0.078646
-0.078228
-0.535577
-0.293396
-0.010500
0.101635
-0.238359
-0.046987
-0.321636
0.300051
-0.297697
-0.402166
-0.651963
-0.385889
-0.578429
0.356429
0.033524
-0.142945
0.230736
0.573738
0.286365
-0.483999
0.287726
0.224082
-0.452613
-0.050948
0.115549
0.077462
-0.260050
0.221031
-0.370297
-0.221570
-0.446499
0.147434
0.062181
-0.257660
0.220897
0.063874
0.547017
0.205902
0.056142
0.206686
-0.264131
-0.472739
-0.229535
-0.629579
0.175866
0.402731
-0.340143
0.636766
0.285725
0.022404
0.100323
-0.153913
0.306147
