-0.254066
0.152349
-0.114449
0.038965
-0.304593
-0.235918
0.162373
0.354441
0.400794
0.439461
-0.307842
0.378577
0.126185
-0.393663
0.209762
0.485958
-0.048620
0.022453
0.250916
-0.341681
-0.083091
-0.418157
-0.046602
-0.170545
0.193412
-0.327908
-0.213670
-0.351716
-0.334196
0.020999
0.336038
0.222766
-0.413976
0.120449
-0.559003
-0.057232
-0.336763
0.450337
-0.201001
-0.147476
-0.576825
0.061877
-0.455742
0.449537
-0.060117
-0.565537
-0.363281
0.185697
-0.316057
-0.570823
-0.309217
-0.063528
-0.076479
-0.476616
0.081287
0.458787
-0.311668
-0.389177
0.216867
0.117129
-0.164946
0.191290
0.584771
-0.031775
0.481954
-0.315330
-0.662921
-0.168293
0.069708
-0.136970
0.018327
0.355704
-0.133938
-0.045413
0.111115
-0.135753
0.207147
-0.555602
0.499567
0.134862
0.230617
-0.217947
-0.466159
-0.270680
0.218611
0.190833
0.418530
-0.458743
0.532847
0.309511
0.253610
0.344597
0.417421
0.392966
0.110584
0.143044
0.220648
-0.312263
-0.424672
0.137910
0.357133
-0.074422
-0.083354
-0.041716
-0.178741
-0.155579
-0.042227
0.681084
0.233858
-0.064443
0.423758
0.077303
0.133180
0.154282
0.193746
0.112440
0.255687
-0.187474
0.367216
-0.303367
-0.193099
-0.411775
-0.022471
0.356933
-0.587716
-0.227664
-0.074897
0.269546
0.135151
-0.492743
0.498802
0.454145
0.296845
0.154103
-0.245452
0.617361
0.200679
-0.567049
0.321165
-0.344121
0.070473
-0.340733
0.192739
-0.408883
-0.101530
0.277699
-0.253873
-0.301606
0.274410
0.256293
-0.398308
-0.274554
0.299485
-0.199978
-0.312365
0.496433
0.028400
0.099117
-0.069476
-0.188080
0.168982
-0.069656
0.342794
-0.062005
-0.077371
0.142091
0.278822
-0.482565
0.152717
-0.022655
-0.168018
-0.031261
0.070884
0.002564
0.414333
0.491690
0.387778
-0.163386
-0.350947
-0.280223
0.256907
-0.197230
-0.024198
0.622542
0.180044
0.184614
-0.147208
0.700282
-0.389671
0.242764
0.531023
-0.114362
0.263285
-0.432819
-0.237145
-0.415214
-0.295561
-0.309306
-0.060164
-0.447994
0.563185
0.553127
-0.180850
0.185858
-0.270745
0.290602
0.004432
-0.553894
-0.001728
-0.180137
0.369905
-0.368832
-0.075281
-0.030092
0.499174
0.253511
0.120717
-0.359636
-0.106176
0.497128
0.556211
-0.061170
0.328155
0.043347
-0.103594
-0.574858
0.188294
-0.399117
-0.290036
-0.289470
0.340249
0.455959
0.257896
0.186837
0.648099
-0.029373
0.000322
0.145692
-0.502593
-0.020164
-0.242018
-0.445348
-0.639332
0.141281
0.272850
0.166924
0.559830
-0.061746
0.703572
0.080968
-0.230007
0.256753
0.347838
0.221572
-0.075181
-0.009689
-0.345887
0.284670
-0.177569
-0.365032
0.705412
-0.626802
0.024768
-0.314144
-0.495622
0.233325
0.043585
0.412512
-0.250517
-0.351529
0.320718
0.039708
0.556561
-0.441053
0.383286
-0.253658
0.179243
0.191731
-0.049197
0.008364
0.502986
-0.324815
-0.339030
-0.259474
-0.198428
-0.242050
-0.029715
0.198393
-0.551645
-0.171480
-0.719587
-0.046948
0.002764
-0.786331
-0.477907
-0.403454
-0.398226
-0.110925
-0.314522
0.570361
-0.184583
-0.152134
-0.714757
0.006162
-0.231811
-0.142385
-0.037582
-0.326918
-0.010618
-0.634032
0.151293
0.331826
-0.286000
-0.183275
-0.412778
-0.224998
-0.136869
0.231171
0.480585
-0.092313
0.339201
0.387485
-0.121486
0.146952
-0.300754
0.454535
0.138349
0.538259
-0.493815
-0.228921
0.173061
-0.373832
0.320727
0.228490
0.198621
0.134947
-0.104006
-0.060096
-0.357181
0.182704
0.143396
-0.386858
-0.136007
0.463479
-0.349877
0.135822
0.121849
-0.093285
-0.415629
-0.150292
-0.071378
0.110657
0.107154
-0.088953
0.037467
0.339724
0.325980
0.563185
-0.168002
0.649911
-0.115111
0.213301
0.493049
-0.338178
-0.183463
0.108759
-0.290395
-0.290704
0.269745
-0.216336
-0.165250
-0.036312
0.078384
-0.623647
0.538374
0.208899
-0.313106
-0.279603
0.013225
0.210132
0.043947
-0.654167
-0.226098
-0.076313
-0.594949
0.021410
0.096674
0.287336
-0.444261
0.413249
-0.183997
-0.134768
-0.425100
-0.071964
-0.018126
0.476949
0.170545
-0.167038
0.034639
0.669711
0.127803
-0.116742
-0.663913
-0.393898
0.269284
0.415586
-0.042322
-0.545117
-0.349124
-0.420654
0.174373
-0.067516
0.037033
0.773081
-0.071685
-0.412241
0.175434
0.353157
0.598784
0.014398
0.242453
-0.097145
0.093588
-0.255211
0.387247
0.156670
0.271677
-0.425269
-0.113195
0.023238
0.170156
0.103992
-0.337702
0.435365
-0.237378
0.024441
0.056317
-0.025823
-0.128672
0.345767
-0.253833
0.291301
-0.280989
0.337750
-0.219554
-0.117492
-0.066671
-0.087034
0.269406
0.167766
-0.141633
-0.081494
-0.557938
0.096962
-0.243715
0.399151
-0.325181
0.088777
-0.235989
-0.067698
0.266984
0.223019
-0.076478
-0.029376
-0.551808
0.337449
-0.064069
-0.515007
-0.038514
-0.348518
0.188097
0.071293
-0.569470
-0.299957
0.049155
0.149573
-0.079399
0.183513
-0.165601
-0.250415
0.199463
-0.413354
0.015235
0.491234
0.440273
-0.642005
0.408759
0.015151
0.195244
-0.051876
-0.479916
0.095601
0.511741
-0.166915
0.282390
0.155904
0.056636
0.294209
-0.543839
-0.189310
-0.061396
-0.005649
0.273237
-0.433214
0.822120
0.115594
-0.158507
-0.215543
0.238686
-0.295178
-0.683017
-0.639526
-0.520109
-0.677305
-0.127898
0.157294
0.219955
-0.378752
0.466412
0.096051
0.264811
-0.482779
0.193608
0.002241
-0.292749
0.747971
0.903054
0.274919
0.134414
-0.365471
-0.145501
-0.212396
-0.476440
-0.350599
0.192010
-0.475407
-0.273509
0.332008
0.177154
-0.300485
-0.305565
-0.448009
0.513590
-0.274457
-0.134162
-0.274804
-0.112110
0.063710
0.050257
-0.063445
-0.131331
0.520375
-0.074931
-0.067626
-0.245358
-0.253552
-0.276290
-0.131281
-0.135195
-0.307489
0.293140
0.194743
-0.315499
0.088147
-0.546226
-0.276919
-0.220902
0.367424
-0.098838
-0.449773
-0.040653
0.138510
0.184550
-0.192679
0.000452
-0.347925
-0.223015
-0.199181
-0.344191
-0.156155
0.150675
0.649560
-0.547105
-0.496426
-0.518937
-0.347947
-0.327544
-0.196728
-0.053884
-0.097454
-0.151602
-0.356821
-0.114129
-0.023327
0.320243
0.351860
-0.251964
0.026202
-0.211629
-0.365165
0.430787
-0.347701
-0.241047
-0.464197
0.382275
0.411480
-0.674710
-0.153109
-0.079947
-0.199450
-0.088354
0.251047
0.059545
0.897074
-0.154415
0.345829
-0.305685
0.231455
0.469002
0.265466
0.568467
-0.335035
-0.174112
-0.481409
0.376386
-0.167754
-0.238576
0.657012
0.428271
-0.318377
-0.339421
-0.212934
0.003928
-0.187252
-0.594409
-0.435031
-0.042971
0.124395
-0.457191
-0.082868
-0.026361
0.128023
-0.228471
-0.321029
0.466792
0.143728
0.174305
-0.275796
0.405718
0.102761
0.280855
-0.387644
-0.142594
0.414389
0.157676
-0.634127
-0.243909
0.521380
0.418888
0.533911
0.187712
-0.518196
0.369233
0.377516
-0.010972
0.398553
-0.577913
-0.101600
-0.005816
-0.525992
-0.132789
0.074056
-0.049575
0.288884
-0.120679
0.424093
-0.493883
0.454779
-0.449516
0.209317
-0.456614
-0.041869
-0.565431
0.337659
-0.465880
0.009151
-0.176209
0.634217
0.013131
-0.217110
-0.548671
0.539656
0.109205
-0.200059
-0.167897
0.038696
-0.066241
-0.290433
-0.342470
-0.177247
0.527845
0.172613
-0.137484
0.455145
0.007402
0.070813
-0.026225
-0.088479
-0.233151
0.389680
0.729216
-0.720247
-0.095969
0.588550
-0.160373
0.381822
0.567787
-0.434172
0.200208
0.431267
0.307794
0.543603
-0.031497
0.008951
-0.061430
-0.256646
-0.243657
-0.270186
0.348190
-0.094569
0.122672
-0.300411
0.339529
0.262239
-0.462649
-0.306423
0.214990
-0.400610
-0.566716
-0.375850
-0.132051
-0.055555
-0.438074
0.564210
0.372604
-0.183538
-0.204276
0.234303
0.505924
0.225481
0.071589
0.081286
-0.228788
0.523725
-0.325409
-0.293500
0.108340
-0.547207
-0.171438
-0.442602
0.541626
0.230513
-0.474991
0.237225
-0.458066
0.227207
0.110186
-0.224107
0.117594
-0.018200
0.576514
-0.045247
-0.180528
-0.355355
-0.225406
-0.281089
-0.238091
-0.160604
-0.619174
0.199872
0.503215
-0.398309
-0.050370
0.347841
-0.599993
-0.217717
-0.320255
0.205923
0.260455
-0.338453
-0.154519
-0.310597
-0.078731
-0.270098
0.190895
-0.598584
-0.322763
0.617081
0.198187
-0.526079
0.202102
0.054905
0.503428
-0.366817
0.697454
0.277960
-0.245163
0.275616
-0.393058
-0.449242
0.047236
0.118303
-0.214637
0.238179
-0.010237
0.078304
