0.250483
-0.528044
-0.178226
0.511410
0.550438
-0.079222
-0.042865
0.078598
-0.297639
0.484452
-0.138756
0.238207
0.660829
0.345566
-0.176643
0.045687
0.055347
0.318034
0.251379
0.193716
0.093081
-0.338087
0.227469
-0.203122
0.418897
-0.030803
0.189615
-0.144696
-0.117296
-0.024967
0.666615
0.012023
0.459052
-0.100169
0.585113
0.496051
-0.086277
-0.116901
0.326257
0.423124
0.334751
0.161371
-0.335941
0.431858
-0.410835
0.076957
0.048829
0.333626
0.512738
-0.418474
0.240592
-0.273542
-0.224490
-0.452876
0.012043
0.430097
0.361107
-0.402493
0.366192
-0.260061
-0.004016
0.148555
0.133441
0.229156
0.140296
-0.143697
-0.577415
0.420434
0.235567
-0.234776
0.033064
0.108661
-0.097526
0.108312
0.383931
0.008747
-0.381333
0.063565
0.001486
-0.621315
0.230617
0.072608
-0.405401
0.259660
0.429311
0.148907
-0.524757
-0.039409
-0.079004
-0.265166
-0.040554
0.343772
-0.361757
-0.136444
0.056590
0.071821
0.249822
-0.068933
0.181557
0.209685
-0.000355
0.400731
-0.120524
-0.226159
0.747055
-0.074499
-0.157508
-0.353168
-0.129239
-0.026205
0.054809
0.219198
-0.303961
-0.042001
0.122904
-0.448528
0.258600
0.102319
-0.105877
0.440379
-0.189949
-0.319220
-0.169479
-0.213663
-0.428041
-0.113619
-0.388754
0.194245
0.098864
-0.029088
-0.019515
0.002845
0.202537
0.262817
-0.024558
-0.614195
-0.062985
-0.550489
-0.482361
0.483298
-0.606205
0.041609
-0.626395
-0.081694
-0.247091
0.549669
0.342580
0.132595
-0.363965
0.170403
-0.246665
-0.552874
0.226852
-0.180964
-0.124190
0.590711
-0.399276
0.350895
-0.087810
-0.467265
-0.488817
0.352715
0.206006
-0.299282
0.367669
0.424963
-0.270861
0.149956
-0.123558
-0.420228
0.497734
0.223699
0.073879
-0.410790
-0.338127
-0.288795
0.309110
0.053811
-0.094229
-0.235913
0.401301
0.632335
0.199301
-0.456056
-0.390894
-0.557427
-0.028295
0.544089
0.091995
-0.414363
0.423617
-0.570679
-0.137337
0.303928
0.403793
-0.368031
0.190464
0.195862
0.384247
-0.421254
0.577272
-0.448994
0.326371
-0.077989
-0.347355
-0.077162
-0.528766
-0.140663
-0.125273
-0.175782
-0.258511
-0.191199
-0.063814
0.223028
0.342826
-0.029234
0.045094
0.117152
-0.234874
0.019500
-0.196131
0.196994
0.023082
0.201447
0.160318
0.497145
0.159756
-0.362121
0.055928
0.581822
0.022993
0.431840
-0.947977
0.105042
-0.432515
0.318342
-0.459151
-0.084983
-0.575617
0.275364
-0.346242
-0.195798
-0.658492
-0.041781
-0.525165
-0.587786
0.486016
-0.329136
0.126136
0.078311
-0.196829
-0.319088
-0.131378
0.168321
-0.102024
-0.243444
-0.153361
0.452801
0.264122
0.021479
0.257426
0.248074
-0.347643
-0.309285
0.171978
0.187364
-0.100892
-0.285886
0.136529
0.510306
0.004340
0.605711
0.435899
-0.399306
0.233587
-0.122058
0.102737
-0.030329
-0.037612
-0.381015
0.396956
0.409040
0.517681
0.488334
-0.106812
0.011451
-0.427399
-0.215626
0.017880
0.454822
0.467330
-0.671490
0.230965
-0.811685
0.338841
-0.223646
-0.321539
-0.016577
-0.397096
0.045334
0.406513
-0.597696
0.605998
0.019547
-0.656036
-0.422661
0.571392
-0.186817
-0.322689
-0.170632
-0.269473
0.192426
-0.236263
0.112767
0.203301
-0.496413
-0.336243
0.055021
-0.195303
0.331827
0.212226
-0.028420
-0.389603
0.181752
-0.108572
-0.483334
-0.223618
-0.434217
0.076785
-0.281460
0.149214
-0.004511
0.275837
0.277155
-0.091265
-0.095006
-0.332322
0.303918
-0.310584
0.111174
-0.149292
0.544429
-0.134226
0.507657
0.488403
-0.530514
0.136735
-0.288112
0.264441
-0.020841
0.161366
-0.474933
0.184799
-0.504306
-0.093486
0.089950
0.204448
0.146958
0.166241
0.118573
-0.289071
-0.361515
0.058864
0.591685
0.241418
0.016710
0.157578
0.284440
0.089459
0.113377
0.376548
0.617593
-0.034869
0.326105
-0.187237
-0.197430
-0.464488
0.160104
-0.007677
0.517000
0.021594
-0.049493
-0.289564
0.102570
-0.204245
0.515088
-0.016491
0.047858
0.246137
0.421857
-0.012140
-0.269953
0.271287
0.013263
0.126251
-0.475870
-0.338343
0.057661
0.284303
-0.211124
-0.058195
-0.537422
-0.032662
0.142156
-0.319283
0.228432
0.415355
-0.155884
-0.032689
0.313041
-0.254416
0.167417
0.463514
0.419046
-0.252310
0.060458
0.175428
0.411467
0.497698
0.170900
0.434560
-0.334802
0.414757
0.314813
0.133381
-0.122510
0.489146
-0.560807
-0.230010
-0.578944
0.255619
-0.330469
-0.417741
-0.120668
-0.069725
-0.135199
-0.150919
0.447562
0.567277
-0.096312
-0.302122
0.489890
-0.214513
-0.407394
-0.121647
-0.393861
-0.428012
0.437859
0.272644
-0.244464
-0.295619
-0.037135
0.439451
0.039507
-0.483590
-0.030490
0.037369
-0.429245
-0.721393
0.292731
-0.108363
0.419606
0.033781
-0.326801
-0.157373
0.551035
-0.099560
-0.207970
0.449928
-0.208073
-0.334386
-0.289361
0.246620
0.283083
-0.071412
-0.065141
0.047187
-0.150264
0.074081
0.231634
0.210979
0.094342
-0.185102
0.347081
-0.065131
-0.045027
-0.199496
0.042731
-0.001189
-0.326620
0.063116
0.279550
0.763897
-0.267881
0.031325
0.048168
-0.519512
0.315761
0.207143
-0.478216
0.215336
0.269875
0.195481
0.460431
-0.473742
-0.343840
-0.131811
-0.515238
0.495273
0.539433
0.695243
0.299386
-0.272575
-0.118222
-0.458477
-0.386480
0.549717
-0.316264
-0.109226
-0.344065
-0.084567
0.678830
-0.459140
0.399734
0.199571
0.208384
-0.149236
0.182615
-0.057326
-0.338136
-0.402243
0.028798
-0.104969
-0.121373
0.249432
-0.423670
-0.409333
-0.023359
-0.080871
0.075395
-0.022349
0.370798
-0.250001
-0.696951
-0.234784
-0.057976
-0.455112
0.421463
0.087068
0.481378
-0.131902
-0.345622
0.110736
-0.361744
0.562723
-0.327166
-0.276290
0.157677
0.416766
-0.029349
0.378675
0.138953
-0.344623
0.591679
-0.577854
-0.263842
-0.364568
-0.216937
0.153153
-0.655316
0.036885
0.510000
0.188230
-0.288898
-0.274678
-0.627954
-0.139974
0.377245
0.855616
0.409338
0.285133
-0.136125
0.593318
0.502251
-0.289281
-0.298721
-0.058237
-0.217640
-0.524760
0.371284
-0.098823
-0.133380
0.030603
-0.265373
-0.430183
-0.722761
0.280392
-0.173012
-0.354327
0.411951
0.351446
0.320751
0.154688
0.367968
0.504265
0.079116
0.518425
-0.101861
0.227692
-0.004580
-0.196047
0.440417
0.322270
-0.308672
-0.033633
-0.191076
-0.254244
-0.236695
0.395932
-0.371712
0.431146
0.036705
0.665588
0.060798
0.144845
0.394262
-0.423747
0.045339
0.524040
-0.162842
-0.276017
-0.110327
-0.059881
0.407683
-0.279520
0.323510
-0.336113
-0.041734
0.082375
-0.286750
-0.540231
0.358601
0.512445
-0.158329
0.299804
-0.181843
-0.096111
0.345440
0.108465
0.048875
0.360872
0.431228
0.012631
-0.287882
-0.405188
0.564496
0.439424
0.432894
-0.446422
0.562660
0.120554
-0.079903
0.254510
0.618957
0.438507
0.127645
0.376502
0.041447
-0.594079
0.481894
0.096920
-0.448856
-0.020567
0.633178
0.311231
0.229084
-0.342684
-0.054723
-0.175716
0.334429
-0.339910
0.699767
-0.372803
0.397839
-0.524243
-0.185040
0.241100
0.628936
-0.109101
0.183044
-0.257928
-0.337848
0.155639
-0.030821
0.521225
-0.078232
0.063909
-0.367798
0.163455
0.546073
0.676700
-0.269850
0.301003
0.662962
0.493663
-0.194709
0.076967
0.026500
-0.447967
0.619782
-0.014180
-0.287772
-0.223743
0.524431
0.226704
0.396443
-0.527375
0.220520
0.233073
-0.046910
-0.252222
0.000925
-0.595354
0.171972
0.449063
0.175467
-0.084278
0.218138
-0.007190
0.538950
0.074119
-0.155692
0.320057
-0.436232
-0.516995
-0.313958
-0.035136
-0.061919
-0.367741
-0.457348
-0.163612
0.533875
-0.639469
0.613155
-0.263526
-0.186354
-0.374097
0.096149
-0.085344
0.584662
-0.474343
0.196757
-0.451628
0.215104
-0.614561
0.048946
-0.457423
0.044226
-0.085510
-0.103363
0.658128
-0.301490
0.382239
0.312478
0.313336
-0.092753
0.146332
-0.396541
-0.157599
-0.257371
0.241009
-0.394477
-0.227765
-0.504449
0.000508
0.171375
0.323369
-0.075963
-0.041833
0.102265
0.012082
0.333092
0.470979
-0.267606
-0.105693
-0.249733
-0.292756
0.033894
-0.285730
-0.078495
0.054390
0.051707
-0.121944
0.353914
-0.136090
0.006787
0.441109
0.512304
0.614300
-0.681858
0.305200
-0.230235
0.210695
-0.258642
-0.236501
-0.444273
-0.419219
0.637491
0.411366
0.388750
0.460743
0.127359
0.697667
0.447259
0.312280
-0.267011
