0.163699
-0.156599
-0.124581
-0.548736
-0.352167
0.212691
0.119689
0.494553
0.360308
-0.056222
-0.372699
-0.273190
-0.030306
0.620143
-0.355633
0.322834
-0.456328
0.096859
0.248797
-0.611368
0.428434
0.230302
-0.470393
-0.077648
-0.408565
-0.459220
-0.036393
0.096486
0.470095
-0.428592
-0.149077
0.109964
0.128667
-0.302320
0.241238
0.313915
-0.162803
-0.508663
0.414004
0.197028
0.135044
-0.285021
-0.137409
-0.219297
-0.320724
-0.042820
0.142507
0.228339
0.209608
-0.136391
0.163136
-0.031751
0.327999
-0.557202
0.723041
0.583218
0.075660
-0.215001
0.213259
0.184485
-0.206306
0.327417
0.204421
-0.258782
-0.140497
0.398864
-0.411995
-0.518962
-0.308362
-0.322637
0.340440
0.238406
0.471391
-0.451199
0.358211
0.034934
-0.452093
0.206838
0.420632
-0.173178
0.287976
0.603215
-0.208574
-0.310555
-0.448462
0.208698
0.012581
0.689744
-0.128692
0.300674
-0.071445
0.410411
-0.135471
-0.524451
0.488403
0.223053
0.448780
-0.496645
-0.153544
0.352955
0.461026
-0.183078
0.220301
0.382845
-0.431984
-0.442007
0.472851
0.496540
0.410293
-0.276623
-0.276620
-0.587400
0.361388
0.130508
-0.292023
0.260807
0.077033
-0.184264
-0.086451
0.211690
-0.035736
-0.516046
-0.185253
-0.113064
0.381064
0.041305
0.056979
0.350214
0.106764
0.030237
-0.533052
0.206150
-0.352491
0.309717
0.641724
-0.733736
-0.496195
-0.643645
0.395018
0.225940
0.165444
-0.595420
-0.159434
0.024804
0.081572
-0.350434
0.069214
0.170053
-0.606720
0.390215
-0.218803
-0.063986
0.176721
-0.084342
-0.036416
0.758748
0.048847
0.207657
-0.589296
-0.094487
0.159990
-0.042524
0.056429
0.219968
-0.321080
0.363833
0.275502
-0.141228
-0.233799
0.414454
-0.405463
0.088477
0.669503
0.101593
0.119493
0.186736
0.622814
0.329518
0.016988
0.131347
0.349789
0.797223
0.141672
-0.412577
0.034859
0.246287
-0.017369
0.412051
0.429433
0.175086
0.466803
0.053096
-0.162309
-0.277789
0.357931
0.468371
-0.275109
-0.651642
-0.523745
-0.305748
0.559061
-0.493704
0.187305
0.185227
-0.151184
0.098755
-0.244633
-0.221761
0.532082
-0.262042
-0.128446
-0.388284
0.206478
-0.190011
0.494199
0.531215
0.004968
-0.432142
-0.277490
-0.351296
-0.016503
0.404756
0.505685
0.168442
0.771298
0.039900
0.397140
-0.411777
-0.061060
-0.236583
0.148063
-0.212980
-0.264270
-0.621118
-0.015784
0.273308
0.218192
0.187090
-0.233351
-0.453648
-0.520362
0.721594
-0.600555
0.340838
0.386350
0.315954
-0.306176
-0.251027
0.379314
0.098025
-0.075975
0.340391
0.458803
0.079020
-0.141452
0.553906
0.080545
-0.189636
-0.242503
0.228775
0.455236
0.330496
-0.131422
-0.120597
0.289531
0.013309
-0.223701
0.175026
0.115847
0.358089
0.372029
-0.492388
0.462053
0.543630
0.383286
-0.156711
0.220870
0.380737
0.531870
0.072599
-0.423180
0.245012
-0.422864
-0.121306
0.216969
-0.425707
0.111919
-0.416073
0.370941
-0.309367
-0.330759
-0.356154
-0.073866
0.428001
0.391599
0.267530
0.093335
0.166522
-0.386120
0.308332
0.548676
-0.457124
0.315173
0.065591
0.069969
0.594042
0.369474
-0.023540
0.216493
-0.726215
0.290543
-0.393116
-0.147113
-0.481390
0.165889
-0.540568
-0.382353
0.516784
-0.272870
-0.303484
-0.116207
-0.015583
-0.514107
0.329535
-0.479040
0.361046
0.337173
-0.399043
0.210478
-0.063856
0.290335
-0.342898
0.000203
-0.729058
-0.176843
-0.654200
-0.336564
0.572526
-0.022348
-0.165261
0.162723
0.430667
-0.202976
-0.348958
-0.242158
-0.530514
0.123532
-0.123077
-0.531874
0.601061
-0.075068
0.442743
0.020421
0.205768
-0.268214
0.413317
0.422906
0.080232
-0.307051
-0.417906
-0.305056
1.013452
0.236031
0.512058
-0.615036
0.501667
0.359874
-0.337575
0.089459
-0.350367
0.555327
0.475159
0.516868
-0.197754
0.104862
-0.207362
-0.843170
-0.096636
0.281572
-0.050490
0.062720
-0.097293
-0.187753
0.083720
-0.478775
-0.350944
0.691125
0.296428
-0.083095
0.320635
0.091382
-0.547121
-0.567922
0.308140
-0.204931
-0.592741
-0.094280
0.295035
-0.039318
0.004666
0.015107
0.330792
-0.479939
-0.007918
0.617543
0.112058
0.108180
-0.089735
0.297883
0.243173
0.204707
0.354940
-0.075579
0.338422
-0.197956
0.171183
0.105740
0.312330
0.214520
-0.608772
0.551358
0.398407
0.074869
-0.013475
-0.498498
-0.037697
-0.307633
-0.195544
0.490995
-0.056552
0.086070
0.064327
-0.581562
0.516559
0.451677
-0.234504
0.208915
0.079070
0.002067
0.515774
-0.549669
0.082153
-0.452755
-0.288760
-0.105389
-0.256410
-0.100477
-0.006110
0.321691
-0.099497
-0.155179
0.176955
0.352911
-0.122918
0.465420
0.434344
-0.400584
0.293996
0.391487
-0.197427
0.186051
-0.832655
-0.066085
-0.082814
-0.626069
0.032890
0.078604
0.255611
0.018674
0.003736
0.028846
-0.038132
0.686552
0.020170
0.583175
-0.197478
-0.089595
0.537437
-0.238228
-0.090505
0.349251
0.589425
0.325609
0.056467
-0.392976
-0.541255
0.229847
-0.065577
0.123943
0.254963
-0.454748
0.056608
0.052685
-0.256981
0.156358
0.520882
-0.560561
-0.147935
-0.300699
-0.534839
0.172532
-0.422508
0.051173
0.658772
0.286720
-0.165342
-0.798169
0.347897
0.567040
-0.386532
0.280850
-0.284237
-0.166811
-0.469131
-0.573580
-0.386480
0.400441
0.200157
-0.700196
-0.263151
0.472586
0.400472
0.510678
-0.372140
0.237115
0.170269
-0.297551
0.217174
-0.040433
-0.219377
-0.084382
-0.228409
-0.070019
0.591497
0.502843
-0.185843
0.266006
-0.080031
-0.019360
0.201882
0.055659
-0.496017
-0.204884
0.385588
0.076727
-0.138556
0.213236
0.174164
0.185395
-0.398073
0.325422
0.244187
0.358749
0.069090
0.068736
-0.103359
-0.151259
0.009708
-0.730578
-0.940665
-0.634491
0.147221
0.222712
0.409691
-0.558834
-0.355405
-0.386511
0.007533
-0.562879
0.138392
-0.202645
0.404419
-0.374485
0.071694
0.339830
0.492216
0.171982
0.341873
-0.201385
-0.199848
0.247699
-0.018331
-0.030409
-0.231636
-0.148406
0.422541
0.179095
-0.372807
0.135980
0.367805
0.078194
-0.080291
-0.443708
-0.442454
-0.304540
0.340261
-0.420969
0.345888
0.460999
0.233523
-0.056096
0.121681
0.314580
-0.450547
-0.587228
0.285876
-0.670890
-0.072242
-0.201705
0.209414
-0.535656
-0.051873
0.078470
0.370782
0.076341
-0.225968
0.378346
0.175512
-0.096165
0.430542
0.330015
0.059779
-0.173009
0.192860
-0.525217
0.164422
-0.254289
0.347548
0.212593
-0.112159
0.335104
-0.112432
0.006018
-0.452512
-0.482971
0.353337
-0.621206
0.550389
0.565079
0.357914
0.344650
0.151384
-0.139051
0.018059
-0.034650
-0.051168
0.200909
-0.281380
-0.000270
-0.217849
0.163659
0.359233
0.487784
0.122515
-0.021404
0.574801
0.204383
-0.220630
-0.346373
0.694926
-0.396941
0.581407
0.046701
-0.251404
-0.168737
-0.517587
0.351554
-0.369417
0.013602
0.048047
-0.395342
-0.011920
0.240751
0.182703
-0.164567
0.276795
0.012441
0.288605
0.347260
-0.090537
-0.124538
0.344687
-0.102821
-0.645537
-0.279476
-0.293512
-0.142069
-0.338253
0.354224
0.239508
-0.186176
-0.184548
-0.551485
0.148784
0.028784
0.291348
-0.377039
0.016930
-0.249446
0.308920
-0.243020
0.538898
-0.243487
0.474626
-0.174119
-0.177209
0.699404
0.156545
0.298377
0.186969
0.162281
0.100482
-0.339623
0.262747
-0.071320
-0.118033
0.287401
-0.350866
-0.155639
-0.025056
-0.017423
0.155345
-0.137814
0.335624
0.202952
-0.325086
0.074472
-0.254335
-0.148592
0.529883
-0.069770
0.078775
-0.065937
-0.365783
-0.291455
0.161932
-0.252632
0.275401
0.393686
0.104993
-0.387558
-0.068176
-0.102790
0.085722
-0.572184
0.576235
0.378022
0.127865
0.304384
-0.605765
-0.456754
0.012962
-0.439182
-0.487112
-0.057606
0.376241
0.279136
-0.133749
-0.277909
0.234493
0.173267
-0.305253
-0.011505
0.394574
-0.332562
-0.774566
0.062554
0.183990
-0.034609
-0.160565
0.164070
-0.183881
-0.098858
0.210629
-0.283632
0.716278
-0.317304
0.042449
0.293280
-0.413819
-0.263036
0.422511
-0.116279
0.330290
-0.129620
-0.284445
-0.249479
-0.173410
-0.398997
-0.239720
0.050264
-0.017732
-0.438737
0.189280
-0.318649
0.145043
-0.237766
0.333750
0.590582
0.114089
-0.046288
0.613558
0.176440
0.311342
-0.189558
0.415171
-0.392078
0.515460
-0.205934
0.224268
0.723261
-0.024630
-0.541927
-0.210480
0.036997
0.474059
