0.169133
-0.231096
0.058539
-0.571313
-0.008400
-0.015636
0.139038
0.116171
0.480863
0.283447
0.119218
-0.337328
-0.296954
-0.429652
0.180962
0.414646
-0.168427
-0.297629
0.038479
0.193716
0.121733
0.200146
-0.479558
-0.390294
-0.576492
-0.459940
-0.296437
0.268554
-0.305814
-0.435598
-0.326824
0.479338
-0.343696
-0.547803
-0.045665
0.201737
0.206649
0.240473
0.042623
-0.311577
0.294120
-0.068905
-0.297429
-0.204932
0.007026
-0.412407
0.341914
0.332513
0.042462
0.181477
-0.047893
-0.075863
0.218387
0.172922
0.102517
-0.449659
0.216083
0.057817
-0.347698
-0.382254
0.563113
0.399140
-0.438615
-0.394330
-0.505575
0.360692
0.115395
0.135174
0.141408
-0.317162
0.573952
0.316298
-0.196694
-0.269975
0.400944
0.130740
-0.381333
0.001350
0.473366
0.126374
0.139325
-0.542090
0.231560
-0.447570
-0.463252
-0.539161
0.345826
-0.118267
-0.182270
0.452315
0.013925
0.182392
-0.258771
-0.150862
0.110712
0.158839
0.239362
-0.380022
-0.650848
0.189967
0.402442
0.441505
-0.303395
0.265181
0.414994
-0.190446
0.270108
0.127930
-0.224901
-0.303345
-0.083612
0.334018
-0.509216
0.138464
0.094798
-0.042485
0.146405
-0.116386
0.111927
-0.494279
0.395011
-0.645463
-0.304795
-0.279992
0.358662
0.263505
-0.075433
0.100618
0.081179
0.402608
-0.583714
-0.288062
-0.167134
0.227031
0.188200
0.252898
0.011566
-0.097715
-0.482881
-0.141664
0.457369
0.007816
-0.025833
-0.716742
-0.622260
-0.317167
-0.367709
0.009352
-0.242164
-0.373633
-0.038299
-0.546210
0.102219
-0.078521
-0.168841
0.059369
-0.209253
-0.156180
-0.175509
-0.237161
-0.476544
0.344334
0.172725
0.455579
-0.134562
0.772604
-0.134986
-0.399560
0.020604
-0.593650
-0.367845
0.027154
0.117330
-0.155573
0.302931
-0.250673
0.442954
0.133964
-0.143374
0.340624
-0.019839
0.232042
0.153537
-0.353646
-0.268125
0.268584
-0.115801
0.610628
0.170024
0.196884
0.508573
0.434660
-0.330391
0.229935
0.025111
0.060842
0.140961
0.212578
-0.559091
0.461699
0.609274
-0.523055
-0.631833
0.230919
0.018783
-0.149088
-0.018866
-0.284485
0.353148
0.201777
0.145987
-0.248460
0.078445
-0.129698
-0.117582
-0.417427
-0.271744
-0.323589
-0.109786
0.429016
0.360649
-0.564409
0.604071
0.037091
-0.125168
-0.118322
0.417070
-0.520842
-0.260988
0.369649
0.181142
0.018817
-0.237948
-0.028640
0.214491
0.195785
0.219197
-0.001592
-0.138594
0.036149
0.084396
0.008909
0.016921
0.252278
0.201279
-0.352431
0.269376
0.038757
0.328036
-0.100845
0.124826
-0.242009
-0.306365
0.237563
0.215309
0.139479
-0.385145
0.535936
0.066235
0.224468
-0.019817
-0.086183
-0.695080
0.538512
-0.182296
0.163881
0.179802
0.569430
-0.013332
0.403923
0.352774
-0.286539
0.460236
-0.324985
0.353408
-0.245071
-0.342767
-0.075477
0.237914
0.136427
0.738554
-0.327704
-0.186201
0.132110
0.532206
-0.209922
-0.508513
0.428086
0.249582
-0.478110
-0.826248
0.499422
0.107781
0.148203
0.353722
-0.236096
-0.623306
0.158392
-0.400488
-0.224099
0.015546
0.462738
0.001756
-0.250470
-0.332970
-0.292068
-0.130694
0.146836
-0.297669
-0.194843
-0.275812
-0.456725
-0.406672
0.519012
-0.167738
-0.206112
-0.609022
-0.239745
-0.364705
0.289212
0.065878
0.132110
-0.120031
-0.480789
-0.428095
-0.031675
0.683653
-0.193352
-0.560520
-0.632429
0.126038
-0.281837
-0.422856
-0.228292
-0.105615
-0.227614
-0.296544
-0.451978
-0.172520
0.164150
0.073985
0.109788
0.424473
0.398057
-0.402471
0.164298
-0.055727
-0.118218
-0.279458
-0.237705
0.378060
-0.123382
-0.370260
0.020271
-0.134756
0.250979
0.233511
-0.338817
0.561966
0.387492
0.334399
-0.522478
0.033668
0.220201
0.362355
-0.195407
0.250448
0.276765
0.095661
-0.301153
-0.043319
0.497406
0.121180
-0.523924
-0.090485
0.031229
0.190788
0.325019
-0.311924
0.217934
-0.455421
-0.526927
0.012400
-0.517044
-0.531461
0.221005
-0.153004
0.478826
-0.511027
-0.383580
0.234768
-0.125488
-0.122238
0.677155
0.542204
-0.044768
0.301854
-0.201628
-0.150246
-0.412035
-0.362355
-0.197371
0.210559
0.317569
0.667506
-0.655892
0.006577
-0.081302
0.284683
0.265586
0.019797
0.710271
0.503207
-0.180922
0.482749
0.099395
-0.006288
0.508376
-0.280505
-0.116058
0.357574
-0.088714
0.059269
0.413873
-0.124449
-0.241667
0.396984
-0.403541
-0.537881
0.153947
0.182114
0.321310
-0.517338
-0.085234
0.212586
0.100896
0.013422
-0.399728
-0.423047
0.323788
0.159925
0.599280
0.347934
-0.347741
-0.150317
-0.239555
0.164282
-0.439576
0.477688
-0.620856
0.293690
-0.192904
-0.217209
0.307445
0.396701
-0.015929
-0.003927
0.142640
-0.679560
-0.230510
0.080178
0.022933
-0.134741
-0.560302
-0.175914
-0.191188
-0.494760
-0.258834
-0.066202
-0.349154
-0.132996
-0.166945
0.029557
-0.031714
0.852773
-0.196391
0.497749
0.425723
-0.323978
-0.373670
-0.462577
0.041259
-0.032616
0.361611
-0.199407
-0.035079
-0.291390
-0.369338
-0.474048
-0.206801
0.095165
-0.259642
-0.210597
-0.357181
0.065437
0.139225
0.270363
-0.438631
-0.091753
-0.405695
0.230347
-0.058632
0.322105
0.367291
-0.043807
-0.420565
-0.513263
0.193938
0.208294
0.433925
-0.264312
0.173797
-0.219849
-0.058863
-0.312358
-0.135573
0.111827
0.281913
0.222256
-0.532196
0.485067
-0.632052
0.181087
-0.242442
-0.173513
0.090516
-0.529961
-0.131727
-0.166814
-0.572661
0.079817
0.162253
0.081151
0.429557
0.530738
0.165407
-0.538510
0.366956
0.381226
-0.044930
0.145174
0.554628
-0.002801
-0.130315
-0.070682
0.030764
0.859337
-0.315817
-0.009200
-0.037407
-0.006554
0.275339
0.101315
-0.554748
0.089435
-0.197714
-0.414130
-0.086304
0.016442
-0.183022
-0.556861
-0.099825
-0.264348
-0.046274
-0.485044
0.226006
-0.196794
-0.320485
-0.666227
0.188071
-0.383127
-0.379193
0.301460
-0.062331
-0.501642
-0.099939
-0.048897
-0.274407
-0.427575
0.041911
0.652605
0.088310
-0.224568
0.418816
-0.238415
0.171923
-0.063495
0.293246
-0.341877
-0.132952
0.269904
0.435399
-0.382036
0.024926
0.329694
-0.237986
0.458146
-0.347446
0.341034
0.175732
0.571315
0.128766
-0.267687
0.382546
0.331430
-0.263528
-0.415877
-0.421463
-0.334826
-0.293780
-0.286862
0.374808
-0.598291
-0.047495
0.180366
-0.372566
-0.373927
0.209870
-0.234221
-0.061216
0.049156
-0.267573
-0.181077
-0.022594
-0.070433
0.272820
-0.134470
-0.476880
-0.218976
-0.093891
-0.067700
-0.243209
0.107519
-0.482106
0.535807
0.039779
0.442326
-0.360137
0.041364
0.433885
0.364788
0.367833
-0.307634
-0.087189
0.335645
-0.220698
0.666456
0.029515
-0.035610
0.289373
0.658643
-0.337710
0.574086
-0.701039
-0.358078
-0.216128
-0.376451
-0.508274
0.521530
-0.857223
0.369683
0.197300
-0.375595
0.619875
0.158834
0.086221
-0.039558
-0.010254
0.001107
-0.040489
0.128157
0.325040
-0.043228
-0.327330
-0.116119
0.291879
0.083984
-0.143187
0.113293
0.238701
-0.415180
-0.080582
0.074411
-0.385068
0.316799
-0.619170
0.294137
0.111409
0.346614
-0.123331
0.124605
-0.208313
-0.346890
-0.768779
-0.151744
0.478395
-0.099114
0.364134
0.099088
-0.196662
0.092648
-0.268241
-0.047088
-0.562004
0.349963
-0.552976
-0.299067
-0.312821
-0.179157
0.477452
-0.025078
0.036222
-0.073444
0.150097
-0.534616
0.688144
0.369452
-0.340847
0.214021
0.065088
0.647117
0.202825
-0.005797
0.249453
0.183847
-0.227248
-0.096425
0.393282
-0.190699
0.254983
0.332635
-0.015869
0.266338
0.268937
-0.612681
0.561050
-0.181948
0.369191
0.105314
-0.283610
-0.363887
-0.142040
0.471801
0.434132
0.116338
0.588011
0.295812
-0.181111
0.395556
-0.107508
-0.508762
0.222553
-0.378314
0.445473
-0.635198
-0.207418
-0.505125
0.185107
-0.193067
0.520736
-0.099886
-0.065699
0.804900
-0.060955
0.006462
0.043128
0.493048
0.366641
-0.069487
0.114687
-0.397545
-0.529808
0.024914
0.355259
0.571188
-0.612315
-0.524645
-0.098367
0.346574
0.289392
0.689348
-0.566166
0.265671
0.118094
-0.504751
-0.054410
0.006063
0.366815
0.208024
0.237028
0.251895
-0.260397
-0.283931
0.402374
-0.815515
-0.114593
-0.296722
0.009810
-0.231377
-0.576995
-0.433910
0.325764
-0.623436
0.404141
0.173506
0.425459
-0.861882
0.305409
0.447218
-0.363910
-0.053538
0.254721
-0.119082
-0.201591
0.095455
0.104235
