0.208900
-0.136057
0.014908
-0.092078
-0.242406
-0.084230
-0.152157
-0.099266
0.488747
0.178134
-0.308649
-0.600003
-0.339720
-0.462867
0.228556
0.276672
-0.220071
-0.380426
0.033883
0.527285
-0.221071
-0.257993
0.205966
0.075243
-0.072871
-0.031291
0.480644
0.257716
-0.121255
0.603952
-0.092793
-0.208453
0.392029
0.434445
0.142323
0.124803
0.145204
0.127606
-0.633862
0.343830
0.316220
0.229074
-0.303522
-0.113450
-0.482623
-0.615544
-0.053630
-0.022827
-0.272395
-0.518852
-0.036896
-0.053557
-0.096637
0.189843
-0.018856
-0.006184
0.079515
0.021758
-0.428164
0.383166
0.426609
-0.195115
0.520892
0.391553
-0.617966
-0.247684
-0.164130
-0.227798
0.374245
0.188436
0.083612
-0.154769
-0.166681
-0.264034
0.325352
-0.139372
0.137004
0.103872
-0.240326
-0.291289
-0.330557
-0.261280
-0.146467
-0.467578
-0.246036
-0.099806
0.355123
0.572335
-0.119576
0.253777
0.204251
0.038949
0.088170
-0.063036
-0.031913
0.079504
-0.219463
0.788994
-0.183216
0.370785
-0.241742
-0.444999
-0.094174
-0.330826
-0.013867
0.108937
-0.232605
0.035030
-0.013822
-0.101064
-0.235368
-0.022460
-0.149981
-0.225802
-0.090850
-0.000009
0.223739
-0.104249
0.161234
-0.111131
-0.344779
-0.026267
0.375236
-0.265512
0.248815
-0.340913
-0.235467
-0.208654
-0.482142
0.132838
-0.948325
0.326343
0.287201
0.100014
0.314811
-0.289009
0.244072
0.380944
0.403359
0.241758
0.288389
0.171198
-0.133692
0.202583
0.012993
0.275352
-0.332631
0.009352
0.558927
0.473727
-0.444407
-0.016386
-0.190433
-0.328843
-0.191047
0.044261
-0.294535
0.194422
-0.152345
-0.453478
-0.129615
0.225974
0.722856
0.389800
-0.364991
0.523432
-0.334573
0.539095
0.422054
-0.315730
-0.045187
0.452138
0.058750
-0.087807
0.084584
-0.509707
-0.764643
-0.371781
0.322355
0.152727
-0.088366
0.751665
0.156810
0.439147
-0.080229
-0.357594
-0.108719
0.119916
0.336514
-0.566325
-0.035723
0.053096
-0.050291
-0.151830
-0.194955
-0.373675
-0.234267
-0.395475
-0.330132
-0.611936
-0.280029
0.175248
-0.325150
0.021593
-0.351250
-0.630067
0.420134
-0.135226
-0.139661
0.167418
0.289076
-0.120504
0.454902
-0.352791
-0.330342
-0.277887
0.502614
-0.178196
0.126155
0.750005
0.588569
0.159846
0.117907
-0.079324
0.260500
0.611689
0.190462
-0.200760
0.157733
-0.241119
-0.083586
-0.489416
-0.340956
0.127754
-0.578974
0.290258
-0.164573
-0.267116
-0.244190
0.089058
0.181799
-0.368408
-0.636723
-0.050489
0.504440
0.292016
-0.196927
-0.106626
0.287000
-0.513109
-0.231658
0.249082
0.256041
0.113318
0.161268
-0.633500
0.148887
-0.270927
0.495732
0.224468
0.101475
0.017264
-0.298263
-0.576395
-0.114167
0.061940
-0.502400
0.602194
0.176136
0.715361
0.307678
-0.332997
0.061904
-0.118655
0.324413
-0.358822
0.115309
0.005178
0.487325
-0.366950
0.271843
-0.327813
0.147796
-0.159505
-0.178886
-0.516992
0.359905
-0.355800
0.659900
-0.197446
-0.315011
0.523035
0.326198
0.381606
0.502580
0.038440
0.354967
-0.172548
-0.427261
0.055698
-0.449292
0.004458
-0.032435
0.377910
-0.253198
-0.191919
-0.161870
-0.276469
-0.192575
0.420820
-0.107379
0.265043
-0.473427
0.004301
-0.295741
0.496369
-0.532584
0.042319
-0.186986
0.287122
0.054385
-0.075376
0.103589
0.050453
0.212113
0.121938
-0.199898
-0.421761
0.244055
-0.359762
0.327778
-0.075446
-0.538775
0.502845
-0.089135
-0.064600
-0.374577
-0.017472
-0.266195
0.213938
0.036405
0.409435
0.631221
0.370905
-0.433847
-0.547742
0.131920
-0.240707
0.098966
-0.405808
-0.081825
-0.252647
-0.515218
-0.002410
0.204374
0.221660
0.194643
0.341912
0.588403
-0.173082
-0.031857
-0.043068
0.578403
-0.119883
0.305613
-0.078705
-0.137540
0.135121
0.023804
-0.014925
-0.050232
0.099163
-0.480065
0.345314
-0.256682
-0.145360
-0.293144
0.157572
-0.194868
0.208643
-0.050177
-0.328562
-0.037064
-0.111233
-0.498581
0.375908
-0.431326
-0.252798
-0.151273
-0.088120
0.521610
-0.114926
0.197516
0.120713
0.259042
-0.365520
0.140727
-0.535671
-0.368171
-0.299706
-0.003285
-0.537422
-0.466943
0.111458
-0.077657
-0.033107
0.130662
-0.040106
0.231277
0.196290
-0.465729
0.520665
-0.038248
0.332378
-0.133427
-0.075963
0.104830
0.570814
-0.338088
-0.648615
0.512788
0.320373
0.059269
0.571868
-0.401230
0.352587
-0.198628
0.176007
0.192931
-0.195835
0.240485
-0.331454
0.429486
-0.637841
0.539259
0.086768
-0.254495
-0.243544
-0.079037
-0.537684
0.104918
0.425925
-0.091290
-0.407342
-0.309307
0.447261
0.132669
-0.492223
-0.306402
0.051175
-0.350318
0.547178
0.282276
0.006528
-0.157296
-0.369849
0.013500
-0.607650
0.049852
-0.486711
0.230353
-0.837054
0.403868
-0.354564
0.310240
-0.352896
-0.585410
-0.472125
0.210544
-0.652859
-0.243311
0.191272
0.180843
0.328741
-0.537756
0.303907
0.177086
0.328940
-0.205331
0.238975
-0.533218
-0.646121
0.039109
0.132652
0.527308
0.260689
0.456592
-0.015782
0.137728
-0.053109
-0.222878
0.033033
0.160497
0.262733
0.364567
-0.044316
-0.266849
-0.546749
-0.445392
-0.431014
-0.451140
-0.079717
0.322105
0.304309
-0.488464
-0.158116
-0.204313
-0.495859
0.342345
0.327550
-0.023583
-0.186502
-0.462962
-0.389482
-0.393472
-0.105354
0.228878
-0.368914
0.170887
-0.521772
0.202662
0.292390
0.048122
-0.209709
-0.386453
-0.417929
-0.333753
0.222060
0.157333
0.198746
0.292981
-0.049459
0.034507
-0.272781
0.146833
0.414210
0.331140
-0.382233
0.339242
0.492655
0.312355
-0.171627
-0.232842
0.428728
-0.075378
0.046667
0.910052
-0.297405
0.400490
0.567612
0.524948
0.046003
-0.095142
-0.111655
-0.351586
-0.055496
-0.514234
-0.371487
-0.144954
-0.139139
-0.531122
0.041604
-0.254089
0.083950
-0.409858
-0.355405
0.125055
-0.176926
0.009308
0.262830
0.070548
0.163005
0.298664
-0.052442
-0.549714
-0.337863
0.352610
-0.272755
0.335989
-0.055967
0.372759
-0.222088
0.161589
-0.186485
-0.385541
0.146466
0.038532
-0.311774
-0.162341
0.354784
0.390705
-0.429935
-0.085176
0.536302
0.158273
-0.242425
0.293201
0.690882
0.281932
0.217712
-0.171259
-0.450356
0.461495
-0.386068
-0.246109
-0.170262
-0.205985
-0.132616
0.183583
0.051453
-0.391003
0.317844
-0.396217
-0.197634
0.165767
-0.231387
-0.302449
-0.423367
0.043336
0.459979
0.441373
-0.372996
-0.157747
-0.022042
-0.561827
-0.015212
0.636600
0.078014
0.527825
-0.297567
-0.166355
0.274037
0.105614
-0.407871
0.474673
0.301655
-0.112398
0.283405
-0.082562
-0.234241
0.394819
0.347287
0.250153
-0.169920
0.056123
0.385514
-0.040581
0.211052
0.082599
0.248480
0.020722
-0.118266
0.471127
-0.195513
0.379685
0.413660
0.290172
-0.256169
-0.407088
-0.300171
0.127410
0.080500
-0.535347
-0.404459
0.106983
-0.170506
0.472463
0.318602
0.071054
-0.092220
0.688524
0.107126
-0.088042
-0.447179
-0.051551
-0.242600
0.152287
-0.068921
0.266338
0.242763
-0.559486
-0.413167
-0.523056
-0.333159
-0.312526
-0.361341
-0.100560
0.545413
-0.083336
0.247506
-0.082663
-0.113166
0.120282
0.320408
-0.086938
-0.401132
-0.373511
0.458636
0.259841
-0.443877
0.321348
0.395679
-0.473884
-0.376139
-0.236236
-0.548649
0.313606
-0.413374
-0.559044
0.519008
0.133444
-0.312125
-0.265584
0.020078
0.448384
0.265861
0.000936
-0.158829
0.346236
-0.026508
-0.383770
0.290341
-0.128443
-0.171221
-0.137373
-0.076553
-0.239073
-0.517123
-0.110450
0.525157
-0.185204
0.438305
0.038506
-0.382366
0.140059
0.573077
0.264358
0.175392
-0.568890
-0.388456
-0.506646
0.570372
0.343488
0.559727
-0.191608
0.578024
0.476501
-0.026719
0.546801
-0.149665
-0.470828
-0.085586
-0.595999
0.790940
-0.271247
-0.370472
0.142768
0.119875
-0.017952
0.263264
0.149330
0.257454
0.157702
-0.601214
-0.182314
0.083169
0.219138
0.410693
-0.415180
-0.108880
-0.473674
0.093612
-0.151175
-0.266547
-0.025123
0.544266
0.344869
-0.102888
-0.016282
0.415292
-0.154882
0.241910
0.240614
-0.370130
-0.214126
-0.028075
0.390516
0.262580
-0.319422
-0.206529
0.132418
-0.326252
0.005849
0.475743
-0.570698
-0.289297
0.217400
0.071035
0.038302
-0.670111
0.721074
-0.566557
-0.596624
-0.796799
0.235344
0.093818
-0.436864
0.260433
0.477289
-0.363910
0.392973
0.586525
0.154132
0.320679
-0.090402
-0.333938
