0.421381
-0.098079
-0.046154
0.039323
-0.050475
-0.030863
0.000189
0.167669
0.370490
0.343742
-0.182961
0.178362
0.204266
-0.481515
0.274457
-0.367331
0.140592
0.193415
0.357780
-0.137591
0.179126
-0.186498
-0.203563
-0.407731
-0.169924
-0.212170
0.026984
-0.090078
-0.641986
-0.057927
0.255828
0.210968
-0.286941
-0.377501
0.037503
0.344508
0.082797
-0.396983
-0.095438
0.226316
0.244771
0.118399
-0.236129
-0.124252
-0.411922
-0.083086
0.303988
0.107932
-0.096567
-0.297249
0.378697
0.443053
0.050080
0.055897
0.019387
0.384992
-0.028504
-0.221167
0.024086
-0.324711
-0.082173
0.273269
0.142606
-0.077618
-0.499299
-0.311588
-0.297618
-0.090358
0.224498
-0.234388
-0.249477
-0.635278
0.195110
0.006428
0.253415
0.204454
-0.250615
-0.116324
0.313589
-0.485275
-0.010779
-0.100340
-0.226789
0.076798
0.394549
-0.055389
0.444398
0.258908
0.151395
0.049852
-0.079050
0.153457
0.411563
-0.237621
0.029364
0.007744
0.418662
0.553394
-0.424672
0.475791
0.672190
0.018751
0.255423
0.140394
-0.116563
0.217910
-0.443969
-0.402608
-0.243998
-0.120913
-0.224753
0.337401
-0.239263
-0.239003
0.384183
-0.137557
0.135613
-0.392056
0.319574
0.438932
-0.432900
0.216547
-0.043364
0.154432
0.319454
0.314485
0.387519
0.150471
0.428156
0.143564
-0.644953
0.485559
0.180865
0.044450
0.771007
0.567075
0.258365
-0.173078
-0.379846
0.122591
-0.459076
0.259947
-0.256327
-0.211318
0.241739
0.277699
0.476856
-0.565307
0.350856
0.346570
0.282751
-0.356306
0.588094
0.048369
0.630710
0.541266
-0.154201
-0.112009
-0.284658
-0.190090
0.265234
-0.353904
0.353004
-0.291761
-0.050968
-0.407000
-0.559481
-0.151257
-0.530494
0.221269
-0.107719
-0.155412
-0.547872
-0.286287
0.238077
-0.113335
0.204615
-0.041035
0.420658
-0.406663
0.138145
0.598182
-0.195439
0.210468
0.177506
-0.010699
0.509165
0.182939
0.256956
-0.479211
-0.424554
-0.043216
-0.519133
-0.282469
0.501683
-0.469938
0.293918
-0.309306
-0.088691
-0.355399
0.034609
0.300947
-0.267001
-0.037088
0.136916
-0.179528
-0.050401
-0.189842
-0.070469
0.278278
0.040337
-0.115335
0.135464
-0.214496
0.416705
-0.228494
0.028791
-0.244060
-0.362204
0.069011
0.292650
-0.093324
0.144477
0.275831
-0.183576
0.773690
0.049578
-0.176655
-0.154884
0.115561
0.338502
0.455959
0.277106
-0.055167
-0.395461
0.182528
-0.163259
-0.230305
-0.579941
-0.297018
-0.497660
0.169767
-0.450888
0.015620
-0.525203
0.105357
-0.581557
-0.375720
0.530684
0.112197
-0.388128
0.251740
-0.060614
-0.485033
-0.318231
-0.205657
0.169804
0.352028
0.450602
-0.099999
0.705412
-0.344752
0.101148
-0.369111
0.807289
0.089801
0.299765
0.635558
-0.347166
0.034227
-0.138487
0.486927
0.761100
-0.109012
0.398828
-0.318841
-0.228215
-0.055916
-0.380499
0.583596
0.130403
-0.406960
0.484811
-0.259474
-0.069710
-0.013740
0.334767
-0.044378
0.156594
-0.206547
0.034815
-0.263159
0.015531
-0.447143
0.074047
0.322209
0.215289
-0.605249
0.378962
-0.622211
0.250487
-0.186119
-0.394740
0.089302
0.164935
0.013496
0.050761
0.307995
0.094910
0.032575
-0.210089
-0.328276
-0.374182
-0.183275
0.384674
0.574798
-0.596256
0.152002
-0.184376
-0.228485
0.317258
0.140175
-0.494560
-0.369243
-0.561003
-0.005443
-0.057259
-0.311884
-0.493815
0.482503
0.132648
-0.456638
0.222045
-0.000374
-0.280253
-0.475762
-0.319728
0.349877
0.157506
-0.053402
0.326783
0.705546
-0.399478
0.055191
0.357381
0.251581
0.328401
0.054548
-0.405356
-0.424434
-0.267333
-0.230538
-0.038698
-0.408609
-0.119364
-0.414522
-0.883288
0.173823
0.374271
0.165614
-0.149564
-0.363922
0.287489
0.535316
0.313235
0.016710
-0.277252
0.236276
0.025740
-0.674609
-0.005414
-0.016960
0.452285
0.068092
0.228764
0.368805
0.327001
-0.301204
0.216531
0.488834
-0.035942
-0.144249
0.433536
0.147893
-0.569414
-0.587741
-0.489477
-0.265835
0.103870
-0.173488
0.038386
0.376463
0.331833
0.624665
0.583665
-0.530353
0.063403
0.116744
0.314914
-0.183897
-0.038305
-0.675188
0.271840
0.235920
-0.067257
0.164451
0.385905
-0.448727
0.076567
0.284297
0.246021
-0.196441
-0.190896
0.593317
0.273602
-0.258320
0.441727
-0.078380
0.105344
0.018633
-0.065193
-0.305277
-0.147229
-0.111305
0.567601
0.328658
0.415629
-0.429077
-0.082323
-0.467328
0.545836
-0.305007
-0.035496
-0.177491
-0.090291
0.194971
-0.166201
-0.344406
0.046473
0.127887
-0.067468
0.288869
-0.318033
-0.305956
0.304292
-0.169020
-0.035718
0.530218
0.191892
-0.108073
-0.423381
-0.453422
-0.364047
-0.026732
-0.335228
-0.188419
-0.491122
0.042422
0.592826
0.186187
0.578113
-0.832655
0.098174
0.605338
0.294149
-0.441786
-0.688348
0.146411
-0.111511
-0.186431
-0.130976
-0.404955
-0.618700
-0.129895
0.415634
0.332522
-0.144945
0.151556
0.087968
0.085236
0.317769
0.122827
-0.215644
-0.183824
0.233497
-0.195234
0.103153
-0.274863
0.195244
-0.032439
0.156340
0.333605
-0.290919
0.077298
0.216962
0.187037
-0.193942
0.337594
0.112113
-0.200510
-0.303522
0.171182
0.408836
-0.410823
-0.530570
-0.009518
-0.706204
0.049490
-0.208771
0.590142
0.584842
-0.041883
-0.182959
-0.473700
-0.332362
-0.073628
-0.383620
-0.061912
-0.109226
0.375103
0.083950
-0.269598
0.659544
0.248382
0.362647
0.206466
-0.245648
0.260297
-0.522790
0.223688
0.267825
0.202078
-0.042183
-0.013830
0.341561
-0.407462
-0.411527
0.353210
-0.150429
0.057565
0.035598
0.196189
-0.313619
-0.622241
0.000148
-0.044069
-0.619635
-0.279232
-0.191471
0.365438
0.317773
0.146771
-0.314054
-0.220994
0.556212
0.199637
0.413527
-0.028374
0.173274
-0.079597
0.190117
0.319000
0.076121
0.205253
0.468752
0.221342
-0.674696
0.071469
-0.664509
-0.294159
-0.074460
-0.182570
0.415374
-0.343053
0.080296
-0.240395
0.026739
0.303844
0.486020
-0.456348
0.241069
0.478876
-0.506379
-0.015325
-0.395301
0.325421
0.047037
-0.284838
-0.653087
0.502497
0.254706
0.361669
0.243627
-0.039231
-0.276644
0.364213
-0.044025
-0.553362
0.096649
-0.308326
0.301871
-0.428149
-0.472801
-0.415983
0.024379
0.402522
-0.944344
-0.224999
0.343554
0.490178
-0.294897
0.411181
0.594815
0.897074
0.006782
0.465492
0.091681
0.182864
0.014738
0.437735
0.435308
0.173847
0.563263
-0.625634
-0.824579
-0.238374
0.136564
-0.635526
-0.378651
-0.387941
-0.383221
-0.461465
0.040761
-0.544252
0.100039
0.139266
-0.518202
-0.204929
0.729022
0.170255
-0.584725
0.421224
0.473387
-0.082957
-0.007073
-0.398380
-0.071397
-0.259366
0.570085
0.198474
0.193865
-0.149281
-0.365787
0.492511
-0.241800
0.592058
0.423809
-0.085339
0.285496
0.503401
-0.365549
0.051585
-0.082176
0.388519
0.503278
0.450769
-0.314073
-0.271567
-0.017059
-0.758308
-0.396157
-0.338278
-0.304108
-0.462598
0.036927
0.475446
0.003631
0.002853
0.312823
0.314048
0.067567
0.138668
0.062937
0.431378
-0.051606
0.504715
-0.142069
-0.148020
-0.063072
0.340850
-0.044814
0.311164
-0.058000
0.401663
-0.182183
0.230029
0.257430
-0.058679
-0.622076
-0.220374
-0.270249
-0.558227
-0.404906
-0.603948
0.014792
0.312657
0.401322
-0.499202
-0.040941
0.043484
0.066666
0.002908
-0.365718
0.369379
-0.211650
-0.377283
0.072571
-0.146107
0.284452
0.417964
-0.324401
0.233559
0.093006
-0.301070
0.215088
-0.297180
0.651918
0.479241
-0.170737
-0.002744
-0.439471
-0.304620
-0.462662
-0.328782
-0.477147
0.053076
-0.420032
-0.271512
0.133623
-0.418844
-0.203362
0.737084
-0.120461
-0.144224
-0.460406
0.009947
0.142792
0.589665
0.492147
-0.856083
-0.504378
0.233567
0.155647
0.274632
-0.340130
-0.254774
0.066521
0.022357
0.116833
0.356362
-0.200231
0.245328
-0.422089
-0.431713
-0.363712
0.006625
0.028433
0.067083
0.117515
-0.222285
-0.084150
0.235682
-0.052426
0.496380
0.396557
0.512886
0.510025
-0.112474
0.101071
0.170534
-0.110249
-0.540949
0.157966
-0.178114
-0.395361
0.577111
0.130671
0.243837
-0.092293
0.537435
-0.077379
0.013068
-0.131418
0.421307
-0.084323
0.455397
-0.080421
0.423130
-0.103060
-0.360572
0.071870
0.185356
0.353674
-0.069460
0.114054
0.350758
-0.273589
0.047884
0.038149
0.160555
0.339377
-0.096589
0.223366
0.190453
-0.005195
0.317161
