-0.205924
0.004418
-0.072379
0.511410
0.454187
-0.195645
-0.191295
0.499629
-0.101787
0.426129
0.329326
-0.237925
-0.430166
-0.241709
-0.469561
0.079696
-0.220071
-0.343173
-0.245145
-0.523367
0.490374
-0.338087
-0.462568
-0.359786
-0.362718
0.297373
0.707521
0.403484
-0.121255
0.603952
0.024191
-0.222797
-0.413142
-0.281326
-0.146763
-0.004253
0.207793
0.421419
-0.524362
0.443871
-0.151042
-0.385597
-0.570254
-0.195627
-0.387450
0.063336
0.242391
0.419421
0.012843
-0.713769
-0.116655
-0.057375
-0.163847
-0.422977
0.751406
-0.404125
-0.335836
-0.191633
0.343673
0.695875
0.072673
0.511680
0.438954
0.573471
-0.189885
0.335985
0.094380
-0.084061
-0.355778
-0.319073
0.091171
0.373851
0.225586
-0.009136
0.313239
0.225558
-0.081086
-0.149090
-0.072950
-0.454756
-0.161752
-0.286218
-0.359950
0.487146
-0.749482
0.153581
-0.059225
0.236895
0.474022
0.091397
-0.188605
0.136912
-0.223537
-0.125319
0.056973
-0.583391
0.082274
0.755369
-0.144031
-0.220707
-0.490666
-0.021212
-0.161810
-0.327442
-0.035265
-0.074499
-0.252674
0.035030
-0.457932
-0.170608
-0.019742
0.223456
-0.446553
-0.113978
-0.281743
0.047828
0.141417
-0.231700
-0.092943
0.354736
0.596911
0.200577
0.289822
-0.213663
-0.326373
0.394583
0.059364
-0.465512
-0.035244
-0.310256
-1.018824
0.596454
0.187609
0.249762
0.805225
-0.160492
-0.083690
0.349725
0.453833
-0.464065
-0.438618
-0.238597
-0.230607
-0.204834
-0.217522
0.228432
-0.088036
0.498675
0.300967
0.130081
0.284657
-0.279412
-0.109130
0.071298
0.253987
0.347625
-0.396561
-0.304918
-0.215664
-0.483943
-0.107905
-0.170062
-0.096181
-0.128287
0.292931
0.024403
-0.341256
-0.511789
0.422054
-0.249006
0.032033
-0.091012
-0.201704
-0.130122
-0.460802
-0.233749
0.184445
0.053811
0.291397
-0.513136
-0.156848
-0.393795
-0.264353
-0.221299
0.429246
0.062378
-0.329209
0.266812
-0.123589
-0.222276
0.477840
0.469754
-0.400452
-0.040556
0.381792
-0.172416
0.269411
-0.625480
0.078726
0.481116
-0.131783
-0.481159
0.321295
0.021593
-0.139937
-0.356864
-0.196761
-0.300683
0.129250
0.265583
0.211945
0.518968
0.615099
-0.185971
0.505730
0.180480
-0.481103
-0.024028
-0.064413
0.033455
-0.217342
-0.219743
0.238709
-0.485511
0.160318
0.285613
-0.397850
-0.056376
-0.006192
0.563217
-0.063588
0.431840
-0.055816
-0.278528
-0.495262
0.146270
-0.111333
-0.257606
-0.227395
-0.474069
-0.038116
0.386812
-0.535218
-0.041781
0.201279
0.098131
-0.172507
-0.022584
0.522977
-0.143588
0.041322
0.374960
0.123513
-0.152607
0.276149
0.298709
-0.153361
0.483725
-0.123279
0.325937
0.265519
-0.298997
-0.292023
-0.520209
0.178418
0.141155
0.126848
0.605201
-0.061295
-0.003927
0.338483
-0.184492
0.286021
0.522793
0.377004
-0.122058
0.215547
-0.588631
0.397339
-0.067842
0.610778
-0.292377
-0.168278
0.036246
-0.301196
-0.465416
-0.774231
0.124218
-0.473345
-0.533949
-0.024414
-0.034953
0.135203
0.391939
0.574918
-0.073354
0.186582
-0.038754
-0.166624
-0.296935
0.253091
0.204144
0.273025
0.011706
-0.443234
-0.246935
-0.123388
0.120340
-0.169340
0.385544
-0.090539
0.448316
0.147439
0.020167
0.342882
-0.191295
-0.284155
0.078923
-0.330848
-0.375376
-0.440372
0.044779
-0.146919
-0.147533
-0.028244
-0.169590
-0.480609
-0.096709
0.038590
-0.422819
-0.096085
-0.523008
-0.059417
-0.089140
0.037508
0.507897
-0.474164
0.195041
-0.323687
0.181707
-0.149292
-0.171335
0.203348
0.116317
0.490865
0.019380
0.206349
0.356518
-0.520586
-0.524616
0.221456
0.638615
0.466742
-0.393147
-0.458847
0.390757
-0.545587
0.229168
-0.168002
0.030035
-0.344637
0.533203
-0.413565
0.127733
0.345523
-0.069851
0.584122
-0.337875
0.025103
-0.825356
0.376548
0.343879
-0.240782
0.345314
0.354848
0.242812
-0.447371
-0.172911
-0.194868
0.446388
-0.241540
-0.691639
-0.219238
-0.224854
-0.473570
-0.313187
-0.099942
-0.265835
0.015666
-0.066376
0.150746
-0.013774
0.271287
-0.308960
0.424715
-0.170342
0.467635
0.057661
0.368486
-0.063313
0.034888
-0.634085
0.176282
-0.047882
0.424535
0.066397
0.474578
-0.106699
0.231277
0.310445
-0.419524
0.092317
0.094845
-0.054514
-0.252310
-0.145830
-0.084019
0.553183
0.446037
0.134317
0.087823
0.365499
0.349272
-0.216582
0.715543
0.171294
0.451983
0.107342
-0.230010
-0.014986
0.311585
-0.029530
-0.186267
-0.556972
-0.431157
0.052759
-0.106962
0.522999
0.380839
0.441229
0.059476
-0.201428
-0.398489
-0.257007
-0.140118
0.044409
-0.254913
-0.459114
-0.577809
-0.023996
0.084156
-0.245812
0.528902
0.086125
0.319465
-0.099571
0.037369
0.144459
-0.653149
-0.249286
0.569637
-0.092767
0.221365
-0.279412
-0.255625
-0.040249
0.356716
-0.522586
-0.123245
0.151278
-0.175730
-0.276362
0.128130
0.283083
-0.139642
0.095496
-0.695074
-0.209978
-0.202762
-0.214061
-0.539106
0.221499
0.039109
0.153509
-0.257043
-0.198199
0.036915
-0.465851
-0.389067
-0.060115
-0.516309
-0.329478
0.763897
0.517404
0.086035
-0.083556
0.015225
-0.160435
0.265855
0.044101
0.063549
-0.262729
0.222875
-0.031051
-0.385063
-0.674125
-0.226695
0.196883
0.536267
0.348106
0.661547
0.141370
-0.349073
0.414576
0.567338
-0.251082
0.228878
-0.276801
-0.109226
0.459117
0.414562
0.369646
-0.167841
0.383251
0.140359
-0.417929
0.149543
0.182615
0.563760
0.198166
-0.175468
0.391479
-0.074534
0.474693
0.224542
-0.627807
0.420614
-0.279941
0.058000
0.078101
-0.200000
0.524645
-0.634941
-0.635243
-0.120721
-0.348975
0.582121
-0.056808
0.380257
0.343617
0.365686
-0.380277
0.755676
-0.617332
0.266516
0.360213
0.497587
-0.191775
0.156769
0.064063
0.347434
0.481994
-0.161471
0.024443
0.316703
-0.418849
-0.692535
0.053309
-0.045529
0.209529
-0.134037
0.276287
-0.271543
0.019229
0.053460
-0.267620
-0.113497
0.377245
0.236051
-0.032093
0.046315
-0.095524
0.195700
-0.189884
-0.449332
-0.236092
0.158094
-0.284777
0.004200
-0.012403
0.086479
0.001594
0.030603
0.331488
-0.302943
-0.721272
-0.120205
-0.283145
0.381430
0.299471
0.166599
0.482728
0.461495
0.367968
0.375544
0.351639
-0.643837
-0.142340
-0.090758
0.175005
-0.427097
-0.058663
0.240076
0.116649
-0.079057
-0.256410
-0.136736
0.305010
-0.658966
-0.126238
0.353051
0.078551
-0.137175
0.023274
-0.212825
0.399995
0.599273
0.498097
0.379392
0.076282
0.228940
-0.076006
-0.002273
0.407683
0.133949
0.523041
-0.740548
0.367777
0.053602
-0.001131
-0.725726
0.457663
-0.125649
0.536730
0.085753
-0.020275
0.193006
0.287966
0.404945
-0.599381
0.360872
0.032313
-0.038752
0.133404
-0.203340
0.359382
-0.503917
0.255120
-0.235582
-0.293180
-0.504407
-0.520339
0.024784
-0.201681
0.158991
0.038033
0.564105
0.472664
0.024926
0.481894
0.506412
-0.579772
-0.161435
0.005308
0.089204
-0.252221
-0.107465
0.057517
-0.019074
0.001308
-0.262383
0.579696
-0.606077
0.137623
-0.390157
-0.285206
0.241100
0.628936
-0.109101
0.183044
0.003660
-0.219696
-0.351234
0.196470
0.072016
-0.072333
0.184313
-0.270274
-0.471390
-0.118598
-0.347159
-0.572324
0.242599
0.063820
0.320582
-0.259155
0.106494
0.176426
0.094528
0.544772
0.049007
-0.088982
0.010835
-0.023151
0.515358
-0.664529
-0.527375
-0.080061
0.532507
0.619972
-0.252222
-0.482510
0.339279
0.274859
0.396020
0.175467
-0.605414
-0.211434
-0.297622
0.224433
-0.369596
-0.107265
0.405299
0.532917
-0.312091
0.033911
0.009060
0.131951
-0.535601
0.060407
-0.292186
-0.263544
-0.516479
0.195300
-0.558718
-0.252313
-0.120823
-0.026719
-0.124506
0.284766
-0.230170
0.315197
-0.451628
0.215104
-0.335067
0.092967
0.039995
-0.261428
-0.134088
-0.378789
-0.049830
0.074511
-0.178652
0.296784
0.348066
-0.340619
-0.023523
0.439457
0.261838
-0.274044
0.584681
-0.276576
-0.098369
-0.239271
-0.028773
-0.089187
0.332267
-0.365215
-0.347836
-0.232343
-0.260301
0.384019
0.404938
-0.634475
-0.678470
-0.346793
-0.097077
-0.488863
-0.028295
-0.339251
-0.029682
-0.070865
-0.221570
-0.212309
0.080249
0.097077
0.323417
0.121229
0.006189
0.114089
0.153907
0.526492
-0.094284
-0.172641
0.557513
0.054335
-0.476212
0.077300
-0.219679
-0.406075
0.289548
0.127359
0.766071
0.059308
-0.090402
0.169179
