0.474387
0.586227
-0.169063
-0.755488
-0.294390
-0.074185
0.270530
-0.423850
-0.166063
-0.155887
0.265425
-0.382705
-0.494078
-0.314793
0.158954
0.119120
-0.178510
0.233084
-0.435765
-0.558502
0.310100
0.002537
-0.451132
-0.273822
-0.412302
0.277195
-0.416857
0.386591
0.105948
-0.013699
-0.065368
-0.505644
-0.108286
-0.127001
0.265741
-0.004253
0.252280
0.361866
0.294010
-0.147594
-0.035886
0.253112
-0.329255
-0.212669
0.004966
-0.147076
0.383761
-0.282904
-0.194139
-0.083393
0.414770
-0.041735
-0.092332
-0.006547
-0.169978
-0.266625
0.070196
-0.071319
0.104206
-0.438735
0.057697
-0.285223
0.401400
-0.318527
0.065661
0.396187
-0.434283
-0.376433
-0.287401
-0.278434
0.179638
-0.043025
0.174457
-0.002992
0.544091
-0.382690
-0.486589
-0.186775
-0.430719
-0.447798
0.120695
-0.275343
0.150196
-0.251068
-0.483526
-0.165659
0.376494
0.510805
-0.015417
0.607838
0.053961
0.342680
-0.228057
-0.408089
-0.365944
0.071165
0.285961
0.543275
0.647871
0.368835
-0.253190
-0.643748
-0.393075
-0.135986
0.145910
-0.552461
0.336206
0.330231
-0.457932
0.162372
0.000085
0.111497
-0.531391
0.044647
-0.198674
0.419541
0.065309
-0.281248
-0.498790
0.137946
0.280907
0.184306
-0.650028
-0.229730
0.326661
-0.053749
-0.399012
-0.061017
0.024770
0.196844
0.556971
0.251716
0.605405
-0.153729
-0.089849
-0.330422
0.136456
-0.438164
-0.364499
0.453157
0.003343
-0.041441
-0.241285
-0.487382
0.138191
0.225404
0.179530
0.006263
0.483330
-0.669079
-0.381798
-0.068372
0.638407
0.075427
0.399069
0.628125
-0.231034
0.344546
0.500952
0.357405
-0.379706
0.046397
0.500200
0.336493
-0.112203
-0.585747
-0.460284
-0.341938
-0.228162
-0.254665
0.218313
-0.043647
-0.560335
0.522594
-0.579253
0.210913
-0.817955
0.100795
-0.166853
-0.452611
-0.088366
-0.083553
-0.178632
-0.456056
0.177506
-0.395089
0.051491
-0.168974
-0.065433
0.084755
0.496480
0.312357
-0.179129
-0.296360
-0.348900
-0.478815
0.247404
-0.418512
0.036602
-0.475581
-0.025476
0.240493
0.119738
0.188206
0.311825
0.350166
0.007326
0.142015
-0.310548
-0.016629
-0.368338
-0.180595
0.041369
0.064016
0.618618
-0.487950
0.187142
-0.301098
-0.135958
0.172988
0.312845
0.072583
0.472656
-0.327962
-0.046769
0.335537
0.389342
0.192908
0.086447
0.082772
0.234358
-0.098180
0.318133
-0.720532
-0.091739
-0.363140
-0.017018
-0.512838
-0.191471
-0.344940
-0.417485
0.165449
0.276075
0.052673
0.198077
-0.224292
-0.245733
0.144436
0.074238
0.569214
-0.333039
0.249082
-0.176503
0.403454
-0.219371
0.391146
0.274653
0.154084
0.262970
0.147872
-0.298478
-0.110842
-0.014252
-0.324175
0.187975
0.786495
-0.023420
0.412667
-0.099947
-0.149256
-0.169672
-0.323154
0.477638
-0.381780
-0.356896
0.526016
-0.265498
0.433033
0.309436
-0.189102
0.194913
-0.108098
-0.307960
0.162698
-0.243033
-0.003246
-0.209336
-0.014260
-0.033322
0.076106
-0.749495
-0.487140
0.040443
-0.410277
0.638110
-0.040130
0.050414
-0.417422
0.286179
-0.635684
-0.629902
-0.417094
0.527300
0.170642
0.326931
-0.048503
-0.042598
0.461855
0.158030
-0.102388
-0.432018
0.411496
-0.086034
-0.000282
0.257652
-0.776509
0.136763
0.596104
0.260928
0.070888
-0.598925
0.434077
-0.137485
0.216061
-0.520446
-0.578357
-0.361374
0.351652
0.145184
-0.104445
0.029124
-0.063603
0.197166
-0.399841
-0.192450
-0.364630
0.434349
0.420908
-0.192347
-0.072025
-0.428203
-0.100740
0.481772
0.008388
-0.278463
0.394737
0.244166
-0.123077
-0.314237
0.427192
-0.168480
-0.291141
-0.082163
0.402563
0.262894
0.085170
0.016552
-0.139964
0.059753
0.391951
-0.133642
0.533203
0.327705
0.144466
0.271101
-0.170243
0.165706
-0.653578
0.135660
0.137705
0.383377
-0.070080
-0.261842
-0.652552
-0.077659
-0.022410
-0.329057
0.443445
-0.007193
0.274931
0.017430
-0.444239
0.315824
0.199194
-0.214552
0.198969
-0.098688
-0.248064
-0.319857
-0.083468
0.234768
-0.130794
0.271287
0.161932
-0.211825
-0.093104
-0.278883
-0.078810
0.028101
-0.024560
-0.135559
-0.024454
-0.782236
-0.077115
0.098456
0.066397
0.543767
0.670515
0.212037
0.240059
-0.380220
0.456680
0.147385
-0.333649
0.229379
-0.151153
-0.148930
0.558470
-0.445533
-0.138628
0.035241
0.401740
0.223606
-0.695053
0.510448
-0.075713
-0.299986
-0.592801
0.194231
0.311735
0.273784
0.131852
-0.332648
-0.548160
0.106758
-0.100463
-0.157880
0.044949
-0.020210
-0.614033
-0.136313
-0.106430
-0.214513
-0.286676
-0.176303
0.410052
0.279942
-0.563819
0.205163
-0.242251
0.724243
0.068451
-0.323073
0.210197
0.203488
0.191149
-0.368089
0.222865
-0.217124
-0.128203
0.499039
-0.101400
0.523645
0.071579
-0.086421
-0.080943
-0.186100
0.319687
0.165624
-0.293114
0.000295
-0.186687
0.511498
0.253251
-0.368875
-0.261255
-0.704006
0.297427
0.233075
0.263676
-0.645517
-0.197925
0.197866
0.172399
-0.356270
-0.009424
0.239161
0.081599
-0.569411
-0.236392
-0.845421
-0.101840
-0.126637
-0.275109
0.049338
0.271130
-0.253111
-0.357073
-0.056875
-0.126981
-0.499710
0.255589
-0.040625
0.518730
0.270753
-0.001610
-0.336192
-0.363123
0.193000
0.364336
0.695243
-0.260811
0.020602
-0.056005
-0.166500
0.015099
-0.542940
-0.647862
-0.032868
0.127295
0.358983
-0.095782
-0.434907
-0.276998
0.289763
0.566305
-0.003490
0.430885
0.002811
-0.430911
0.007220
0.190832
-0.106348
0.487333
0.370499
0.011717
0.196628
-0.215466
-0.082470
0.110546
-0.152446
0.327435
-0.592730
-0.133490
0.119612
-0.163107
0.510262
-0.001065
0.484473
0.238764
0.325422
-0.345622
0.080892
0.458981
0.309832
-0.314156
0.227236
0.164472
-0.355530
-0.710405
0.200549
-0.060416
0.161683
0.288417
0.263425
0.250369
-0.387156
0.113671
-0.181837
0.523792
-0.205371
0.276287
0.028906
0.030082
-0.416117
-0.296185
0.143095
-0.249876
-0.229265
0.114953
0.236704
-0.077789
0.076086
-0.245674
-0.216608
-0.257949
0.253420
-0.328785
0.096722
0.556043
0.347044
0.154835
-0.186725
0.520802
0.400778
0.169269
-0.200136
-0.182427
-0.022377
0.196998
-0.132113
0.402785
-0.259238
0.362346
-0.255322
0.515200
-0.323991
-0.501951
-0.427820
0.196980
0.169433
-0.252592
0.333060
0.411556
0.158802
-0.584986
-0.125465
-0.302073
0.089114
0.400650
0.380090
-0.087303
0.242049
-0.013676
0.602131
-0.058315
0.615838
0.512479
-0.621314
0.132922
-0.106825
-0.537291
-0.457859
0.511335
-0.451784
-0.396840
-0.478839
0.346391
-0.001528
-0.246345
0.448460
0.500976
-0.254281
0.517903
-0.015185
0.216538
0.620163
-0.070738
0.379797
-0.024670
0.163247
0.210388
0.538899
-0.527966
0.477737
0.173514
-0.449423
-0.121463
0.256496
-0.150503
0.114364
0.491723
0.046701
-0.201681
-0.049252
0.212475
0.596277
0.272250
0.033663
-0.393362
0.692288
-0.418485
0.039764
-0.435377
-0.135581
0.233919
0.429353
-0.534067
-0.172669
0.010553
-0.358062
-0.111620
-0.081114
0.013752
0.028913
0.422148
-0.436224
0.725217
0.470156
0.223258
0.104895
0.139741
-0.423392
-0.412417
-0.046088
-0.072333
-0.390461
-0.276679
-0.307288
-0.110923
0.362358
0.627174
-0.002540
0.201795
0.201955
0.372347
0.367604
0.460566
0.025001
0.228816
-0.308139
0.100482
0.092946
-0.414596
-0.073536
-0.094410
0.191051
0.133060
-0.359850
0.388471
0.019251
0.465978
0.157738
0.101905
0.022081
0.362303
-0.051347
0.208871
-0.157105
-0.407095
-0.355999
-0.244053
0.455435
-0.898765
-0.312091
0.237243
0.200949
0.067032
-0.583786
0.700750
-0.448968
0.510280
0.112259
0.342889
0.208631
0.497563
0.404802
-0.309705
0.405572
0.119282
-0.508762
0.302234
-0.000360
0.168596
-0.248212
0.225570
-0.349743
-0.271596
-0.143905
0.307941
0.568012
0.146151
-0.224232
-0.162511
-0.331087
-0.010500
0.484694
-0.290618
0.448036
-0.120782
0.412676
0.212845
0.010722
-0.336067
-0.207897
0.158091
0.332267
-0.290552
-0.092235
-0.488913
1.039167
-0.460711
0.474758
-0.071006
-0.540699
0.423855
-0.336329
-0.358979
0.188266
0.143168
0.300127
-0.070865
-0.154850
0.301071
0.009921
0.121056
0.620049
-0.205611
0.049400
-0.366153
-0.002429
0.571417
0.497735
-0.222071
-0.471156
0.340713
-0.578382
-0.021289
-0.046223
0.255045
-0.045664
0.006592
-0.517555
0.472042
-0.362455
0.286741
