0.234654
-0.101301
-0.362078
-0.042725
0.130130
-0.624744
-0.079826
0.495780
-0.295584
0.512272
0.197383
-0.288274
0.126286
-0.682821
-0.512730
0.296852
-0.014007
-0.283605
0.242266
0.457347
0.482323
-0.449846
-0.030975
0.787043
-0.862710
-0.210012
0.096298
0.248827
-0.454664
-0.024409
0.408194
0.210968
-0.179265
-0.228753
0.585113
-0.043739
0.592346
-0.327564
-0.266100
0.284537
0.230823
0.157842
0.210144
0.230645
-0.387450
-0.149170
-0.582093
-0.095517
-0.073349
-0.335136
0.432810
-0.270660
-0.327694
-0.252527
0.143973
-0.342189
-0.110643
-0.121668
0.020663
0.317619
-0.012377
-0.421675
0.142606
-0.330259
-0.179374
-0.621815
0.094380
-0.076439
-0.495491
0.379064
-0.407891
0.382529
-0.451527
-0.389540
0.274166
0.132021
0.290152
0.207288
0.502763
-0.205200
-0.010779
-0.240318
-0.349951
0.470298
0.036802
-0.316880
0.004691
0.652926
0.216834
0.147235
0.254139
0.148875
-0.077211
-0.327393
0.056973
0.511251
-0.146181
-0.120125
-0.435211
0.249532
0.477393
-0.580909
0.350519
-0.303072
-0.050411
-0.320571
0.710629
-0.468008
0.119840
0.224879
-0.191409
0.222366
-0.239263
-0.195692
0.024553
-0.428492
0.010096
-0.290183
-0.102517
0.505373
0.099137
0.589183
0.026942
-0.505531
-0.496705
-0.104752
-0.388754
0.036350
-0.369656
0.459046
0.275782
0.554864
0.271976
0.403166
0.771007
0.883853
-0.374580
0.254700
-0.047856
-0.102036
-0.459076
-0.125629
-0.322957
0.042172
-0.253137
0.153304
0.057690
0.105976
-0.140262
-0.573252
0.004756
-0.274554
0.365812
-0.374955
-0.261746
0.248315
0.398553
0.224502
0.362524
-0.240740
0.243501
-0.167365
-0.059551
0.420379
0.438613
0.453894
-0.559481
-0.490314
0.172516
0.321845
-0.107719
0.046956
-0.217728
-0.567344
0.283810
-0.110022
0.065779
-0.253236
-0.016058
-0.317921
-0.144247
-0.535979
-0.049102
-0.034717
0.232062
-0.327049
-0.655000
0.329888
0.256956
0.324362
0.547634
0.359294
-0.232816
0.147470
-0.037358
-0.469938
0.293918
0.195862
-0.381691
0.399344
0.092895
-0.293256
0.222214
-0.543861
-0.195893
-0.179528
-0.014333
-0.028014
0.346133
0.045046
-0.334950
0.414209
-0.176705
-0.323685
0.103014
0.131978
0.249834
-0.278882
0.206070
0.556616
-0.313915
-0.500718
0.123856
0.169965
0.393505
0.320352
0.147710
-0.438650
0.036082
-0.465336
0.076563
0.108955
0.005019
0.290323
-0.202372
0.354120
-0.139587
-0.288983
-0.227395
-0.445305
-0.603274
-0.025006
-0.535218
0.018595
0.304577
0.128455
-0.245420
-0.098089
0.262046
0.057261
0.415034
0.301569
-0.063458
0.190412
0.383393
-0.065569
-0.059956
0.309802
-0.260098
-0.550628
0.393959
0.618341
0.010369
-0.435941
-0.082625
0.282027
0.068122
0.066134
0.248112
0.171059
0.148623
0.107991
0.142523
-0.564066
0.269344
0.324524
0.195347
0.548715
-0.167399
0.349335
0.314937
0.085693
0.336015
-0.259474
-0.223542
0.090777
-0.216258
-0.224264
0.369793
0.418303
-0.402235
-0.463003
0.276820
-0.200920
-0.259890
-0.126038
-0.501143
-0.231103
-0.273974
-0.019757
0.356363
-0.366164
0.480130
-0.123251
0.197052
-0.246935
-0.003566
0.472588
0.197639
-0.319978
0.047397
-0.115483
-0.392702
0.121088
-0.445986
0.194479
-0.423445
0.088466
0.463463
0.456811
-0.463972
0.011483
-0.076297
-0.045558
-0.659106
0.407941
0.841031
-0.434217
-0.563421
0.428689
0.132648
-0.126131
0.482865
-0.157466
0.215245
0.037460
-0.269431
0.062087
-0.409133
0.111174
-0.538246
0.128596
0.480312
0.055191
0.389591
0.445288
0.382937
0.085823
-0.593510
-0.485722
-0.339186
-0.112634
0.230102
-0.099986
-0.207889
0.681484
0.064343
0.532539
0.300539
0.165614
0.546563
0.477431
-0.233122
0.155926
0.308560
0.016710
0.094239
0.176717
-0.056453
-0.219883
0.371999
0.279595
-0.399701
-0.201801
0.235364
0.367598
-0.379587
-0.273604
0.123135
-0.039505
0.066249
-0.690961
-0.270759
0.202477
-0.247845
0.335091
0.050360
-0.265835
-0.046754
-0.068025
0.256776
-0.197352
-0.425100
-0.198645
-0.439022
-0.011535
-0.214871
0.232396
-0.583537
0.235096
0.099865
-0.238602
-0.548758
-0.211741
-0.304355
-0.101563
0.422767
-0.245366
-0.290277
0.028004
0.246021
-0.475114
-0.190896
-0.218528
-0.371514
0.163352
0.397617
-0.311722
0.320074
0.312914
0.203001
0.545494
0.281903
0.268787
0.649283
-0.332205
0.480719
-0.196803
-0.269547
-0.110153
0.132572
0.322307
-0.433345
-0.315144
0.137594
-0.231264
0.076648
0.416884
0.080866
0.127887
-0.361401
0.288869
-0.161143
-0.286676
0.412438
0.092358
-0.278960
-0.580445
0.342811
0.194743
0.214125
0.533810
0.121957
-0.024035
0.192085
-0.186572
0.215533
0.059735
-0.178108
0.298408
0.479478
-0.053592
0.432059
0.056344
0.424348
-0.381991
0.221929
-0.586188
-0.180114
-0.421560
0.207073
-0.404955
0.534984
-0.544895
0.320216
0.039438
-0.255992
0.103046
-0.483571
-0.027784
-0.149627
-0.150695
-0.104386
0.307935
0.297645
-0.118156
0.407580
-0.160966
0.382678
-0.026208
0.229769
-0.197860
0.558920
-0.112190
0.428529
-0.599844
0.095250
0.374852
0.112113
0.401601
0.200190
-0.705606
-0.302943
-0.328034
0.443020
0.115594
-0.161854
0.173289
-0.390065
-0.328129
0.082524
-0.211369
-0.354925
-0.058186
-0.535675
-0.386480
0.409842
-0.362964
-0.341641
-0.497658
0.203580
-0.319486
-0.284261
0.353032
-0.504186
0.206466
-0.484491
0.409273
0.078740
0.259613
-0.199085
0.202078
0.398790
-0.045795
0.429109
-0.311113
-0.154251
-0.246411
0.021517
-0.383484
0.078371
0.217080
-0.355515
-0.622241
0.000148
-0.101049
-0.254798
0.260152
-0.335414
-0.101992
0.010976
0.115720
-0.108563
-0.423008
-0.102877
-0.274711
0.413527
-0.077192
0.412589
-0.086979
-0.022257
0.460949
0.227296
0.637844
0.548682
0.158402
-0.179607
-0.082268
-0.274196
-0.450777
-0.857534
0.195165
0.341968
0.222713
0.320240
0.121760
-0.061624
0.233244
0.427747
0.055451
-0.148607
0.120117
0.674460
-0.070263
-0.444031
0.332958
-0.422052
-0.384516
0.342272
0.397841
0.086479
0.361669
0.110651
0.139672
-0.235733
-0.496058
0.560185
-0.364382
-0.253940
-0.308326
0.366947
-0.428149
0.378868
0.367968
-0.155815
-0.240032
-0.257855
-0.124748
-0.227118
0.165848
-0.599688
0.440417
0.335854
0.267626
0.006782
0.348376
-0.239188
0.101564
0.134976
0.481642
0.691878
-0.033120
0.297928
-0.439276
0.164616
-0.238374
-0.392465
-0.573261
-0.383619
-0.194679
0.138007
0.027047
-0.125758
-0.061570
0.149004
0.060302
-0.388949
0.043679
-0.512717
0.434997
0.615572
0.292094
-0.133550
-0.407646
-0.516584
0.192320
0.239915
0.209766
0.539551
-0.329000
0.216485
-0.555845
-0.200835
-0.626211
-0.327731
-0.675770
0.394363
0.372271
-0.305578
0.505174
0.048652
0.388033
-0.039424
0.391619
0.489444
0.376382
0.465342
-0.318638
0.002532
-0.588367
0.215854
-0.065303
-0.062259
-0.265566
0.166346
0.398488
0.077748
-0.105591
0.603153
0.347478
-0.355855
0.717351
-0.692264
0.431378
0.281702
0.017100
-0.455407
-0.053189
-0.175601
0.404830
-0.217299
-0.154306
-0.223819
0.276590
-0.235020
0.018508
0.249747
0.335981
-0.584172
-0.406346
-0.376280
-0.399032
0.006093
0.610046
-0.215494
-0.121114
0.271484
-0.333567
-0.164692
0.715286
0.629156
0.573634
0.532075
0.600259
0.156574
-0.306601
-0.527375
0.258225
-0.135452
0.445064
-0.011778
-0.701762
0.395216
0.119708
-0.284221
-0.388787
0.266561
-0.154239
-0.015315
-0.002736
0.022366
0.304601
0.194494
0.412535
0.019196
0.013471
-0.420032
-0.211230
0.569597
-0.461282
0.387604
-0.334892
0.000904
0.148871
0.540370
-0.247221
0.405560
-0.108601
-0.366707
0.284766
-0.145418
-0.047647
-0.553675
0.274632
0.140187
-0.254774
0.066521
0.022412
-0.324312
0.385477
-0.195579
0.317250
-0.421582
0.132824
0.411407
0.285436
0.043285
-0.370353
-0.046987
0.360615
0.483727
-0.387120
0.561544
-0.107193
-0.283632
0.294705
0.161180
0.549673
-0.250248
-0.608593
-0.200274
-0.079291
0.181902
-0.589620
-0.322340
-0.127878
0.151266
0.215884
-0.193326
-0.380033
-0.051044
0.305976
-0.078731
0.353499
0.193470
-0.333869
0.525191
0.033276
-0.053626
0.491754
0.221434
-0.193999
0.468866
-0.172641
0.206079
-0.175529
-0.382968
-0.068329
-0.212506
0.273616
-0.424453
0.308103
-0.214637
0.048953
0.228624
-0.104248
