-0.156398
-0.090628
-0.307419
-0.027317
-0.008400
0.005641
0.332605
0.567346
0.449458
0.505767
-0.207290
-0.123155
-0.411121
-0.099983
0.271401
-0.177098
-0.157410
-0.526179
-0.173719
-0.229887
0.063706
-0.232175
-0.640836
-0.084320
-0.576492
-0.313173
-0.244029
0.268554
-0.539793
-0.270433
0.545685
-0.219910
-0.125054
-0.252220
-0.446266
0.256962
0.255890
0.036201
0.009509
-0.357971
0.227413
0.129064
-0.455556
-0.271498
-0.316112
-0.418142
-0.304426
-0.157861
-0.333670
0.719776
-0.120599
-0.236138
-0.008153
-0.189846
-0.022043
-0.459168
0.142842
0.143858
-0.045648
-0.382254
0.205129
-0.357370
-0.037580
-0.347979
-0.460711
0.333991
-0.119449
0.021252
0.257999
-0.256957
-0.059790
0.021754
-0.226155
-0.232777
0.452664
-0.046857
-0.406861
0.123346
0.359143
0.074246
0.388550
0.023745
-0.475105
-0.519732
0.243462
-0.498356
-0.073570
-0.118267
-0.182270
0.242369
-0.271356
0.549256
-0.288462
-0.371280
0.036769
0.227659
-0.182825
-0.695380
-0.169485
0.617553
-0.027152
0.057970
-0.120804
-0.462287
0.461324
0.226513
0.123796
0.065344
0.672040
-0.611867
0.262290
0.427441
0.061901
-0.039263
0.094798
-0.141766
0.209327
-0.205358
0.119555
0.262496
-0.014436
-0.588920
0.116999
-0.227374
0.264064
0.235264
0.508563
0.116664
0.198880
0.192115
0.545763
-0.266210
-0.171204
0.249508
0.316240
0.332883
-0.026833
-0.362690
0.197942
-0.098685
0.271573
-0.092775
0.519702
0.259692
-0.541152
0.119436
0.119086
-0.249560
-0.551636
-0.373633
-0.038299
-0.546210
0.378082
-0.078521
0.121387
0.115188
0.554251
-0.156180
-0.054468
-0.237161
-0.119606
0.270873
0.234141
0.371882
0.168618
0.865955
-0.547587
0.038591
-0.368023
-0.189298
-0.022823
0.399182
0.117330
-0.120911
0.524035
0.197144
0.534631
-0.063358
-0.519977
0.032373
-0.104509
-0.711534
0.153537
-0.549030
-0.268125
-0.483112
-0.072124
0.576028
0.370993
0.164730
0.133327
0.419074
-0.274892
0.452629
0.331604
0.511967
0.451190
0.372761
0.222504
0.301203
0.216786
-0.598004
-0.308291
0.274212
-0.015965
0.394684
-0.038799
-0.175414
0.115934
0.176563
0.131140
-0.267209
-0.264198
-0.129698
-0.363288
0.567043
-0.263569
-0.158105
0.461439
0.010659
-0.450495
0.117567
0.131805
-0.160368
0.392135
0.314497
0.417070
0.162115
-0.023274
0.446567
0.345070
-0.319327
-0.287622
0.169348
0.244040
0.331432
0.164852
-0.141678
0.209306
0.028343
0.016823
-0.010539
0.407267
-0.378605
0.201279
-0.408603
0.159803
-0.021509
-0.435837
-0.123837
-0.022922
-0.493474
-0.400963
0.367133
-0.067240
-0.249059
-0.385145
-0.007151
-0.196561
0.694231
0.251483
-0.483864
-0.521945
-0.337755
0.013584
0.266276
-0.404047
0.483846
-0.058813
0.448941
0.582542
-0.268672
0.781298
-0.047987
-0.425291
0.428604
-0.131106
0.545369
0.339567
-0.040070
0.803677
-0.316072
-0.464473
0.363248
-0.204952
0.466561
-0.508513
-0.158408
0.406298
-0.127960
0.503453
0.510537
0.396758
0.196376
0.085324
0.122099
-0.620784
0.156244
-0.222200
-0.223213
-0.009250
-0.451803
0.472417
0.045036
-0.072140
-0.305395
-0.133539
0.623662
-0.123312
-0.338171
-0.418610
-0.042565
-0.176844
-0.034170
-0.460324
-0.218040
-0.165292
0.063704
-0.413584
0.548682
0.142124
0.502555
0.467154
0.011344
-0.381411
-0.070362
0.273675
-0.342183
-0.560520
-0.335061
0.076726
-0.281837
-0.101366
0.115034
-0.008583
0.045137
-0.359423
0.247326
-0.172520
0.172581
0.151289
0.579799
0.424473
0.117287
-0.402471
-0.469413
-0.217079
-0.105755
0.254952
0.247158
0.043981
-0.099029
-0.370260
-0.294995
0.102489
0.455901
-0.495659
0.402474
0.091558
0.294312
0.400936
-0.177049
0.047592
0.740475
-0.359979
0.487599
0.305589
-0.574157
0.201945
0.076460
-0.100714
0.057125
-0.105097
0.405611
-0.044957
0.092264
0.190788
-0.140597
-0.311911
0.202639
-0.208817
-0.062880
-0.435365
0.028738
-0.214552
0.254559
-0.429361
0.476839
0.142505
0.051328
0.234768
-0.179727
0.494719
0.668440
0.530146
-0.044768
0.121731
-0.192014
0.316350
-0.330233
-0.196803
-0.123054
-0.146896
0.219168
0.760500
-0.655892
0.675612
-0.461412
-0.365292
-0.126625
0.054046
0.027852
0.323503
0.492565
0.512450
0.069763
-0.006288
0.028524
-0.381417
-0.439285
-0.202247
0.562722
0.042963
-0.611523
-0.079206
-0.290666
0.379079
-0.403541
-0.620727
0.105967
0.352894
-0.084615
-0.409759
-0.227651
0.257914
0.319325
0.080648
0.219168
-0.509059
0.323788
0.238882
0.597586
-0.322987
0.543021
0.093028
-0.063590
-0.089827
-0.081274
0.477688
-0.387692
0.475857
-0.047551
0.036405
0.227348
-0.337234
0.254081
0.264821
0.098343
-0.624272
0.187467
0.423002
-0.070299
-0.149010
0.767763
-0.319311
0.123601
0.327056
-0.069982
-0.321187
-0.451582
-0.181193
-0.251148
-0.035984
-0.347173
0.852773
-0.196391
-0.265580
0.306672
-0.167506
-0.258531
0.245588
-0.196202
0.003195
0.272826
-0.404023
0.138088
-0.130824
-0.369338
-0.451205
0.303837
-0.339746
-0.306389
0.224020
0.473548
-0.001907
0.374527
0.270363
-0.360197
0.107917
0.543639
0.246097
-0.618596
0.322105
0.367291
-0.317533
-0.117332
-0.607623
0.211536
-0.177365
-0.397827
-0.229421
-0.506630
-0.219849
-0.089846
0.012864
-0.000600
0.111827
0.450966
0.557197
-0.532196
0.523157
-0.551331
-0.448123
-0.386131
-0.457306
0.169180
-0.431425
-0.181089
-0.579024
-0.572661
0.212128
0.215810
-0.451473
-0.095579
0.150690
0.247239
0.218944
0.345190
0.312192
-0.221999
-0.315922
0.391531
-0.290901
0.575058
0.085032
-0.049329
-0.143371
0.035302
-0.199977
0.029943
-0.077044
-0.425800
0.128069
-0.188676
0.178045
-0.253473
0.346737
0.612841
0.016442
-0.293732
-0.525051
0.148077
0.033627
0.124709
-0.490178
-0.450548
-0.156470
-0.092856
-0.233452
-0.418297
-0.611166
-0.156707
0.352003
0.106801
-0.501642
0.117980
0.003369
0.128821
0.094261
-0.076515
-0.533036
-0.222088
-0.231338
0.486204
-0.174960
0.319247
-0.331854
0.182586
0.355559
-0.132952
0.095001
0.457551
0.631641
-0.154658
0.105031
0.392385
0.398055
-0.322987
-0.250058
0.252422
0.520201
-0.011301
0.550860
0.574393
0.331430
-0.235683
-0.450319
-0.200488
0.006642
-0.293780
-0.196047
0.347972
0.069952
-0.047495
0.046782
-0.483932
-0.229365
-0.025432
-0.281150
0.249562
0.185791
-0.066060
-0.469062
0.394266
0.253814
0.239506
-0.131811
0.501990
-0.538861
-0.149480
-0.358239
0.191749
-0.636874
-0.482106
-0.587997
0.048139
0.582104
-0.403117
0.079951
-0.222052
0.580371
0.510639
-0.228471
-0.158329
0.410013
-0.110554
-0.188940
0.029515
0.245973
0.104648
0.358211
-0.264413
-0.286900
-0.867400
-0.203907
-0.290690
-0.574012
0.111780
-0.193584
0.506871
-0.449508
0.379736
0.251556
0.578706
0.273398
-0.344671
-0.039558
0.061124
0.084124
-0.160196
-0.527323
0.325040
-0.043228
-0.424226
0.093197
0.408261
0.277552
-0.051226
0.135509
-0.043665
0.326019
0.003288
-0.526341
0.116595
0.293339
-0.522796
-0.383200
0.021487
0.366742
-0.566275
-0.155303
0.468765
-0.370497
0.180693
-0.151744
-0.173499
0.180389
0.053399
0.244350
-0.196662
0.606615
0.401491
-0.089452
0.183364
0.276383
-0.552976
-0.514129
-0.259132
-0.317273
-0.263928
0.084451
0.129745
0.346018
-0.256304
-0.179590
-0.624922
0.410867
-0.388699
0.489054
0.359077
0.586626
0.232994
0.086236
0.145542
0.194501
-0.255727
-0.150758
-0.426001
-0.259609
-0.543783
0.292277
0.013944
0.032936
-0.298122
-0.612681
-0.178790
-0.599424
0.055536
0.031820
-0.332945
0.332209
-0.233347
-0.555551
0.426786
-0.400482
0.588011
-0.179802
-0.138061
-0.112716
0.001896
-0.293587
0.464971
0.171714
0.453238
-0.144186
-0.207418
-0.104905
0.163035
-0.061200
-0.433290
-0.142648
-0.011746
-0.126361
-0.043535
-0.317793
-0.212795
-0.132265
0.280739
0.065432
0.103594
0.112496
-0.530959
-0.296146
0.207653
-0.126761
-0.616430
-0.616051
-0.177220
-0.391648
0.289392
0.689348
-0.641282
0.192826
-0.658193
0.222749
0.680866
-0.091230
0.366815
-0.293981
-0.414318
-0.218289
-0.242535
-0.283931
0.239901
0.156632
-0.172220
0.430416
0.392683
-0.058506
-0.132070
0.270450
-0.188831
-0.544048
0.404141
-0.119234
0.079464
0.074973
-0.586547
-0.135423
0.262872
-0.518061
-0.115027
-0.214637
0.275033
-0.305982
0.129881
