0.055757
-0.224056
-0.595416
0.399519
-0.169130
-0.021952
0.055971
0.459841
-0.257701
-0.017312
-0.075898
0.378577
0.187960
0.050402
0.209762
0.376191
0.510215
0.029602
0.299253
0.000683
-0.083091
0.146221
-0.251562
0.541726
-0.079546
0.345839
0.208792
-0.281204
-0.341872
-0.024332
0.169792
-0.333938
0.202490
-0.335897
-0.559003
0.160308
0.031993
0.240995
0.088201
-0.147476
-0.367999
0.500380
-0.455742
-0.568903
0.021774
0.095358
0.097822
-0.097359
-0.333670
-0.362555
-0.086783
-0.219667
0.323494
-0.266348
0.081287
-0.451198
-0.301142
-0.189980
0.036744
0.415687
-0.304997
0.191290
0.024020
-0.742001
0.087320
0.550093
0.468276
-0.606947
0.374084
-0.356400
0.267074
0.145081
-0.109138
-0.242794
0.236347
0.157466
-0.009767
-0.533487
0.425559
0.007770
0.326654
0.128769
-0.466159
-0.260958
-0.340867
-0.242745
-0.209604
0.395553
0.532847
-0.032285
0.021746
-0.224835
-0.095882
0.392966
-0.259164
-0.464047
-0.366953
-0.489442
-0.032663
0.167238
-0.092719
0.087062
-0.083354
-0.427496
-0.178741
0.191392
-0.208347
-0.572431
0.289022
0.548244
0.002952
0.085010
0.363154
0.657406
-0.147389
-0.187371
0.084206
-0.135569
0.168668
-0.275418
-0.125951
-0.411775
-0.477972
-0.186042
-0.584604
-0.227664
0.192453
0.069679
0.135151
0.435700
0.283097
-0.266210
0.384701
-0.031887
0.568068
0.617361
0.090721
-0.300761
-0.320405
0.309233
0.038603
-0.294204
-0.187167
-0.429011
0.010847
0.225747
-0.321407
-0.301606
0.208488
0.256293
-0.448504
-0.112173
0.092526
0.022790
-0.330705
0.488255
-0.324711
-0.165587
-0.198462
0.385193
-0.080315
-0.452448
0.058517
-0.184677
0.281102
-0.179802
0.278822
0.469077
-0.191307
-0.479680
0.208667
0.478869
0.086467
0.008094
0.288050
0.086678
0.241870
-0.277755
-0.272477
0.064030
0.322466
-0.124867
-0.024198
0.576898
0.180044
-0.418851
-0.344556
0.370455
0.073343
0.374794
-0.417467
0.078864
-0.058226
-0.177935
-0.220012
0.378594
0.696909
-0.172390
-0.035397
0.160276
0.462038
0.553127
-0.026647
-0.092509
-0.270745
-0.012566
-0.165733
-0.150465
-0.492507
-0.217707
0.298573
-0.165972
0.618375
-0.030092
0.482866
-0.172197
0.153122
-0.240816
-0.028321
-0.230662
-0.450495
-0.500718
0.498747
-0.572226
0.149809
0.603764
0.322555
-0.217966
-0.009953
-0.352238
0.286839
-0.407931
-0.172031
0.108622
0.077279
0.359647
0.278575
-0.030350
-0.610731
-0.496593
0.505473
-0.591144
-0.518071
-0.124788
-0.062998
0.155154
-0.225270
-0.261809
0.104405
-0.289017
-0.230007
-0.195539
-0.293692
0.329041
0.645225
-0.411197
-0.343618
0.219907
-0.309679
0.172849
0.062591
-0.626802
0.103107
0.037767
0.125638
0.158355
-0.258363
0.412512
-0.118852
-0.458759
0.205101
0.039708
-0.360187
-0.441053
0.294812
-0.154529
0.063116
-0.020067
-0.318984
-0.043909
-0.450549
-0.324815
-0.283002
0.289281
0.036799
0.404091
0.306026
-0.033057
0.163521
-0.171480
-0.792761
0.613743
0.468990
-0.707996
0.200201
0.263188
0.039150
0.052044
-0.368980
0.252937
0.078894
-0.152134
-0.723811
-0.280702
-0.072140
-0.151296
0.043478
0.657074
0.475990
-0.062632
0.092341
-0.522093
0.104764
-0.388459
-0.366754
0.247979
-0.076351
-0.259961
0.356797
0.258207
-0.053628
0.447096
-0.091825
0.304524
-0.394122
-0.168256
0.267503
-0.732805
-0.518862
0.042573
-0.435685
-0.622675
0.072289
0.091331
-0.193724
-0.365113
-0.485257
-0.045958
0.252100
0.172581
0.073985
0.304152
0.424473
0.004605
-0.349877
-0.641942
-0.473365
-0.008799
-0.486801
0.427842
0.259436
-0.329755
0.221505
0.103680
-0.010508
-0.057920
-0.297447
0.492822
-0.467540
-0.104239
-0.130117
0.390148
0.421716
0.014201
-0.249996
0.364020
0.178635
-0.095289
0.308214
-0.621564
0.266569
-0.551605
0.189472
0.048956
0.037329
-0.191869
-0.008597
-0.279603
0.230817
0.048807
0.049905
-0.654167
0.350614
0.349418
-0.347257
-0.011462
0.058621
0.287336
-0.461185
0.065773
-0.183997
-0.134768
-0.035453
-0.397067
0.321684
-0.383009
0.372895
0.268659
-0.150246
-0.340418
-0.201612
-0.067365
0.349024
0.061329
0.639553
-0.419704
-0.066086
-0.545117
0.060860
0.291439
0.174373
-0.626693
0.147385
0.549446
-0.560615
0.272118
-0.202389
0.167103
-0.381837
-0.080393
-0.070147
0.161782
0.137960
0.198557
-0.079206
-0.173700
-0.025718
-0.229006
0.151482
-0.081287
0.204932
0.008570
-0.621340
-0.227651
0.157330
0.024441
-0.289001
0.006257
-0.013407
0.252833
0.321671
-0.100936
0.213016
-0.278631
-0.129424
-0.155188
-0.014753
0.463591
0.300232
-0.332785
-0.232059
0.227386
0.424311
0.161224
0.198884
-0.230621
-0.300201
0.054124
-0.292302
0.180366
-0.368107
0.408197
-0.124308
-0.255584
-0.576452
-0.736090
-0.064069
-0.153800
-0.471060
-0.091110
-0.293020
0.146509
-0.164081
-0.299957
0.049155
0.014942
0.530145
0.183513
-0.400979
-0.124948
0.306081
0.407865
-0.138016
0.356927
0.339595
-0.642005
0.448273
-0.536303
0.374124
0.176380
-0.456196
0.073808
-0.038177
-0.330776
0.399488
0.106471
-0.174195
0.027897
0.387119
-0.437024
-0.405647
-0.186892
0.029219
-0.433214
-0.121236
-0.310400
-0.513263
-0.522085
-0.129312
-0.091245
-0.332460
0.173797
0.499517
-0.444255
0.080733
-0.446395
0.014873
-0.193571
0.280459
0.145690
-0.135811
0.195183
0.356709
0.190550
0.003380
0.222157
-0.392728
0.342058
0.106215
-0.379556
-0.354121
0.266748
-0.276503
-0.551128
0.190394
0.007742
0.086702
0.443466
0.018787
-0.417724
-0.581890
0.482506
-0.005654
-0.130315
-0.507887
-0.147412
0.859337
-0.290559
-0.617667
0.392607
0.316593
0.222837
-0.428758
0.428826
0.343239
-0.197714
-0.061811
-0.379125
-0.135195
-0.212247
0.188137
-0.803895
0.087002
0.088147
-0.283629
0.348599
-0.167309
0.248055
0.125484
0.035709
0.278840
0.138510
0.168115
0.351326
-0.082756
-0.216468
0.168486
-0.387566
-0.087150
0.068894
0.476622
-0.088549
-0.600593
-0.171456
-0.243903
0.199986
-0.112821
0.802925
-0.630026
0.585302
0.459071
-0.396114
-0.260577
0.101314
0.437840
-0.078274
-0.587282
0.026202
0.171482
0.198415
0.439222
0.415813
0.124113
0.479757
-0.297667
0.456512
0.223670
-0.153109
0.069345
-0.241465
-0.098634
0.406102
0.059545
0.455649
0.105705
-0.603605
-0.226566
0.229333
-0.101863
0.249145
-0.408640
-0.474507
0.107915
0.376300
-0.588276
0.116555
-0.100391
0.268117
-0.305101
-0.239354
0.423654
-0.212934
0.231317
-0.187252
-0.497902
-0.005326
-0.379639
0.156556
0.325506
-0.092006
0.051219
0.349749
0.051336
-0.107313
0.374954
-0.285567
0.038340
-0.019488
-0.342416
0.329393
-0.350162
0.690310
0.626433
0.331221
-0.021404
0.437379
0.055351
0.089395
-0.507334
-0.142608
-0.011832
0.402900
-0.360847
0.569062
0.333104
0.339461
-0.228369
-0.046726
-0.046821
0.033776
0.089104
-0.110399
-0.093040
0.643705
0.314293
-0.322953
0.425316
-0.143187
0.045439
-0.690078
-0.273009
0.220669
0.218145
0.148233
0.371463
-0.520449
-0.297693
-0.229722
-0.049778
0.262093
-0.221969
-0.231728
0.172034
0.472786
0.271940
-0.209220
-0.107601
-0.196874
-0.296426
0.173880
0.212999
0.467933
-0.595807
0.455145
0.198843
0.154103
-0.107405
-0.195077
0.180820
-0.402439
-0.332230
0.338388
-0.389737
-0.242172
-0.131194
-0.655373
-0.223775
0.139752
-0.292991
-0.305375
0.024035
-0.467678
0.103119
0.025301
0.077889
0.419091
0.082250
0.104997
-0.431501
0.427085
-0.069770
-0.135940
0.339529
0.262239
-0.443603
0.380450
0.402742
0.389719
0.409797
-0.375850
-0.211554
0.749766
0.107485
0.406219
0.288483
-0.559678
0.499080
0.344538
0.505924
-0.017224
0.127753
-0.282111
-0.398290
0.104930
-0.439584
-0.112298
0.150553
-0.358412
-0.341452
0.219937
0.581379
-0.138711
-0.528979
0.573363
-0.245628
0.285064
0.113262
0.502996
0.020395
-0.045229
0.290831
0.690856
-0.064561
0.327427
-0.268008
-0.281089
0.469705
-0.727531
0.006103
-0.284219
-0.091865
-0.227599
-0.214641
-0.117777
0.053892
-0.420050
-0.215034
0.429337
0.199280
-0.338453
0.001990
0.017502
-0.224651
0.189280
-0.123521
-0.056136
-0.294570
0.229384
-0.253608
-0.155196
0.313681
0.348234
-0.137832
0.404141
0.610580
0.277960
-0.365366
0.297583
-0.014869
-0.494751
0.117260
0.051653
-0.214637
0.035641
0.281221
0.526395
