0.171926
-0.382980
-0.028193
0.399519
-0.195645
0.364392
-0.208876
0.459841
-0.257701
-0.240093
-0.077985
0.179991
0.187960
0.050402
0.027083
0.230950
-0.216919
0.029602
-0.030896
0.513329
0.532185
-0.363868
-0.502232
0.440720
-0.079546
-0.059476
-0.353407
0.057692
-0.274286
0.016585
0.218850
0.056952
0.298954
-0.254183
-0.173085
0.170678
0.257235
-0.691406
-0.548260
-0.312668
-0.454736
0.113717
-0.103085
-0.190065
0.159511
-0.387749
0.097822
0.579833
-0.034370
-0.362555
0.765211
-0.144392
-0.030456
-0.140957
0.004011
0.062448
-0.204499
-0.005330
0.354017
0.190073
-0.408452
-0.521997
0.156244
0.472760
0.318007
-0.285325
0.279435
-0.463018
0.264743
-0.421022
0.267074
-0.343338
-0.152927
0.082161
0.620889
-0.458290
-0.009767
0.198281
0.507886
-0.654033
0.031277
0.339432
-0.399871
-0.153862
-0.463252
-0.405312
0.154081
-0.356278
-0.173792
-0.157630
-0.392070
0.395486
-0.085076
0.422112
0.353024
-0.639231
-0.204440
-0.318546
0.471637
-0.185275
-0.027608
0.346675
-0.150348
0.289343
-0.178741
0.559923
-0.328952
-0.492876
-0.040202
-0.246676
0.455068
0.554813
0.363154
-0.136382
0.197752
0.088270
-0.493835
0.411364
0.474436
-0.463233
-0.169451
-0.269247
-0.050398
0.555506
-0.023210
0.613881
-0.311172
0.174565
0.698565
0.287633
0.188048
-0.411919
0.205342
0.248901
-0.581387
-0.045732
0.129805
0.160946
0.168949
-0.665923
-0.543894
-0.344881
0.055041
0.097271
0.257889
0.013509
-0.321407
0.146491
0.494154
0.305367
-0.315679
-0.407846
0.793401
-0.174531
-0.479898
0.488255
0.048847
-0.458548
0.078350
-0.194699
-0.449100
0.160609
0.572408
-0.313804
0.155757
-0.179802
-0.271547
-0.648909
-0.570021
-0.441340
-0.182627
0.512477
-0.024355
-0.222867
0.315090
-0.632973
-0.684932
0.158908
0.202036
0.026362
-0.141563
-0.056065
-0.085813
0.339561
-0.197401
0.055665
0.696840
0.388312
0.362868
-0.306281
0.133327
-0.538194
-0.392250
-0.177935
0.123584
0.263826
0.023521
-0.172390
0.429331
-0.277041
-0.089049
0.118343
0.383206
0.278172
-0.357048
0.375203
0.344940
-0.386108
-0.272074
-0.204349
0.261767
0.421939
0.236736
0.509732
0.359382
0.465755
0.013524
-0.092628
-0.113980
0.112029
-0.395338
0.423915
-0.451333
0.202295
0.119329
-0.135533
-0.548139
-0.650976
-0.009953
-0.287667
-0.307001
0.419209
-0.205932
0.080082
0.042251
-0.119771
-0.055787
-0.141475
-0.589392
-0.397183
0.177324
-0.285564
-0.326757
-0.124788
0.502832
0.098131
-0.225270
0.116137
0.109950
0.082815
0.015004
0.616260
0.194551
0.196655
-0.019856
-0.045783
-0.231055
0.603079
-0.420389
-0.484968
0.437610
-0.176408
0.043004
-0.344478
-0.340228
0.091978
-0.378225
0.332085
-0.188674
-0.051125
-0.402761
-0.500830
-0.160219
0.596327
-0.475832
-0.299101
0.269066
-0.020067
-0.012154
0.340240
0.143659
-0.390652
0.471843
-0.036368
0.336769
-0.403998
0.075734
0.546279
0.453455
0.620762
0.421454
0.219655
0.352312
0.330870
0.427823
0.041104
0.223619
-0.038754
-0.071284
-0.538126
0.200843
-0.142998
-0.235462
0.300419
0.201703
-0.006871
-0.398013
0.469858
-0.497058
0.550777
0.092341
-0.457213
-0.492334
0.480705
0.207048
0.221057
0.307933
0.467009
-0.386585
0.506146
-0.053628
-0.119402
0.059731
-0.155183
-0.225810
0.342296
-0.353505
-0.434217
-0.072977
-0.112274
0.180604
0.027720
-0.135597
-0.489927
0.099748
-0.093037
0.480783
-0.082174
-0.445768
-0.161580
-0.476162
-0.137248
0.806731
0.398057
0.355025
0.256647
0.610242
-0.301589
-0.517529
-0.240826
0.221456
-0.176357
0.530587
-0.629468
0.047874
0.515363
0.358631
-0.058160
-0.599183
0.396734
-0.128396
0.363950
-0.097143
-0.318790
0.458166
-0.148430
0.178635
-0.378347
0.308214
-0.506249
0.263914
0.223205
-0.098206
0.048956
0.613576
0.168365
-0.613344
-0.200142
-0.113578
0.067413
0.171539
-0.090753
-0.104885
0.100698
0.187852
0.117121
-0.216476
0.318384
0.387467
-0.458676
-0.156744
-0.311689
-0.449791
0.116526
0.522899
0.313072
0.372895
0.371660
-0.092143
0.035906
-0.202888
0.087552
-0.003973
0.065261
-0.405762
0.564745
0.010689
-0.170917
-0.168946
0.325547
0.064534
-0.474020
0.147385
0.549446
-0.560615
-0.265673
0.299437
0.328035
-0.223462
0.445062
-0.045952
0.161782
-0.072082
0.202737
0.004921
-0.030202
-0.025718
-0.229006
0.297563
0.007649
-0.003711
0.142570
-0.456564
-0.153249
0.332088
0.592504
-0.203420
0.527585
-0.249846
-0.450053
0.264607
0.233939
-0.177379
-0.244659
-0.129424
0.432463
0.042133
0.384919
0.409950
0.578509
-0.289308
0.167188
-0.172986
0.438093
-0.276333
0.254081
-0.356285
-0.531575
0.223815
0.123765
-0.236211
0.526200
0.568613
-0.255584
-0.278990
-0.566403
-0.368064
-0.303300
0.468500
-0.159627
0.127142
0.159704
-0.349817
0.050376
0.447585
0.357785
0.591781
0.639362
0.329639
-0.296096
-0.140966
-0.203961
0.425311
0.032925
0.394450
-0.051868
0.121117
-0.257701
-0.364241
-0.469897
0.206891
0.073808
-0.089105
-0.124069
-0.208916
0.155904
-0.126322
-0.479589
-0.469943
-0.100804
-0.405647
0.294679
-0.207504
-0.531261
0.310160
-0.144460
0.395139
-0.316782
-0.334942
0.432077
0.047133
0.178679
-0.303749
0.130994
-0.490905
-0.308359
0.020330
-0.285075
-0.121933
-0.207964
0.042823
0.472916
-0.862222
-0.219494
-0.459786
-0.027668
-0.343718
0.162724
0.533288
-0.114633
0.045989
0.192805
-0.276503
-0.551128
0.354544
-0.128634
-0.207779
0.086496
0.414753
0.403344
0.210765
-0.611380
0.033751
0.816865
-0.585682
-0.147412
-0.429091
-0.196351
0.063798
0.392607
0.343528
0.439677
-0.428758
0.428826
0.293194
0.389370
-0.194480
-0.258959
-0.227986
-0.310011
0.188137
0.006490
-0.650028
-0.161505
-0.254941
-0.232734
0.108289
-0.316988
0.219972
-0.441040
-0.491056
0.473579
0.264559
-0.176389
-0.043505
-0.342043
-0.019386
-0.319625
-0.392543
0.320042
-0.533869
-0.540544
-0.445984
-0.284559
-0.311819
-0.493314
-0.112821
-0.353119
0.006882
0.378626
0.459071
-0.000016
-0.357273
-0.582862
-0.404197
-0.201861
0.095930
-0.484854
0.171482
0.395033
-0.177673
-0.514699
0.521362
0.246932
0.229985
0.383981
0.145733
-0.238001
0.498233
0.364034
-0.485918
0.350169
0.353807
0.122547
0.262106
-0.439715
0.527037
0.229333
-0.642120
0.431171
-0.026107
-0.479208
0.204878
0.197246
-0.454978
-0.333136
-0.113092
-0.396964
-0.078636
-0.239354
-0.054160
0.556583
0.217184
-0.251130
0.233745
-0.006245
0.150059
0.156556
0.195107
0.174484
0.051219
0.129979
-0.191397
-0.494626
0.564873
-0.186767
0.377552
0.003758
-0.054910
-0.042678
0.261426
0.538420
-0.307883
0.354162
-0.269175
0.422207
0.015419
-0.185448
0.067306
0.773840
0.263762
-0.479894
0.631747
0.525448
0.393357
0.241930
-0.679662
-0.526850
-0.238937
-0.225866
-0.436757
-0.059880
-0.288300
0.485337
-0.538025
-0.094636
-0.463993
0.354320
-0.013172
0.397582
-0.085590
0.150754
-0.361680
-0.588734
-0.420457
-0.520449
-0.085511
-0.229722
-0.155374
0.303702
-0.711804
0.189840
0.090781
-0.020486
0.271940
0.337106
-0.112633
-0.029298
-0.296426
-0.251098
0.466681
0.232316
0.097626
-0.412004
-0.200657
0.318307
0.270483
-0.422369
-0.267617
0.320352
0.034704
0.104258
0.047689
0.611699
0.061335
-0.231794
0.252802
-0.322247
0.224839
-0.559866
0.206278
0.143222
-0.044286
0.220914
0.077889
0.203269
0.230587
-0.635928
-0.501668
0.156710
0.080217
-0.135940
0.256915
-0.482493
0.186508
0.246887
0.402742
0.352615
-0.608423
0.146810
-0.456598
-0.221239
-0.354296
0.421662
-0.563448
-0.474664
0.526307
-0.246139
-0.556902
0.453913
0.232653
-0.142168
-0.476652
0.405750
-0.073040
0.110265
-0.505125
0.184993
-0.495718
-0.317956
-0.171211
-0.075792
-0.443570
0.573363
-0.263337
0.014463
0.126062
-0.136870
0.106577
0.377380
0.139420
-0.417128
0.189830
0.333308
0.536201
-0.315328
-0.072020
0.395159
-0.139855
-0.211765
0.191093
-0.658159
0.379309
-0.524367
-0.198332
0.654844
-0.070072
-0.479536
-0.151664
0.616855
-0.299824
0.119804
-0.224651
0.585495
-0.728655
0.289577
0.461160
-0.116965
0.510211
-0.252712
0.560544
0.312106
-0.137832
-0.187864
0.093070
-0.267404
-0.269094
0.125435
-0.032188
-0.234306
0.033824
0.063079
0.219986
0.128061
0.008151
-0.091554
