0.277294
-0.414580
-0.010135
0.119223
0.234038
-0.463371
0.341380
-0.121409
-0.435575
0.508898
-0.183683
-0.350322
-0.200622
-0.074639
-0.477959
0.093051
-0.150477
-0.058997
-0.102202
0.083975
-0.252887
0.588065
-0.483148
0.440815
-0.279932
0.275388
0.127045
-0.394183
-0.149689
0.061798
0.284826
-0.261502
-0.144901
0.499468
0.173949
0.150463
0.625997
-0.508663
0.446841
0.024763
-0.034903
0.284063
0.030039
-0.215688
0.379593
0.141481
-0.049156
-0.551516
0.006067
-0.255911
-0.149706
0.024026
-0.255493
0.592737
-0.301639
-0.500504
0.054788
-0.308448
-0.316135
0.462721
-0.231846
-0.269059
-0.486613
0.672182
-0.248356
0.198722
0.241532
-0.308938
0.070603
-0.292907
0.007337
-0.434988
-0.405485
0.478473
0.325722
-0.385707
-0.053379
-0.254514
0.185236
-0.477217
0.014777
-0.534892
-0.208574
0.121821
0.349748
0.135967
-0.449738
0.521412
-0.251099
-0.027048
0.044794
-0.172371
-0.257113
-0.368140
0.154078
-0.021513
0.133572
-0.627728
-0.077140
0.287641
0.661200
0.290787
0.205224
0.643157
0.069497
0.657004
-0.269132
-0.566406
-0.013822
0.226473
-0.154463
0.646294
-0.039682
0.277465
-0.138908
-0.127307
0.018750
-0.013967
0.550783
0.244754
0.218904
-0.117026
0.046521
-0.075320
-0.229280
0.206102
-0.185500
0.433166
0.106764
-0.318961
0.272101
0.104619
0.197515
0.370697
-0.463203
0.293302
0.096435
-0.191405
0.593513
0.253905
-0.298751
0.320259
-0.020056
-0.236115
-0.698109
0.088727
-0.135586
-0.527598
0.514405
0.360522
0.274907
-0.269251
0.067680
0.004099
0.031363
0.447275
0.025112
-0.104441
0.362524
-0.355374
-0.366624
-0.043351
0.696498
0.090075
0.286687
-0.240124
0.019887
-0.422044
-0.430032
-0.232006
0.282704
0.475764
0.176545
0.029724
0.366519
-0.591467
0.434307
0.047074
-0.106640
-0.047533
0.236329
0.021074
-0.375046
0.178668
0.342273
-0.402978
-0.307520
-0.303204
-0.265569
-0.235763
0.559278
-0.032841
-0.133631
-0.022968
0.500306
-0.481733
-0.013932
0.130452
-0.228018
-0.314447
0.399501
-0.370327
-0.593199
0.031783
-0.478331
-0.150615
-0.228294
-0.063355
-0.071483
-0.206019
0.413335
0.403981
-0.233356
-0.301680
0.150982
0.256979
-0.508985
0.023580
-0.008331
0.538654
0.337334
-0.779860
-0.488811
0.378273
0.158838
0.348842
0.684068
-0.174948
-0.182646
0.141030
-0.119181
0.419209
0.163636
0.295224
-0.252888
0.109352
-0.142248
-0.418493
-0.524941
0.396076
-0.560664
-0.065684
0.274483
0.223800
-0.342755
0.410180
0.115039
-0.487767
0.739576
0.454010
-0.316506
-0.011770
-0.001645
-0.476969
0.077784
0.368693
0.107619
-0.306427
0.253828
-0.435160
0.371022
0.172918
-0.203730
-0.565182
0.446298
0.121790
0.026076
0.507461
0.275168
-0.116139
-0.011656
-0.354072
0.348022
0.605763
0.409134
-0.054574
-0.148405
0.497660
0.541662
0.181311
-0.258320
-0.263186
-0.172961
0.136016
-0.279583
-0.200619
-0.097276
0.112392
0.435624
0.081462
-0.756733
-0.090520
0.381266
0.073201
0.390503
0.003493
-0.507587
-0.046546
0.218793
-0.044335
0.169562
0.250083
-0.032435
-0.491373
0.131163
0.408767
-0.491535
0.222015
0.530569
-0.600752
0.435126
-0.230758
0.228175
-0.549044
0.433461
-0.178981
0.454358
-0.264723
0.369091
0.208225
0.470494
0.509627
-0.317998
0.054030
-0.570681
0.201551
0.119816
0.106592
0.099907
0.487540
0.023600
-0.158669
-0.024204
-0.304154
-0.044079
-0.468376
0.026613
-0.457134
0.296785
0.578924
0.210250
-0.162359
0.442248
0.008994
0.015816
-0.571455
-0.009439
0.487495
-0.688334
-0.028536
-0.327663
-0.666074
0.517939
-0.226642
0.075955
-0.248498
0.266399
0.076949
-0.309962
-0.003570
0.005046
0.027822
-0.413565
0.093973
0.546062
0.365972
0.256042
0.372764
-0.054772
-0.187974
-0.028097
0.128324
-0.228937
0.500396
-0.084415
-0.297158
0.345244
-0.047436
-0.144540
0.150238
0.181439
-0.420070
-0.279576
0.665119
-0.428853
0.454546
-0.235139
-0.294804
0.049797
-0.110202
0.087522
-0.097202
0.280883
-0.613030
-0.062124
-0.135024
0.370853
0.207174
0.059506
-0.279619
0.336012
-0.348859
0.036112
0.032047
-0.232847
0.162223
-0.071437
-0.251216
0.306165
0.432581
0.107658
0.089168
-0.090050
0.560883
0.189407
-0.178958
-0.157604
-0.299278
0.520644
-0.423789
0.357574
-0.137718
-0.281415
-0.371236
0.484191
0.086763
-0.350775
0.039335
0.302039
-0.146506
0.326001
0.112663
0.188066
0.115971
0.230791
-0.038923
-0.176076
-0.170105
0.049448
0.270964
0.031597
0.319822
-0.338439
0.441945
-0.183060
-0.130178
0.278885
0.163953
0.155985
0.141572
-0.292676
-0.250213
0.044959
0.474505
0.211786
0.430733
0.183590
0.247585
-0.602463
0.124157
-0.025084
-0.248640
-0.159686
0.425866
-0.143849
-0.357834
-0.161721
0.211714
0.304251
-0.450332
-0.093474
-0.080544
-0.335728
-0.024075
0.305145
0.231884
0.128683
-0.276751
0.269947
-0.090633
0.242671
0.344820
-0.348925
0.154254
0.361887
0.508203
-0.149988
0.023065
-0.084466
-0.390032
0.263240
0.552396
-0.287886
-0.074413
-0.457243
0.142249
0.224225
-0.385937
0.282482
-0.249394
0.128255
0.049904
0.573817
-0.125524
0.726666
-0.472395
0.381630
-0.114037
0.154848
0.021206
0.569933
0.136771
-0.015527
0.336296
-0.486324
-0.475246
0.498919
0.164441
0.173050
0.073769
0.476560
0.090884
0.122134
0.240469
-0.131029
0.311632
0.103557
0.228234
0.243845
-0.397209
-0.498195
-0.069698
0.002243
0.140547
0.253724
-0.333025
0.326049
0.424722
0.049731
-0.616286
0.495653
0.344131
0.301753
0.369320
-0.254877
-0.012067
-0.623665
-0.127962
0.069869
0.641779
-0.198504
-0.276297
0.354660
-0.098248
-0.547418
-0.075893
0.223700
0.023323
-0.385971
-0.280092
-0.224140
-0.155178
0.305175
-0.046472
-0.539304
0.206950
-0.080484
0.270337
-0.011913
-0.532468
0.581880
0.181169
-0.333723
0.179344
0.015292
0.172841
-0.200893
-0.091006
0.192296
-0.397746
0.113344
-0.220797
0.138220
0.514779
-0.443093
-0.407150
-0.044553
0.321198
-0.265622
-0.220769
0.301665
-0.526699
-0.316599
-0.417929
0.521516
-0.101842
0.189625
-0.470771
0.374121
0.295290
-0.394817
-0.371388
-0.293362
0.332588
0.215469
0.148104
0.431467
0.017872
0.464429
-0.371594
-0.391003
-0.420631
-0.065924
-0.013090
0.315662
-0.319959
-0.245942
-0.021960
-0.301281
-0.551169
0.314624
-0.344546
0.199045
-0.184433
-0.212080
0.116555
0.601020
-0.022280
0.163905
0.091310
0.094937
0.441722
0.068243
-0.069516
-0.428530
-0.427412
-0.185630
0.540974
-0.130097
0.280959
-0.604951
0.317110
-0.639006
0.053735
-0.520002
0.263295
0.419917
0.568459
0.095342
0.298838
0.264689
-0.000787
-0.102680
0.442000
0.038431
0.726321
-0.166572
0.232681
-0.362104
0.085934
-0.538243
0.012944
-0.391671
0.391619
-0.330233
-0.404539
0.171275
-0.007481
0.063155
0.118172
-0.515928
0.238816
0.313006
-0.269994
0.141726
0.601817
0.042996
0.162297
-0.062646
0.416365
-0.147224
0.084592
-0.318755
0.457703
-0.496848
-0.436081
-0.411206
0.347600
0.356311
-0.082053
-0.306365
-0.062780
-0.591064
0.373032
0.423106
0.291348
0.051409
-0.420825
0.430125
-0.398930
-0.476246
-0.322424
0.375990
0.143655
0.452608
-0.427662
-0.575955
-0.253854
0.460010
0.243514
0.563334
0.148810
-0.009167
-0.220440
0.025035
-1.009988
-0.519257
-0.447141
0.371667
-0.521882
-0.408205
-0.018193
-0.259081
0.375475
-0.003967
-0.246663
-0.115080
0.337277
-0.023380
0.085761
-0.037805
-0.317901
0.292365
0.483610
-0.212558
0.478938
0.049078
0.054868
-0.066036
0.053071
0.004045
0.366137
-0.612816
-0.100014
0.447329
0.130764
0.351347
-0.095541
-0.001605
-0.090955
0.298048
-0.290516
0.528258
0.493163
0.112685
-0.122844
-0.470090
-0.273656
0.460324
-0.353403
0.550453
-0.069490
-0.209681
0.070369
-0.392095
0.226313
0.113262
-0.105403
-0.499760
0.047793
-0.106153
-0.276576
0.232635
-0.378295
0.224403
-0.235129
-0.440498
0.009913
0.113241
-0.449691
-0.152866
-0.371570
-0.380369
0.196908
-0.169379
0.083377
-0.423311
-0.102071
-0.120102
0.199785
-0.231554
-0.332906
-0.151625
-0.150339
-0.573323
0.398448
0.237641
0.736974
-0.007912
-0.484308
0.106548
0.526492
-0.157849
-0.508651
0.255435
0.340713
-0.263570
0.482812
-0.306632
-0.416087
-0.093946
0.299691
-0.089020
0.083032
-0.095416
0.367919
