-0.348064
-0.165284
-0.065256
-0.590926
-0.235531
-0.147603
-0.004952
0.264170
0.418855
0.000799
-0.077753
-0.274185
0.344030
-0.288213
0.164694
-0.185533
-0.248664
-0.662876
-0.260176
-0.115001
0.311844
-0.405884
0.024149
0.289592
-0.442733
0.095861
0.533969
0.323169
-0.074136
-0.025070
-0.382007
-0.264849
-0.283162
0.181362
0.043717
0.220405
0.027035
-0.120675
-0.092391
-0.392878
0.244771
0.106162
-0.251000
-0.200593
0.414359
-0.498183
-0.024971
0.309388
0.201279
0.213709
-0.138534
-0.296387
0.048459
0.239078
0.375058
0.503298
0.371025
0.026213
0.033293
0.645420
0.563113
0.159776
0.300174
-0.005734
0.318007
-0.285429
0.206232
-0.383505
-0.016302
-0.184803
-0.211844
-0.370113
0.090727
-0.457881
0.096191
0.413736
-0.026491
-0.316134
-0.141280
-0.253008
0.011937
0.284985
-0.635065
-0.483442
0.157183
0.105859
0.276977
0.389081
-0.634502
0.047287
-0.198716
-0.284582
-0.372256
-0.319370
-0.037111
-0.461118
-0.020179
0.240080
0.235936
0.325170
-0.431413
0.489459
-0.000541
-0.075264
0.064732
-0.387870
0.593394
0.269911
-0.261437
-0.225153
0.253875
0.201660
-0.340368
0.199958
0.067977
-0.191497
-0.171766
-0.278706
-0.003198
-0.472627
-0.246747
-0.241884
0.328579
-0.274782
0.056066
-0.258701
-0.146769
0.252579
-0.368262
-0.501985
0.315116
-0.393249
0.123867
-0.589358
-0.581387
-0.129334
0.352041
-0.420342
0.000125
0.556712
-0.667146
0.405059
0.249775
-0.352019
0.329119
-0.003649
0.446996
0.137209
-0.296814
0.564859
0.073157
-0.124709
-0.007237
0.004099
-0.197142
0.455985
0.191025
0.109676
0.032156
0.194588
0.167533
-0.528124
-0.309564
0.154303
0.071173
0.018754
0.214921
0.175660
0.320423
-0.052590
-0.065927
0.046956
0.243172
0.053366
-0.340228
0.079175
-0.326312
0.350239
-0.196420
0.209511
-0.213596
0.189149
0.505879
-0.254525
-0.325979
0.290217
-0.365644
-0.323775
0.172140
0.293204
0.512830
-0.505864
0.292650
0.357980
-0.279187
-0.384010
0.060768
-0.591775
-0.311205
-0.520174
0.340905
-0.224609
-0.308291
0.419273
0.186691
0.451157
-0.076622
-0.235454
0.410376
0.238166
0.065164
-0.370988
-0.331335
0.261735
-0.495176
0.253511
0.200045
-0.196611
0.478253
-0.050066
-0.251671
-0.342485
0.256499
0.329867
-0.364973
-0.093329
-0.595699
-0.387225
-0.174912
0.339500
0.234784
-0.351083
-0.188478
-0.166007
-0.401766
-0.258303
0.380673
0.424743
0.438257
-0.032099
-0.409824
-0.426792
0.073833
0.045473
-0.508439
0.517578
-0.417754
-0.284183
-0.525356
0.080968
-0.188411
0.184517
0.145512
0.411224
-0.081884
-0.083806
-0.638118
0.525927
0.108265
-0.222055
0.232043
0.055003
-0.424533
-0.040323
0.051648
-0.194423
0.154860
0.418868
0.064861
0.005162
-0.412110
-0.139079
0.147132
-0.143538
-0.534296
0.552037
-0.032715
0.385857
0.463898
-0.501023
0.314937
-0.090714
0.007532
-0.004804
-0.206716
0.132396
-0.109730
0.037502
0.515421
0.619093
-0.176678
0.553488
-0.137936
0.314098
0.408544
0.450997
-0.482114
0.636952
0.226619
0.466895
-0.293977
-0.366164
-0.102110
-0.095387
-0.175844
0.063903
0.291948
0.362820
-0.114471
0.294456
-0.038602
-0.006865
-0.423254
0.349420
-0.295050
-0.299401
-0.582775
-0.637425
-0.206309
0.284047
-0.259435
-0.024775
-0.259638
0.128353
0.123348
-0.243114
0.219472
-0.117324
0.029820
0.196414
0.476323
-0.318052
0.143591
0.430292
-0.161636
0.178731
-0.305049
0.612675
-0.312790
-0.291491
-0.369569
-0.110345
-0.347193
-0.010406
-0.583442
0.268767
-0.264349
-0.098547
-0.399358
-0.255892
-0.212966
-0.668079
0.009878
0.422224
-0.071112
-0.192546
0.067751
0.236590
0.245685
0.043723
-0.241723
-0.331827
0.178094
0.149993
0.255829
0.260906
0.226582
-0.147616
-0.424753
-0.616379
0.487754
0.173580
-0.491214
-0.395755
0.005227
0.154500
-0.420267
0.311916
0.185168
0.179734
-0.094770
0.590866
-0.058039
-0.037335
-0.086220
0.165365
-0.020897
0.018300
-0.245724
0.029477
-0.377763
-0.207322
-0.647736
-0.287777
-0.263988
-0.339745
-0.214871
-0.488080
0.008856
-0.397734
-0.329324
0.429520
-0.013727
0.017268
-0.398814
0.036097
0.066079
-0.404958
0.230986
0.433820
0.378009
-0.100535
-0.076366
0.427896
-0.120426
0.192698
0.251118
0.312330
-0.277282
0.028884
0.086124
0.036530
-0.171735
-0.210234
0.055356
-0.082149
0.402975
0.397530
-0.186134
-0.281927
0.163988
-0.303743
-0.346179
-0.532750
-0.171321
-0.038923
0.097239
-0.360596
-0.598049
0.568152
-0.075973
0.250763
0.508809
-0.165857
-0.208307
-0.230621
0.185816
-0.145722
-0.104964
-0.205949
0.042849
-0.058486
-0.112220
0.043714
-0.226548
-0.118767
-0.469046
-0.436848
0.638470
-0.151592
0.266984
0.247367
-0.087816
-0.245382
-0.298583
-0.474103
0.405334
-0.192270
0.183778
-0.472099
0.226484
0.021005
0.053372
-0.287452
-0.029639
0.154772
0.170740
0.014593
-0.325501
-0.069457
-0.511085
-0.357096
-0.637371
0.131672
0.271513
-0.753346
0.040735
0.154559
-0.513578
-0.520275
0.282532
-0.233326
-0.092585
0.260141
-0.353239
0.064518
-0.183524
0.000181
0.394502
-0.359351
-0.475624
-0.536507
0.046157
0.118259
0.331300
0.547619
0.321851
0.041661
0.116311
0.034329
-0.308015
-0.106460
0.250020
0.124569
-0.073081
-0.129862
0.150318
-0.387736
0.482609
0.033600
0.259940
-0.388096
-0.254813
0.138236
0.310658
-0.339185
-0.488629
0.526584
0.106215
-0.261577
-0.107435
-0.207269
0.061444
0.199194
-0.396222
0.308070
-0.140097
0.541537
0.538858
-0.264712
-0.429439
0.308153
-0.248871
-0.747613
-0.443674
0.131329
-0.037534
-0.169956
-0.619773
0.423962
0.250316
0.388082
0.314617
-0.050386
-0.262498
0.335365
0.370642
-0.357947
0.288561
-0.218340
0.107086
0.293976
0.035811
-0.151784
-0.530989
-0.182961
0.100831
0.011485
-0.074334
0.209529
-0.082268
0.165843
0.408334
-0.121773
-0.592019
-0.222811
0.410863
-0.340140
-0.236387
-0.416430
-0.000338
-0.307985
-0.233005
-0.396954
-0.416636
0.100557
-0.560998
-0.063953
-0.063452
0.063977
-0.084805
-0.707588
-0.502543
-0.443290
-0.258847
0.698016
-0.347506
-0.223126
0.405245
0.369895
-0.101969
-0.037227
0.625244
-0.324885
-0.415048
0.462197
0.290186
-0.450344
0.200094
0.078068
0.367920
0.286532
-0.290905
0.359547
0.014693
-0.343969
0.569647
0.157427
0.099746
0.335064
-0.150219
0.486666
0.111454
0.215828
-0.556606
0.062856
0.487800
0.218069
0.552900
0.014912
0.018671
-0.418533
0.062410
-0.260200
-0.594409
-0.527050
0.459682
0.259517
0.228225
-0.710502
0.181385
-0.196261
0.468839
-0.234714
0.077947
0.207825
0.423625
-0.434854
0.248828
0.477245
-0.388511
-0.322382
-0.337166
-0.405751
-0.341660
-0.321634
0.193937
-0.228644
-0.288436
0.610902
-0.210341
-0.268971
-0.059402
0.466947
-0.259064
0.222325
0.324787
0.063530
-0.036922
-0.243818
-0.401795
0.336226
0.002485
0.531248
0.450878
0.517183
-0.598640
-0.226601
-0.086420
-0.219040
-0.383589
-0.239724
-0.356271
-0.209682
-0.338000
-0.361341
0.396540
-0.486904
0.432311
-0.071013
-0.696536
-0.801083
0.109205
-0.752924
-0.543183
-0.044199
-0.045751
0.394395
-0.263037
-0.143048
0.180067
-0.279735
0.052271
0.110045
-0.284672
-0.089051
-0.076100
-0.514009
0.341963
0.278871
-0.096502
0.191136
-0.009167
0.026603
0.383344
0.287448
0.753443
-0.322542
0.224839
-0.483356
0.261552
-0.148972
0.283261
0.313633
0.425015
-0.372838
-0.233289
-0.273229
-0.303483
-0.065742
-0.027345
-0.075426
0.239687
0.103821
0.194313
-0.139188
0.203122
-0.384886
0.307573
0.210888
0.259880
-0.472392
0.436567
-0.026554
-0.057849
-0.336393
0.395742
-0.229045
-0.470970
-0.093688
-0.378253
0.067241
-0.134705
-0.391017
-0.435702
0.270732
0.294085
-0.182007
-0.354135
0.331442
0.123574
-0.051013
-0.164035
0.234381
-0.200163
-0.833715
0.052834
0.274168
0.543720
-0.052133
0.171252
0.341455
0.351853
-0.206806
-0.162261
-0.236837
-0.141647
-0.385182
0.093336
-0.342830
-0.025747
-0.737015
0.247093
-0.108619
-0.311619
-0.020618
-0.473393
-0.030235
-0.017960
-0.080195
-0.042386
-0.091202
-0.117013
0.264807
-0.754815
-0.069391
-0.314992
0.086091
0.091595
-0.626185
0.278658
0.175765
0.226531
-0.879777
0.416715
0.268135
0.374597
0.321990
0.584461
0.394976
-0.117188
0.073242
0.554573
0.132588
-0.147127
0.308803
