0.022594
-0.098079
-0.106242
-0.047357
0.154312
0.358368
-0.098915
-0.149145
-0.552063
0.597819
0.013285
0.039707
-0.162987
0.331242
0.473168
0.060287
-0.441953
0.083517
-0.080646
0.004695
0.066281
-0.112503
-0.464161
0.505044
0.244431
-0.555728
0.169435
0.279885
0.133350
0.055641
0.306002
0.033876
-0.519733
-0.377549
0.387150
0.290877
0.708008
0.221641
0.481961
-0.364020
-0.179003
0.196636
0.119943
-0.272085
-0.348460
-0.496990
-0.094334
0.214895
-0.569696
-0.048912
-0.122689
-0.073652
-0.182483
-0.134561
0.187279
0.078696
-0.216094
-0.296682
0.379175
-0.344355
0.372420
-0.462068
-0.062445
-0.478955
-0.510027
-0.367986
-0.202074
0.452140
0.170158
0.062075
-0.327008
-0.264694
0.181847
0.113673
-0.068897
0.215354
-0.393061
0.234244
0.280658
-0.186692
0.098273
-0.468173
0.257091
0.524473
-0.027222
0.130587
-0.238795
-0.264012
-0.239781
0.483606
-0.158091
-0.071701
0.503206
-0.304985
0.265601
0.065164
0.255245
-0.464576
0.267749
0.071569
-0.094152
-0.186062
-0.161128
-0.320325
-0.460772
0.233331
-0.132440
-0.041088
-0.041688
-0.097304
0.023558
-0.454535
-0.446144
-0.020348
0.128691
-0.276414
0.341417
0.162489
0.338199
-0.625644
0.306792
-0.354264
0.456885
-0.181195
0.013564
0.301131
-0.122264
0.231948
0.098504
0.287633
0.323969
0.363455
0.399214
0.008308
-0.352265
0.620345
-0.032039
0.076400
-0.394735
0.303226
0.752558
-0.460192
-0.253905
-0.561544
-0.077030
0.000860
-0.340690
-0.438324
-0.175238
0.380890
0.184151
-0.221887
0.043333
0.269847
-0.426598
0.679925
0.544687
0.147766
0.519885
0.412167
0.311171
0.035683
0.175055
0.264392
-0.472417
0.332044
-0.323288
0.321139
-0.181253
-0.084101
0.308459
0.279423
-0.345274
-0.219608
0.252716
-0.115234
0.130199
-0.134871
-0.015547
-0.511003
0.398889
-0.250122
0.150376
-0.544444
-0.421017
0.265498
-0.284783
0.142472
0.178640
0.060785
-0.188000
0.090727
-0.633625
0.130148
0.252224
-0.269179
-0.151343
-0.618151
0.213496
0.471494
0.592179
0.311424
0.585640
0.262001
-0.524226
-0.132561
-0.160226
-0.541668
0.295739
0.114503
0.370244
-0.056680
-0.537887
0.481954
0.212462
-0.384807
-0.088320
-0.102526
-0.219102
0.373641
-0.614442
-0.627602
0.267583
-0.308824
0.061106
0.203144
0.056810
-0.176655
-0.210212
0.010424
-0.032401
0.445022
0.658481
0.094826
-0.485629
0.372308
-0.183281
-0.321770
-0.358302
-0.163584
-0.251611
0.508785
-0.308182
-0.016614
-0.424432
0.547443
-0.572113
-0.255512
0.384720
-0.465514
0.059133
0.343649
0.094002
0.273406
0.142059
0.301469
-0.428508
0.316893
0.109720
0.405295
0.106129
-0.701306
-0.026106
-0.257591
-0.524662
-0.094683
-0.363371
0.501791
0.202427
-0.388184
-0.095677
-0.139079
0.178047
0.107782
-0.309090
0.485449
0.514335
0.096296
0.241995
0.049570
0.245865
0.101197
-0.423565
-0.266880
-0.351872
0.378428
0.198429
0.060199
0.456370
-0.373192
-0.406232
-0.006881
0.242303
-0.397684
0.533978
-0.247649
-0.400653
0.075477
0.107333
-0.149161
0.202476
-0.515432
0.278153
0.142530
-0.047192
-0.108944
0.059677
-0.282070
-0.405729
0.312412
0.021728
-0.106447
-0.601069
0.060588
0.349388
0.249570
0.258753
-0.563615
-0.355928
0.116068
0.072129
0.152862
-0.025621
0.290000
0.276195
0.614976
-0.182893
0.047506
-0.402689
-0.064501
0.302561
0.032442
0.447239
0.321227
-0.113275
-0.374621
-0.617544
0.643382
-0.036260
-0.423154
0.091027
-0.505438
-0.340307
-0.362559
0.034280
-0.019100
-0.493348
-0.433234
-0.442388
0.277550
0.259436
-0.152588
0.170113
-0.252016
-0.171671
0.288582
-0.089551
0.543425
-0.437712
0.265603
-0.189695
-0.022189
0.549126
0.153220
0.272930
0.256442
0.091756
-0.233318
0.448282
-0.226406
0.243647
0.343711
-0.023716
-0.324463
-0.042399
-0.299600
-0.334859
-0.032655
0.003783
0.225236
0.092131
0.267692
-0.327428
-0.222762
0.397495
-0.434004
-0.172891
-0.328800
-0.025408
-0.345839
-0.167243
0.035736
-0.358109
-0.029486
-0.027036
-0.383445
-0.273298
0.143042
-0.467819
-0.359065
-0.320965
-0.281745
-0.380211
0.103073
0.015447
-0.535112
0.674468
-0.131077
0.076567
-0.125085
-0.380220
-0.184245
0.390090
0.561267
-0.319312
0.649212
0.147462
0.213410
-0.239330
0.405386
-0.000985
0.565759
-0.010775
-0.261149
0.429582
-0.073244
-0.299707
-0.387547
0.347803
0.436029
0.178656
0.193408
-0.563299
-0.414490
0.131288
-0.395734
-0.166201
-0.133816
-0.066244
-0.384368
-0.342537
0.204585
-0.243334
-0.650616
0.213329
0.002985
0.142669
-0.596602
0.537228
0.151026
-0.065294
-0.146680
0.161042
0.602705
0.152945
-0.270529
0.001849
0.225919
0.210692
0.345894
0.470111
-0.116065
0.428365
-0.105697
0.479189
-0.390646
-0.171528
0.250070
0.311388
0.221720
-0.275954
-0.080523
0.497400
-0.241000
-0.167854
0.476684
-0.370099
0.468603
-0.028748
0.151092
-0.349407
-0.007492
-0.147433
0.117136
0.233497
0.144905
0.453256
-0.166671
-0.522826
-0.154612
-0.550851
0.119571
-0.142974
0.130081
-0.018673
-0.194048
0.388929
-0.260381
-0.175998
-0.168434
-0.485270
-0.686208
0.542106
-0.187569
-0.520918
0.040663
0.302230
-0.051174
-0.213690
-0.426554
-0.467266
0.297258
-0.444804
-0.353927
-0.404625
-0.481788
0.256159
0.039087
-0.033455
0.111922
0.442416
-0.319486
0.105947
0.153057
-0.361966
0.035857
0.010087
0.279037
0.069364
0.186630
0.389958
-0.185775
0.602215
0.033920
0.354544
-0.045024
0.366971
-0.408663
-0.042469
-0.279675
0.215991
0.172842
-0.020701
0.439573
-0.108353
-0.357823
-0.027121
-0.387878
0.100238
-0.216722
-0.081228
0.424507
0.409289
-0.568872
-0.084284
-0.438420
-0.200732
0.174011
-0.552530
0.036462
-0.125224
0.253616
-0.150914
0.476083
0.337695
0.397967
-0.339356
-0.225104
-0.617139
-0.200742
-0.557719
0.533789
0.266601
0.546621
0.479756
0.139845
-0.116694
0.401586
0.469478
0.624047
-0.176107
-0.153090
-0.662300
-0.164078
-0.175933
0.332958
-0.398138
-0.577764
-0.097231
0.052911
-0.111426
-0.565984
-0.314874
0.029400
-0.385367
0.016706
0.204320
0.519807
0.587692
0.219908
0.101794
0.131546
-0.283099
0.279902
-0.281470
0.022466
-0.715856
-0.175100
0.028823
-0.352825
0.176144
0.385366
0.287684
0.366548
-0.408047
-0.038928
0.442351
0.062844
-0.267549
0.362897
-0.024056
-0.272372
-0.254333
-0.103650
-0.544075
0.173835
0.184200
-0.459843
-0.490411
0.049411
-0.120913
0.053042
0.631812
-0.095163
-0.133095
0.183406
0.686409
0.415947
0.381609
0.312424
-0.608863
-0.020710
-0.154908
-0.157374
0.262851
0.424595
0.184727
0.241937
0.147285
0.026035
0.254412
-0.288922
0.552020
-0.217595
0.039262
-0.297931
-0.293660
-0.058547
0.185121
0.355452
-0.196777
-0.757439
0.046701
0.513809
0.366159
0.294040
-0.470635
0.189679
-0.468650
-0.022094
-0.026950
0.255506
0.029938
0.699429
0.387067
0.480569
0.014313
-0.060187
0.142456
-0.057590
-0.562682
0.048350
-0.754773
0.348516
-0.577212
0.407473
0.403681
0.251085
-0.182339
0.121852
0.012727
0.206932
0.084528
0.005058
0.165126
-0.185564
-0.234247
-0.069776
-0.443473
0.199960
0.342758
0.378462
0.357859
0.336038
0.443287
-0.016105
0.182298
0.007692
0.234716
-0.054844
-0.304478
0.205446
0.129386
0.373958
0.066475
-0.377283
0.277749
-0.339562
0.588357
-0.212730
-0.323491
-0.608583
0.350901
0.303913
-0.144022
-0.426946
-0.503652
-0.223633
0.323306
0.425456
-0.180552
0.435507
0.159818
-0.275034
-0.088739
0.057811
0.390134
0.356252
0.248597
-0.258468
-0.283307
-0.013679
-0.340631
0.116514
0.808224
-0.089293
-0.444657
0.275428
0.346585
-0.728454
0.127657
0.153558
-0.368608
-0.165480
-0.496290
0.228865
-0.454123
-0.631737
-0.023366
-0.343937
-0.273401
0.051873
-0.034680
0.435743
0.459624
-0.426111
-0.109068
0.351499
-0.100488
-0.066350
0.139475
0.309877
0.131730
0.604929
-0.138566
-0.687563
0.585917
0.452390
0.394824
-0.550402
0.339524
0.129129
0.329223
-0.188540
0.212010
-0.248530
-0.190811
0.473786
-0.046243
0.025152
0.536959
-0.214851
-0.157578
0.090971
-0.135720
-0.325987
-0.218952
0.085807
0.063976
-0.437369
-0.012947
0.133328
-0.305859
0.394952
0.362165
0.009100
0.489538
0.236913
0.514914
-0.099957
-0.390099
-0.055092
-0.121895
0.033456
-0.037187
-0.280028
