0.115001
-0.425641
-0.072379
0.003934
-0.594167
0.100230
-0.122954
-0.096490
-0.120205
0.146608
0.239773
-0.517999
-0.370210
-0.420956
0.302137
0.204931
-0.344672
-0.411903
-0.417053
0.036316
-0.221071
-0.145591
-0.286458
-0.154575
-0.273836
-0.034266
-0.163943
-0.140915
-0.670644
0.008920
0.340278
0.138156
-0.456304
0.499468
0.155854
-0.142676
-0.344116
0.397654
-0.054934
0.051813
-0.067440
-0.348630
-0.466018
-0.113450
-0.029277
0.060596
-0.078429
-0.353541
-0.185734
0.516448
-0.149706
-0.163557
-0.114110
-0.279548
0.253141
0.470825
-0.100083
0.871961
-0.018046
-0.347508
0.006036
-0.427753
0.516767
-0.213783
-0.009233
-0.353601
-0.205058
-0.093725
0.283687
0.666584
-0.211844
-0.383367
0.380427
0.275529
0.325352
-0.059096
-0.380909
0.312440
-0.067606
-0.356229
-0.321902
-0.499986
-0.643429
0.417300
-0.403859
0.104257
0.475079
0.449017
-0.114827
0.299292
-0.194564
-0.317897
-0.127972
0.003476
0.343377
0.007744
0.013697
0.691707
-0.486516
0.340742
-0.253190
-0.216323
-0.089077
-0.566403
0.887312
0.283833
0.484758
-0.335170
-0.426495
0.088321
0.336307
0.486968
-0.071739
0.250854
-0.162487
0.065692
0.260782
-0.154671
-0.381105
-0.183518
-0.300605
0.220912
0.281791
-0.245518
0.129717
0.062659
0.067796
0.275237
0.521501
-0.020180
0.468251
0.215338
-0.352491
0.214258
-0.256166
-0.055015
-0.007397
-0.528177
0.014869
-0.093570
-0.633283
-0.171651
0.224573
-0.380961
0.019302
0.368504
0.413613
0.535072
-0.001651
-0.092299
0.195559
-0.174487
-0.221025
-0.254440
0.430952
0.133687
0.032844
0.117557
-0.488468
-0.397753
0.075916
0.342723
0.557986
-0.147260
0.091724
-0.624901
0.069274
-0.112681
0.422054
-0.110140
-0.096524
-0.025094
0.344337
0.630129
0.104306
-0.079142
-0.661740
-0.041035
-0.301721
-0.442669
-0.410162
-0.032325
-0.131237
-0.291384
-0.105115
0.227725
0.095148
0.196352
0.099433
-0.222276
0.479200
-0.657901
-0.192118
-0.267155
-0.315757
-0.034187
-0.382575
-0.719046
-0.214789
-0.587999
0.350320
0.043577
-0.347300
-0.183380
0.491545
0.449707
-0.160226
-0.132820
-0.079653
0.232246
0.202934
-0.235163
-0.094839
0.429435
-0.287365
-0.162395
0.182623
-0.550017
0.217880
0.365300
-0.148469
-0.068468
-0.380191
0.388189
0.323103
0.559407
0.524318
-0.169938
0.225068
-0.284185
-0.380056
0.498983
0.051003
-0.059899
0.518627
0.230967
-0.017018
-0.005854
-0.515713
0.535799
-0.337606
-0.368408
-0.471116
0.164215
0.185061
0.114166
-0.012996
-0.124425
0.433489
0.165552
0.018881
0.330329
-0.198891
-0.152607
-0.162906
0.337556
0.002750
0.026871
0.208673
-0.344347
0.311604
0.377291
-0.371737
-0.037961
0.015115
0.060450
0.032914
0.311497
-0.121856
0.741883
-0.250025
-0.306332
-0.223330
0.698790
0.174750
-0.275236
0.422996
0.252266
0.005608
-0.519473
-0.082146
-0.311004
0.515499
0.269586
0.320673
-0.577685
0.382299
-0.349115
0.755703
-0.082219
0.315039
-0.438177
-0.391462
0.299823
-0.441651
0.384551
0.196873
-0.527841
-0.420579
-0.257206
0.155148
-0.329726
0.180546
-0.391959
0.227252
-0.119572
0.095055
0.366184
-0.109350
0.176615
-0.174506
0.411894
-0.812128
-0.183275
0.479292
0.414800
0.011074
0.088466
0.572858
-0.054998
0.185298
0.572413
-0.051716
-0.596509
-0.465440
0.043363
-0.242389
-0.470226
0.259077
-0.422819
0.266269
-0.195430
-0.077169
0.457712
-0.089135
0.099993
-0.311199
-0.085844
0.292643
0.578924
0.120447
0.076891
0.665342
0.611118
-0.115934
0.382925
-0.168116
0.011431
0.098966
-0.404359
0.538249
-0.107922
-0.211617
-0.119281
0.413408
-0.159154
0.248522
0.286687
-0.192556
-0.472829
-0.248510
0.157980
0.435435
-0.491757
0.151632
-0.700018
0.262411
-0.631705
0.317616
-0.320293
-0.134186
-0.017340
-0.104267
0.242134
-0.092414
0.072974
0.276760
0.150579
0.315882
-0.584447
-0.020524
-0.330956
-0.150948
-0.103007
-0.062660
0.148290
0.439487
-0.317863
-0.162521
0.476215
0.420763
0.148429
0.472534
0.443295
0.501661
-0.656253
0.184811
-0.606466
-0.205707
-0.074456
0.079171
-0.088838
-0.203642
0.235582
0.000404
0.019955
0.222826
-0.223381
0.297897
0.310209
-0.345559
0.587712
0.018440
0.367169
-0.093111
-0.405541
0.220125
-0.273798
-0.415125
0.253699
0.176029
0.414566
0.243797
-0.329303
-0.086586
0.144786
0.481511
-0.370691
0.261451
-0.307159
0.246389
0.092826
-0.035496
-0.637841
-0.164724
-0.026316
-0.151402
0.492319
0.558930
0.121604
0.528841
0.227939
-0.162042
-0.381537
-0.218694
-0.356911
-0.534405
-0.451568
0.164373
0.202646
0.718067
0.374423
0.195021
-0.171435
-0.157296
-0.131403
0.460008
0.178800
0.626958
0.401703
0.247564
0.453772
-0.544772
-0.056394
-0.190183
0.696492
-0.081215
-0.448879
-0.007483
-0.348518
-0.321694
0.243206
0.230561
-0.409152
-0.537756
-0.151928
-0.138247
0.356921
-0.223017
-0.389951
-0.349407
-0.197398
-0.579188
0.132814
0.419442
0.091875
0.227094
-0.062021
-0.465556
-0.171486
-0.332848
-0.202708
0.468209
-0.166915
0.220354
0.382938
-0.244833
-0.556352
-0.083168
-0.268231
-0.438450
-0.160330
-0.154222
-0.087197
-0.320012
-0.716428
-0.226695
-0.499362
0.380739
-0.295178
0.318511
0.272825
0.051901
-0.347098
-0.659570
-0.390127
0.257361
-0.541697
0.397387
-0.200108
0.358983
0.510172
0.073298
-0.300141
0.179382
0.152205
-0.019342
-0.078241
0.307462
-0.310010
0.036035
-0.049459
0.104100
0.037303
0.173154
0.283925
0.008937
0.063942
-0.042298
0.040284
0.173050
0.434823
0.505463
-0.037791
-0.088754
-0.269015
0.295017
-0.326306
0.060450
0.117953
-0.050083
-0.030143
0.438920
-0.269149
-0.320771
0.394712
-0.276290
-0.249334
0.430861
0.014613
0.220434
0.085424
-0.426158
-0.278760
-0.083367
0.149014
-0.314136
-0.177684
-0.373149
-0.525407
-0.020346
0.366341
0.298664
0.036344
-0.544580
0.082304
0.258820
-0.281558
0.477077
-0.055967
0.228285
0.565918
0.258103
0.508454
-0.465028
-0.303152
-0.129568
-0.338498
-0.097231
0.155472
0.030027
0.073172
-0.142537
-0.755572
-0.061922
0.261258
0.041155
-0.188139
-0.288338
0.200281
0.261766
0.101680
0.522244
0.103405
0.489509
-0.500174
-0.114398
0.256645
0.123272
0.138959
0.323378
0.324951
0.204773
-0.304982
-0.321493
-0.505510
-0.241203
0.243509
0.167357
-0.455920
0.273920
0.078551
0.061986
0.139611
-0.521573
0.338533
-0.143713
0.567990
0.415442
0.185321
0.312318
-0.523565
0.202423
-0.562408
-0.308570
-0.195192
-0.167588
0.301833
0.335623
-0.032229
0.375277
0.088366
-0.465527
0.688561
-0.086641
-0.020275
0.041067
0.411147
0.267492
-0.280983
-0.039284
-0.588005
-0.166308
-0.629253
-0.226999
-0.634127
0.379871
-0.542623
0.342301
-0.043865
0.254635
0.265776
-0.402049
-0.462162
0.241895
0.187028
-0.064035
-0.039091
0.052961
-0.758308
-0.293164
0.002466
-0.008425
-0.096440
-0.250800
-0.326296
0.004192
0.179630
0.135817
-0.061507
-0.309349
-0.158776
-0.711004
0.151251
-0.427627
0.110900
0.245505
0.536848
0.257003
0.289716
-0.140794
-0.023356
0.120282
-0.007252
-0.093424
-0.072785
0.061100
-0.409256
0.325667
0.344020
-0.370263
-0.652000
0.082470
0.495017
0.373110
-0.527924
-0.434545
0.621902
-0.368584
-0.616060
0.049288
-0.620489
0.112555
-0.397571
-0.171869
-0.043651
-0.671594
-0.226897
0.481222
-0.556677
0.289359
0.329720
-0.092190
-0.252380
-0.317273
-0.054408
-0.107001
0.520520
0.174405
-0.130006
-0.068440
-0.220016
0.276751
-0.958127
-0.483083
0.077478
0.217801
-0.483944
-0.594703
0.151680
-0.446712
0.570372
0.044894
-0.053690
-0.289616
-0.374167
0.343090
0.083796
0.040873
-0.345294
-0.286304
0.250552
-0.557917
-0.916494
0.309642
0.272387
0.321745
-0.301389
0.025700
-0.372363
-0.137977
0.275524
-0.253689
-0.303739
-0.196485
-0.340619
-0.184835
0.277298
0.322156
-0.297756
-0.497155
-0.329782
-0.233671
-0.413310
-0.196562
-0.671652
0.244610
0.225566
-0.013164
0.170534
0.820541
-0.293465
-0.351740
0.336099
0.241466
-0.350968
0.197553
0.469809
-0.389960
-0.339251
-0.096826
-0.110272
-0.131418
0.571355
-0.659305
0.315775
-0.205872
0.169203
-0.129936
-0.322700
0.087189
-0.261423
0.488281
-0.386602
0.167827
-0.171467
-0.460467
0.256600
-0.159178
0.052906
-0.241670
0.203847
0.408741
-0.166717
0.142659
0.369712
