0.522281
-0.164782
-0.010135
-0.602201
-0.118829
-0.352670
0.309817
-0.197304
-0.101787
0.070850
0.313134
-0.278775
-0.012754
0.535811
0.366770
0.199737
-0.485603
-0.213391
-0.456720
0.123268
0.060763
-0.293604
-0.483148
-0.118748
0.158034
-0.069903
0.805314
-0.348476
0.286110
-0.142936
0.509638
-0.115113
-0.062664
-0.266698
-0.176925
0.119710
0.434842
0.004074
-0.710646
0.191393
0.076491
0.294368
-0.408236
-0.215489
-0.660248
0.484112
0.521226
-0.170419
-0.252079
-0.294908
-0.038533
-0.300771
0.091913
0.568265
-0.179546
0.325597
0.076040
-0.439472
-0.347698
-0.399891
-0.260746
0.510837
0.409552
-0.452856
-0.156055
-0.432813
-0.669773
-0.091243
-0.389860
-0.366862
0.633784
-0.476387
0.179923
-0.303477
0.496805
0.183156
-0.452093
-0.321690
0.203608
-0.376591
0.014777
0.283263
-0.437802
0.609920
-0.071427
-0.084554
-0.285200
0.571622
0.133993
0.267517
-0.126436
0.136912
-0.157591
-0.260290
0.009214
-0.601679
0.097739
-0.283834
0.486277
0.362798
0.661200
0.432988
-0.013304
-0.160333
0.331062
0.017032
-0.172816
0.250277
0.413641
-0.257449
0.230185
0.440320
-0.477842
0.057502
-0.434777
0.096801
0.228437
-0.276915
-0.093798
-0.437883
-0.364061
0.127546
0.110612
-0.159164
-0.314346
0.410380
0.078074
0.115858
0.098864
0.471681
-0.629637
-0.288062
0.298075
-0.087826
0.840796
-0.238789
0.378560
-0.089789
-0.383023
-0.464065
0.082120
-0.117176
0.447536
-0.519065
-0.374184
0.305423
0.123778
0.155690
-0.140048
-0.455881
-0.428950
-0.368371
0.567640
-0.130135
-0.145304
0.377483
0.246995
-0.194611
-0.339828
-0.285868
-0.619628
0.376573
0.348104
-0.191073
0.091521
-0.274817
-0.242429
0.037208
-0.329783
-0.379583
0.219788
-0.343484
0.040400
0.489138
0.419241
-0.099720
0.157722
0.300428
-0.248702
-0.160644
-0.443136
0.065592
-0.249996
0.305578
0.312573
0.305042
0.016785
-0.631822
0.348469
0.090455
0.508573
0.448801
-0.624262
-0.259136
-0.024918
0.009188
0.168828
0.695494
0.127627
0.461398
0.422143
0.422208
0.304066
-0.215430
-0.199898
0.052451
-0.167592
0.163295
-0.089554
-0.016629
0.295168
-0.196888
0.467667
0.457900
0.367118
0.429499
-0.097368
-0.386630
-0.064413
0.059620
-0.217342
0.487422
-0.488811
0.168442
-0.261660
-0.116100
0.296121
-0.352722
0.168026
0.089729
-0.119181
-0.117178
-0.260778
0.247069
-0.384482
0.036168
-0.164807
0.030020
-0.186956
-0.217888
0.371396
-0.105228
0.247607
0.157540
0.296860
-0.275539
0.548573
-0.102017
-0.392489
0.028723
0.137734
-0.429656
0.136342
-0.200285
-0.391224
-0.124819
-0.624882
-0.149336
0.325810
0.261873
0.792329
-0.299953
-0.371737
0.035536
0.146201
-0.209479
0.191669
0.537534
0.021439
-0.143209
-0.314312
-0.508358
0.047907
0.174980
0.409134
0.302951
-0.123068
0.433033
0.487325
-0.101784
-0.416550
0.448554
0.196754
0.224384
-0.281789
0.499214
-0.473180
-0.079064
-0.492177
0.458910
-0.756733
-0.090520
0.385299
0.381131
0.384171
-0.044011
-0.197328
-0.472704
-0.286303
0.413516
0.420479
0.462738
-0.068680
-0.152752
-0.425411
0.036588
-0.559196
-0.388389
-0.136601
0.423165
-0.192351
-0.135994
0.216781
-0.549044
0.428182
-0.359041
0.454358
0.142571
0.128943
-0.039096
-0.373687
0.056458
-0.120031
-0.079577
-0.034259
0.724937
0.254203
-0.197952
-0.615035
-0.282596
0.148691
-0.136620
-0.564774
0.457712
0.079024
0.209422
0.384666
0.155767
0.296785
0.498189
-0.256793
0.325911
0.007044
0.223303
0.022741
-0.060502
0.206349
-0.478985
-0.529760
-0.100181
0.237093
-0.666074
-0.415492
0.002366
0.200279
-0.070011
-0.297447
-0.176565
0.548934
0.214921
-0.120248
-0.195608
0.243691
0.011566
0.184271
0.252174
0.107137
-0.214495
0.126464
-0.049125
0.439017
0.372984
-0.368932
0.380978
0.059262
-0.335987
-0.649051
0.186251
-0.420913
0.498637
0.089077
-0.420070
-0.017085
-0.372804
0.055594
-0.313187
0.509147
0.088443
0.209672
0.076071
0.276535
-0.240894
-0.268132
0.018123
-0.263988
-0.058855
0.276038
-0.026955
0.367416
-0.272822
0.299694
-0.022204
0.176282
-0.649434
-0.279990
0.066397
0.683012
-0.384687
-0.002642
0.345862
-0.419524
-0.152306
0.335005
0.444213
-0.233653
-0.319713
-0.068377
0.408371
-0.027407
-0.354758
0.139892
0.555893
-0.340018
-0.619494
-0.178266
0.180131
0.647036
0.107342
-0.253600
0.062545
0.311585
0.401626
-0.037109
0.380958
0.178591
0.047469
-0.006539
-0.230604
0.073203
-0.005544
-0.029682
0.125658
-0.405163
-0.351820
0.038329
-0.226502
0.119639
-0.111889
0.141623
0.139863
0.650732
0.502303
-0.477961
-0.130471
0.118816
0.287821
0.353762
0.299792
-0.073692
-0.147395
0.108800
0.194942
0.077012
-0.240527
-0.251149
0.446763
-0.248382
0.211714
0.122390
0.275188
0.309563
0.015219
-0.646646
-0.134217
0.136619
0.001711
-0.122055
0.200320
0.233075
0.489046
-0.551903
0.221499
0.395660
0.199574
-0.257043
0.508203
-0.007911
-0.284104
0.137223
-0.206801
0.194061
-0.534376
-0.211397
-0.089948
-0.455393
0.155727
0.061709
-0.213732
0.150642
-0.350053
0.139160
0.453617
0.410081
-0.581152
0.267432
0.609462
-0.646946
0.598475
-0.066240
-0.262027
-0.023583
0.046325
-0.198930
0.442872
0.629738
0.314503
0.155472
-0.408688
0.193920
-0.346187
0.464014
-0.573898
0.119089
-0.037973
0.140359
0.056362
-0.554318
-0.204869
-0.174551
-0.466870
-0.009212
0.057847
0.383624
0.230578
0.409817
-0.330560
0.339821
0.066480
0.176183
-0.616286
0.394829
-0.474825
-0.376321
-0.134832
-0.277880
0.042399
-0.099534
-0.012127
0.069869
0.498050
0.524948
-0.263863
-0.302863
0.654818
0.182321
-0.053756
0.506182
-0.191775
-0.406136
-0.216726
-0.449927
0.481994
-0.262074
0.402276
-0.418086
0.108341
0.213771
0.279374
-0.666227
0.535768
-0.384910
0.143540
-0.370378
0.089067
-0.044160
0.423786
0.050006
-0.175024
-0.136838
0.091895
-0.093339
0.088310
0.319476
0.021536
-0.311433
0.405528
0.584076
-0.370793
0.028599
0.490256
0.201967
-0.526699
-0.237422
0.140603
-0.182780
0.309991
-0.200136
-0.567796
0.406564
-0.207455
0.467347
-0.059510
0.132569
0.309042
-0.164880
0.492339
0.467296
0.066042
0.115251
0.147792
-0.451660
-0.033923
-0.188787
0.451120
-0.517311
-0.692153
-0.148098
-0.082930
-0.700890
-0.115325
0.456897
0.428670
0.308668
0.071620
-0.313708
0.190131
-0.047937
0.366950
0.578875
-0.093891
0.340334
-0.037569
-0.556416
-0.514595
-0.561941
0.329936
-0.142766
0.461653
-0.130097
0.295698
0.364788
-0.134022
-0.086816
0.404413
0.049608
-0.099816
0.569107
0.293757
0.082599
0.248480
0.603816
-0.218599
0.451811
-0.511105
0.011437
-0.410682
0.301905
-0.289462
-0.268077
0.817367
-0.152613
-0.081182
0.328594
-0.411850
0.003685
-0.169803
0.372472
0.380994
-0.585903
-0.723607
-0.471949
0.310080
-0.256670
0.110808
-0.057993
0.406514
0.083984
0.057517
0.350352
-0.141076
-0.230589
-0.245552
-0.360748
0.250545
-0.140023
-0.296666
-0.352780
-0.423186
0.341817
0.414658
-0.306365
0.027744
-0.025233
-0.543898
0.407773
0.478395
-0.033090
-0.247294
0.029007
-0.179422
-0.042192
-0.710734
0.015213
0.703987
0.342407
0.094996
0.259870
-0.043779
-0.246595
0.435696
-0.007535
0.342774
-0.233695
-0.023151
0.280906
0.701424
0.317447
-0.118280
-0.009801
-0.147369
0.190248
0.450743
0.070475
-0.064402
0.183847
-0.063549
-0.406134
-0.557575
-0.297622
0.104706
0.586179
0.297646
0.343826
-0.142968
0.123359
-0.251734
-0.100676
-0.359686
0.212522
0.640481
-0.289816
-0.181689
-0.102790
0.148871
-0.423626
-0.281900
-0.225329
0.252727
0.216441
0.264166
0.207491
0.129721
0.432787
-0.410621
-0.387522
-0.437857
-0.375884
-0.362872
-0.176622
-0.374876
0.020488
0.101603
-0.055890
-0.428716
-0.094951
0.151904
0.002775
0.641240
-0.185013
-0.274044
-0.022849
0.241700
-0.202562
0.537768
0.438740
-0.005605
0.490971
0.023751
0.004607
-0.138136
-0.278355
-0.319106
0.593773
0.088147
0.285277
-0.117792
0.343172
0.317970
0.299853
0.590990
0.171051
0.460327
0.050614
0.050318
-0.069718
-0.083637
0.034119
-0.141325
-0.054471
-0.479988
-0.366212
-0.126540
0.499127
0.063399
0.452823
0.295366
-0.732142
-0.326207
0.416115
0.109013
-0.175545
0.318131
0.688520
-0.539679
-0.622646
0.283832
