0.108562
-0.401879
-0.122114
0.274913
-0.224403
-0.448225
-0.659752
0.269607
0.360308
0.429381
0.109924
-0.195830
0.073629
0.247632
0.486961
-0.188346
0.049987
-0.017497
0.157955
0.539602
0.416094
-0.043777
-0.330242
0.771031
-0.640937
-0.441947
0.711902
-0.072761
-0.141700
-0.137588
-0.010442
0.098267
0.320012
-0.029145
0.420408
0.525896
0.251123
0.096090
-0.290847
-0.451099
-0.169774
-0.285021
-0.345458
-0.268984
-0.192115
0.335974
0.212093
-0.107499
0.157464
-0.355945
0.545420
-0.129906
-0.156973
-0.333660
0.693647
0.230428
-0.559348
-0.356335
-0.358300
0.596062
-0.227748
0.238734
-0.596381
0.092874
0.018158
0.310801
-0.388075
-0.494986
0.129162
-0.383622
0.456122
0.111389
0.288452
-0.474833
0.283421
0.429298
-0.452093
0.304364
0.420632
-0.335013
0.098273
0.207939
-0.280447
0.338792
0.239261
-0.281934
0.276977
0.580752
-0.125775
-0.388748
0.093219
-0.330357
-0.105796
0.063344
-0.386759
0.557936
0.504013
-0.502619
0.222402
0.249452
-0.261549
-0.207779
-0.099281
-0.381646
-0.008965
-0.178646
0.467943
0.351958
0.240704
0.184339
-0.276620
0.219198
-0.040626
0.199204
-0.111252
-0.404033
0.347058
-0.277469
-0.203922
0.155584
-0.445168
-0.004240
0.196087
-0.159164
-0.435014
0.272377
0.382098
0.148136
0.595419
-0.401223
0.534381
-0.098568
-0.526115
-0.655719
-0.321434
-0.274714
0.451552
-0.208004
0.470927
0.237987
-0.489359
0.405059
-0.447438
0.115936
-0.051700
-0.267250
-0.227900
-0.446767
0.189633
0.178457
0.255659
-0.475652
0.130837
0.347234
-0.005386
-0.478260
-0.455644
-0.066482
0.260417
0.344990
0.280778
0.017039
0.698741
0.573160
0.236842
0.554189
0.469363
-0.581004
-0.191925
-0.184723
-0.162937
0.403332
-0.123572
0.322006
0.342531
-0.117470
-0.797082
-0.332559
0.120484
0.166652
-0.441691
0.110868
0.020654
-0.291384
-0.078400
0.347062
-0.599539
0.064038
-0.121482
0.155137
-0.185146
0.326455
-0.171742
-0.271118
-0.143166
-0.216803
-0.048814
-0.187895
-0.299149
-0.031107
0.559061
0.038786
-0.457073
0.256654
-0.345372
-0.508748
-0.185443
0.003018
0.355503
0.248402
-0.124437
-0.147327
0.101899
-0.269926
-0.395069
0.288013
0.115199
-0.076497
0.391470
0.380757
-0.559835
0.312967
0.363258
-0.616733
0.255759
0.466925
0.060846
-0.345367
-0.007291
-0.417032
0.217623
-0.374425
-0.425140
0.097700
-0.503135
-0.275778
0.008346
-0.469368
-0.394500
0.672457
0.072328
-0.456510
-0.522026
0.104143
0.060098
-0.036498
-0.099189
-0.124993
-0.414681
-0.137104
0.514609
0.486306
-0.025904
0.530573
-0.075655
-0.438133
0.166937
-0.199344
0.605883
0.338412
0.285915
0.231752
-0.297042
0.022021
0.013975
-0.191634
0.135453
0.084256
0.196311
0.446544
0.047043
-0.150185
0.029282
0.180943
0.384646
0.637371
0.110905
0.538914
-0.035172
-0.369352
-0.560133
0.153047
-0.191954
0.292939
-0.132582
0.798315
-0.349386
-0.281648
0.370941
-0.143574
-0.250120
-0.375530
0.231505
0.297485
0.202814
0.341150
-0.407427
0.042313
-0.164868
0.212730
-0.550278
-0.303540
0.315471
-0.095387
0.040001
0.579720
0.452736
-0.026364
0.609290
0.143483
-0.037710
-0.056375
0.489666
-0.041043
0.276194
0.326439
0.432257
0.159968
-0.024156
0.381745
0.419717
-0.052693
-0.229754
-0.117718
-0.055521
0.106972
0.489285
0.600768
0.738222
-0.331911
-0.168825
-0.004132
0.361398
0.440511
0.199667
-0.206512
-0.208912
0.612675
-0.499690
0.040303
0.148515
-0.382672
-0.094991
0.340461
-0.135929
0.400306
0.030742
-0.056763
-0.404257
0.143514
-0.139408
-0.188510
-0.020556
-0.399002
-0.117787
0.526999
0.067751
0.431009
0.144188
-0.091687
-0.248510
0.995374
-0.103492
-0.107766
-0.523804
-0.238183
0.256807
0.058264
-0.107190
-0.511560
0.487754
0.433170
0.041082
-0.046554
0.030271
-0.214546
0.132000
0.366926
0.168001
0.210398
-0.211183
0.523116
-0.612098
0.083720
0.273462
0.160744
-0.182499
-0.367374
0.014432
0.233568
-0.206706
-0.005415
0.641876
-0.105532
0.354044
-0.615325
-0.033116
0.270903
-0.461775
-0.202530
-0.200517
-0.603690
-0.479939
-0.408757
-0.030092
0.282943
0.119955
-0.299276
0.398600
0.634213
0.204707
0.477739
0.730058
-0.186975
-0.467237
-0.145830
0.472599
-0.477083
0.202882
-0.419071
0.018326
0.325334
-0.193886
0.205085
0.258947
-0.037697
0.519144
-0.497685
-0.210646
0.263121
0.287518
-0.303743
-0.560508
0.183377
0.089735
0.184712
0.075364
0.585029
0.482053
0.209681
0.300398
0.372482
-0.369242
-0.279441
-0.245434
0.303932
0.516694
-0.697684
-0.383397
-0.289770
0.336443
0.037819
0.421877
-0.255789
0.411581
0.073825
0.109193
0.322303
-0.392611
-0.111936
-0.287593
-0.242573
-0.084020
0.040668
0.161892
-0.468411
-0.271844
-0.354354
-0.089417
-0.441686
0.060320
-0.606543
-0.190767
-0.530448
0.110528
0.125295
0.394201
0.649400
0.057559
0.374559
-0.054330
-0.349304
0.313811
0.178306
-0.514237
-0.536298
0.013624
-0.535280
0.061198
-0.064901
0.143135
-0.308481
0.435520
-0.013569
0.281599
0.060792
-0.254924
-0.325315
0.118885
-0.259487
0.128255
0.491538
0.084428
-0.045069
-0.251996
0.193384
-0.069010
0.302860
-0.318090
-0.440588
0.300027
0.474647
-0.067884
0.003144
-0.666070
-0.023239
0.228878
-0.500491
0.325855
0.500020
-0.256736
0.292390
0.335028
-0.180514
0.310658
-0.255777
-0.225199
0.057294
-0.425387
0.277427
0.117186
0.534231
-0.361514
0.008263
-0.166272
0.078703
-0.186771
-0.207396
-0.075936
-0.490884
-0.111890
0.359280
0.128476
0.475492
0.177847
-0.356898
-0.524392
0.195673
0.398866
-0.470925
-0.072860
0.397909
0.017311
-0.227877
0.406682
-0.381169
0.018000
0.601726
-0.304215
-0.185404
-0.199313
0.133747
-0.046909
-0.116918
0.262892
-0.344575
-0.216442
-0.210836
-0.060805
0.379128
-0.073215
0.184929
-0.335573
-0.106964
-0.330572
0.424331
-0.066487
-0.349698
-0.159299
-0.096239
-0.083379
0.048245
0.365930
0.106111
-0.478885
0.479491
0.094379
0.977426
0.555745
-0.316845
-0.084805
-0.272631
-0.444910
-0.442454
-0.304540
0.401626
0.168973
-0.364528
-0.589608
0.208231
0.146122
-0.045989
0.314580
0.428618
-0.031490
-0.756319
0.055660
0.361901
0.111841
0.280570
-0.461006
0.353001
0.024593
0.359547
0.165762
0.418710
0.605433
0.190518
0.208937
-0.357679
0.208461
-0.494297
0.171577
0.239666
0.256404
0.154883
-0.162249
-0.205172
-0.064204
-0.060504
-0.274755
-0.023004
-0.211160
-0.047815
-0.446407
0.142848
-0.222918
0.327067
0.280910
0.333459
0.539547
0.083469
-0.329059
0.574218
0.236002
-0.110740
0.358685
0.167367
0.161457
-0.458302
0.163659
-0.166239
-0.340894
-0.398117
-0.051539
-0.224903
0.143558
-0.557401
-0.046296
0.296418
0.225365
0.718066
-0.327267
-0.238601
0.098555
0.308860
0.628909
-0.080913
-0.661812
-0.331726
0.136057
0.538622
-0.007013
0.059980
-0.047565
-0.052722
0.002958
-0.028306
0.257756
0.336132
-0.133215
-0.201717
-0.756325
-0.404276
-0.139129
-0.598912
-0.143643
-0.396385
-0.216200
0.386854
-0.206088
0.077478
0.702606
0.013284
-0.191391
-0.529340
0.394894
0.394395
0.251480
0.077970
0.405940
0.394443
0.237108
0.501381
0.715599
-0.093285
-0.114709
-0.435490
0.152018
-0.395839
-0.039107
-0.634904
-0.221756
0.262747
0.301267
-0.055928
0.055739
0.412581
0.464682
0.065132
-0.252192
-0.323430
-0.190394
-0.344512
-0.540549
-0.116059
0.282709
-0.101781
-0.079557
0.318667
-0.059262
0.094613
-0.226393
-0.150269
-0.171143
0.039141
0.022195
0.342594
-0.566299
-0.216794
-0.193432
-0.520777
-0.336056
-0.658743
-0.224554
-0.273203
-0.179782
-0.311955
-0.165741
-0.176112
-0.552848
-0.252367
-0.446928
0.613655
-0.002044
0.140853
-0.410281
-0.513784
-0.027022
-0.242783
0.002667
0.063446
0.091667
0.187187
-0.081445
-0.715327
0.187707
-0.315672
-0.343133
-0.127898
0.255008
-0.373021
-0.324329
-0.135742
0.392542
0.203289
0.302858
-0.396338
-0.435179
-0.167428
0.083289
0.309899
0.183645
-0.104710
-0.062966
-0.414882
-0.019697
0.190165
-0.127221
-0.752723
-0.330100
0.268877
-0.092537
-0.050813
-0.000824
-0.310719
0.552475
0.051272
0.043466
-0.593125
0.183713
-0.010699
0.328756
-0.093966
0.149357
-0.001166
-0.526689
0.228094
0.434974
-0.410163
-0.061407
-0.276322
0.554573
0.072522
0.319138
0.317161
