0.208900
-0.377500
0.017784
-0.093773
0.002434
-0.408934
0.215274
0.727299
-0.120205
0.146608
0.243923
-0.287765
-0.577049
0.431799
-0.593824
-0.185533
-0.406737
-0.213391
-0.185527
-0.457617
0.261627
-0.145591
-0.286458
-0.238911
-0.086603
-0.191603
0.395175
0.189478
-0.551395
0.535126
-0.092793
-0.455362
-0.325508
-0.093784
-0.146763
0.437142
0.804600
0.011466
-0.440253
0.085704
0.279507
-0.362134
-0.466029
-0.113450
0.638558
-0.380352
-0.071485
-0.094159
0.414022
0.108715
0.227742
-0.117285
-0.058437
0.067762
0.369983
0.230428
0.028068
0.678318
0.397975
0.574776
0.064483
0.454800
0.438954
-0.105635
0.301058
-0.269635
-0.081202
-0.501998
-0.421604
-0.152003
0.067018
-0.437367
0.430745
-0.381105
0.301559
-0.138841
-0.279360
0.402290
-0.216722
-0.569180
-0.263029
0.045723
-0.359950
-0.283284
-0.021247
-0.019438
-0.371894
-0.162256
0.144429
-0.552755
0.350562
0.230511
-0.094709
-0.162260
0.392318
0.096102
0.414735
0.693681
-0.115353
0.381238
0.031321
0.023560
0.443049
-0.270289
-0.298398
0.026273
-0.411800
-0.335170
-0.354392
-0.099198
0.339108
0.594437
-0.228880
0.539576
-0.190434
0.139600
0.345277
-0.029491
0.205234
-0.206767
-0.353133
0.130580
-0.019055
0.142012
-0.355829
-0.027417
-0.318764
-0.051892
0.036992
0.241183
0.467844
0.061365
-0.260534
-0.401001
-0.575964
-0.148182
0.007571
0.254700
-0.038494
-0.131304
0.197632
-0.405535
0.207348
0.096047
-0.014725
0.368504
-0.357769
-0.391978
0.509048
0.313690
0.247762
-0.145728
-0.254801
-0.361345
-0.473581
0.656501
-0.395232
0.301199
-0.477518
0.299236
-0.018105
0.054664
0.567641
0.534045
0.299987
0.404516
-0.303017
-0.049024
-0.305497
-0.194471
0.045626
0.077445
0.112427
-0.026906
0.142993
-0.716354
-0.633228
0.456960
-0.151027
0.086730
-0.103774
-0.116056
0.101437
0.051653
-0.152052
0.364055
0.586526
0.119916
0.157189
-0.408786
0.455038
0.566444
-0.173116
-0.215340
-0.275788
-0.374483
-0.231756
-0.582570
-0.330132
0.471494
0.030530
0.009340
-0.718677
0.263869
0.065245
0.547076
-0.463007
-0.038329
-0.528329
0.314564
-0.095997
-0.101413
-0.172935
0.301526
-0.287365
0.173812
0.252476
-0.334069
0.166631
-0.235147
0.009708
-0.045486
-0.546184
0.232233
-0.110470
0.641136
0.524318
-0.127442
-0.073294
0.508281
-0.059236
-0.162611
-0.079917
-0.166007
-0.099827
-0.605959
-0.040021
-0.068467
0.463003
-0.108675
-0.196181
0.035081
0.284016
-0.050809
-0.418088
0.292016
-0.120562
0.431910
0.433489
-0.278255
-0.065520
0.012897
-0.690118
-0.100599
-0.223109
0.298709
0.039573
0.412922
-0.432289
0.422934
0.398266
-0.580476
-0.359133
-0.262837
0.023249
0.139515
0.245945
0.605201
-0.044214
0.675022
-0.343983
-0.767124
-0.223330
0.037235
0.041515
-0.123505
0.110905
-0.085388
-0.142094
-0.329207
-0.051322
-0.280062
0.515001
0.363417
-0.336175
0.400269
-0.251794
-0.349115
0.405590
-0.082219
-0.091920
-0.293915
-0.417095
0.376489
0.674253
0.093099
-0.711072
0.073564
-0.021171
-0.126853
-0.572989
-0.114575
0.274573
-0.343766
-0.350745
-0.008182
0.095055
-0.264821
-0.169340
0.201904
-0.308528
-0.123735
-0.228287
-0.401219
-0.393498
0.498365
-0.149984
0.082445
-0.143341
0.215054
-0.598925
0.411186
-0.000141
-0.596946
-0.428095
-0.271472
-0.183738
0.048717
0.039052
-0.512941
0.039606
-0.523008
-0.054862
-0.542914
-0.089135
0.248015
-0.311199
0.413578
-0.252503
0.084555
0.120447
-0.837945
0.182886
-0.056686
-0.115934
0.359680
-0.277565
0.054754
0.027139
-0.365705
-0.258492
-0.007527
-0.264530
-0.119281
0.400432
-0.398585
0.178573
-0.026378
0.180799
0.496885
0.433741
0.050338
0.425728
-0.209389
0.238581
-0.621048
0.496328
-0.204672
0.194598
-0.729546
0.535798
-0.432909
-0.197991
0.445218
-0.161876
0.072974
0.332559
-0.302962
0.013039
0.410594
-0.066844
-0.198861
-0.034325
-0.203221
-0.065822
-0.235788
-0.111399
-0.308752
-0.148393
0.346553
0.463805
-0.150911
0.472534
0.128361
0.282130
-0.656253
-0.245341
-0.453725
0.019769
0.513744
-0.117060
0.077150
-0.058458
0.237809
0.110123
-0.053762
0.254566
-0.319652
0.480529
0.229357
0.474204
-0.201339
0.125854
0.038624
-0.163034
-0.418162
0.220125
0.560450
0.189413
-0.056203
0.257448
0.470588
-0.066600
-0.322674
0.715543
0.289185
0.241655
-0.113145
-0.412649
-0.520687
0.149480
0.158762
-0.269904
-0.637841
0.282009
-0.039309
0.330699
0.365461
0.303749
0.102959
0.300398
0.298516
0.178760
0.657123
-0.174477
0.512208
-0.534405
-0.451568
-0.641772
0.615304
0.744583
-0.012172
0.195021
0.011913
0.245533
-0.422505
0.243033
0.339608
0.049852
-0.054629
-0.100781
-0.023859
0.149915
0.648563
0.351047
-0.389502
-0.127804
-0.064088
0.372580
0.392953
-0.321694
-0.276688
0.198348
0.288086
0.548792
0.156184
-0.239548
0.316564
-0.124781
-0.357531
-0.348777
-0.271821
0.300507
0.188882
0.455031
0.260689
-0.177715
0.119168
-0.465556
-0.001168
0.155056
-0.329478
0.517993
-0.080831
0.220470
0.089930
-0.454538
-0.404746
-0.133791
-0.180975
-0.399407
0.196127
-0.029869
-0.031051
-0.491453
-0.305345
-0.456840
-0.499362
0.424728
0.216559
0.452567
0.070183
-0.039755
-0.195455
-0.370806
-0.294609
0.228878
-0.467867
-0.251007
0.375235
0.547101
0.103488
0.200616
-0.135912
0.165163
0.173254
-0.405389
0.002542
0.467389
0.242180
0.152459
0.003804
-0.110607
-0.135037
0.444711
-0.293825
0.292019
-0.279941
-0.003403
0.040284
-0.397101
0.283196
0.112830
0.362306
-0.262522
-0.576928
0.227606
-0.279823
0.060450
0.392607
-0.043592
-0.322924
-0.679055
-0.522068
-0.088696
0.024668
-0.276290
0.145624
-0.347312
-0.729057
-0.202757
0.372647
-0.065296
-0.163777
-0.611467
-0.418849
-0.426566
-0.100856
-0.418479
0.123087
-0.352432
0.256894
0.516468
-0.155812
0.367733
0.538445
0.128414
0.246614
0.462549
-0.018122
0.741177
0.594866
-0.546256
0.486204
-0.118840
0.146466
-0.140120
0.877750
0.208557
-0.156350
-0.119345
0.138895
-0.142537
-0.573153
0.290012
-0.514577
0.188581
0.472350
-0.014368
0.060996
0.271036
0.366926
0.197648
-0.637033
0.073109
-0.636314
-0.710547
-0.078205
0.037951
0.188025
-0.336050
0.501823
0.236090
-0.189138
-0.321493
0.091839
-0.316488
0.047480
-0.038724
0.239207
0.280475
0.070938
-0.450496
0.068410
-0.588922
0.003307
-0.443276
-0.194791
0.305443
-0.075645
0.028669
-0.631998
0.125661
0.583843
0.474673
0.523041
-0.110550
-0.384460
0.320797
-0.023196
0.298767
-0.244795
-0.501332
0.281550
-0.198519
0.278341
0.544491
0.364423
0.312387
-0.001506
-0.039284
-0.647577
-0.129806
-0.716208
0.038762
-0.627430
0.380102
-0.557401
-0.368559
-0.293180
0.225365
-0.411975
-0.493795
-0.393005
0.300440
0.248279
-0.571274
-0.569934
0.041482
-0.749698
-0.352559
-0.032514
-0.062697
0.068434
-0.051551
-0.501845
-0.233898
-0.050788
-0.067267
0.001308
-0.152967
-0.068731
-0.722349
0.197166
0.038226
0.151910
0.442677
-0.316098
0.264290
0.299599
-0.140794
0.262999
0.180896
0.196470
-0.029563
-0.081550
0.050756
-0.135296
-0.052858
-0.517318
0.315954
-0.109065
0.106576
0.423500
0.092113
0.085978
0.309575
0.135179
-0.368584
-0.455082
0.021150
0.517303
-0.276059
-0.324640
-0.153140
-0.756279
-0.172477
0.362329
0.689936
-0.565753
-0.337606
0.196636
0.438914
-0.152950
-0.404570
0.015145
0.263521
0.407788
0.173600
0.268119
0.025641
-0.130134
0.041232
-0.031524
-0.341569
0.455797
-0.009672
0.151891
-0.593783
0.505038
-0.292186
-0.346687
-0.299544
-0.424095
-0.294853
0.073316
0.389939
0.478620
-0.021475
-0.161618
0.543878
-0.137625
-0.536684
0.512548
0.184118
0.100866
0.206417
-0.552240
-0.396746
-0.242363
-0.140286
0.350238
-0.309730
0.137886
0.293965
-0.167669
0.230828
0.370999
-0.468872
0.216286
-0.497155
0.001911
-0.301937
-0.413310
0.167582
0.249368
-0.387795
-0.225376
0.373982
0.089610
0.895114
-0.455710
0.411072
0.360012
0.214946
-0.368250
-0.029435
0.403103
-0.151664
-0.633920
0.235242
-0.461691
0.025430
0.281846
-0.026386
0.062944
0.264139
0.088465
0.035767
0.375008
0.087189
-0.075546
-0.130972
0.024327
-0.432867
-0.116643
0.370129
0.035389
-0.316293
-0.246860
-0.193222
0.369971
0.456224
0.056097
-0.090402
0.525260
