-2.589315
2.013079
-1.731190
-1.184984
1.053606
-0.305497
-0.303756
-2.270312
2.152715
0.776657
0.702555
-2.083356
-4.611359
-2.448062
2.880842
-3.161827
0.540326
-1.661563
1.416713
1.892941
-0.865978
2.341859
1.417790
-1.672116
-2.075128
1.304775
3.089405
4.086226
0.586145
2.003354
1.033451
3.335715
-2.008365
-1.786940
1.599374
-0.653861
-4.381723
-1.945493
1.063422
0.607756
-0.831118
1.090445
1.764208
-1.686906
-3.896544
-2.081817
0.759011
-0.123570
-1.490391
-0.290948
0.987282
-0.867415
3.667061
2.495280
-2.333182
-1.073925
-0.337067
-0.768762
-2.753512
-1.695658
-2.244811
1.057725
2.098644
2.567417
1.602700
1.040996
3.937397
-0.015445
-3.960466
1.464831
2.708901
0.487136
2.749075
-0.007869
-0.731867
-2.015698
0.325798
0.421676
1.144487
-0.963714
1.287653
0.485031
-0.892261
-1.131031
1.050667
3.951503
-1.617617
1.455348
-0.590126
-2.676366
-0.311934
1.692778
-0.970357
-1.825563
-0.434854
0.646816
0.968865
2.539847
-0.193488
1.099703
-2.178299
-2.091838
2.718070
0.073926
-1.627138
-1.199103
1.677098
-0.639279
1.947026
3.353352
-3.048878
-2.915011
-0.527618
0.817505
-3.133831
-1.336829
1.073325
-3.027178
2.044895
-1.772882
-1.737798
-3.469705
-0.179699
1.424971
0.254886
0.291068
-2.166143
-2.508727
-1.812521
-1.645504
1.943252
-0.393844
1.957915
5.108811
-0.724509
-2.375523
-0.167736
-0.958369
-1.043575
2.082875
2.308669
-2.565263
0.287150
1.735881
-0.396734
0.764666
5.331251
-0.725659
0.011693
-2.022824
-0.801475
-0.094083
-0.938999
2.834650
-4.028589
-1.025148
0.914479
2.365678
1.265765
-0.476000
-1.745960
-0.864396
-0.804400
1.789452
-1.016200
4.140729
3.938194
-3.742981
0.609719
4.086933
-0.551011
-0.883380
-1.283655
0.118516
-0.122573
0.487976
0.618103
0.465765
-0.939981
0.451908
-1.417064
0.528225
-0.446440
2.274102
-1.569896
2.365224
-3.630473
3.581288
-2.621953
-0.307820
-0.687626
0.847132
1.924376
1.124207
-1.078002
1.336602
-3.917072
1.201754
-2.031317
-2.845604
0.535326
2.136466
-0.215666
-1.264056
-4.492431
-1.252264
2.657639
3.382505
0.812084
-1.131646
1.538048
-0.849104
-2.787213
-0.238481
-0.851959
-0.362133
1.468701
0.713562
2.322567
-1.831715
-0.898885
-4.270954
3.656692
-1.495306
-0.613866
-0.206242
-4.609245
0.598557
-2.815151
-2.399136
-3.733325
0.747844
2.090394
0.153217
0.020893
0.169484
-0.808253
0.362259
-2.839946
0.913901
-0.583707
0.691633
0.464466
0.285394
-0.101182
2.108098
4.100766
-5.084844
3.985643
0.224662
-1.776137
-0.005028
-1.893800
1.577673
-1.818375
-1.517689
0.556334
1.459413
-2.118772
-2.521949
-2.007689
-1.409747
0.630077
-0.351500
4.894379
-1.453303
-0.419892
1.395283
0.633714
3.253984
-3.041182
0.116355
-2.229855
-1.360350
2.914874
-1.147936
-0.521087
3.906875
-1.462623
-0.088542
0.557565
-0.731070
0.312042
1.331856
1.180012
0.494527
2.376683
-1.454709
1.724435
0.465637
-1.010341
-2.285585
1.238706
3.667991
3.746959
1.112275
0.668623
-5.010217
-4.359746
2.100487
-0.221677
-1.240974
0.950469
0.504384
3.099953
-1.599011
-3.032791
-1.215034
-0.363537
-0.739946
5.496629
-3.922581
-3.071855
-0.767745
3.448213
3.163588
0.021269
-5.804874
4.773330
-4.157051
-1.934299
-0.231107
0.263959
-1.304860
1.460052
-0.255132
0.232963
2.312862
-3.167715
1.654973
-2.941238
-3.755053
-1.501602
-2.169097
0.755090
0.705386
0.293994
-5.123847
-0.470906
-2.623095
-0.633382
-1.255925
-0.152632
0.841919
4.699438
1.558169
0.145786
0.940423
-1.029729
-2.189416
1.515656
1.742674
-3.158319
-1.834797
-0.691274
2.685723
-1.017583
-3.854430
-2.251681
-0.532453
0.421896
-1.206010
-2.796085
3.005267
0.047288
3.342016
0.434174
0.498410
6.084888
-0.301904
-0.489432
-0.553982
-1.251743
1.053878
-0.313684
2.961149
0.241844
-2.700410
1.169293
-0.164832
2.152714
-0.547109
-0.811322
-1.416212
-2.017078
-0.215713
5.515692
2.075352
2.504390
0.215317
-0.860751
3.146382
0.666139
2.686464
2.657457
-0.128264
-3.993374
0.609495
2.360205
3.901063
-1.748910
-0.850846
2.698797
-1.640394
1.661404
-2.409583
-0.075402
1.600257
4.113023
1.185222
-2.730333
0.086380
-0.345095
-2.808091
-1.432439
0.554890
1.549493
-2.530234
0.037666
1.477592
-0.218703
-4.355089
0.771061
2.181811
0.928372
-0.024453
1.830072
-1.837959
-1.167872
-0.921346
-2.292110
1.976698
2.090460
-0.466502
-2.874997
2.610734
4.550361
2.156468
0.389150
-3.543587
3.363421
0.878098
-0.648560
0.530295
0.890122
-2.053918
-1.816826
-1.590605
0.049075
3.456065
-2.057041
1.251968
-0.779714
2.910838
1.369318
-0.623184
0.626244
0.004940
-2.610891
1.189128
0.907479
-3.608149
-1.448068
-0.004754
0.475730
1.637636
-0.414461
1.249397
3.140174
-0.186024
1.563846
-2.332661
-0.376979
0.105379
1.721694
1.366183
-1.839666
1.137739
0.622945
0.226614
1.213543
-0.043932
2.267429
-2.010784
1.267624
-2.400735
-1.486241
-2.602710
-2.281115
-2.626542
-1.345216
-1.982578
-0.677770
-0.945023
1.191917
-0.835810
2.843502
2.488068
0.280521
-0.404761
1.285878
-1.036976
-0.221434
0.931045
1.490323
1.426534
-2.299041
0.579282
1.389635
0.720356
0.563943
-1.117157
-3.363098
-1.221317
-1.000904
1.404453
1.621007
0.514917
1.443014
1.353450
-1.789978
0.146761
2.787167
-0.936714
1.055898
2.120801
0.007663
-0.399163
-1.248153
3.336466
-3.666253
1.190355
0.964949
-0.892634
-0.236818
-1.280392
-2.583915
-3.976325
1.544366
0.898210
1.066318
2.402965
-0.017931
2.208637
-1.990274
2.123075
-0.965880
-2.946854
1.096583
-0.720668
-1.695430
-1.048268
-2.079171
1.135052
0.061322
-2.584712
0.389683
-1.021703
-0.409990
1.177496
1.846177
-3.641798
-1.568257
1.303468
1.321199
-1.873345
-1.918172
-0.173439
-0.469964
-1.129889
-1.121982
-0.637511
2.000838
-1.888961
1.272106
2.004633
0.972891
-0.775251
2.236855
2.311157
-1.563632
1.306071
1.527668
-1.382123
2.456827
1.438075
-1.710059
-1.243266
1.597085
1.079726
-1.858004
-2.437310
-0.406976
2.642112
-1.095597
0.580067
0.907900
-3.754987
0.033792
1.596373
3.288912
-0.758348
-0.310339
3.143397
-1.819925
-0.257136
3.221333
1.264818
2.491403
1.761137
0.136111
4.054409
-1.283522
-2.537120
0.872472
-0.851143
0.102130
3.528364
2.398193
-0.105686
2.913484
4.750531
2.577887
-0.601397
1.216732
1.769702
-0.816560
-3.575591
-0.570187
-1.291599
-1.651665
-1.855747
-2.329353
3.367419
3.079660
2.150584
1.668898
-3.289922
0.205727
-0.414255
0.196620
-1.785548
-0.379060
-0.384256
-0.992033
0.696382
1.311273
-1.664398
1.273292
-2.272610
0.361794
-1.097530
-1.265931
-0.543399
0.561517
-0.824448
-3.939086
4.490036
-0.012648
0.678486
-0.679357
1.396942
1.070188
0.969145
0.148871
-3.197930
1.366918
0.345916
-1.904309
3.865912
1.063586
1.671491
0.882355
-3.778539
1.475550
-1.205833
-1.790728
0.630845
-0.748585
-0.317897
3.670731
1.647830
0.166398
1.627154
0.390562
-1.942986
1.208955
-0.052748
-1.125838
0.484837
-0.732079
-0.351995
0.790639
0.414460
1.232211
2.082508
0.243801
-1.795304
-1.850073
-3.211506
-0.158318
-3.248550
1.661831
0.313785
1.419953
-1.847834
0.210476
-2.574539
0.600149
0.929037
-0.883078
-2.876648
-1.523527
0.882644
0.297338
-0.525088
0.315420
-1.503042
-0.109387
-2.245272
-1.373054
3.951162
1.112609
-0.123931
-0.759951
-0.671218
0.064674
1.014016
-1.862398
-2.002427
0.433490
2.267070
-0.863402
1.453620
2.329057
0.056635
0.909550
-0.563715
-2.008898
-0.045477
-2.335128
-1.494469
-0.062328
-0.298408
-0.308797
-1.397738
-1.267263
-0.309241
0.375358
-0.389596
1.747559
-1.329019
-2.292482
2.912902
2.785588
0.195909
1.242981
0.367691
0.396602
-1.193954
-1.290577
-1.226607
-1.403128
-0.571890
-1.760663
0.846303
-3.280373
0.086167
3.692839
0.526494
-1.237821
