0.296780
-0.184085
-0.251413
0.294525
-0.588873
-0.324011
0.176440
0.306100
-0.215886
0.363549
0.134889
0.318692
0.014312
0.382551
0.285822
-0.008786
0.432947
-0.353383
-0.157572
0.028669
-0.636477
-0.242774
0.320243
0.463763
0.207894
-0.418594
-0.276524
0.495141
-0.190298
0.542181
0.212659
-0.025275
-0.462532
0.704967
-0.073126
-0.086624
-0.365731
-0.207165
-0.219383
0.339940
-0.407966
-0.145760
0.532278
-0.230829
-0.081945
-0.309757
-0.255052
0.505796
0.180010
-0.357294
-0.319508
0.239133
-0.244123
0.159330
0.046887
-0.177281
0.413264
-0.123850
0.212798
0.159960
0.266514
0.042261
-0.669395
0.434670
0.098659
-0.519186
-0.094036
-0.107147
-0.299493
0.010484
0.619711
-0.485051
0.370149
0.571181
0.325352
-0.214147
-0.379450
0.276759
0.001486
-0.009092
-0.161752
-0.173041
-0.482206
-0.000230
-0.045726
0.526826
0.374704
0.521412
0.035548
-0.379731
-0.445073
0.087309
0.253026
0.244774
-0.052144
0.122951
-0.481535
-0.382039
-0.498360
0.362798
0.068792
0.194657
-0.228166
0.289393
-0.431984
-0.255409
0.270108
-0.315041
0.474257
-0.197084
-0.167299
0.497762
-0.141354
-0.625476
0.012029
-0.348816
-0.452261
0.152368
0.010151
-0.128649
-0.453808
0.258897
-0.104663
-0.437006
0.370193
-0.208091
-0.024889
0.382392
-0.207310
-0.495705
-0.252152
-0.148410
0.469227
-0.185880
-0.249194
0.398023
-0.048310
0.197130
-0.019164
0.084555
-0.633283
-0.245841
-0.374749
0.046402
-0.167001
-0.357459
0.096963
-0.553772
0.483215
0.247777
0.250487
-0.539655
-0.633724
0.140260
0.321965
0.747478
0.571342
-0.215683
-0.012481
0.363739
-0.027549
0.565182
0.557986
0.005270
-0.062836
0.170986
0.468636
-0.357192
-0.183789
-0.031610
0.173709
-0.282061
0.150876
-0.070180
0.156128
-0.255532
0.526589
-0.115816
0.280945
-0.451539
-0.141444
-0.193286
0.013157
0.492945
-0.351648
0.347761
-0.521846
-0.188557
-0.166141
0.175086
0.521052
-0.154779
0.392229
-0.151830
0.162912
-0.064225
-0.148403
-0.488343
0.086919
-0.190612
-0.207061
0.098904
-0.583736
-0.531485
-0.459881
0.029876
0.165384
-0.308366
0.275560
0.296158
0.598767
0.427242
-0.703707
0.241776
0.510720
0.283359
0.012614
-0.191385
0.057149
-0.454641
-0.416409
-0.069219
0.573549
-0.802447
-0.464875
-0.078184
-0.325718
-0.324925
-0.300941
-0.151232
0.529754
0.036161
-0.526327
-0.049402
-0.605063
0.054935
0.658517
-0.439915
0.170207
-0.128852
-0.565723
0.175544
-0.176679
-0.133471
-0.546171
0.212567
0.203579
-0.319633
0.594348
-0.015347
-0.227649
0.067463
0.125134
-0.195643
-0.223426
-0.124819
-0.247664
-0.246361
-0.362650
0.098120
0.043571
-0.701306
-0.137011
-0.343278
-0.019818
0.370989
-0.570367
-0.127833
0.603159
0.180440
-0.435787
0.165559
0.375921
0.515062
0.218056
-0.321012
0.033211
0.015889
0.561969
-0.359083
0.310356
-0.241386
0.009028
0.407524
0.211902
-0.484098
0.141453
-0.215760
0.441631
-0.018606
-0.480693
-0.447684
0.222347
0.112162
0.267041
-0.090919
-0.351809
-0.642366
-0.322647
0.054579
-0.446491
-0.401218
-0.121848
-0.454584
-0.470226
0.100090
0.424355
0.697789
0.121987
0.696311
-0.711896
-0.568203
-0.342929
-0.073918
0.196730
-0.336300
-0.525458
-0.371006
0.069895
0.005553
-0.554988
0.118105
-0.324978
0.269099
0.510204
0.537717
0.175661
0.009227
0.143829
-0.270427
0.395484
-0.339651
0.557758
-0.542914
-0.016933
-0.320191
-0.406624
-0.038782
-0.352665
0.073602
0.293661
0.452345
-0.112897
0.055928
0.259427
-0.613906
0.203172
0.362262
-0.432000
-0.299349
-0.320767
0.071257
-0.002188
0.490350
-0.062714
-0.128414
0.056605
0.547910
0.059753
-0.131774
-0.241788
0.139954
0.432099
0.668329
0.333778
-0.590032
0.055343
0.366543
-0.191575
0.039529
0.150558
0.121815
0.393359
-0.120928
-0.262440
-0.348116
-0.527276
-0.003610
-0.138522
0.166402
-0.031085
-0.430662
-0.185003
0.053616
0.377979
-0.159766
-0.104254
0.256690
0.090049
0.107773
-0.260146
-0.206441
0.392973
0.258506
0.443586
-0.406411
-0.146544
0.362332
0.013002
0.303264
-0.086728
-0.355882
0.171551
0.402687
-0.384432
-0.036066
0.092159
-0.354670
-0.307273
-0.177814
0.006716
0.315115
0.196804
-0.107189
0.101318
-0.245171
0.099255
-0.114671
-0.311142
-0.229493
-0.152535
-0.158316
0.089175
0.149326
0.815599
-0.077137
0.090802
-0.251216
0.688264
0.306181
0.184723
0.229042
-0.231212
0.100866
0.150894
-0.047797
0.137108
0.324918
0.380839
0.009338
0.146304
0.360757
0.182524
0.597717
-0.178471
-0.243753
-0.339706
-0.381135
-0.490334
-0.713526
0.222993
0.195231
0.407744
-0.570466
0.092833
-0.061520
-0.169990
0.135170
-0.605416
-0.114376
0.327643
0.175827
0.116136
-0.053023
-0.521328
-0.067195
-0.194445
-0.366930
0.126307
-0.643477
-0.422934
0.459332
0.198196
-0.000260
0.855276
-0.372852
-0.470222
-0.294856
-0.203450
0.249264
-0.547630
0.218468
-0.283864
0.138705
0.068339
-0.525902
0.065871
-0.266874
-0.515321
-0.528949
-0.428991
0.009860
-0.014175
-0.536458
0.005573
0.196898
0.567887
-0.038772
-0.091457
0.638201
0.222105
-0.208720
-0.076072
-0.231599
0.356734
-0.258347
-0.389730
0.215733
0.363429
0.342397
0.123848
-0.156225
0.283133
0.441547
0.413159
-0.039363
-0.159472
-0.350278
0.117618
-0.263151
0.177610
0.016886
-0.340851
0.076147
-0.502998
0.372206
-0.435808
0.030570
0.284330
-0.076952
-0.497593
-0.155002
0.221017
-0.234650
-0.127946
-0.207361
0.229351
0.213379
-0.158256
-0.164545
0.269774
-0.423203
-0.152238
0.813798
-0.106740
0.078765
-0.309632
-0.042916
-0.369862
-0.490086
0.004883
-0.384865
-0.508053
0.203958
-0.224269
-0.049290
-0.399711
-0.220337
-0.250163
-0.080742
0.450051
-0.786423
0.136426
0.286000
-0.283910
-0.418849
-0.291333
-0.290865
-0.464354
-0.393789
-0.356262
0.143540
0.382749
0.034526
-0.037685
-0.386732
-0.242795
-0.489390
0.387665
-0.098013
0.226251
0.503990
-0.114160
-0.197816
-0.248263
-0.078363
-0.302001
-0.345522
-0.040394
0.299578
-0.031851
-0.578707
0.254538
-0.483063
-0.354042
-0.788069
0.322587
-0.364953
0.394775
0.300035
-0.141602
-0.223850
-0.290814
-0.482533
-0.308589
0.377437
-0.402893
-0.151491
0.329971
-0.208687
0.130890
0.191256
0.396048
0.564792
0.235230
-0.192198
0.489936
-0.339112
0.585632
0.273099
-0.490752
-0.433920
0.106873
-0.439276
0.174367
-0.024615
-0.208486
0.247332
-0.327102
0.159140
0.275971
0.257190
-0.035492
-0.217192
-0.455056
-0.328759
-0.167667
-0.416420
0.036587
-0.079128
-0.527157
0.105445
-0.536542
0.557261
-0.420435
0.131906
0.625091
0.156613
0.150803
0.374383
0.344288
-0.026495
-0.199166
-0.618388
0.251954
-0.267272
-0.537752
-0.413690
0.230027
-0.308117
-0.082805
-0.070207
-0.323470
0.483218
0.240117
0.005414
0.176320
-0.581733
0.138810
-0.381370
-0.443735
0.063695
-0.224958
0.375057
0.105433
0.139953
0.394713
0.487127
0.730762
0.376427
0.235001
0.403774
-0.679304
-0.527265
0.026465
-0.347226
-0.295786
-0.419038
0.323706
-0.217110
-0.661929
-0.271136
0.017130
0.226030
0.010956
0.255428
-0.539812
-0.048527
0.085322
-0.251793
0.630630
0.443927
0.096618
0.153393
0.354962
0.356743
0.184473
-0.409217
-0.329745
-0.487416
-0.016038
-0.330100
-0.013240
0.396295
-0.018792
0.027339
0.160998
-0.545827
0.659864
0.071042
0.222510
0.107853
-0.301233
-0.074299
0.195519
-0.132960
-0.664388
-0.295755
-0.469769
-0.563637
-0.111860
0.027465
-0.168652
-0.958127
-0.534105
0.073864
0.158625
0.236359
0.476246
-0.075694
0.229073
-0.245225
-0.399270
-0.424095
-0.789114
0.578024
0.358073
-0.094610
0.502674
0.275640
0.422220
-0.130795
0.120230
0.602819
-0.278244
0.068196
0.047998
-0.179491
-0.044938
0.188013
-0.031764
-0.342351
-0.136339
0.409267
-0.287370
-0.041822
0.169017
0.193017
-0.011646
-0.310341
0.171252
-0.383953
-0.275809
-0.219930
-0.166237
-0.530491
0.242411
0.117848
-0.038465
-0.420838
0.111549
0.660383
0.609737
0.642934
-0.095689
-0.370822
-0.564629
-0.296017
0.468359
-0.323915
-0.242894
-0.312496
-0.060198
0.321889
0.034748
0.372343
-0.051528
0.216579
0.525968
0.021625
0.244417
0.099354
0.296376
-0.418318
-0.279030
0.548018
-0.421410
0.203324
-0.260778
-0.343856
-0.423749
0.414777
-0.662926
-0.166717
0.270539
0.508719
