0.169656
0.106392
-0.259960
-0.625545
-0.224403
-0.183576
-0.062836
-0.019938
-0.302904
0.419762
-0.413017
-0.562002
-0.417038
0.170592
0.289932
0.345035
-0.207509
-0.015835
0.517695
0.048081
-0.074482
-0.348100
-0.047170
0.771031
-0.862710
0.435226
0.762497
-0.217385
0.334613
-0.378901
0.460741
-0.362189
-0.425686
-0.374697
0.560761
0.188999
-0.173721
0.542567
0.051079
0.224219
-0.169774
-0.427136
0.262592
0.403907
0.049075
0.236672
0.210128
0.188575
0.378497
0.228104
0.120602
0.499692
0.773816
-0.003724
-0.388321
0.087643
0.114881
-0.365530
0.207348
0.331086
-0.356102
0.486806
0.420456
0.689820
-0.404125
-0.109680
-0.406455
-0.283427
0.249330
-0.083445
0.202227
0.018780
0.288452
0.341037
-0.043075
-0.458290
-0.460564
-0.334081
-0.042218
-0.285368
0.098273
-0.294313
-0.367801
0.461438
-0.386460
0.576255
0.242237
0.354113
-0.212996
0.111351
-0.095938
0.104385
0.132520
-0.537508
0.207715
0.077866
0.281910
-0.479487
0.138191
-0.185812
-0.525466
-0.150073
0.457593
-0.302092
-0.183779
-0.225891
-0.196799
0.351958
-0.221226
0.422874
-0.034399
-0.428551
0.169681
-0.627231
-0.058452
-0.403762
0.528545
-0.178384
0.067038
-0.480894
-0.430028
0.013631
-0.049714
-0.159164
0.395791
-0.076411
-0.537223
-0.103861
-0.283151
0.297808
-0.049967
-0.118160
0.213292
-0.158196
0.568068
0.225331
-0.002801
-0.487554
-0.295565
0.085567
-0.348839
-0.252359
-0.017836
0.123398
0.271903
-0.038823
-0.436899
-0.515674
0.189633
0.252414
-0.379562
-0.275313
0.130837
0.481944
-0.251750
-0.647040
0.183578
0.031048
0.260417
-0.472514
0.025243
0.416712
-0.513553
0.062676
0.217446
0.070677
-0.193404
-0.115235
0.606818
-0.169734
-0.418341
0.016309
0.010499
-0.209394
0.154041
-0.033449
-0.460709
0.366285
-0.300769
0.417842
0.151540
-0.041226
0.036870
-0.565400
-0.025801
0.225977
0.085040
-0.053733
0.410929
0.284479
-0.348389
0.494647
-0.492804
-0.186757
-0.223564
-0.368031
0.085132
-0.652537
-0.329591
-0.189457
0.519691
0.288667
-0.532658
0.049937
0.192707
0.026353
-0.304388
-0.042163
-0.215934
0.114503
0.200719
-0.405976
-0.169238
-0.303044
0.321979
0.130048
-0.114670
-0.211105
0.265613
-0.489025
0.414431
-0.500718
-0.543704
0.104787
-0.015197
0.506868
0.480667
-0.524654
-0.002631
-0.097201
-0.358644
0.354588
-0.163282
-0.364573
-0.391263
0.339766
0.327644
-0.324688
-0.085771
0.071830
0.185820
0.300179
-0.498514
0.207854
0.797755
0.573854
-0.246741
0.077555
0.077594
0.009995
0.463385
0.489377
-0.586051
-0.292213
-0.110272
-0.358049
-0.097479
0.117507
0.487292
0.151897
0.069078
0.520621
-0.057363
-0.337034
0.159283
0.089801
-0.094456
0.412150
-0.428072
-0.163195
-0.528871
-0.335713
0.410303
-0.163380
-0.499309
0.013870
0.033136
0.078006
-0.035172
-0.090591
0.048328
0.108179
-0.290484
0.207458
0.169532
0.491981
0.113764
0.546279
-0.006781
0.600971
-0.051307
-0.353317
-0.346799
0.297485
0.429556
-0.064439
0.571406
-0.034398
0.107333
0.077798
0.416725
0.144035
0.325901
-0.043943
0.361470
-0.447545
-0.394679
-0.718007
-0.207371
0.294456
-0.279115
-0.056375
-0.627568
-0.179251
0.349921
-0.308425
-0.137725
-0.115319
-0.364391
0.350584
-0.127690
-0.059905
0.025735
0.238952
-0.168427
0.276968
0.240467
0.563201
0.738222
0.011327
-0.340010
-0.534700
0.067312
-0.449326
0.390264
-0.234506
-0.208912
0.454766
0.418161
0.073602
-0.045266
-0.516849
-0.167862
0.532307
0.399264
0.356884
0.337032
0.146307
-0.474070
0.192537
-0.493003
0.627943
-0.244119
-0.396739
-0.151553
0.659542
-0.349884
0.298640
-0.278644
0.203640
-0.248510
0.345542
-0.108458
-0.067794
-0.154041
-0.207594
0.256807
-0.128673
0.409601
-0.511313
0.112957
0.089942
-0.155116
-0.322752
0.528215
0.031889
0.185413
0.173338
0.083936
0.557982
-0.212861
0.067219
0.012648
0.371337
-0.239737
-0.045935
-0.289448
-0.238917
-0.096944
0.506552
0.046404
0.044936
0.331833
-0.188968
0.388130
0.017152
0.260302
0.429062
0.164796
-0.259631
-0.367067
0.411872
0.151298
-0.128725
-0.053561
0.559504
0.349323
-0.391776
-0.371015
0.683512
-0.233288
-0.276960
0.013629
0.349368
0.123171
0.070164
0.467530
0.481660
-0.297201
0.382347
0.025734
-0.045808
-0.160067
-0.113122
-0.178208
-0.362808
0.496589
-0.513106
-0.210646
-0.124275
0.287518
0.216427
-0.456639
0.494633
0.085522
-0.692283
-0.247899
-0.092605
-0.667371
-0.150461
0.162475
0.372482
-0.467071
-0.300751
-0.094188
-0.038422
-0.434143
-0.542062
-0.504408
0.305614
0.179013
0.083822
-0.250615
-0.702372
0.455082
-0.474940
0.264768
-0.020994
-0.302191
0.186752
-0.260701
-0.331453
-0.112905
0.323165
0.417001
0.077391
-0.041927
-0.330818
-0.107104
-0.257798
-0.192849
-0.604868
0.661393
-0.011145
0.103935
-0.165988
0.271224
0.053211
-0.323344
0.202829
0.276785
-0.169872
-0.109521
0.178306
-0.433482
-0.184897
-0.112039
-0.409787
0.061198
-0.488225
0.147296
0.201675
-0.371581
-0.092898
-0.597226
0.464587
-0.636515
-0.240621
-0.300699
0.492802
0.017421
0.461177
-0.383663
0.043718
0.902195
0.368875
0.457794
-0.203664
0.130946
-0.118789
-0.034317
0.130028
0.436289
0.494169
-0.361887
0.689288
0.516489
-0.082779
0.114180
-0.490027
0.562669
-0.110812
0.335028
0.501959
-0.502087
0.000700
-0.222859
0.588444
-0.140964
0.097096
-0.274740
0.217921
0.190830
0.144286
0.326324
-0.061566
-0.292983
-0.282664
0.037817
-0.283850
0.328380
-0.496017
0.117732
0.019609
-0.032967
-0.044069
0.323338
0.382347
0.511117
0.189940
-0.060622
-0.456071
0.017311
-0.284240
0.123933
0.030271
-0.275574
0.680970
-0.558151
0.087707
0.124521
0.369818
0.210033
-0.192977
0.290063
-0.382305
0.112393
-0.006167
-0.200819
0.309743
-0.309372
0.351944
0.220515
0.023254
0.445638
0.089429
0.106034
0.413804
-0.539518
0.325484
-0.086022
-0.424335
-0.143466
0.329058
-0.212788
0.291182
-0.474613
-0.311775
0.035329
-0.012403
0.036164
0.574494
0.338365
-0.491347
-0.534732
-0.224910
-0.179580
-0.158995
-0.072347
-0.299299
0.169449
0.358212
-0.348413
0.442123
-0.382842
-0.436980
-0.755413
-0.175100
0.283085
0.364641
0.254152
0.243967
0.219328
-0.033979
0.082491
-0.109935
-0.599684
0.278852
-0.070458
-0.074514
0.645290
-0.061483
0.316049
-0.529890
0.619236
0.173835
-0.238576
0.315381
-0.041013
-0.178755
-0.278257
0.024882
-0.058653
-0.482106
-0.312690
0.107870
0.451845
-0.122302
-0.016512
-0.139268
-0.164433
-0.211460
0.328905
0.230185
0.311714
0.146750
0.119025
-0.280828
0.225846
0.164028
0.270281
-0.011420
0.413767
-0.398117
-0.331006
0.578310
0.027771
-0.399867
-0.604140
-0.187509
0.160812
0.379736
-0.327267
-0.096598
-0.220354
-0.062951
0.727210
-0.146404
-0.494693
0.398531
-0.556138
-0.141755
-0.016151
0.215543
-0.245467
-0.248740
0.071991
0.007142
-0.356077
0.372220
-0.355967
-0.009701
-0.863724
0.183301
-0.402001
-0.385362
0.551364
-0.534986
0.106352
-0.347592
-0.191851
-0.282910
-0.626781
0.386081
-0.077611
-0.435659
0.179828
0.411900
-0.205035
0.619755
-0.231350
0.354407
-0.152909
0.287724
-0.209282
-0.015738
0.164947
0.275603
0.081050
0.315493
-0.140395
0.315860
0.025226
0.362593
0.072998
0.537650
0.087012
0.222379
0.376009
-0.334229
-0.112750
-0.274433
-0.301566
0.188604
-0.617821
-0.089155
0.119929
-0.246271
0.083883
0.542148
-0.018251
-0.170914
0.256123
-0.265520
0.187540
0.039141
-0.360916
0.014049
0.281228
-0.128303
-0.098885
0.466479
-0.398670
0.447550
-0.520585
0.683035
0.588073
0.174568
-0.702348
-0.176604
0.299508
0.273213
-0.539795
0.337214
-0.134583
0.078456
-0.289492
-0.517694
0.012742
0.365544
-0.125623
-0.256625
-0.305360
-0.576662
-0.166580
-0.355259
-0.060340
0.453378
-0.097860
-0.204620
0.291375
-0.373021
-0.269976
-0.602328
0.333885
-0.222064
-0.192679
-0.177913
-0.142945
-0.608593
0.839979
-0.008957
0.170530
0.201385
-0.194227
-0.139260
-0.385918
0.246916
0.077462
-0.752723
0.250843
0.330172
-0.161493
-0.131148
-0.743901
-0.008546
0.324438
0.888372
0.063976
-0.779345
0.235342
-0.261231
0.589926
0.334729
0.286533
0.040172
0.374597
0.225426
-0.213860
0.477702
-0.588617
-0.010477
0.261901
0.251270
0.017738
0.533631
