0.220050
-0.425641
-0.150807
-0.237400
-0.457570
-0.023268
0.116493
0.446632
-0.084564
0.322424
0.061772
0.107619
-0.448072
-0.462867
-0.092791
0.197944
-0.168427
0.354150
-0.103144
0.262586
-0.576143
-0.195444
-0.372936
0.469330
0.541240
-0.030803
-0.060073
0.001362
0.032547
0.020057
0.284738
-0.007411
-0.038242
-0.069560
0.180174
0.306213
-0.190275
0.040948
-0.063233
-0.451099
-0.132099
0.510963
0.133917
0.291866
-0.385869
-0.543204
0.021517
0.155575
0.178420
-0.217327
-0.142030
-0.071233
0.274416
0.403404
-0.019015
0.467662
0.314973
-0.490175
0.071070
-0.444744
-0.202551
-0.307231
0.210007
-0.301154
-0.416603
0.452447
0.403103
-0.407590
0.381182
-0.776280
0.436610
-0.411682
-0.072842
0.813698
-0.711410
0.241604
0.242248
-0.273844
-0.270752
-0.317716
-0.004079
0.126471
-0.441803
-0.113735
-0.268570
-0.150053
-0.464892
-0.099069
0.319866
-0.151738
-0.004989
-0.309040
-0.288462
-0.136444
0.189346
0.229215
0.374353
-0.323209
-0.555350
0.052740
-0.010905
-0.265029
0.167032
-0.246657
0.505427
0.133032
0.378161
0.303609
-0.042850
-0.206228
-0.019905
0.384854
-0.214186
-0.067396
0.319485
-0.110141
0.045279
-0.029072
0.025709
-0.013396
-0.272008
0.382306
-0.140997
0.533521
0.456760
-0.259296
-0.291181
0.512106
0.289586
-0.501985
0.521263
0.191610
0.187839
-0.498068
-0.552075
-0.463463
0.007571
-0.535465
0.232938
0.663522
-0.326447
-0.459329
-0.198252
0.084026
0.450547
-0.088977
-0.336526
-0.567591
-0.112553
-0.342382
0.143594
-0.497905
-0.109130
-0.073072
-0.302726
0.693295
-0.070335
0.424286
0.561880
-0.238430
-0.573920
0.250759
0.301650
-0.202367
-0.357315
-0.391918
-0.026781
0.159835
-0.298913
-0.485669
-0.408289
0.229778
-0.273178
-0.286287
0.499977
-0.547458
0.477386
0.334507
0.027748
0.071761
-0.324850
0.203473
-0.214933
0.382244
-0.123774
-0.037622
0.612053
0.195929
-0.492436
0.111439
0.480269
-0.794678
-0.455068
0.526340
0.336545
-0.014397
-0.280538
-0.055641
-0.229205
-0.130838
0.227623
-0.078173
0.069814
0.259269
-0.351500
0.225167
-0.276625
-0.140663
0.525794
0.082416
-0.249277
-0.251453
0.047439
0.339634
0.315772
-0.293379
-0.176297
0.091388
0.022318
-0.260915
0.299883
0.396624
0.433361
0.110640
-0.488722
0.342381
0.697227
0.193308
0.072010
0.097839
-0.401562
-0.046828
0.233705
-0.164546
0.050299
0.272572
0.365209
0.330849
-0.600752
-0.579420
0.073672
-0.029267
-0.547826
-0.158147
0.472119
-0.320763
0.556549
-0.038434
0.075871
-0.036503
-0.096843
-0.255669
0.125134
-0.413463
-0.139946
0.186615
0.024808
0.522154
-0.189615
0.202157
-0.123297
-0.483864
0.378580
-0.302801
0.631824
0.144292
0.512177
0.165143
0.202008
0.407443
0.000539
0.571323
0.029152
0.522793
-0.332547
-0.244175
0.094351
-0.182434
-0.226775
-0.109958
0.100603
-0.113841
0.389164
0.533225
0.167868
0.094555
-0.476927
0.069399
-0.567797
-0.309367
-0.051928
0.364733
0.234688
0.246346
0.191981
-0.257552
-0.557098
-0.599069
0.421092
-0.023780
-0.574666
-0.655138
0.404021
-0.047371
-0.119396
-0.385239
-0.443026
0.090149
0.186007
0.009820
-0.194149
0.295360
0.287778
-0.213877
0.388965
0.403619
-0.629078
0.122663
-0.090135
-0.112927
0.228776
0.407903
-0.065642
-0.089791
-0.292097
-0.559467
-0.339992
-0.415431
-0.454815
-0.016236
-0.222231
-0.175309
0.163154
-0.039360
-0.026402
0.182342
0.494966
0.613307
-0.470167
0.145397
-0.192832
0.011873
0.083975
0.049617
-0.433847
-0.040852
0.204832
-0.163066
-0.091868
-0.249683
-0.365035
-0.257368
-0.076393
-0.151190
-0.138717
0.108302
-0.109320
0.138981
0.285599
0.425499
-0.190832
0.335584
-0.581541
0.379158
0.443271
-0.126536
0.140205
-0.123525
0.269480
-0.318572
0.439245
0.028954
-0.013942
0.326105
-0.042181
0.464124
-0.057146
0.252247
-0.499083
-0.126387
-0.036042
0.243250
-0.276192
-0.261096
-0.473570
-0.075843
-0.102941
0.065897
0.310498
0.701778
0.017012
-0.609107
-0.121621
-0.469690
-0.437904
0.017152
0.191892
-0.138482
0.097530
0.419295
0.047889
-0.537422
0.179130
0.197177
0.331833
0.015063
0.045021
-0.216518
0.239837
-0.255754
-0.118392
-0.387819
-0.212951
0.192204
-0.375893
-0.048465
-0.000586
-0.169897
-0.139086
-0.162737
-0.174389
-0.239442
-0.206106
-0.582605
0.007319
0.289185
-0.326503
-0.668883
-0.181391
-0.472081
0.419753
-0.245788
-0.465009
0.563258
-0.254512
0.107899
-0.471954
-0.286053
-0.013946
0.597073
-0.432809
0.238635
-0.287133
-0.331382
-0.121647
-0.007645
0.279568
-0.510742
-0.242793
0.252746
0.650732
-0.058995
-0.312883
0.151089
0.268894
0.045042
0.228821
-0.605423
-0.140605
0.351612
0.402437
-0.164801
-0.324742
-0.212174
-0.559719
-0.236827
-0.096659
0.160744
0.390303
-0.267500
0.164929
-0.381695
-0.103348
-0.199822
0.223708
0.358145
-0.138490
0.272219
-0.164611
-0.192771
-0.374129
0.398327
0.408266
-0.222127
-0.034609
0.522450
0.272084
0.188033
0.092866
0.154853
-0.233917
0.561521
-0.203713
0.091365
0.039307
-0.323804
-0.294564
-0.058453
-0.300699
-0.046589
-0.499710
0.357324
0.253028
-0.379887
-0.658444
0.080868
-0.108699
-0.202074
-0.071688
-0.260157
0.146767
-0.649432
-0.482004
0.084078
0.736435
-0.302724
0.370850
0.039087
0.553396
-0.186691
0.284602
0.021121
-0.125585
-0.039004
0.279817
0.768447
-0.365581
0.358295
0.625038
-0.412802
0.272811
-0.350884
0.025520
0.529331
0.493382
-0.098437
-0.142757
0.212621
-0.204914
-0.020591
0.281170
-0.566233
0.037305
0.069498
-0.379400
-0.108540
-0.394584
0.005561
0.093609
0.113310
-0.028817
-0.362642
-0.478209
-0.405527
0.573325
-0.258559
0.201888
-0.722044
0.402823
-0.154269
0.674949
-0.148630
-0.721735
-0.189737
0.371565
-0.335470
0.265489
-0.265927
0.270770
0.517179
-0.052125
0.214851
-0.291645
-0.092085
-0.231579
0.284217
-0.450497
-0.173149
-0.113468
0.434211
0.346871
0.446247
-0.408715
0.402034
-0.360187
0.394062
0.242827
0.803061
-0.205275
0.516048
0.022753
-0.230247
-0.201089
0.226176
0.019402
-0.447300
0.313729
0.260956
0.253979
0.491458
0.053440
0.004168
-0.419930
0.439303
-0.421654
-0.339309
-0.456305
-0.331410
-0.028461
0.008087
0.060081
0.227943
0.245550
0.054354
0.252571
-0.313193
0.512407
-0.160569
0.104415
-0.438361
-0.012845
-0.308772
-0.100429
-0.102963
0.218167
0.364242
-0.385677
0.449933
-0.350562
0.011114
-0.242887
0.405691
0.161395
-0.408909
0.481296
0.379560
0.483575
-0.323616
0.201292
-0.162593
0.233355
0.238072
0.526082
-0.214333
0.394811
0.384228
-0.042587
-0.525391
0.515734
0.289634
0.224106
0.044071
0.530684
0.418215
0.035970
0.151967
0.273920
-0.081250
-0.409117
-0.336304
-0.394819
0.042443
0.159584
0.618957
0.438507
0.070486
0.564235
0.337204
0.185746
-0.353446
0.278917
0.307208
0.169490
0.562173
-0.060485
-0.297637
0.191789
-0.052042
0.284531
-0.615531
-0.259293
-0.103735
-0.675674
-0.127383
-0.082705
-0.353512
0.179718
-0.060001
-0.024004
-0.012889
0.266479
0.157940
-0.226697
-0.430200
0.571000
0.464380
-0.330713
-0.015140
0.122743
-0.560843
-0.030660
-0.190900
0.036564
0.733360
0.683888
-0.424313
-0.261647
-0.320069
-0.344417
0.263353
-0.098321
0.083411
0.245510
0.503713
0.113299
0.473556
0.160483
-0.400191
0.018627
0.258849
-0.091876
0.369587
0.297718
0.161260
0.134862
0.408312
-0.039315
-0.168107
-0.213455
0.519670
0.268114
0.382090
0.257921
0.268446
0.048820
-0.442638
0.082452
-0.035715
0.083152
-0.715344
-0.005270
0.534056
-0.468155
0.133143
0.372604
-0.240924
-0.430362
0.236175
0.452110
-0.196596
-0.437045
0.191698
-0.036098
0.162919
-0.453477
0.062620
0.205733
-0.170293
0.065750
-0.370727
-0.317728
0.010649
0.356588
0.176490
-0.224551
-0.442701
0.082711
-0.291138
0.037007
0.216286
-0.429152
0.024157
-0.020093
-0.342703
0.163679
-0.185248
-0.359288
0.361845
-0.517474
0.179556
0.876236
0.261384
0.059429
0.113284
-0.158483
-0.185816
-0.063599
0.045164
0.022197
-0.135621
-0.353861
0.265908
-0.090523
0.280141
-0.556913
-0.268555
0.200103
0.106405
-0.161062
-0.452219
0.439500
-0.185744
-0.069575
0.252277
0.386154
0.302497
-0.788237
-0.726186
0.628029
-0.603578
-0.008303
0.070189
0.250994
0.327318
0.191801
0.512594
