-0.161603
-0.165284
-0.224720
-0.470097
-0.187692
0.205714
0.390547
-0.014658
0.041345
0.146608
-0.029531
-0.284421
0.443099
-0.168529
-0.035220
0.204931
-0.507133
-0.591280
0.000824
-0.185536
0.243961
-0.229461
0.047374
-0.037606
0.227760
0.435226
-0.511213
0.135076
0.291180
0.013990
-0.180962
-0.357169
-0.577031
-0.254185
-0.337734
0.475713
-0.437325
0.100786
0.108247
-0.352860
0.345501
-0.455728
-0.044259
0.052927
0.031900
0.004447
0.445867
-0.430500
0.222151
0.025278
0.058348
0.499692
0.119812
-0.056164
-0.505905
0.538442
-0.406906
0.019068
0.356027
0.353217
0.436997
-0.331830
0.292430
-0.157386
0.513155
-0.600849
-0.433510
-0.237766
0.350423
0.199003
-0.054496
0.086508
0.054275
0.243547
0.205512
0.119122
-0.206174
0.020233
0.491677
-0.085816
-0.206273
0.175430
-0.571379
0.630577
-0.021247
-0.160883
-0.290794
0.768937
-0.212996
0.495588
0.085302
0.262123
-0.809922
-0.203553
0.415078
0.007744
-0.393104
-0.140131
0.188198
0.559053
0.662667
-0.216323
-0.013304
0.617603
-0.219115
0.704425
-0.331900
0.282690
-0.034751
-0.496213
0.204079
-0.346417
0.276219
0.152051
-0.257365
-0.403762
0.294233
-0.414848
0.104213
-0.352025
-0.352941
0.091975
0.377705
-0.499980
0.445103
-0.317365
0.105070
0.290148
-0.042538
0.571491
-0.653922
0.356006
0.471417
-0.306119
-0.325052
-0.254396
0.030709
0.193182
-0.441051
0.115285
0.180953
-0.171651
0.115192
0.327179
-0.715093
-0.176944
-0.382356
0.333888
0.124711
0.072543
0.074425
-0.439643
0.130837
-0.109311
0.428796
-0.447991
0.518035
0.295404
0.143710
-0.409519
0.025243
-0.005480
-0.199536
-1.015832
0.217446
0.555133
0.239109
0.162485
-0.625576
-0.214064
0.134234
0.077445
0.226667
-0.269256
0.109409
-0.632436
0.397722
0.366285
-0.221605
0.011066
-0.405043
-0.148794
0.254547
-0.335246
0.425033
-0.495955
-0.490412
0.662910
-0.037107
0.022468
-0.314360
0.541855
-0.329875
-0.161325
0.007069
-0.502336
-0.029659
0.216714
-0.592517
-0.549279
0.239876
0.201070
-0.347300
-0.065003
0.134868
0.322664
0.038563
-0.025181
0.309355
0.314564
0.505381
0.209169
-0.212775
-0.040687
0.025182
0.220176
0.205252
0.284219
0.063895
-0.089282
-0.400947
0.428243
0.380038
-0.029207
0.205312
0.319198
0.576232
0.169298
0.297704
0.039953
0.138452
-0.357525
-0.115996
0.127754
-0.545182
-0.346976
0.183134
0.175936
0.205967
-0.471817
0.402283
-0.456510
0.415036
0.223326
0.120709
-0.006575
-0.306176
0.134667
0.106931
-0.182485
-0.121398
0.464319
0.576658
0.408715
-0.517459
-0.414524
-0.012901
-0.213537
-0.170324
-0.166424
0.171619
-0.030167
-0.360997
-0.318506
-0.220044
0.335602
-0.342377
-0.006473
-0.108804
0.053665
-0.218925
-0.335713
0.201243
-0.455945
0.332407
-0.419476
0.269978
0.176725
-0.223360
0.485294
-0.206748
-0.023054
-0.051467
0.335677
-0.035441
-0.463641
0.271332
-0.164488
-0.369548
0.152775
-0.036145
-0.279304
-0.090884
0.073201
0.514995
0.450997
0.350285
-0.425985
0.207287
-0.167146
0.293011
-0.585962
-0.438496
0.556149
0.415541
-0.063061
0.245742
-0.735742
0.166826
-0.338934
-0.211508
-0.171432
-0.407911
-0.235890
0.233084
-0.422733
-0.401814
-0.115319
-0.448757
-0.123335
-0.022529
0.338806
-0.207682
0.238952
-0.351210
0.103434
0.315329
-0.337610
-0.195747
-0.123701
0.080695
-0.534700
-0.013260
-0.609222
-0.184078
0.037460
-0.208912
-0.583077
0.158511
-0.021678
-0.079702
-0.127222
-0.017467
0.056917
0.303386
-0.361916
-0.156571
0.016748
-0.431503
0.143514
-0.493003
-0.331859
-0.113830
0.193365
-0.271338
0.168523
-0.199470
0.162836
0.415611
-0.149849
-0.116115
0.385043
-0.339825
0.615272
0.083177
-0.022159
0.154267
-0.684324
0.040762
-0.469152
0.334588
0.488720
-0.109646
0.339324
-0.140454
0.172397
0.297989
-0.145777
0.279833
-0.053417
-0.208817
0.535228
-0.105146
-0.004671
-0.614345
0.404778
0.242870
-0.270869
0.152626
-0.459569
0.046404
-0.401136
0.271287
0.127835
0.452031
-0.389182
0.210668
0.198264
-0.288394
0.006859
-0.319918
0.330792
-0.128287
0.585330
-0.266299
0.448003
0.209785
-0.518036
-0.211509
0.402316
0.090309
0.407115
-0.308037
0.836515
-0.333114
0.160456
-0.095530
-0.209345
0.388498
-0.192095
0.314564
0.303598
0.301166
0.530899
0.356147
0.447911
0.295983
-0.513106
0.558121
-0.505274
0.015363
0.158762
0.434974
-0.360503
-0.292192
-0.692283
0.069269
0.061402
0.028491
0.737515
0.276179
0.031099
-0.426781
-0.284694
0.357281
0.409817
-0.486912
-0.523001
-0.552922
-0.377611
0.406455
0.069739
0.003376
-0.197659
0.394078
0.051760
-0.033264
-0.753005
0.478838
0.073145
0.236841
-0.216892
-0.112905
0.017310
-0.268542
-0.011094
-0.186723
-0.359884
0.083386
-0.555280
0.219151
-0.474595
0.372009
0.623630
-0.025689
0.249388
0.336139
0.155325
0.252918
0.026638
-0.302753
0.080945
-0.408770
0.145254
-0.300367
0.109393
0.400309
-0.654772
-0.023643
-0.166558
-0.222878
0.391377
-0.014175
-0.137508
0.180688
0.188199
-0.395628
-0.413529
-0.151502
-0.145498
0.583976
0.382029
-0.537819
0.429574
-0.203081
-0.127078
0.459731
-0.525588
-0.534092
-0.219318
-0.496131
-0.040765
0.250020
-0.477796
0.155966
0.649091
0.348807
-0.038532
-0.256205
0.140065
0.141900
-0.006099
0.688189
0.063193
0.440208
0.258432
0.219382
0.020764
-0.086560
0.159592
-0.434292
-0.240090
0.048028
0.283667
0.408439
-0.521470
-0.322248
0.038323
0.137528
-0.593321
0.446908
-0.601475
0.338636
-0.319274
-0.085582
-0.577279
-0.118173
-0.017825
-0.083513
-0.008142
0.394609
-0.456071
-0.574079
0.438177
-0.162671
0.099031
0.120569
-0.092718
0.210072
-0.266241
-0.257743
-0.052411
0.180264
0.076874
0.290738
-0.281934
-0.316034
-0.279775
0.392353
0.308511
-0.167712
0.351944
0.369448
0.088662
-0.128427
0.424331
-0.561670
-0.294988
-0.412690
0.489474
0.239785
-0.145163
-0.514283
-0.000091
-0.831987
-0.057197
-0.510925
-0.311774
0.447807
0.144534
-0.074056
-0.361731
-0.251300
0.200161
0.270570
-0.858780
-0.383608
-0.166406
-0.283485
0.311436
0.461480
-0.751361
0.262848
0.813903
0.612482
-0.305226
-0.550719
0.100979
-0.449131
0.503939
-0.191817
0.028296
0.091338
-0.632209
0.105598
-0.534980
0.574912
0.266364
0.558791
0.246601
0.432940
-0.066060
-0.476164
0.254758
0.253814
0.047894
0.090381
0.014033
0.512638
-0.178755
-0.244383
-0.607231
0.377617
0.400477
0.469776
-0.370589
-0.234287
-0.253175
0.635450
0.154363
0.154008
-0.041197
0.214066
-0.078880
0.527111
0.090349
0.042327
-0.326276
0.217622
0.333064
0.236064
-0.046281
0.006963
-0.577369
-0.391332
-0.224903
-0.285805
-0.323228
-0.419148
0.817865
-0.635720
-0.131688
0.167704
-0.301347
-0.243281
0.275180
-0.583216
-0.277484
-0.098206
-0.548906
-0.556138
0.431383
0.270736
-0.051454
0.265755
0.055559
0.383448
0.118120
0.266338
0.224021
-0.282001
0.123818
0.147822
-0.238566
-0.427627
-0.030283
-0.305714
-0.320456
0.076989
0.409150
-0.161324
0.067303
-0.025015
0.030135
-0.148524
-0.070026
0.237451
0.411900
-0.152412
-0.212714
-0.045314
-0.740555
0.186550
-0.070447
-0.169397
0.539240
0.068798
-0.100109
0.312231
0.285160
0.054769
0.225451
0.105312
-0.003225
0.143136
0.377431
0.276809
-0.158829
0.057205
0.128012
0.136435
-0.294820
-0.050630
0.152471
-0.064165
-0.054408
-0.578978
0.093076
-0.186389
-0.197033
-0.517554
-0.032755
0.005802
0.492821
-0.060363
0.575117
-0.276818
0.405460
-0.328827
-0.185847
0.065664
-0.190458
-0.071422
-0.424095
-0.644298
0.168552
0.395661
0.222777
-0.525198
-0.093688
-0.378253
-0.120308
-0.539795
0.209906
-0.300940
-0.251453
-0.601526
-0.192098
0.025145
0.365544
-0.304604
-0.066636
-0.242589
-0.042204
0.438491
-0.681554
-0.398449
0.017556
-0.390808
-0.045229
0.293637
-0.014426
-0.230497
0.696810
-0.098392
-0.148307
-0.182168
0.238477
-0.391648
0.300286
0.469562
-0.521805
-0.195813
0.500477
-0.552343
-0.370822
-0.139413
0.198275
0.649502
0.197578
-0.097506
0.169503
-0.177605
0.017480
-0.154993
-0.104335
0.394380
0.056827
0.043466
0.312321
0.106205
-0.085281
0.470031
0.270945
-0.146164
0.234641
0.343160
-0.594366
0.035490
0.477702
0.046483
0.072899
-0.190395
0.251270
0.361824
0.395819
