-0.254066
0.117180
-0.301736
-0.470097
-0.204829
0.205714
0.215274
0.416101
-0.302904
0.395729
-0.024544
0.128370
0.094918
0.422989
0.076754
0.211654
0.242483
-0.637935
-0.304359
0.032588
0.243961
-0.180975
-0.027010
-0.037606
-0.035039
0.435226
-0.035087
0.135076
0.481551
0.018241
0.014169
-0.051035
-0.264209
-0.100767
-0.337756
0.412878
-0.119601
0.100786
0.164010
0.300227
0.411831
-0.357628
-0.077340
0.015159
-0.041186
-0.336134
0.555287
0.245749
-0.122707
0.017566
0.014550
-0.218127
0.605681
-0.001227
0.177522
0.606592
-0.495353
0.678318
0.428192
0.447796
0.419589
-0.331830
0.120466
0.463648
-0.012293
-0.544562
-0.500883
-0.139962
0.322504
-0.451093
-0.007867
0.026652
0.317260
-0.044341
0.253415
0.243017
-0.126600
0.199474
0.491677
-0.173178
-0.263029
0.033291
-0.532345
-0.345410
-0.479480
0.317333
-0.321585
-0.163856
0.464257
0.050206
0.179988
0.064099
-0.814653
0.040097
-0.493265
-0.192088
-0.393104
-0.033930
-0.535206
0.578997
-0.160755
-0.075433
0.233569
0.611444
-0.236413
0.026273
0.449320
-0.428850
-0.389342
-0.496213
0.566946
0.573447
-0.063606
-0.076469
-0.318460
0.399243
0.334203
-0.029072
-0.198787
-0.303367
0.060411
0.096467
0.116999
0.142012
0.416129
-0.292104
0.021636
0.385072
-0.042538
-0.464901
0.521263
0.284382
-0.199204
0.058099
-0.409966
0.037447
0.168854
0.159079
-0.416734
-0.108614
0.127840
-0.240803
0.083009
0.206519
-0.648640
-0.348083
0.119086
0.345582
-0.269607
-0.431374
-0.322787
-0.326146
-0.023089
-0.046792
0.445430
-0.421551
0.518035
0.196663
0.143710
-0.409519
0.041433
0.018754
-0.338136
-0.104454
0.217446
-0.204783
0.239109
0.016030
-0.485963
0.288120
-0.182354
0.009505
-0.135610
0.469977
0.259595
-0.496787
0.444431
-0.188063
0.478758
0.096841
0.222234
-0.372768
0.254547
-0.344239
-0.770054
-0.495955
0.383963
0.052987
-0.185568
-0.004256
0.506806
0.478493
-0.126966
-0.253388
0.007069
0.116608
0.068427
0.175513
-0.278877
-0.549279
0.519790
0.274131
-0.507469
-0.518046
-0.400230
-0.160202
0.140164
0.022798
0.212167
0.139341
0.505658
0.372545
0.067705
-0.271492
0.458556
-0.253305
0.226589
0.284219
-0.006969
0.193478
-0.210082
0.526740
-0.107653
0.060373
-0.593145
0.444493
0.202055
-0.417897
0.208066
0.339500
0.146314
-0.343041
-0.115996
0.216910
-0.497552
0.145110
-0.272601
0.175936
-0.057166
-0.395374
0.402283
-0.363525
-0.381608
-0.254145
0.418407
-0.048685
0.473402
0.325839
0.040343
-0.278255
-0.022922
0.527809
0.432519
-0.100599
0.125240
-0.308819
0.396577
0.557442
-0.135845
0.202157
0.282873
-0.030167
-0.387831
-0.319922
-0.239825
0.335602
0.190563
0.701033
0.050470
0.053665
-0.218925
-0.238902
0.130912
-0.473324
-0.309012
0.531928
-0.040736
0.176725
-0.223360
-0.318300
-0.206773
-0.071157
-0.337611
0.335677
-0.035441
0.559935
-0.084090
-0.224264
0.506554
-0.251478
-0.126562
0.438374
-0.131093
-0.183166
0.348570
0.077930
0.283159
-0.146897
-0.314522
-0.141808
0.171472
-0.582449
-0.355705
0.272880
-0.664625
0.086106
0.338382
-0.759881
0.166826
0.572733
-0.042911
-0.171432
-0.582377
-0.086997
0.207048
-0.526870
-0.401814
0.309463
-0.090135
-0.007891
0.019563
0.489245
-0.207682
0.017017
-0.351210
0.259811
-0.074054
0.316562
0.077359
-0.066325
0.378033
-0.136514
0.163154
-0.510465
-0.122544
0.046927
-0.230463
0.252887
0.508454
-0.159654
0.210250
-0.598760
0.331882
0.072359
0.257085
0.038079
-0.156571
-0.099225
-0.263503
0.326308
-0.172892
0.417721
0.506690
0.144014
-0.271338
0.240449
-0.266044
0.074347
0.196921
-0.162422
-0.072882
0.434276
0.110292
-0.235939
0.285397
-0.045280
0.062252
-0.719408
0.414725
-0.286331
0.456198
0.076450
-0.020557
-0.526896
0.080070
-0.139519
0.048596
0.023668
0.171544
0.410594
-0.111822
0.377220
-0.428423
-0.045311
-0.386828
0.434432
0.231283
0.272294
0.069814
0.486915
-0.126056
-0.646342
-0.162035
-0.312254
0.273098
-0.110278
0.339972
-0.005815
0.362372
-0.307214
-0.357371
-0.196493
-0.159036
0.329836
-0.230772
-0.063579
0.209785
-0.475715
-0.211509
0.338977
0.067272
-0.400326
-0.308037
0.449064
-0.333114
0.085171
-0.095530
0.321496
-0.257630
-0.124509
0.277947
0.240392
0.270550
0.156796
0.356147
0.011247
0.073440
-0.015452
0.457253
-0.479253
0.015363
0.216427
0.515870
-0.594566
-0.210576
0.287235
-0.006185
-0.036933
0.054390
0.796739
0.182415
0.169462
0.436672
-0.219736
0.096823
-0.183525
0.268645
-0.516340
0.220822
0.047240
0.354547
0.121679
0.464671
-0.169664
0.217738
-0.084825
-0.325386
-0.446969
0.282281
-0.119270
0.402437
-0.216918
0.054338
0.350962
-0.218894
-0.074423
-0.222072
-0.359884
0.014895
-0.348518
0.219151
-0.464736
0.730007
0.536900
0.223708
0.249388
0.299324
-0.552634
0.283668
0.170791
-0.428104
0.222126
-0.410078
0.140427
-0.026894
0.024273
0.400309
-0.567048
-0.023643
0.175455
0.451022
0.391377
0.064809
0.313064
0.180688
0.201946
-0.395628
-0.446778
-0.138635
-0.380878
-0.065197
-0.108263
0.441920
-0.059307
-0.297112
0.451181
-0.491072
0.282512
-0.554473
-0.330197
-0.594276
0.354518
0.250020
-0.457389
0.155966
0.649091
0.095702
-0.095339
-0.247057
0.140065
0.353230
0.418813
-0.300198
0.898498
0.444902
0.258432
0.064249
-0.036591
-0.139883
0.105414
0.210945
0.355717
0.014916
0.293926
0.310432
-0.143106
-0.322248
-0.384278
0.113496
-0.383685
0.055240
-0.601475
0.323710
-0.447459
0.266783
-0.034743
-0.017852
-0.017825
-0.297319
-0.503202
0.353184
0.219230
0.231636
0.426682
0.023580
0.099031
0.120569
-0.722044
-0.335801
-0.266241
-0.202757
-0.052411
0.124624
0.462072
0.139408
-0.281934
-0.366531
-0.238654
0.362803
0.472679
-0.089761
-0.016151
0.160269
0.218556
0.319742
0.261061
0.067890
-0.348255
0.577697
0.587518
0.341027
-0.109093
-0.421281
0.486204
-0.420540
-0.107114
-0.245618
-0.093581
0.447982
0.243932
0.304738
0.013671
0.675694
0.138027
0.224026
-0.467353
-0.405782
0.464252
-0.079575
0.272986
0.370725
-0.760530
0.130912
0.317176
0.651596
0.486399
-0.456305
-0.516996
-0.456849
-0.529494
-0.191817
0.248289
-0.285758
-0.542064
0.105598
-0.142188
0.527299
0.195495
0.558791
0.222361
0.432940
-0.385574
0.142114
0.184268
0.192301
0.047894
-0.443276
0.402888
-0.403118
-0.186359
-0.291949
0.032845
0.309015
-0.639191
0.469776
0.263060
-0.071178
0.128073
0.544301
0.067529
0.580553
-0.031903
0.608049
0.572002
-0.108100
0.070947
0.118902
-0.326276
-0.548236
0.333064
0.263079
0.173252
-0.197011
0.085770
-0.405258
0.507013
-0.317708
0.271698
-0.288436
0.817367
0.307463
-0.131688
-0.107967
0.283569
-0.251917
-0.127613
-0.583216
-0.271472
-0.073218
-0.548906
0.312621
-0.489598
0.270736
0.213020
-0.179228
-0.304866
0.323009
-0.365912
0.257723
0.152759
0.000376
-0.025244
0.147822
0.336334
-0.387480
-0.059079
-0.116262
-0.044463
-0.368838
0.409150
0.010915
-0.404911
-0.485092
-0.017047
-0.248888
0.538280
0.237451
-0.356641
0.013258
0.174208
-0.034405
-0.699862
0.142061
0.280634
-0.546036
0.482025
-0.298706
-0.076979
0.218654
-0.411122
-0.060630
0.225451
0.157041
-0.032278
0.143136
0.490288
0.145820
-0.175032
-0.020234
0.128012
0.519223
-0.331790
0.200380
-0.108554
-0.064165
-0.010486
-0.522159
0.030574
-0.104382
-0.337626
-0.517554
-0.181782
0.060857
0.492821
-0.060363
0.133193
-0.029816
-0.207637
-0.458318
-0.309867
-0.105829
0.019749
-0.071422
-0.132097
0.287399
0.207101
0.395661
0.345876
0.288488
-0.209251
-0.427759
-0.026261
-0.539795
-0.053650
0.097208
-0.257991
-0.601526
-0.377449
-0.050116
-0.133260
-0.177366
0.143445
-0.057528
-0.176516
-0.366291
-0.681554
-0.371737
0.017556
-0.221931
-0.297756
0.473492
0.043973
0.118761
0.326528
-0.064123
-0.235496
-0.182168
0.301792
-0.382538
-0.473913
0.491509
-0.308338
-0.195813
0.531653
0.273852
-0.315215
-0.139413
0.293746
0.161747
0.684152
0.399613
0.305976
-0.212695
0.309707
0.147954
-0.012837
-0.233770
0.800311
0.087981
0.312321
0.001036
-0.164972
0.473797
-0.186710
-0.257688
0.234641
0.323589
-0.953139
-0.053394
0.126810
-0.089426
0.318494
-0.190395
0.230167
-0.377075
0.525260
