0.133660
0.163978
0.169802
0.104465
-0.010441
-0.645468
0.268302
0.139263
-0.117356
-0.200056
0.116120
-0.290913
0.148114
-0.217141
0.208623
0.063353
-0.015156
0.625021
0.204123
0.054970
-0.717150
0.194873
-0.591693
0.014002
0.444599
0.043940
0.451076
-0.187601
-0.278189
0.034857
-0.249979
-0.023928
-0.201979
-0.280035
0.385402
-0.012406
-0.242880
-0.063456
-0.618509
0.303703
0.334024
-0.427136
-0.556491
-0.263572
-0.528329
-0.348727
-0.118344
0.578678
-0.006882
0.223603
0.357041
-0.489658
0.194920
0.533318
-0.015881
-0.366492
0.198755
0.341950
-0.150257
0.337636
-0.047280
0.576687
-0.661374
-0.185105
0.246705
-0.487900
0.319163
0.310741
-0.436053
-0.445632
-0.281617
0.168046
0.227331
-0.182030
0.539500
0.324333
-0.143199
0.127926
0.320730
-0.370466
-0.082006
-0.323798
0.155030
0.353821
-0.319978
-0.419677
0.198338
0.848707
0.394305
-0.022105
-0.068275
0.215270
-0.340237
-0.025615
0.234817
-0.128107
0.314419
-0.342223
-0.178317
0.374808
-0.033580
0.134010
-0.116795
-0.145186
-0.013867
-0.230025
-0.093618
0.297166
0.800623
-0.150052
0.398589
0.358385
-0.510779
0.201592
0.191179
-0.175711
0.010631
-0.324333
-0.208093
-0.125919
0.456366
0.026423
0.061324
-0.460559
0.302233
0.149537
0.324654
-0.452121
-0.105078
-0.491521
0.275782
0.516229
-0.078172
-0.423556
0.347979
-0.226801
-0.026852
-0.660613
-0.078370
-0.000433
-0.416702
-0.228573
-0.388493
0.399154
-0.253137
-0.078181
-0.077580
0.048333
0.315520
0.316085
-0.111329
-0.211029
0.582732
-0.042539
-0.510141
0.640954
0.313352
0.171018
-0.555368
0.310390
-0.126599
0.416712
0.464677
0.420379
-0.253074
-0.589537
-0.145629
-0.578127
0.255099
0.246497
-0.030847
0.361779
0.084360
-0.303037
-0.175199
-0.743208
0.332604
-0.013807
-0.222444
0.006223
-0.192631
-0.043192
-0.201068
-0.558678
0.299897
0.170976
0.509165
-0.337225
0.032444
-0.395886
0.206665
0.123383
-0.170956
-0.159387
-0.210051
0.026515
-0.175887
-0.227363
-0.102420
0.659315
0.283239
0.221414
0.367502
-0.462386
-0.463535
-0.031019
0.309903
0.163512
-0.244165
0.006626
0.267445
0.475575
0.021795
0.276051
0.398426
-0.399978
-0.162206
0.175646
0.368026
0.245344
-0.349827
-0.126880
0.569069
0.128427
-0.524731
-0.106658
0.729804
-0.444490
-0.310012
-0.583512
0.354345
0.573826
-0.140428
-0.143183
-0.219767
0.378901
0.265463
-0.163697
-0.416484
-0.018952
-0.486339
0.194613
0.284016
-0.229923
0.304778
-0.001895
-0.000717
-0.600957
0.205755
0.479097
0.021826
0.570402
0.124582
-0.431681
0.705306
0.257110
0.241452
-0.249855
0.261423
-0.158327
0.416084
0.376693
0.259819
-0.319879
0.756497
-0.042498
-0.500537
-0.478695
-0.189184
-0.420426
-0.297878
-0.603164
-0.348891
0.156281
-0.489644
0.552037
0.076311
0.171086
-0.414982
-0.217217
0.210595
0.305162
0.444624
0.419000
-0.098116
-0.239497
0.281867
-0.036454
0.428929
-0.282988
-0.250975
0.313929
-0.084439
-0.286068
0.001952
-0.130058
0.194071
-0.643349
-0.497992
0.415318
0.196971
-0.577327
-0.090108
0.381164
0.164935
-0.352048
-0.031915
0.352601
0.506198
0.272859
-0.227640
-0.448334
0.165999
0.156756
0.134956
0.463784
-0.464103
0.246628
-0.234152
-0.020179
0.390100
0.114198
-0.111423
0.220504
-0.142262
0.078272
-0.158951
-0.171131
0.159287
0.462462
0.395675
-0.186148
-0.174756
-0.172265
-0.180726
0.024926
-0.351711
0.112113
-0.241549
0.322176
-0.082553
-0.061107
-0.199593
0.362860
-0.137129
0.389457
0.283889
-0.109528
-0.692371
-0.338652
-0.273842
-0.187793
-0.362016
-0.238098
0.284285
-0.133258
-0.268731
0.068822
-0.228648
-0.303365
0.450903
0.355754
-0.503192
0.119561
0.158176
-0.382721
0.422673
0.305819
0.414725
-0.248410
0.304048
0.307674
0.468059
0.095699
0.488706
-0.199817
-0.586270
-0.113402
-0.007699
0.139053
0.154118
-0.410095
-0.055854
-0.169472
0.257526
0.411066
-0.235053
-0.323255
-0.514327
0.487555
-0.066257
-0.122803
0.691716
0.169591
0.126251
-0.604969
-0.315492
-0.218426
0.045427
0.212936
-0.167522
0.354503
-0.083595
0.328294
0.188394
0.043338
-0.230788
0.078542
-0.147711
0.191956
0.055571
0.421625
-0.038248
0.374433
-0.403540
-0.251482
0.169406
0.084359
0.331192
-0.143536
0.251944
0.494147
0.015750
0.373401
-0.105209
0.016736
0.241655
-0.120932
-0.185411
-0.443690
0.143866
0.348315
-0.422806
-0.501268
-0.051187
-0.463825
0.124381
0.489709
-0.107237
0.509282
-0.122754
0.292596
0.099335
-0.271195
0.194525
-0.419615
0.074075
-0.366090
0.224368
0.164113
0.264462
-0.737811
-0.112220
0.425124
-0.104681
0.536244
0.298626
0.626671
-0.206502
0.273489
0.282940
-0.518204
-0.244012
-0.310050
-0.448963
-0.789393
-0.043747
0.015690
0.053725
0.451077
-0.065028
-0.192023
-0.169774
-0.187783
-0.117404
-0.141513
-0.253127
-0.133378
-0.118594
-0.231913
0.413019
-0.041613
0.013725
0.238359
-0.445386
0.136489
0.030575
-0.212807
0.255891
0.020894
0.120313
-0.304033
-0.219156
-0.057623
0.078014
-0.324796
-0.104041
-0.259998
-0.125323
-0.395517
-0.004443
-0.676518
0.010547
0.112843
0.333594
-0.732163
-0.649141
0.542773
-0.118917
-0.237158
-0.138480
-0.411645
0.158513
-0.138634
0.194045
0.048580
-0.489728
0.018580
-0.462972
0.140065
-0.254434
0.078011
0.704649
0.363235
-0.250674
-0.175300
0.049928
0.139573
0.445423
0.252992
-0.229702
0.652668
0.256961
0.408591
0.320360
-0.499618
0.337946
-0.363995
-0.035674
0.417966
-0.782883
-0.034152
-0.223902
-0.185871
-0.189656
-0.674712
0.323178
0.503505
0.289540
-0.432214
0.338509
0.610331
0.308542
-0.261938
-0.024437
-0.481087
0.312274
0.016824
-0.435516
-0.211063
0.173851
0.481994
-0.032869
0.438908
-0.375136
-0.324697
-0.227733
-0.595736
0.079542
0.568588
-0.354476
0.459760
0.321680
-0.097610
-0.257568
0.277704
-0.151093
-0.346318
-0.251505
0.133529
0.172652
-0.578578
-0.045882
-0.070263
-0.207241
-0.449351
-0.006525
-0.393465
0.374007
0.524208
-0.297026
0.520076
-0.306238
0.302620
-0.239497
-0.080198
0.795587
-0.372525
0.342740
-0.429405
-0.105840
0.329884
-0.253901
-0.581245
-0.418084
-0.360784
-0.171045
-0.401318
0.328920
0.490570
0.367920
-0.248173
-0.171324
0.274498
-0.256664
-0.150294
-0.343023
0.165126
0.099649
-0.082139
0.353427
0.405658
-0.140727
0.188060
-0.642977
0.050669
-0.145592
0.498097
-0.130913
0.432619
-0.092539
0.035838
-0.208596
0.264444
-0.278498
0.043510
-0.658059
0.369848
-0.058361
0.114101
-0.646509
0.342985
0.182337
-0.189406
-0.031028
0.030960
0.128946
0.331255
-0.496040
0.019047
0.428298
-0.123583
0.525825
-0.226885
0.025999
0.016080
-0.345743
-0.221774
0.395999
0.119622
0.037340
0.074885
0.305356
-0.370965
-0.142107
-0.007877
-0.599293
-0.336530
0.354041
-0.196601
-0.068882
0.140941
0.232995
-0.325335
0.133979
0.408121
-0.108698
-0.152289
0.067206
0.420403
-0.332701
0.556756
0.176078
0.327891
0.007823
-0.028315
0.220725
0.261722
-0.231930
0.203280
-0.662857
-0.172124
0.314667
0.188321
-0.573091
-0.237188
-0.001519
-0.049019
0.299561
-0.199193
0.460958
-0.608627
-0.540609
0.218741
0.404421
-0.393555
-0.287080
-0.451168
-0.369693
-0.430577
-0.134682
0.053796
-0.287790
-0.040678
0.183923
0.267989
0.263833
-0.078828
0.409354
0.381150
-0.095175
-0.436849
0.353467
0.247150
-0.031660
0.056594
0.134897
-0.466910
-0.001191
0.435417
-0.180489
0.524580
0.237344
0.133868
0.235618
0.102460
-0.097885
0.336112
0.565342
0.650290
0.387604
0.036100
-0.563101
-0.306551
-0.097569
-0.034000
-0.367600
-0.198897
0.599217
-0.404661
-0.410232
-0.258853
-0.473024
0.666849
-0.139918
0.313898
0.272358
-0.771936
0.082869
-0.001709
0.204931
-0.335973
0.105242
-0.059090
0.096966
0.012327
0.154005
-0.216123
0.485542
-0.366875
-0.647101
-0.612091
-0.364975
0.388423
-0.016934
-0.647389
0.412253
-0.666549
0.010901
-0.419259
-0.237476
0.351345
0.120699
-0.406414
0.293090
0.340390
0.108189
0.041958
0.006449
-0.378023
0.721692
-0.690302
-0.034327
-0.119309
-0.003167
-0.329281
0.308264
0.822433
0.064494
-0.412920
0.277377
0.119778
0.547685
-0.225263
0.073828
-0.112057
0.215960
-0.690559
-0.148320
-0.414543
-0.521263
0.217459
-0.157839
-0.050571
0.308271
0.304441
