-0.044993
0.347091
-0.369552
-0.499505
-0.218939
0.492719
-0.044614
-0.341676
-0.237914
-0.140823
0.035368
0.013580
0.145940
-0.606182
0.235783
0.327032
-0.024476
0.055806
0.114653
0.087684
0.423409
-0.286257
0.302122
0.603489
0.361196
0.297373
0.006981
0.205330
-0.115644
-0.022277
0.421422
-0.161756
-0.594895
-0.198477
0.320122
-0.123794
0.934784
0.259246
-0.158229
-0.320628
0.034568
-0.384526
0.200710
0.194728
0.374254
-0.451083
0.356226
0.383335
-0.078777
-0.325122
-0.299496
0.053534
-0.116692
-0.266348
0.667700
0.415807
-0.491196
0.095129
0.478626
0.318433
-0.187443
-0.437027
0.459662
-0.524093
-0.017312
0.424851
0.451072
-0.077672
0.224942
-0.412587
0.098492
0.067240
0.118189
0.729632
-0.375667
-0.297451
-0.421659
0.359612
-0.277571
-0.632658
-0.356604
-0.661388
-0.538859
-0.126435
-0.168023
0.246949
0.407325
-0.113555
-0.724706
-0.273113
-0.113103
0.065631
-0.575101
-0.290527
-0.020903
0.023203
-0.207496
-0.441570
-0.602681
0.222021
-0.129740
-0.057860
-0.096455
-0.567854
-0.559473
0.093791
0.072481
0.188738
0.329878
0.011671
0.188089
0.388325
-0.151256
-0.067396
-0.367103
-0.184215
0.251437
0.023172
-0.082851
0.003841
0.168596
0.277768
0.540797
-0.192125
0.219346
0.221702
0.095081
0.452701
0.409975
0.026785
0.546643
0.507107
-0.299763
0.174257
0.093618
0.174727
0.254032
0.428214
0.496716
0.120242
-0.271131
-0.265473
0.178714
0.097271
0.037045
-0.109184
0.567288
0.024256
0.631398
-0.617101
-0.148061
-0.245867
-0.055338
-0.147608
0.477322
-0.303480
-0.103446
0.181457
-0.142793
-0.040827
-0.222840
-0.070317
0.310998
-0.267343
0.300707
-0.443816
-0.010422
-0.339819
0.292025
0.065718
0.279979
-0.334569
0.259806
0.014505
0.232839
-0.369066
0.065779
0.522382
-0.086248
0.439261
0.049622
-0.168476
-0.125560
-0.499118
0.421220
-0.066526
0.091353
0.398817
0.004284
0.286109
0.245958
-0.359889
-0.584902
0.540270
-0.290793
-0.127761
0.473958
-0.522084
-0.324138
-0.476973
0.468688
0.131052
-0.201178
-0.177144
-0.409034
-0.146366
0.273540
-0.247709
-0.221200
-0.342602
0.312801
-0.710470
0.179257
0.339634
0.482866
0.138558
0.008193
0.176435
0.145003
0.019500
-0.035091
-0.074267
0.329669
-0.750730
0.018614
0.006172
0.627509
-0.075938
-0.446585
0.010424
-0.170089
0.137518
-0.243544
0.261870
0.198866
0.148304
-0.240299
0.030020
-0.133592
-0.385691
0.158663
-0.383293
0.092146
0.071061
0.327252
0.123888
-0.186475
-0.470054
-0.201671
0.160848
-0.106573
0.187645
-0.118422
0.202079
-0.294062
-0.276356
0.344222
0.219907
0.332499
0.160065
-0.427577
-0.320201
-0.418103
-0.358897
0.333246
0.293684
-0.336305
0.378760
0.011914
-0.236905
0.306610
-0.157020
0.364663
0.233329
0.294894
-0.388763
0.122879
-0.247176
-0.084721
0.548883
0.337682
0.159338
0.413308
0.326828
-0.426758
-0.164721
-0.691272
-0.045019
0.448158
-0.099775
0.027463
-0.379086
-0.137758
-0.414201
0.000035
-0.029419
0.175474
-0.589812
-0.269162
-0.297575
0.068866
-0.116957
-0.168344
0.122777
0.572406
-0.048503
-0.118957
-0.101410
0.062384
-0.788887
-0.128559
0.490408
-0.236249
-0.011632
0.206024
-0.533895
-0.166557
0.120007
0.384248
0.146154
-0.053628
0.447096
-0.125046
0.035949
-0.017145
0.600726
0.266297
-0.645117
0.144313
-0.013061
-0.096085
0.180750
0.248589
-0.606720
-0.227804
0.072454
-0.375231
0.284135
0.149147
-0.129023
-0.043029
-0.131426
0.899670
-0.324415
-0.675468
0.390451
-0.080327
-0.088736
0.252381
-0.442796
-0.123540
-0.178069
0.126685
0.288419
-0.380210
0.343412
0.246706
-0.303947
0.285599
0.391951
0.160596
0.116477
0.548147
0.375061
0.342859
0.223420
0.291651
0.070790
-0.331844
-0.104049
-0.106606
0.263379
0.039913
-0.320105
0.160557
0.140820
-0.205735
0.117271
0.197223
0.297277
0.092131
-0.271290
-0.145975
0.245254
-0.377631
0.016440
-0.066641
0.372490
-0.580724
0.391684
0.285221
-0.333216
0.042957
-0.128014
0.574229
-0.389437
0.118851
0.116161
-0.018533
-0.407645
-0.234462
-0.537422
-0.090810
-0.109024
0.175030
-0.718354
0.269692
-0.354345
0.101352
0.318080
-0.452473
0.359950
-0.320098
0.081163
-0.414050
0.257131
0.346342
-0.257272
-0.114683
0.098579
-0.106307
0.349660
-0.304567
-0.497747
0.051244
0.351481
-0.661509
0.404992
-0.459645
-0.699934
0.543149
-0.117088
0.387598
-0.207430
-0.377639
0.184264
-0.269118
0.310029
-0.454463
0.357526
-0.271496
-0.094255
-0.015203
0.448854
0.465889
0.383167
-0.015022
-0.081274
-0.023229
0.126417
0.335141
0.059013
0.475879
-0.251689
0.171085
-0.032631
-0.170278
0.030779
0.099616
-0.157685
0.314843
0.198456
0.277020
0.417243
-0.386044
-0.398242
-0.082632
0.114819
0.509797
-0.239234
0.167195
-0.232412
0.433390
0.218646
0.049155
-0.045475
0.069837
0.136712
-0.501635
0.438129
0.733926
0.193729
0.294463
0.238125
-0.359027
-0.618188
0.145373
0.162088
-0.465556
-0.024342
0.057098
-0.147822
0.424648
0.281946
-0.440359
0.170763
0.347494
-0.385933
0.218488
-0.212086
0.235039
0.536974
0.059835
-0.435935
0.516259
0.094110
-0.086998
-0.238262
-0.488217
0.013657
0.183162
0.235538
-0.182466
0.173125
-0.257729
-0.095545
0.277697
0.208712
-0.334242
0.001166
0.395445
0.397227
-0.047083
-0.171096
0.092228
0.328165
-0.286290
0.082054
-0.019244
-0.764711
-0.143714
0.071304
-0.282932
0.193695
0.120332
-0.026105
-0.062662
0.062485
0.376747
-0.201708
0.196735
0.087334
-0.199475
0.692294
0.131767
0.218655
0.094977
-0.235076
0.063798
0.142609
-0.201274
0.316755
0.233765
0.351872
0.032669
-0.410240
0.344456
0.489338
0.546604
-0.264826
-0.449927
0.311386
0.365970
0.245917
0.400511
-0.019814
0.402094
-0.540348
0.527413
-0.045574
-0.471329
-0.402159
-0.348766
-0.062215
0.189128
0.008597
0.330251
-0.132177
-0.675906
0.386322
0.654931
-0.159044
0.163397
-0.067607
-0.242914
-0.254054
0.235797
-0.405789
0.497001
-0.351137
-0.129539
-0.522183
-0.325633
-0.149228
-0.226596
-0.003097
0.524798
-0.211513
-0.119642
0.444415
0.532300
0.202832
-0.233973
0.177168
-0.689770
-0.326987
-0.476550
0.119850
0.137977
0.159113
0.448624
0.314015
-0.423840
-0.001602
-0.380941
-0.261384
-0.368197
0.159430
-0.010234
-0.032756
0.409732
-0.316735
-0.081464
0.012883
0.399723
0.155505
0.181289
0.043590
0.379392
-0.109880
-0.385102
-0.107586
0.121027
0.478045
-0.227991
0.062505
0.081911
-0.334829
-0.039172
-0.187550
0.046416
-0.250649
0.249424
-0.103596
0.433940
-0.480679
-0.118906
0.288005
0.069046
-0.123370
0.265473
-0.439822
0.600532
-0.480228
-0.280785
-0.634127
-0.226470
-0.065397
-0.475666
-0.206392
-0.247977
0.364769
0.042058
-0.559904
0.118054
-0.245537
0.130000
0.008253
0.001107
-0.459110
-0.117894
-0.133751
-0.218935
0.009625
0.415541
-0.121519
0.202211
-0.157673
-0.073816
-0.017885
-0.130809
0.105987
-0.761167
0.112261
-0.624250
0.222401
0.181699
0.021198
0.150592
0.283353
0.173353
0.149474
0.203552
-0.491095
0.616404
-0.406453
0.334970
-0.057408
0.142940
-0.054037
0.180061
0.384361
0.009296
0.657355
0.641517
0.153983
-0.486520
0.168863
-0.344417
-0.132990
-0.044995
0.073761
-0.018723
-0.012170
-0.037045
-0.672994
0.276809
-0.369682
-0.257779
0.435582
0.216368
-0.586494
0.033279
0.273105
-0.431902
0.419736
0.344224
-0.274341
0.164580
-0.361486
-0.123528
-0.316552
0.177986
0.335923
-0.386356
-0.113807
0.141034
0.453661
-0.383820
0.539223
-0.429554
-0.263544
0.025712
0.052997
0.424678
-0.468763
-0.080355
0.073661
0.387281
0.511718
-0.620155
-0.308015
-0.363672
0.564142
-0.077941
-0.495642
-0.498832
-0.182493
-0.611541
-0.322328
0.643162
-0.124414
-0.111000
0.495473
-0.273361
0.033301
0.017141
-0.327742
0.395288
0.328729
0.239298
0.377793
-0.165086
-0.274348
-0.225103
-0.399284
-0.393553
-0.464221
-0.287953
-0.424079
0.289508
0.512302
-0.427732
0.370124
-0.293107
-0.171420
-0.092125
0.084089
-0.219596
-0.465327
-0.057856
-0.546046
-0.350199
0.189280
0.320912
-0.128996
0.241883
0.086504
0.032567
-0.461457
0.239834
0.129577
-0.281274
0.475779
0.338787
-0.112524
0.283330
0.003153
0.459723
-0.126692
-0.539617
0.304582
0.162843
0.228007
0.382138
0.223830
