0.381318
-0.214953
0.014908
0.277782
-0.485749
-0.493843
0.225519
0.392354
-0.137335
0.196360
-0.281678
0.234313
-0.516364
-0.456953
0.167214
0.276672
-0.089047
-0.194424
0.200863
0.132660
0.292694
0.188016
-0.001835
0.153313
-0.449756
-0.062998
-0.129660
-0.097686
-0.140372
-0.363011
-0.305132
0.478695
-0.025583
-0.265252
-0.354176
0.367250
-0.328854
-0.348366
0.006666
0.184937
0.267002
-0.294480
-0.265507
0.250527
0.394256
-0.600810
0.338909
-0.478783
0.077114
0.450769
0.328214
-0.278322
0.313142
-0.481434
0.335260
-0.574504
0.060709
-0.119156
0.366294
0.326287
-0.202098
0.036692
0.397447
0.391553
-0.441960
-0.049114
-0.305466
0.112089
0.148707
-0.308346
0.390111
0.205122
-0.185684
0.221247
0.533693
-0.032054
0.137004
0.222794
0.474284
-0.433127
0.262596
-0.717125
0.511676
0.157034
0.394549
0.211997
0.424473
0.007569
-0.254155
-0.065940
-0.033540
0.391153
0.012125
0.122327
0.077906
0.006204
-0.106632
-0.554048
-0.039007
0.519952
-0.057859
0.024579
-0.296589
-0.191629
0.207294
-0.410210
0.210907
-0.256277
0.133418
-0.063580
0.069561
-0.431425
-0.324515
0.100985
0.130191
-0.224779
0.079759
-0.288875
0.151169
0.552133
0.555359
0.578498
0.205750
-0.435223
0.153521
-0.033416
-0.048765
0.162219
-0.395955
-0.464068
-0.003534
-0.267369
0.263483
0.207453
-0.299248
0.292457
-0.224427
0.380944
-0.330822
-0.400079
-0.004268
-0.214265
0.516314
0.452775
-0.367899
-0.079876
-0.424971
-0.005061
0.217864
-0.374565
0.024286
0.410861
0.317801
-0.405681
0.103406
0.455468
-0.399396
0.188173
-0.539292
-0.434035
-0.495570
0.305601
0.252143
0.024971
-0.264218
-0.089591
-0.410653
0.033337
-0.210627
0.150430
0.028266
0.532106
0.150719
0.440152
0.238144
0.060880
0.307869
-0.051694
-0.209717
-0.031883
-0.118771
-0.047526
-0.049102
-0.319483
0.070760
-0.285147
0.132227
0.006043
0.031836
0.067303
-0.383450
0.589583
-0.162309
-0.110774
0.112970
0.028379
-0.403093
0.186437
-0.705192
-0.228475
0.099195
0.090055
-0.618085
0.149622
-0.582750
0.422801
-0.326183
-0.474218
0.346133
0.238166
-0.153626
-0.250675
-0.239759
0.301160
0.537458
0.377707
-0.045830
0.510832
-0.154046
-0.317527
-0.017733
-0.001689
0.259264
-0.002295
0.768549
-0.475179
0.417070
-0.201662
0.418005
0.142806
-0.362647
-0.212980
-0.482565
0.064635
-0.578974
0.438590
0.539220
-0.414042
0.518830
0.360939
-0.031849
0.485425
0.618902
0.066692
-0.508439
0.349333
-0.524438
-0.007036
-0.467801
-0.618903
0.183781
-0.024394
0.199786
0.171526
-0.175297
-0.152859
0.241452
0.255924
0.353657
0.282750
0.418823
-0.130063
-0.225683
-0.380526
0.002301
0.168750
0.299765
0.120338
0.096075
0.329617
-0.220975
-0.497614
0.462053
0.186411
0.474110
-0.528672
0.110905
-0.066901
0.013618
-0.217599
0.019680
0.102555
-0.153401
-0.108616
-0.016309
0.110033
-0.164701
-0.416181
0.782788
-0.076367
-0.410919
0.295996
0.371506
-0.215929
0.453443
0.159889
0.491052
-0.537452
-0.361260
-0.087645
0.324606
0.122262
0.066996
-0.011655
-0.169724
0.093669
0.442718
0.193876
0.249979
0.080730
0.110305
-0.102287
-0.353780
-0.109069
0.090554
-0.389982
0.159610
-0.077742
0.467585
0.431619
-0.404671
0.049891
0.103589
0.216469
-0.264742
0.489405
0.446455
-0.321998
0.071615
-0.227753
0.352937
-0.190028
0.472898
-0.187206
-0.203316
0.006889
-0.348342
0.539883
0.164188
0.013619
0.103681
0.122386
-0.042714
-0.348958
0.042479
-0.420021
0.610242
-0.131446
0.364708
0.151379
0.208554
0.207231
-0.501223
-0.408609
-0.320213
0.241411
0.046291
-0.226179
0.178253
0.269330
-0.154374
0.494069
0.468161
0.315817
0.468392
-0.126536
0.618121
0.497025
0.196323
-0.149523
0.000506
-0.042784
0.389651
0.575345
-0.207708
-0.180345
-0.068526
0.233784
0.396937
0.024502
-0.268652
-0.425775
-0.326019
-0.516994
-0.288925
0.235027
0.102258
-0.240845
0.204704
0.391159
0.275618
0.015657
0.244116
-0.548325
0.259042
0.644702
0.170265
0.365830
0.072025
-0.316444
-0.229585
-0.273959
-0.075208
0.329494
0.331833
-0.087533
0.142135
-0.270001
0.212037
0.321745
-0.003632
0.356254
-0.003849
0.532698
-0.149140
0.090705
-0.676352
-0.186246
-0.333526
-0.128989
0.379438
-0.541958
0.344144
0.044400
-0.181365
-0.290744
0.138772
0.071681
0.075244
-0.110153
0.372826
0.475988
-0.325786
-0.550572
0.408840
0.039740
-0.128581
0.635063
0.068527
0.329065
-0.049375
0.440408
-0.305419
-0.249602
-0.180789
-0.114868
-0.123132
-0.391613
0.399596
-0.023996
-0.441198
-0.468841
-0.275447
-0.438997
0.464694
-0.102760
-0.298494
-0.323122
0.880214
-0.543803
0.027778
-0.036612
0.108921
0.368538
-0.379997
-0.468076
-0.511716
0.187678
0.199334
0.003736
-0.243311
-0.256901
-0.166841
0.097833
-0.212461
-0.120186
-0.222353
0.155918
-0.167506
-0.458111
-0.132965
-0.029382
-0.145760
0.078237
0.358007
0.359559
0.471893
0.087611
-0.190713
0.385754
-0.227395
0.462304
0.160497
0.293437
-0.198674
0.054314
-0.094538
0.246310
-0.024495
0.192665
0.029240
0.465762
0.353985
0.357558
-0.165880
-0.158116
-0.278436
-0.493052
-0.095749
-0.330197
0.033238
0.219080
-0.116682
-0.434798
0.011533
-0.105354
-0.115534
-0.192660
0.095511
0.325399
-0.123644
-0.100578
0.253277
-0.172064
0.434828
0.259514
0.413145
0.222060
0.170628
0.183950
0.271203
0.559793
-0.523698
0.512449
-0.030509
-0.494198
-0.164599
0.148282
-0.268680
-0.292215
-0.133039
-0.474825
-0.136025
0.274861
-0.359481
0.296266
-0.502743
-0.153767
0.138408
0.110226
-0.097291
0.452429
0.098842
0.462992
-0.351586
-0.676343
-0.183192
-0.503898
-0.419845
-0.045282
-0.131866
0.600557
0.400924
0.086123
-0.375136
-0.419738
0.217413
0.096188
-0.297202
-0.519626
-0.043930
0.456457
0.044184
-0.092170
-0.289843
0.530023
0.044069
-0.349110
0.430121
-0.021846
-0.285504
-0.299274
-0.058886
-0.069302
-0.230132
0.591501
0.598258
-0.189716
-0.498939
0.270610
-0.125959
-0.218509
-0.286918
-0.655724
-0.582795
-0.047204
0.126835
-0.212250
0.428841
0.342376
-0.356213
0.075437
-0.568369
-0.495237
-0.533318
0.159780
-0.146563
0.169135
-0.525713
0.504845
-0.363065
0.179867
-0.224174
0.058324
-0.352604
-0.292857
0.229139
-0.419768
-0.689970
-0.308749
0.026489
-0.450279
-0.092921
0.035225
-0.427438
0.435289
-0.358721
-0.049371
-0.390466
-0.530966
0.266330
0.159344
0.037498
0.407763
-0.260119
-0.328759
0.508758
-0.020017
0.050007
0.293283
-0.562469
-0.237689
0.351072
0.016469
-0.257260
-0.298522
0.653963
-0.041314
0.055404
-0.571001
0.334177
0.010984
-0.357209
-0.571904
-0.025963
-0.083518
0.380102
0.128776
0.500765
0.170233
-0.175713
0.509371
-0.234352
0.273141
-0.679302
0.300162
0.331068
0.228042
-0.012154
0.103385
0.014458
-0.089655
0.204501
-0.411721
-0.107957
0.274859
0.036188
0.339497
0.214186
-0.545919
0.170687
-0.002508
-0.761591
-0.100238
-0.036567
-0.364782
-0.200070
0.638602
-0.074817
0.088088
-0.225353
-0.201642
0.248981
-0.274357
-0.221963
-0.016181
-0.676241
0.103740
-0.171014
0.057934
0.515996
0.239006
-0.061592
0.222643
0.461175
0.104314
0.396038
-0.458483
-0.484036
0.476820
0.133444
-0.472437
0.413508
0.050350
-0.711923
-0.461716
0.619027
0.301927
0.528484
-0.532291
-0.398196
0.367790
0.082867
0.101906
-0.262085
-0.042327
-0.530500
-0.545949
0.225282
0.435013
0.089563
-0.068940
0.333113
0.376294
-0.024885
-0.308631
-0.468923
0.172835
-0.601529
-0.197620
-0.122071
0.024673
-0.223469
0.428004
-0.245157
-0.444069
-0.217708
0.446992
0.254820
-0.208427
-0.203416
0.062440
-0.127891
0.625259
-0.103753
0.321720
0.113308
-0.290362
-0.360898
-0.609292
0.470141
0.160154
-0.243943
-0.601214
-0.208744
-0.353164
0.651100
-0.183383
-0.216182
-0.298295
0.641984
-0.303495
0.079061
-0.238690
-0.225406
-0.237461
-0.222642
0.257958
-0.306211
-0.297027
0.257722
0.100253
0.485375
-0.370002
-0.035462
0.226948
-0.098070
0.412084
0.663745
0.206797
-0.391612
-0.451512
-0.276579
0.475743
-0.763007
0.281901
0.382755
0.860819
0.306850
-0.438518
0.172494
-0.543717
0.646773
-0.013906
-0.242884
-0.301964
-0.564977
0.260433
-0.377716
-0.421642
0.756753
0.501318
0.491363
0.137923
0.032052
0.331759
