0.039205
0.156820
-0.251413
-0.088351
0.273818
-0.330897
0.219232
-0.016692
0.374380
0.211594
-0.372699
-0.479711
0.177477
-0.209683
0.299156
0.518808
0.059077
0.354177
-0.355822
0.589612
0.128222
-0.405884
-0.094918
-0.203122
-0.193855
0.342970
0.708425
0.544316
-0.121255
0.280800
0.687329
0.056952
0.136410
-0.472395
-0.128061
-0.097034
-0.102051
0.350818
0.481961
0.334566
-0.268784
-0.145760
0.274105
-0.160008
0.003877
0.108258
-0.158097
0.214895
0.382550
0.398020
-0.131961
0.021642
-0.038688
0.029084
0.267723
0.727895
0.154962
0.272912
0.017514
-0.382973
0.044949
-0.421349
-0.601423
-0.203885
0.244876
0.208488
0.077901
0.025611
0.288197
-0.278434
-0.174301
-0.514487
-0.519862
-0.520392
0.621678
-0.146114
-0.492457
0.052129
-0.277571
-0.449274
0.731393
0.256095
-0.597025
0.601374
-0.681781
-0.193405
0.327149
-0.433636
-0.616700
0.219419
-0.276908
-0.067334
0.209780
-0.337971
0.382721
-0.542159
-0.534424
-0.167950
-0.469036
0.147935
-0.291893
0.131896
0.167441
0.624295
0.257401
-0.124682
-0.015917
0.447889
-0.048964
-0.225153
-0.096223
0.138613
0.403842
-0.485233
0.191776
0.088270
0.179329
-0.288561
0.338199
-0.030904
-0.510166
0.274225
-0.208546
0.068211
-0.506096
0.301131
0.222185
0.025731
0.669147
0.287633
0.275782
0.455615
0.087322
0.064897
-0.402232
-0.047438
0.340204
0.423159
0.049821
-0.021695
0.036398
-0.519216
-0.399086
-0.475461
0.298864
-0.161428
-0.475503
-0.274300
0.491599
0.235644
0.179207
-0.128379
0.422955
-0.122676
-0.439506
0.408364
-0.201348
-0.392695
0.214117
-0.182093
-0.363801
0.023117
-0.400290
-0.409147
0.267259
0.185215
-0.195263
0.175660
-0.011557
-0.513465
0.446804
0.125938
0.068103
-0.163941
0.211551
-0.463727
-0.740037
0.113482
0.085348
0.026362
0.530602
0.565296
-0.314565
-0.201181
-0.031875
0.112600
0.165939
0.512806
0.489926
0.094651
-0.188000
0.063128
0.309390
-0.309108
0.381792
-0.140079
0.438071
-0.610600
0.213496
-0.502792
0.632174
-0.162674
0.198900
-0.259844
0.728594
-0.306630
-0.258722
-0.541668
0.077145
0.357663
0.309288
-0.149698
0.097464
0.481954
0.441698
-0.506792
0.205252
-0.376807
-0.265341
0.556616
0.397983
0.079992
0.243110
-0.163116
0.319529
0.586961
-0.595699
-0.148575
0.426853
0.337044
-0.054536
-0.255698
-0.096796
-0.191067
-0.479554
0.274018
-0.011480
-0.166343
-0.293438
-0.314948
0.132226
0.040597
-0.136732
0.263172
-0.512174
0.286670
-0.572113
-0.106626
-0.252235
0.440957
-0.158621
0.329147
0.361142
0.321757
-0.335089
-0.609973
0.398011
0.557442
0.141793
-0.200716
0.251483
-0.544452
0.047282
-0.399849
-0.333640
0.107070
0.268066
0.566281
0.454105
0.386414
-0.343983
-0.416823
0.178047
-0.369093
-0.461323
0.300163
-0.290882
-0.163596
0.005608
-0.056010
0.331516
-0.248097
-0.073762
0.569842
-0.464204
0.316284
-0.369122
-0.204007
-0.408221
-0.274172
-0.347770
-0.423533
0.165111
-0.010319
0.267041
-0.060704
-0.180164
-0.016456
-0.332874
-0.219549
0.414328
-0.102865
-0.192657
0.057869
-0.175844
0.085663
0.045345
0.386690
0.110044
-0.435795
0.040662
-0.004847
-0.423254
0.060588
-0.546694
-0.147003
0.078784
0.122273
0.119380
0.312801
0.217819
0.325006
0.428790
-0.437950
0.346953
0.614976
-0.229916
-0.117324
0.530022
0.163441
0.101408
-0.106935
0.310298
-0.299171
0.117300
0.037460
-0.417621
0.212996
-0.072588
-0.161230
0.008115
-0.067936
-0.227019
0.157938
-0.579267
-0.696113
0.547209
0.242404
-0.399358
-0.698359
0.713808
-0.383497
-0.554430
0.389879
-0.143527
-0.102777
0.108171
-0.176565
0.360490
0.073387
0.071522
0.195485
-0.291291
-0.449421
0.047628
-0.755927
0.053338
-0.619587
0.381180
-0.167472
0.112957
0.351476
-0.027735
0.173883
0.354848
-0.146629
0.222197
0.180117
-0.461109
-0.163729
0.092131
-0.703378
0.031201
-0.230354
-0.064568
0.263299
-0.253994
-0.348695
-0.341152
0.522576
-0.252377
-0.285516
0.048556
-0.690051
0.429901
-0.383445
0.248088
0.215290
0.069427
-0.505020
0.199315
-0.350084
0.095017
0.401431
-0.124990
-0.031722
0.130442
-0.131077
0.306165
0.647155
-0.404236
0.311453
-0.381833
-0.427112
0.625119
0.359323
0.430419
-0.259605
-0.280458
-0.096547
0.244030
0.412587
0.073393
0.248879
0.162563
-0.070430
0.462947
-0.300750
-0.239554
0.280933
0.215732
0.438522
-0.091366
0.226167
-0.293281
-0.451741
0.313091
-0.419768
0.061233
-0.638738
0.609697
0.277020
-0.137080
0.816480
-0.194886
-0.121052
0.379027
-0.372870
0.268381
0.175762
-0.296200
0.202202
-0.040154
-0.165462
-0.559386
-0.205412
-0.393834
0.072976
-0.075549
0.284020
0.623657
-0.567252
-0.087055
0.249059
-0.525209
-0.083375
-0.228295
0.033137
0.074153
0.536268
0.156104
0.557528
0.073231
0.183297
0.780212
0.105260
0.257853
0.434665
-0.091274
0.030939
-0.372743
0.106796
-0.493142
0.147756
0.455031
0.097714
0.333636
-0.438207
-0.411878
0.170220
-0.462000
-0.574476
0.436103
-0.357984
0.329678
-0.059052
-0.229556
-0.470546
-0.175998
0.019526
-0.465175
-0.379788
0.542106
-0.227926
-0.520918
-0.335789
-0.465976
-0.431972
-0.369400
-0.059738
0.126765
-0.473187
-0.369123
0.320561
-0.146747
0.181896
0.404439
-0.446757
-0.331698
0.297578
0.358770
0.481641
0.108447
0.168778
0.194458
-0.079994
0.147438
0.648923
-0.572560
0.162837
-0.374010
0.190832
0.163031
-0.053444
0.357439
0.308070
-0.002964
-0.408663
0.001409
-0.284064
-0.461563
-0.078264
0.079648
0.439573
-0.334703
-0.586397
-0.821350
-0.057324
0.148115
-0.430262
0.078231
-0.156879
0.200477
-0.077766
-0.322645
-0.140009
-0.295889
-0.280480
0.158492
0.109183
-0.337095
0.299097
0.145606
-0.162068
-0.144368
-0.126515
0.241548
-0.406750
-0.516688
0.238820
-0.001558
0.162803
0.261261
-0.236156
-0.512649
-0.511895
-0.209118
-0.272323
-0.396040
-0.253590
0.408189
-0.109738
-0.128342
0.366016
-0.357976
-0.350832
0.150646
-0.359408
0.375186
0.187573
0.199808
0.346778
0.196736
0.332259
0.211685
-0.245443
0.092621
-0.236022
-0.585413
-0.037402
0.153724
0.169487
-0.286088
0.708888
0.342802
0.342639
-0.725576
0.339253
0.099040
-0.524176
-0.280951
0.191658
0.223239
-0.218452
-0.216295
-0.458615
-0.428320
0.126121
-0.256422
-0.475910
0.432940
-0.267573
-0.254333
0.167443
-0.143869
-0.129505
0.422258
0.624144
0.015622
-0.150379
-0.052728
0.152116
0.631812
-0.098122
-0.463373
0.301311
0.092642
-0.002149
0.311006
0.087812
-0.151769
0.056890
-0.035952
0.461485
0.163214
-0.491159
0.529786
0.290212
0.211198
0.412941
0.075077
-0.396967
0.207608
-0.194408
0.026703
0.420047
0.371093
-0.424700
-0.602609
-0.022494
0.658843
0.178406
0.545837
0.468352
0.015094
0.209237
0.290569
-0.121063
0.092366
0.439479
0.046243
-0.148536
0.029938
0.525931
0.368016
-0.092917
-0.012346
0.452745
-0.497870
-0.673325
-0.260699
0.191953
-0.031380
0.328838
0.399645
-0.674113
-0.060882
-0.332949
0.325023
0.134966
-0.221212
-0.366945
0.786425
0.075487
0.374488
0.252409
-0.093674
-0.003185
0.075986
-0.063500
0.630630
0.323530
-0.546616
0.141065
-0.284672
-0.150395
-0.074795
-0.240920
0.285823
-0.316240
0.161721
-0.171505
-0.061788
-0.323815
-0.784423
-0.055496
0.631552
-0.472926
-0.062056
-0.483356
-0.479963
-0.608583
0.317364
0.148479
-0.431902
0.228850
0.322558
-0.410476
-0.266046
0.338861
0.122672
-0.018458
0.237996
-0.347362
-0.524148
-0.299105
0.153722
-0.589474
-0.656518
-0.050586
-0.096773
-0.404382
-0.323863
0.617041
0.003753
-0.191314
-0.145275
0.121806
-0.042797
-0.017224
-0.251138
-0.115869
-0.448780
0.409285
-0.322782
0.409755
-0.426509
-0.217104
-0.510073
0.307941
0.581379
0.184012
-0.024990
-0.237838
0.186525
0.012824
-0.351407
0.274168
-0.046987
-0.299126
-0.375672
-0.463919
0.555893
0.604929
-0.209429
-0.594438
-0.280802
-0.271036
-0.486983
-0.328935
-0.319764
-0.008957
-0.544881
-0.186651
-0.379218
-0.312153
-0.334810
-0.511962
-0.123308
0.616855
0.331645
-0.452265
-0.169473
0.166687
0.048541
-0.466527
0.295559
0.839394
-0.012646
0.463251
0.399413
0.382780
0.508340
-0.003847
0.149268
0.183785
0.374597
-0.050925
-0.301665
-0.343856
0.043470
0.641763
0.155017
0.026167
-0.376719
0.231494
