-0.028546
-0.376897
0.038767
-0.530058
0.316840
-0.347948
0.270530
-0.395389
0.296502
0.387511
-0.224496
0.172750
0.112291
0.322323
0.289932
0.164311
-0.288546
-0.232596
-0.016993
0.501458
-0.603202
0.041087
-0.222926
-0.463231
0.095756
-0.086540
0.066207
0.121234
-0.149689
-0.084324
0.460741
-0.495443
0.321642
-0.212798
-0.016792
-0.020246
0.443707
-0.120580
-0.095000
0.197526
0.152610
-0.361648
-0.060688
0.132702
-0.566764
-0.583798
0.117340
0.188575
0.546928
0.353175
-0.271229
-0.017326
-0.081183
-0.325204
0.513343
0.185854
0.263941
0.036006
-0.313928
-0.371862
0.204311
-0.470901
0.401400
-0.390499
0.389527
0.447500
0.215256
0.016438
0.169938
-0.544440
0.404676
-0.220565
0.174457
0.334875
0.358211
-0.010041
0.242248
-0.334081
-0.430719
-0.482748
0.194617
0.599620
-0.320910
-0.219342
-0.214793
-0.359803
0.283859
-0.039129
-0.182095
0.526669
-0.161478
0.006465
-0.228057
0.406154
0.180189
-0.755127
-0.150197
-0.505972
0.744969
0.230809
-0.223011
-0.378242
0.428865
-0.092155
-0.263546
-0.347720
0.486369
0.270010
-0.223321
-0.407362
0.022734
-0.188556
0.439176
-0.344345
-0.173900
-0.074857
0.040038
-0.206836
0.067038
-0.510285
-0.119212
0.002310
0.394491
0.406663
-0.295671
-0.307020
-0.550642
-0.082395
0.099090
-0.442646
0.155385
-0.076497
-0.040698
0.200534
0.497213
-0.424709
-0.205381
0.145233
-0.299605
0.443165
0.051838
-0.606390
-0.271872
-0.208476
-0.525397
-0.242529
0.069214
-0.647546
0.371309
0.170239
-0.231645
-0.336429
0.222239
0.075427
-0.173608
0.450597
-0.131460
0.113242
-0.198961
-0.062010
0.197205
0.217879
-0.513553
0.005028
-0.134562
-0.585747
0.242048
0.465370
-0.175934
-0.346105
-0.402222
-0.010920
-0.398971
-0.227611
-0.194298
-0.069321
0.226744
0.240308
-0.227304
-0.439176
-0.499249
-0.144858
0.129217
-0.412577
-0.025801
0.246287
-0.163346
0.222464
-0.228474
0.290163
-0.166817
-0.827047
0.055127
0.293067
-0.348900
0.089912
0.169969
-0.828957
0.098545
0.786820
0.053686
-0.476194
0.498611
-0.553047
-0.419695
0.393200
0.536968
-0.082201
-0.308542
0.440080
-0.057225
-0.008027
-0.062793
-0.262719
-0.132311
-0.119660
0.317478
-0.171951
0.077454
-0.429829
0.269638
-0.284355
0.329112
0.104787
-0.447396
0.333758
-0.283728
-0.414453
-0.007291
0.132575
-0.177214
0.058496
0.460798
-0.222961
-0.568416
-0.561588
0.642494
-0.220818
-0.442073
0.575074
0.014689
0.300179
0.222010
-0.239437
0.367947
0.048994
0.529548
0.155629
-0.051700
0.050952
-0.106573
-0.061187
0.566044
0.237563
-0.127039
-0.220204
0.176209
0.117507
0.356893
-0.371748
0.519427
0.563374
-0.172840
-0.494160
0.790952
0.310523
-0.114969
-0.066513
-0.010050
0.491522
-0.510092
-0.412292
0.419546
-0.067855
-0.228505
-0.476833
-0.265498
-0.061872
0.148210
0.679004
0.234769
-0.109653
-0.342213
-0.028442
0.202939
-0.403998
-0.670908
0.180268
0.346544
-0.018606
-0.707810
0.466456
0.150153
-0.416579
0.451479
-0.259641
-0.403767
0.109367
-0.237122
-0.264869
0.439139
-0.417094
0.129397
0.142053
-0.261291
-0.396119
0.209023
-0.007405
-0.097655
0.143483
-0.356515
-0.485390
-0.262436
-0.113604
0.257652
-0.527585
0.432257
0.327375
0.274285
-0.024771
0.100817
0.024612
0.282653
-0.027968
-0.168427
-0.501923
0.265790
0.563201
-0.451146
-0.131479
0.191844
0.155869
0.357298
-0.527512
0.007578
-0.419512
-0.270346
0.329066
0.252100
0.114852
-0.498491
-0.100740
0.536782
0.431250
0.193754
-0.217561
0.155266
-0.199636
0.337856
0.355826
-0.053490
-0.073395
-0.375696
0.408254
0.081654
0.459862
0.217635
0.222321
-0.215035
-0.119277
-0.128396
0.215996
0.044726
-0.193917
-0.687710
0.501667
0.359874
-0.324174
-0.159289
0.137705
-0.344618
-0.314327
-0.261842
0.269647
-0.139501
0.017491
0.232663
-0.003610
-0.344614
0.448742
-0.049320
-0.444239
-0.030779
0.273345
-0.424754
0.209365
-0.062436
-0.238917
-0.255797
0.159786
0.047772
0.067620
0.188030
-0.201610
-0.129114
-0.349204
0.224572
-0.249361
0.110885
-0.390325
-0.135559
-0.293902
0.477729
0.290558
0.483900
0.089713
0.030215
-0.294854
-0.162115
0.399596
-0.076657
-0.217570
0.540663
-0.073347
-0.406706
0.160455
0.043939
0.105474
-0.331740
0.382347
0.473267
0.414452
0.270550
0.650832
-0.178208
0.032776
-0.097018
0.120758
-0.332406
0.217413
0.179485
-0.263272
-0.456639
0.516559
-0.027161
-0.116229
-0.157880
-0.092605
-0.336296
-0.345730
-0.211546
0.267759
0.159300
-0.300751
0.341612
0.374593
0.236494
0.503862
0.307443
0.200595
-0.156024
-0.091649
-0.250615
0.200516
0.203488
-0.225142
0.537167
-0.039990
0.847650
-0.202696
0.369101
-0.832655
0.130323
-0.290555
0.350478
-0.205853
-0.437853
-0.096303
0.427281
-0.371668
-0.192849
0.551246
0.130216
-0.000214
0.127332
-0.213852
0.024434
0.294214
0.473576
-0.539940
0.081487
-0.269153
-0.569728
0.517249
0.092563
-0.217774
0.312102
-0.535280
0.144161
-0.294184
-0.377235
-0.270486
0.348764
-0.545843
-0.086671
0.629420
0.030250
0.310573
-0.343199
0.081767
-0.023552
0.268703
0.025527
0.219498
-0.522897
0.113105
-0.137160
0.089938
0.316921
0.401528
-0.253970
0.298444
-0.303749
0.048054
-0.301785
-0.510438
0.545808
0.227412
0.244297
-0.158100
0.414562
-0.030787
0.048122
-0.134952
0.165321
0.212186
-0.312608
0.160570
-0.433584
0.153218
-0.295050
0.216303
0.169295
-0.134846
0.175626
-0.411554
0.174989
-0.109973
-0.049092
-0.412280
-0.365611
0.327435
0.307926
0.416857
0.590830
-0.019098
-0.185453
0.382347
0.370011
-0.322314
-0.235401
-0.688713
0.245656
0.320986
-0.025880
0.030271
0.307914
0.164472
-0.556343
-0.710405
0.583062
-0.199360
0.281512
-0.114131
0.360361
0.131733
-0.439392
-0.190505
-0.435165
-0.474381
-0.189090
0.276287
0.250731
0.305117
0.251150
-0.296185
0.122606
-0.217172
-0.113468
0.586631
0.504830
0.607712
-0.264729
-0.231636
-0.207450
0.534907
-0.023060
0.465679
-0.297278
0.338246
0.551603
0.387829
0.521195
-0.148463
-0.634772
-0.196123
-0.030988
-0.174559
0.017295
0.191394
-0.277613
-0.630251
-0.432631
0.285546
0.236946
-0.394608
-0.323991
-0.582097
-0.163236
0.246476
0.139650
0.132077
0.308768
0.437527
-0.247695
-0.102676
-0.125465
0.278852
-0.493434
0.266032
0.246015
-0.061483
-0.113258
0.443769
0.602131
-0.051693
0.414911
0.282130
0.512638
-0.479894
0.335104
0.398531
0.177066
0.427904
-0.129043
0.241606
-0.823231
-0.416420
-0.016512
0.290057
-0.218233
-0.289521
-0.332188
0.230185
0.035787
-0.000038
0.093767
-0.193905
0.279540
-0.027549
0.290264
-0.688525
0.737178
-0.547552
0.100983
0.530528
0.150433
0.246966
-0.521939
-0.213393
0.160812
0.491723
-0.365427
0.317746
0.141355
0.234193
-0.305623
-0.044201
-0.485990
-0.269552
-0.471949
-0.124010
0.294956
-0.397390
0.606457
-0.023410
-0.006442
-0.329051
-0.485241
-0.015259
-0.261348
0.198901
-0.132535
-0.490559
0.260751
-0.437893
0.551364
-0.570808
-0.091756
0.137001
-0.115722
-0.106319
0.143485
0.238065
0.315584
0.128987
-0.390461
-0.355796
-0.307288
0.616044
0.362358
-0.520593
-0.197602
0.634242
0.576955
0.032628
0.172917
-0.493813
-0.264189
0.138415
0.003111
-0.542249
-0.555460
0.484483
-0.042552
0.636561
0.191051
0.133060
0.665126
0.389347
-0.167001
-0.176539
0.396846
0.343380
0.022081
-0.213144
0.064389
0.457653
0.266760
-0.452266
-0.371344
-0.275728
0.455435
0.196525
0.026743
0.124639
-0.431685
-0.082642
-0.311693
-0.205962
-0.074878
0.554342
-0.068880
-0.417600
-0.589259
-0.114454
0.274051
-0.113342
-0.424705
0.119282
0.357413
-0.157679
0.122348
0.168596
-0.099076
0.298908
-0.289492
0.322434
0.049270
0.323206
0.507867
0.377756
0.407344
0.622781
0.130803
-0.010500
0.089132
-0.290618
-0.043196
-0.217426
0.461463
0.477561
-0.559090
-0.651963
-0.395052
-0.087824
0.332267
-0.177913
-0.142945
0.230736
0.956233
-0.032189
-0.317671
0.223312
0.196157
0.539553
0.043021
0.135130
0.077462
0.352944
0.156968
-0.366566
-0.259540
0.237321
0.429526
0.035269
-0.254654
0.331694
0.035576
-0.690009
0.263227
0.100140
-0.146212
-0.222071
-0.332309
0.530696
-0.578382
0.192004
0.271909
-0.253460
-0.023404
0.006592
-0.171126
0.302432
-0.051742
0.394703
