-0.149579
-0.305950
-0.072379
0.093905
-0.220344
0.212691
-0.633966
-0.197304
0.360308
-0.177267
0.352043
-0.021389
0.009640
-0.398349
-0.290529
-0.618283
0.113206
-0.170732
-0.503644
-0.436462
-0.208119
0.227054
-0.578327
-0.100284
0.049930
-0.392033
-0.346052
-0.010154
0.481975
0.437510
0.047121
0.222620
-0.356405
-0.312762
-0.120700
-0.569522
-0.194558
0.127606
0.013292
0.216493
0.054344
-0.285021
-0.277322
-0.190065
0.692524
-0.394457
0.212093
0.346754
0.318511
-0.136391
0.487702
-0.031751
0.138581
-0.415182
0.047266
0.002307
0.285929
-0.005330
0.469932
0.309534
-0.222715
0.066988
0.225129
-0.258782
-0.232955
-0.206329
-0.163013
-0.558163
0.165076
-0.567543
-0.101376
-0.057225
0.372371
-0.366851
0.012553
-0.291766
0.272973
-0.316134
0.001486
-0.144312
-0.048996
-0.393552
-0.428700
-0.127883
-0.113347
-0.176260
-0.142549
0.506849
0.385702
-0.600240
0.403347
-0.102270
-0.105940
-0.063979
0.476544
-0.063006
-0.222547
-0.100691
-0.495241
0.202468
-0.393633
-0.183078
-0.238667
0.039913
0.146335
0.144256
0.647091
0.360289
-0.357319
-0.423620
-0.276620
-0.799266
-0.220101
-0.045061
0.108376
0.136583
0.143449
-0.315159
-0.096160
-0.407515
0.175962
-0.592535
-0.000209
-0.263272
-0.023210
0.580105
0.078074
-0.623956
-0.015003
0.077476
0.442695
-0.449946
0.230790
0.052578
-0.434831
0.634724
0.233654
-0.586176
0.204665
0.049574
0.247312
-0.214265
-0.089244
0.096047
0.019302
0.115489
-0.021017
0.156885
-0.360302
0.231128
0.274907
-0.047646
-0.109130
-0.307902
0.088017
0.507879
0.032844
-0.184599
-0.044303
0.299236
0.110020
-0.094916
0.028374
-0.101779
0.331795
-0.537337
-0.202446
-0.199479
0.228499
0.414454
-0.306800
0.430961
-0.386411
0.576835
0.227629
-0.266226
-0.684932
-0.147904
0.520774
-0.160644
-0.452972
-0.431200
-0.378597
0.188291
0.005336
-0.303154
0.001405
0.314252
0.251127
-0.486064
0.195465
0.495981
-0.126966
-0.458492
-0.018447
-0.331304
-0.380538
-0.611200
-0.214645
-0.305748
0.478181
-0.531968
-0.347300
0.279673
0.465084
0.051638
0.112917
-0.241996
-0.244165
0.098228
0.222764
-0.097133
0.117936
-0.150180
-0.543515
-0.173066
0.547102
-0.261774
-0.132678
0.008378
-0.178539
0.149341
0.245316
0.285594
0.098104
-0.081375
-0.351691
-0.271265
-0.253430
-0.211922
0.293203
0.475947
0.580005
0.029364
-0.350917
0.321512
-0.319599
0.000084
0.018427
-0.351276
-0.423437
0.397435
0.031591
0.050310
0.386350
0.465238
-0.306176
-0.490890
-0.395316
0.628328
-0.299425
-0.045964
-0.658256
0.079020
0.127628
0.051849
0.251079
-0.242519
-0.595576
-0.169520
-0.083204
0.316547
-0.283094
0.640559
0.146201
0.062056
-0.159125
0.557876
-0.122659
-0.083105
-0.427879
-0.767124
0.678663
0.577147
-0.274455
-0.156711
0.225653
0.332790
-0.645867
-0.314562
0.403207
0.398874
-0.108000
-0.018678
-0.195910
0.090777
0.223104
-0.444365
0.625322
-0.168332
-0.457971
0.597648
-0.080392
-0.292310
0.039217
0.267530
-0.438276
-0.173168
0.391477
-0.190506
-0.538583
0.080687
0.182460
-0.176904
-0.414722
0.419101
-0.038937
0.101927
-0.219178
-0.230269
-0.348344
-0.530576
-0.326630
0.189684
-0.356535
0.405456
-0.599689
0.063704
-0.113926
0.266687
0.129327
-0.075562
0.473720
0.422535
-0.219313
-0.218991
0.426687
0.058882
0.186630
-0.172745
0.148691
-0.325478
0.263972
-0.228621
0.168090
0.275448
-0.311690
-0.215269
-0.324412
0.254192
-0.710453
-0.389826
0.255882
0.027989
-0.040645
-0.065622
0.266003
-0.333719
0.182316
0.383734
-0.382859
-0.309821
0.341254
-0.036708
-0.185924
0.641538
-0.378108
0.049681
-0.405558
-0.393097
-0.393826
0.363950
-0.400982
-0.212768
-0.615036
-0.385357
-0.440031
-0.175192
-0.041313
0.473953
0.452977
0.068213
-0.299057
-0.078070
-0.211836
-0.117399
-0.533811
0.017429
-0.601191
0.297277
-0.157813
0.381991
-0.282910
-0.463783
0.505860
-0.381020
-0.144556
0.296428
0.344825
0.297997
0.107968
0.281731
-0.281957
-0.218953
0.362877
-0.519580
-0.190893
-0.079253
-0.103418
0.611575
-0.040242
0.330792
-0.107115
0.251964
-0.509665
-0.460402
0.097508
-0.249684
0.306165
-0.420654
-0.161569
-0.343843
-0.142772
-0.054514
-0.633706
-0.278213
0.251118
0.396504
-0.196951
-0.608772
0.176029
0.398407
-0.389889
0.081519
0.651641
-0.384867
-0.700166
-0.413059
-0.230349
0.325413
0.280960
0.242302
-0.425164
0.183293
-0.317375
-0.265598
0.063677
0.164359
-0.337973
0.305281
0.015129
0.374529
0.372572
0.319044
-0.245140
-0.159042
-0.240379
-0.190586
0.107616
-0.252302
0.744583
-0.076545
-0.165191
0.367132
-0.330585
-0.422505
-0.400584
0.339608
-0.272998
-0.480836
-0.514650
-0.627050
0.181710
0.329424
0.283473
0.149552
0.405334
-0.252451
0.021039
0.016426
0.042710
0.465842
-0.219345
-0.370803
-0.046859
-0.142700
-0.069607
-0.552634
-0.153849
-0.041020
-0.296946
0.502007
0.395660
0.404504
0.371640
-0.065039
-0.582268
-0.065577
0.100460
-0.542216
-0.454748
0.236670
-0.283892
-0.256981
-0.515268
0.155904
0.025348
-0.387644
0.010488
-0.189310
-0.390948
-0.524449
0.049935
0.043718
0.286720
0.389233
-0.286935
-0.220825
0.006230
0.655355
-0.268987
0.003087
0.165604
0.157342
-0.138515
-0.495105
0.400441
0.313491
0.397585
-0.094887
0.182108
0.367994
-0.240643
-0.279987
-0.540273
-0.387557
-0.100247
0.121539
-0.038798
-0.470767
0.229146
-0.204427
0.370674
0.051034
0.242302
0.135348
0.232191
0.177689
-0.088045
0.149333
-0.062067
0.011981
0.280322
0.209564
0.028823
-0.576928
-0.205865
0.484815
-0.430955
-0.063445
0.213289
-0.593147
0.574878
0.073779
-0.626316
0.010634
-0.296897
-0.410964
-0.311424
-0.005519
-0.184255
0.580745
0.452347
0.523197
-0.495364
0.102836
0.152318
-0.157091
0.537063
-0.462365
-0.113580
0.525369
-0.294266
0.154187
-0.324116
0.479385
0.024879
-0.157678
0.408649
0.041911
0.337042
-0.147660
0.190210
-0.067607
-0.080464
0.136033
-0.670183
0.245717
-0.185156
0.004675
0.074843
-0.673636
-0.057413
-0.114744
-0.542126
0.393741
0.065968
0.405311
0.078918
-0.227429
0.603700
0.318056
0.132569
-0.276062
-0.495898
0.222081
-0.710547
-0.072242
0.037951
0.262677
0.323378
-0.015538
0.236090
0.853789
0.140631
-0.033947
-0.124493
0.175512
-0.041444
0.401825
0.478143
-0.285531
0.111454
-0.015513
-0.226180
0.251044
-0.443276
0.147262
-0.715519
-0.070442
0.340334
-0.113330
-0.325709
-0.093740
-0.594409
0.632018
-0.499954
-0.577614
-0.604108
0.448894
0.363047
0.224657
0.013386
0.538357
0.291727
0.192320
-0.015805
0.104713
0.163948
-0.128263
0.108338
-0.493092
-0.211135
-0.588167
0.472116
-0.466833
0.169836
0.301915
-0.288444
0.669084
-0.529248
0.461103
0.621587
0.179399
-0.500266
0.429523
0.581567
0.249719
-0.103441
-0.469220
0.309393
-0.489598
-0.196824
0.124186
0.405551
0.276795
-0.068037
-0.057769
0.117488
-0.289503
-0.260486
0.035426
-0.377172
0.677492
-0.291233
-0.341331
-0.142069
-0.032911
-0.061004
0.055419
-0.191851
0.035265
0.112556
-0.370456
0.164597
-0.068660
-0.199158
-0.090258
-0.075816
-0.101552
0.144193
-0.361359
0.087499
0.081407
0.342407
-0.089051
-0.431276
0.460566
0.109026
-0.372001
0.127501
-0.702126
0.184317
0.262747
0.183732
0.571920
-0.432825
-0.335695
0.252478
-0.040893
-0.017423
0.155345
-0.071194
-0.189259
0.183847
-0.151510
0.109448
-0.535340
-0.163498
0.186892
-0.265003
-0.223381
0.302077
-0.089054
0.015407
0.077478
-0.097885
0.055536
-0.432943
0.210888
-0.211554
0.077851
-0.298232
-0.132097
-0.572184
-0.170996
0.152354
0.209598
0.554252
-0.379768
0.207491
0.320955
-0.536684
-0.724825
0.291692
0.326612
-0.729939
0.007494
0.028733
-0.461583
-0.031606
0.166867
-0.158586
-0.526563
0.322611
-0.340619
0.266852
0.106931
-0.185013
0.170845
-0.693220
-0.176491
-0.181001
-0.355355
0.049431
-0.640002
0.567515
-0.270653
0.293280
0.089610
0.319981
-0.398309
-0.675669
-0.518678
-0.412117
0.434717
0.042239
0.343548
-0.164329
-0.339251
-0.029093
-0.017732
-0.354169
0.184670
-0.295001
0.070857
0.247127
0.167009
0.021174
-0.564880
0.216432
-0.269122
-0.165106
-0.254475
-0.280199
-0.310720
-0.155893
0.515460
0.003127
0.126810
0.182341
0.160040
-0.538401
-0.210480
-0.423798
0.317161
