-0.186665
-0.377500
-0.013589
-0.164034
-0.187692
0.023669
0.074064
-0.099266
0.484101
0.219519
-0.253210
0.008558
0.040111
-0.462867
0.228556
0.276672
-0.220071
-0.380426
0.149564
-0.523367
0.243961
-0.293604
0.047374
0.449997
-0.119789
-0.069000
0.516463
0.224776
0.660402
0.503015
-0.180962
-0.139806
-0.325508
0.499468
0.059803
0.124803
0.205725
0.127606
-0.044333
0.401305
0.279507
0.229074
-0.303522
-0.113450
0.237891
-0.000790
-0.053630
-0.022827
-0.038305
0.062005
0.311972
-0.360328
-0.096637
0.117093
-0.505905
0.303570
-0.406906
0.021758
-0.331866
0.383166
0.426609
0.273269
0.378705
-0.370844
0.236426
-0.269635
-0.133540
-0.339763
0.379827
0.169929
0.091171
-0.154769
-0.166681
-0.223721
0.325352
0.119122
0.137004
0.172276
-0.333336
-0.291289
-0.423565
-0.261280
-0.146467
-0.260958
-0.479480
-0.103169
0.345345
-0.162256
-0.138931
-0.052915
0.204251
0.038949
-0.213082
-0.086654
0.415078
0.007744
0.278844
0.734514
0.363650
0.381238
-0.204091
-0.183078
0.372231
0.039913
0.064732
-0.252696
-0.232605
0.208452
-0.354392
-0.101064
-0.235368
-0.799266
-0.149981
-0.225802
-0.090850
0.139600
-0.676870
-0.108718
0.205234
-0.324125
-0.523509
0.559679
0.322610
-0.190827
-0.070713
-0.027417
-0.180273
0.290696
-0.042538
0.645512
-0.762332
0.219481
0.224347
0.111567
0.314811
-0.340340
0.030709
0.254700
0.377226
0.166323
0.265977
0.114899
0.177601
0.143417
0.012993
0.275352
0.119086
-0.647129
0.508152
0.415764
-0.444407
-0.052445
-0.221025
-0.109311
-0.281645
0.500901
-0.294535
0.194422
-0.152345
-0.409519
-0.107905
0.091079
-0.199536
0.388607
-0.364991
0.555133
-0.031752
0.539095
-0.338501
-0.315730
-0.045187
0.200271
0.123129
-0.222867
0.084584
-0.474112
0.307869
0.475461
-0.248769
0.152727
-0.356697
0.751665
0.156810
-0.231297
-0.117685
-0.357594
-0.108719
0.288588
0.211467
0.022468
-0.035723
-0.385092
-0.159654
-0.151830
-0.268787
-0.371212
-0.183513
0.130194
-0.330132
-0.611936
0.099195
0.081136
-0.467819
-0.260006
-0.351250
0.583032
0.401222
-0.074385
-0.528329
0.221356
0.505381
-0.078617
-0.212775
-0.176953
-0.282005
0.086088
0.440131
-0.178196
-0.132678
0.750005
-0.450495
-0.079484
0.117907
-0.079324
0.343703
0.611689
0.190462
-0.200760
0.108361
0.508281
0.138452
-0.489416
-0.250596
0.277661
-0.545182
-0.346976
-0.459255
-0.068467
-0.244190
0.036149
0.181799
-0.368408
-0.636723
-0.050489
0.386350
0.292016
-0.469498
0.373337
0.506076
0.211716
-0.231658
-0.466333
0.232225
0.113318
0.161268
0.013773
-0.059025
0.412922
0.495732
0.126650
0.101475
0.017264
-0.474567
-0.576395
-0.084419
0.057989
-0.502400
0.614405
0.176136
0.670218
-0.343983
-0.261167
0.451155
-0.320410
-0.350559
0.552037
0.043321
0.484594
0.221555
-0.366950
0.019680
-0.366585
0.147796
-0.159505
0.554111
0.090777
0.395545
-0.025695
0.613238
-0.197446
0.337948
0.523035
0.326198
0.381606
0.063924
0.038440
0.354967
-0.172548
-0.427261
0.356944
-0.553823
0.256680
0.130869
0.434515
-0.194089
-0.191919
-0.244830
0.362820
-0.203448
0.420820
0.110305
-0.229130
-0.470332
0.121088
-0.295741
0.492743
-0.532584
0.066787
-0.346661
0.385555
0.009616
-0.075376
0.187507
-0.077457
-0.281793
0.121938
0.410140
-0.230511
0.244055
-0.422819
0.059895
-0.046946
-0.013260
-0.209389
-0.089135
-0.162836
-0.278068
-0.017472
-0.266195
0.133164
-0.690018
0.431405
0.480720
0.252062
-0.433847
-0.547742
0.110572
-0.240707
-0.329940
-0.291950
-0.081825
-0.180372
-0.515218
-0.002410
0.029757
-0.337009
0.178573
0.376822
0.439706
-0.080469
-0.127242
0.292409
0.528837
-0.119883
0.083177
-0.078705
-0.137540
-0.186375
0.126464
-0.014925
-0.133073
-0.016960
-0.395294
0.255094
-0.256682
-0.180345
0.393199
0.271906
-0.070655
0.208643
-0.076164
0.209842
-0.068879
-0.563873
0.101078
0.473406
-0.431326
-0.267543
-0.143681
0.377026
0.533633
-0.114926
0.385323
0.045796
0.181394
-0.365520
0.030127
0.038271
-0.448988
0.002672
-0.359250
-0.224576
-0.203642
0.170839
-0.203005
0.052101
0.130662
-0.518036
-0.293595
0.154663
0.442842
0.407115
-0.308037
0.327826
-0.163034
-0.344727
0.104830
0.482674
-0.502008
-0.007266
0.512788
0.348101
0.059269
0.571868
0.063008
0.352587
-0.198628
-0.101258
0.192931
-0.478042
0.353560
-0.331454
0.355501
-0.637841
0.500321
0.138031
-0.254495
-0.211383
0.068527
-0.481721
0.300398
0.425925
-0.149133
0.745676
-0.229330
0.447261
0.132669
-0.492223
0.485640
-0.026611
0.744583
0.547178
0.282276
0.006528
0.394078
-0.339314
0.109193
-0.607650
0.049852
-0.054629
0.423002
-0.394575
0.363893
0.648563
0.310240
0.446763
-0.256144
-0.472125
0.212718
-0.652859
-0.243311
-0.306924
-0.417213
0.161561
-0.537756
0.303907
0.325853
0.351995
-0.265570
-0.357531
-0.563161
-0.646121
0.323095
0.145254
0.527308
0.260689
0.227094
-0.015782
0.112718
0.109291
-0.245261
0.237737
0.517993
0.262733
0.364567
-0.211158
-0.266849
-0.556352
-0.024495
-0.219055
-0.370086
0.212405
-0.301527
0.304309
-0.488464
-0.078149
-0.118061
-0.495859
0.342345
0.327550
-0.198334
-0.270570
-0.462962
-0.389482
-0.210755
-0.105354
0.228878
-0.038532
-0.256205
-0.617307
0.367883
0.361212
-0.368945
-0.155371
-0.331572
0.207408
-0.333753
0.222060
-0.175487
0.107276
0.198677
0.513147
0.034507
0.212492
0.296192
0.414210
0.370368
-0.261229
-0.045686
-0.437757
0.390662
-0.171627
0.252461
0.448603
-0.121670
-0.147412
0.910052
-0.297405
0.400490
0.612239
-0.043592
0.041434
-0.106909
-0.165681
-0.351586
-0.055496
0.028878
-0.371487
-0.360213
-0.827820
-0.531122
0.030822
-0.254089
0.170496
-0.409858
-0.418849
-0.450997
-0.100856
0.152644
0.262830
0.147573
0.505735
0.298664
-0.052442
-0.549714
-0.337863
0.163144
-0.272758
0.335989
0.489474
0.232054
-0.222088
0.269521
0.478700
-0.339549
0.146466
-0.489849
-0.311774
-0.196678
0.192856
0.006937
-0.425415
-0.085176
0.536302
0.158273
-0.242425
0.107272
0.472350
-0.384540
0.280433
-0.171259
-0.501789
-0.511794
0.813903
-0.153818
-0.203486
-0.205985
0.008800
-0.259448
0.043533
0.787799
0.254842
0.156245
-0.144221
0.127889
-0.214598
-0.302449
-0.423367
-0.041444
0.453979
0.454184
0.070938
-0.019424
0.183715
-0.457742
-0.015212
0.542206
-0.362463
-0.499029
0.012483
-0.076737
-0.083196
0.105614
-0.407871
0.474673
0.523041
-0.112398
0.158768
-0.079929
0.505670
0.501243
0.349749
-0.161558
-0.252491
0.570580
0.260681
0.049948
0.370042
0.013270
0.054879
0.103223
-0.048010
0.425674
0.194736
-0.170638
0.360658
0.258999
-0.209559
-0.368559
0.472276
0.127410
-0.119428
-0.493795
0.202604
0.300440
-0.169803
0.381393
-0.569934
0.071054
-0.548906
0.312621
-0.042887
0.270736
-0.500475
-0.059414
-0.242600
0.163249
0.320661
-0.034546
0.001308
-0.495501
0.098645
-0.647458
-0.303220
-0.009168
-0.361341
-0.127884
0.607118
-0.076519
0.247506
-0.150895
-0.258986
-0.025015
0.248275
-0.140550
0.028972
0.125462
0.458636
-0.052858
-0.526076
-0.024285
0.395679
-0.501565
0.251143
-0.277040
-0.552976
0.302428
0.464122
-0.002986
0.534883
0.044556
-0.720247
-0.276059
0.020078
0.100866
0.239410
-0.375433
-0.158829
0.320102
-0.029232
0.109401
0.290341
0.009895
0.152506
0.100782
-0.076553
-0.155924
-0.466910
-0.110450
0.499892
-0.517554
-0.051081
-0.031972
0.492821
0.209130
0.573077
0.272686
0.173733
-0.568890
-0.107087
-0.562888
0.570372
-0.022754
0.574663
-0.191608
0.578024
0.476501
0.260112
0.549066
-0.179134
-0.378253
-0.120308
-0.595999
0.790940
-0.271247
-0.344531
0.134038
0.206728
0.255560
0.272481
-0.304604
0.257454
0.234928
-0.601214
-0.182314
-0.761303
0.219138
0.502266
-0.320396
0.280368
-0.549624
0.054522
0.189465
-0.006719
-0.025123
-0.565909
-0.387795
-0.787033
-0.346739
-0.044058
0.447642
-0.455710
0.584995
-0.370002
0.311078
-0.427801
-0.139413
0.262580
0.217981
-0.311885
0.470819
0.109425
0.025430
0.475743
-0.570698
0.037041
-0.001310
0.255900
0.043466
0.375008
0.690910
-0.218079
-0.596624
-0.747732
0.187349
0.093818
-0.279840
0.250338
0.477289
-0.363910
0.046483
0.501318
0.402148
-0.023959
0.434074
0.395819
