-0.117287
3.404452
-4.399904
-2.800430
-2.949760
1.409926
-3.675350
0.622677
-1.695972
0.776966
-1.197532
-1.045433
-1.312316
-2.323760
-3.091889
-0.482338
5.460215
-1.178622
-0.833904
-0.849121
2.400846
0.867389
-0.151331
-0.904457
-3.172554
4.891617
-2.139677
2.758112
-0.499739
2.317847
-4.799263
-5.678931
0.059578
0.365838
0.306450
0.603387
-1.045680
-0.105188
-3.639319
-0.125753
-4.138473
-0.839952
2.618836
-0.742930
-1.438881
-0.586406
-11.626738
0.253423
12.449615
-0.495475
0.416848
-0.106785
-0.335326
0.074641
0.020798
-0.272991
-6.006343
0.292184
2.749175
-2.529214
0.629009
0.289760
-2.611852
4.297998
2.660272
1.164012
-3.775253
-0.887517
-1.399992
3.658907
0.837513
-0.876818
-1.293313
-1.547977
-0.753210
-0.181475
-2.359909
-0.860760
0.879211
0.159650
-1.133076
-2.294651
-3.929242
-0.347231
-5.423985
-1.801278
-9.275135
-1.189965
3.015169
-2.805724
0.022689
-1.879100
1.552424
0.183079
-1.373514
6.185805
-6.851595
-2.789603
-2.571692
-1.919979
-2.983502
-1.499564
3.674808
0.289249
-0.148764
-0.919553
-0.254920
2.612516
-0.016324
-3.066831
-2.202653
1.994816
1.942265
-3.325140
0.565994
-6.219752
0.417593
1.115357
1.925634
0.879823
7.406681
2.368398
-2.067460
0.888364
7.754097
1.799321
0.546960
1.849657
-2.600063
-1.391430
-2.583352
-2.561722
-0.391910
0.932116
3.243820
0.667419
-2.583835
-0.813658
-3.003185
-0.460854
3.701305
1.597209
-2.868183
-2.821647
2.375224
3.327677
-3.235328
-0.367659
2.813415
6.168454
3.244933
-0.634306
2.183484
-0.549771
3.443585
1.939727
1.032027
1.616436
7.955392
2.963994
-0.021676
-3.347191
5.347188
-2.971953
-1.014996
-1.007426
0.784340
4.369767
-1.874331
1.210163
1.174361
-0.664877
3.161410
6.579213
-2.173750
-1.845660
2.422427
-1.811248
2.037587
4.584250
-1.119221
3.104583
0.560262
1.676795
-2.026697
1.468635
1.018093
-1.148139
-0.438019
1.105853
1.510041
1.901205
3.406488
-0.612063
-5.915616
-0.616201
3.648115
0.763044
-4.451738
1.203630
4.796914
-2.820000
-3.071465
-2.698577
-4.214689
1.776147
-2.560706
-2.846754
-0.384766
2.363915
0.794346
4.204114
2.523489
5.136215
-3.350718
-5.287048
-2.850725
2.037043
-3.119800
0.034981
4.889268
-1.305781
-4.747127
-3.680289
-1.045496
-7.267404
3.899680
-5.374770
-2.984507
0.264311
-3.680493
4.976203
-7.500527
-0.816618
-5.665297
-2.761678
1.153753
2.824157
-2.540849
4.664127
-1.968129
-0.724256
-0.615890
-0.515189
-4.553653
4.042497
1.856466
-10.104288
-1.814701
-2.163412
2.588074
2.970434
-0.392849
0.051637
4.436095
3.095073
2.289485
0.487605
-2.275480
-0.746789
2.934445
-1.009853
7.216509
2.626915
-8.587438
0.270330
-5.511822
5.682813
0.100962
-2.927787
-4.684324
0.475708
1.745995
4.795936
3.447327
4.861004
-4.711823
-1.206367
-3.448786
-4.875721
-2.686724
-4.136196
6.866929
-0.080808
-0.191684
-3.687289
4.247747
0.137860
1.186780
-0.223362
-3.307929
3.831296
2.180812
5.416625
2.633050
2.850388
-0.927629
1.793620
-0.114782
3.203974
14.443478
2.281774
3.645217
-0.306356
1.083545
-0.886145
-2.218394
2.648703
-3.104816
0.098298
0.403970
2.832387
-5.308848
-0.758861
0.398923
-2.064323
2.119012
-2.265589
0.466688
1.960549
0.370042
0.665004
-1.380586
-3.017252
-6.675813
1.286990
-6.019705
3.684012
-2.715060
0.779288
0.598641
-1.207791
-8.750842
5.285621
4.513533
-0.882237
-2.454567
-3.221762
-1.879068
-2.687303
2.202339
-1.651354
0.976484
1.485797
-1.240354
4.243196
0.828300
1.571910
0.330637
3.989527
-4.530285
-0.122335
-1.502897
-5.483140
-2.394550
-0.898202
4.971597
3.307136
4.122354
-4.727489
-1.387198
-2.473738
1.528330
-2.044584
3.078181
1.006008
1.892505
6.293066
-4.932647
1.841000
1.643622
-2.558046
0.711700
3.324426
5.131570
-2.364170
0.479521
-3.195346
-1.791075
-2.389762
3.216449
1.453476
2.005301
-3.892013
-2.083490
2.288220
-1.239937
1.588951
-0.733471
-2.188540
-4.913013
-0.633381
0.165321
0.478470
-7.443532
1.168917
-0.713612
1.212234
-5.856454
-2.893223
0.630547
3.244979
-3.365266
-3.551263
1.926440
0.412320
-6.692407
-1.674880
1.644145
-1.391774
-1.242362
-0.109105
-0.573089
-2.838874
-8.198700
4.676547
5.268141
4.606208
-0.877480
1.876194
0.933239
5.538415
2.310989
-1.051429
-4.614948
-6.022093
-7.930676
-3.083955
-6.886658
-1.531472
2.377504
0.904378
-4.293992
9.349592
2.763174
-9.187848
-0.203420
-2.651860
-2.263299
2.573056
3.020059
-1.679398
0.982769
4.018274
1.976625
0.084093
5.470848
-2.547042
1.046636
-2.382134
3.033497
0.548502
4.510968
0.429042
-2.625493
-1.740548
3.929681
-3.334163
0.002773
1.348395
3.098789
-3.397937
4.472754
-4.653872
-2.398873
-2.907925
5.923794
-4.344396
0.045697
-2.241614
-1.886693
-3.803421
-4.103057
-1.130272
-1.144202
1.151621
-1.452483
-1.837143
4.998881
-2.237157
-0.382569
-1.840798
5.239479
0.083191
-7.039680
3.005354
-1.511436
5.584869
-0.948145
1.292699
-0.402540
3.752655
1.885562
-0.994724
-5.852850
1.731635
1.455525
-0.023252
2.738251
-0.383908
-3.398148
1.883509
0.362983
2.701895
0.655531
-2.752818
-1.170404
4.725504
3.548126
2.129655
0.968929
-0.232803
-0.312782
2.198513
6.762752
-1.081808
1.190429
1.424706
1.855305
4.827871
1.467344
3.078735
3.012147
-0.269747
-3.996782
-0.850563
-3.695023
-2.649285
3.748747
5.187425
-1.428745
1.517018
4.708571
-2.105478
7.340518
2.049553
-5.831847
-2.400892
-4.728123
1.567541
-3.958454
-1.442163
-8.575828
-4.645342
-1.658538
0.964393
-4.856583
3.176268
5.066511
-1.825774
-5.846460
2.395946
-4.925171
-9.658446
2.439045
4.802414
-6.046019
-0.840829
2.229378
-0.935947
5.425174
-0.289583
-2.751675
4.262654
-1.114046
2.481974
-3.563773
2.170116
2.231091
0.370988
-0.851353
3.528735
2.139557
-5.904019
4.139095
-1.019186
1.352900
-3.424336
0.128476
-0.947457
-0.701804
2.354288
-0.676488
-0.470658
2.121504
-1.737440
-9.752870
-0.902616
-3.561677
-3.735129
-6.004422
-0.983190
-2.375065
4.898125
0.617094
4.121500
-4.607053
1.146671
-0.268811
1.395749
-5.760117
1.292099
0.457266
0.430935
-1.972584
3.074572
3.490916
2.305233
-1.355620
1.838669
2.247756
1.186422
0.972753
0.752871
-0.155044
-0.001507
-0.389758
0.030449
-3.008163
-5.867461
-4.563399
-2.275304
2.397929
4.455276
-1.505049
1.318872
-0.617393
-1.867023
-2.930325
-0.379270
2.892839
-0.390062
4.524209
-3.467191
-4.898740
1.908676
-0.082316
-1.935030
-1.192632
-1.730249
0.366375
-0.573708
-0.326698
7.739695
-2.749561
-1.202488
3.488685
-1.885616
1.007570
-2.583427
-1.934286
4.921503
0.302888
3.176517
-0.058459
0.343328
-1.457758
-3.104358
-1.029208
1.795053
9.563802
-0.208516
2.083422
-1.177138
-1.965093
-0.137692
-2.413714
-0.607459
-0.700328
-1.572903
2.195981
4.522603
-2.845225
3.214659
3.128291
2.717407
4.325961
5.255259
-2.867492
-6.517939
2.284968
2.100130
-1.196281
-3.583018
-2.223675
4.061581
-4.070231
-3.540285
3.342608
2.462462
-8.269636
0.828460
1.959363
-0.984689
2.040435
3.510438
5.410724
2.189807
6.196470
3.033174
-3.511423
5.053853
-0.042759
-6.600324
3.410482
-1.276805
-1.142446
-2.259405
-4.923499
-2.034967
1.999710
-0.785238
-4.428132
3.868848
1.756560
2.612317
-3.330617
-7.393815
7.626688
-0.798052
-3.429056
3.252599
4.328337
2.866036
-0.465402
-3.419087
4.171967
-4.046195
-4.695598
2.758091
-1.017049
-7.722134
0.226702
-0.159929
0.273382
-0.908718
11.233542
-0.797748
2.252152
4.243798
-1.597662
-1.037729
1.916513
-3.457917
-1.937951
2.940841
-4.067530
-3.231323
-2.855198
-1.347881
5.741635
6.198670
2.416951
-2.667149
-1.107057
-0.098695
0.901348
2.085100
-3.204987
0.443941
4.414552
-0.445998
2.595547
2.667154
-2.425612
-5.099254
2.074004
2.003276
-1.452857
-0.914261
-5.273268
