-0.034163
-0.061965
-0.343564
0.123734
-0.646566
-0.078591
0.007660
-0.106867
0.370490
-0.066531
0.265425
0.034623
-0.496894
-0.483041
0.140750
-0.367331
-0.264165
-0.188533
0.190268
0.087684
-0.302664
-0.293604
0.008161
0.410511
-0.169924
0.306143
-0.021820
-0.103825
-0.041809
-0.508461
0.249649
-0.359032
-0.418992
-0.069779
0.217631
0.175604
0.151491
-0.139862
0.285408
0.137875
0.061426
-0.488563
0.167949
0.349321
0.414359
0.380837
-0.116997
0.315554
-0.319925
-0.217327
-0.215254
0.034127
0.338401
0.321700
-0.050605
-0.096717
-0.597496
-0.464438
0.026079
-0.328607
-0.047280
-0.294957
0.021827
-0.092142
-0.514075
0.411297
-0.578154
-0.048868
0.226652
0.179212
-0.392299
-0.460935
-0.215070
-0.364667
0.371380
0.204454
-0.034630
-0.441992
0.189517
0.224015
0.150331
-0.475294
-0.381868
-0.386164
-0.361308
-0.553846
-0.119240
0.423225
0.014366
-0.103554
-0.313176
0.126096
0.139432
-0.170704
-0.680982
0.064114
-0.162965
-0.280676
-0.486582
-0.228125
-0.326930
-0.377279
0.009201
0.250955
-0.454654
-0.128588
-0.342038
0.219246
-0.119184
0.213868
-0.029113
-0.407630
0.105692
0.042590
-0.370530
-0.255398
0.369493
0.011732
-0.156282
0.454845
-0.584174
-0.334665
-0.592376
-0.244680
0.297557
-0.096558
0.131613
0.104146
0.177384
-0.501985
0.173449
0.351514
0.139657
0.130379
0.050685
-0.636112
0.268265
-0.350620
-0.162101
0.030945
0.092798
-0.237665
0.433657
0.076085
-0.165501
-0.196496
0.574176
-0.110497
-0.296209
-0.362434
0.321734
0.202542
-0.009988
0.090078
-0.273343
-0.578109
-0.233636
-0.371730
0.625272
-0.250823
-0.519247
0.043488
0.518673
0.199943
-0.472417
-0.407000
-0.406985
-0.190360
0.180305
0.432740
-0.167684
0.377527
-0.312859
-0.369349
0.221177
-0.266226
-0.285313
-0.603712
0.358515
0.259619
0.620669
-0.238221
-0.447446
0.409329
0.137234
0.150248
0.479436
0.188120
-0.113114
-0.281042
0.571045
0.220185
-0.185036
-0.215159
0.224551
0.039772
0.355826
-0.528995
-0.074628
-0.523033
0.268730
0.082313
0.563477
0.198760
0.179430
0.115129
0.751834
-0.580091
-0.070469
-0.588686
0.018357
-0.149148
-0.225902
-0.618930
0.342826
0.327696
-0.076449
0.138100
-0.144697
0.032214
0.496139
0.076202
-0.321412
0.008423
-0.369340
0.170848
0.760480
-0.424896
-0.298049
-0.077084
0.538470
0.279105
0.316280
0.105042
0.509249
-0.210828
-0.357184
0.058193
-0.370139
0.057111
-0.566648
-0.383293
-0.533195
-0.192960
0.348230
0.176475
0.558485
0.222201
-0.625699
-0.498433
0.119407
0.412795
0.279387
0.470005
0.152009
0.350506
0.305353
0.096284
0.022872
0.032738
0.290808
-0.282690
0.009993
0.045257
-0.064314
-0.194291
-0.268771
0.452088
-0.329164
0.489107
-0.220975
0.555205
-0.348956
-0.415226
-0.301153
0.614043
0.056614
0.258170
0.000103
-0.059803
0.335727
-0.507319
-0.442600
0.146376
0.139099
0.193483
-0.709832
-0.106254
0.038706
-0.467265
-0.087886
0.490693
0.158755
-0.425895
-0.006116
-0.208977
0.579072
-0.715916
-0.508785
0.388831
0.336566
-0.104625
0.122947
-0.166016
0.031564
-0.385239
-0.353557
0.068731
0.057444
-0.257538
-0.260240
0.044800
-0.300389
-0.015300
-0.328013
-0.732468
-0.107356
-0.592930
-0.268371
0.320028
-0.163070
0.567413
-0.219356
-0.665203
-0.034259
-0.052824
0.243079
-0.197952
-0.427331
0.057703
0.061285
-0.017633
0.061290
-0.291366
-0.073148
0.086922
-0.412463
-0.443592
-0.177842
0.118907
0.391565
-0.317683
0.421637
0.047541
0.242209
0.363550
-0.195794
-0.253659
-0.310899
0.287482
-0.346373
-0.425195
-0.613114
-0.036708
0.460305
0.181305
0.014559
0.235154
-0.178450
-0.071943
-0.143025
-0.214532
0.294416
-0.021481
0.373193
-0.055000
-0.277252
-0.254630
0.033847
-0.142779
0.000643
-0.016960
0.169922
-0.201420
0.578452
-0.182235
0.184705
0.223167
-0.311911
-0.028361
-0.239436
0.552073
0.171581
0.199704
-0.437783
-0.587741
-0.058346
-0.379105
0.059714
0.069720
0.446112
-0.531869
-0.104576
0.273331
0.475596
-0.466574
0.567117
0.229254
-0.180661
0.189638
-0.182167
-0.414088
-0.309410
-0.035054
0.532737
-0.538749
0.063357
-0.303398
0.304931
0.309078
-0.417786
0.481031
0.367088
0.214371
-0.831734
-0.184026
0.280608
-0.222459
-0.385757
0.273912
-0.073908
-0.111468
0.011261
0.611948
0.147023
0.347455
0.622220
0.138532
0.244313
0.199137
0.502264
-0.239388
0.229290
-0.240020
-0.302641
-0.284940
0.219264
0.389709
-0.398505
0.816017
0.473956
0.298956
-0.475484
-0.399021
0.572817
-0.117759
0.114835
-0.466273
0.041125
0.184718
0.570526
-0.348304
0.361512
0.109284
0.121114
-0.037935
-0.412038
0.687935
-0.012072
0.322257
-0.283716
-0.153997
-0.439819
0.528874
0.364566
-0.449495
-0.060653
-0.168255
-0.308975
-0.283830
0.216093
0.259570
0.350631
-0.345651
-0.002227
-0.383741
-0.300340
0.159380
-0.224796
-0.143269
-0.522575
0.221308
-0.238680
0.041395
-0.333753
-0.490802
-0.172402
0.072353
-0.481894
0.488493
0.298884
0.201222
-0.047577
-0.008033
-0.176823
0.119780
0.204690
0.036047
0.378710
-0.411609
-0.251682
0.423425
0.650732
0.461634
-0.379400
-0.451260
-0.001404
-0.125587
0.366034
0.219500
-0.139484
0.074345
-0.366581
-0.054786
-0.359667
0.477801
-0.529378
0.086113
-0.377879
0.332287
0.214911
-0.068641
0.237152
0.653554
0.362647
0.225040
-0.323767
0.525302
0.179226
0.128969
-0.456853
0.037048
0.528211
-0.136796
0.546772
0.137720
0.135516
-0.332819
0.208363
-0.405219
-0.483183
0.196189
-0.218173
0.491361
0.467348
-0.064825
-0.392900
0.174164
-0.105329
-0.426119
0.334589
0.059141
0.342439
0.409511
-0.192912
-0.053756
-0.414130
-0.076536
0.402823
-0.264826
-0.449814
-0.318475
0.013644
0.407864
-0.039569
-0.367047
-0.391252
-0.069216
0.074512
0.223485
-0.099831
-0.025401
0.185053
0.115085
0.202593
0.537507
0.460557
0.336045
-0.113468
0.289985
0.359520
-0.081905
-0.544326
0.407098
-0.130204
0.295962
0.235797
-0.512995
-0.119906
-0.265899
0.296463
-0.014989
-0.276308
0.602901
0.075361
0.391212
-0.128042
0.135086
0.364492
0.236992
-0.056497
0.021085
0.321265
-0.713116
-0.384002
0.173810
0.485947
-0.134122
0.033603
-0.529494
0.535088
0.526212
0.270496
0.379375
-0.397335
-0.272773
-0.276156
-0.339112
-0.034800
0.153458
0.579422
-0.487733
0.316049
0.396293
-0.824579
0.406768
0.613106
-0.112458
-0.105286
-0.091390
0.239482
-0.113330
0.387014
0.651740
-0.594409
0.373751
0.656811
0.062565
-0.269726
0.123485
0.436155
-0.268549
-0.382918
-0.183234
0.702022
0.148043
0.311580
0.099680
0.240077
-0.486545
0.334635
-0.218599
-0.063418
-0.403778
-0.243470
0.002561
-0.223686
-0.154665
0.593687
-0.378450
-0.170832
-0.021897
-0.319845
0.273141
0.434928
0.025717
0.124853
0.094160
-0.356920
-0.114308
-0.262742
-0.522382
0.199468
0.009625
-0.199532
0.322827
0.097444
-0.074900
-0.073912
0.091061
0.438587
-0.201201
-0.844284
0.116485
-0.427627
-0.252622
-0.284454
0.569620
-0.109731
0.323485
0.173353
-0.170016
0.158371
-0.137842
0.228091
0.183454
0.497042
0.121264
0.191066
-0.159840
0.450010
0.401491
0.087499
0.265163
0.683888
0.372347
0.027191
-0.283070
-0.002281
0.274832
-0.022188
0.315860
0.109412
0.173160
0.313149
0.385899
0.304443
-0.369054
-0.081130
-0.610776
-0.143557
0.347238
0.316173
-0.325617
0.118714
0.056594
0.059861
0.447620
-0.075446
-0.212354
0.137130
0.285867
0.318490
-0.203249
0.041397
-0.023344
0.057367
0.515373
-0.215258
-0.676960
-0.075587
0.575172
-0.104870
-0.009366
0.286635
-0.561338
0.499080
-0.175582
0.562698
0.564862
0.252256
0.235644
0.190524
-0.332771
-0.470567
-0.022098
0.170064
0.097624
-0.371392
-0.097011
-0.097264
-0.728948
-0.078228
0.470798
-0.179233
-0.085311
-0.098252
0.015998
-0.060648
0.114427
0.230338
-0.525084
-0.358010
-0.003932
-0.227452
-0.516542
-0.342015
-0.765362
-0.073528
0.315811
0.237700
0.514647
-0.172813
-0.058270
-0.179420
-0.020746
-0.141546
0.589763
0.408733
-0.012870
-0.059076
0.171157
-0.066212
0.189280
-0.025755
-0.091395
0.451089
0.423130
0.070589
-0.537681
0.071870
-0.612590
-0.141030
0.186177
-0.506706
-0.057414
0.339979
0.456309
0.020645
0.081168
0.018277
-0.090566
0.208985
0.144017
-0.164213
-0.512726
