0.522281
-0.538961
-0.052367
0.039323
-0.594167
-0.019907
-0.082574
0.109307
-0.269788
0.103867
0.123763
0.254098
0.112291
-0.436590
0.280321
0.571429
0.140592
0.169209
0.357780
-0.137591
0.097450
-0.152764
-0.203563
-0.407731
-0.169924
-0.212170
0.026984
-0.090078
-0.376449
-0.025070
0.253752
0.513698
-0.286941
-0.296411
0.037503
0.143700
0.202888
-0.211206
-0.007478
0.226316
0.244771
0.118399
-0.236129
-0.124252
-0.291439
-0.083086
0.312022
0.068459
-0.185734
-0.172788
0.378697
0.443053
0.050080
0.095405
0.019387
0.169395
0.106592
-0.123911
-0.032563
-0.324711
-0.134683
0.273269
-0.098372
-0.077618
-0.499299
0.411297
-0.297618
-0.184825
0.224498
0.199978
-0.159339
-0.635278
0.260409
-0.056236
-0.575773
0.204454
-0.250615
0.156011
0.313589
-0.485275
-0.387541
-0.100340
-0.334025
0.116753
-0.024787
-0.055389
0.444398
0.226928
0.151395
0.049852
-0.079050
0.153457
0.465867
-0.237621
0.036150
-0.083790
0.097739
0.553394
-0.424672
0.444968
0.672190
0.018751
0.052268
0.156693
0.350251
0.217910
-0.443969
-0.402608
-0.243998
0.221774
-0.113281
0.173042
0.316126
-0.153959
0.384183
0.418099
0.079759
-0.487754
0.319574
0.438932
-0.529998
0.594660
0.011495
0.154432
-0.367923
0.148809
0.085796
0.150471
-0.175212
0.143564
-0.644953
-0.194843
0.180865
0.130379
0.263684
-0.261328
0.254307
-0.151845
-0.379846
0.585715
0.082120
-0.070550
-0.256327
-0.211318
0.241739
0.277699
0.476856
0.465935
0.146817
0.346570
0.268844
-0.180083
0.338628
0.048369
0.630710
0.541266
-0.256846
0.894502
-0.284658
-0.190090
0.265234
0.010586
0.353004
-0.291761
-0.050968
-0.407000
-0.111336
-0.151257
-0.526781
0.221269
0.195204
-0.202405
0.107467
-0.305116
0.238077
-0.113335
0.350653
-0.041035
0.011735
-0.088897
0.138145
0.598182
-0.149178
-0.102886
0.242528
0.041125
0.509165
0.088701
-0.180238
-0.479211
-0.424554
-0.043216
-0.424425
0.000512
0.501683
0.360816
-0.230330
-0.623804
-0.460445
-0.355399
0.382832
0.349238
-0.267001
-0.272077
0.136916
0.559048
0.117102
-0.274442
0.164545
-0.021641
0.279173
-0.115335
0.135464
-0.214496
0.416705
-0.290779
-0.063021
-0.410405
-0.362204
0.149683
0.292650
-0.107301
0.144477
0.202295
-0.183576
-0.059271
0.139914
-0.176655
-0.154884
0.162772
0.706504
0.455959
0.277106
-0.055167
-0.395461
0.182528
0.144882
-0.243987
-0.579941
-0.297018
-0.497660
0.169767
-0.493948
0.009494
-0.525203
0.194815
-0.581557
-0.375720
0.574443
0.080968
-0.380276
0.251740
-0.060614
-0.485033
-0.411320
0.212063
0.150200
0.332252
0.450602
-0.099999
0.098533
-0.344752
-0.214459
-0.369111
0.807289
-0.103866
0.299765
0.635558
-0.288940
0.154809
-0.165279
-0.508358
0.667770
-0.109012
0.315796
0.422112
-0.025035
-0.055916
-0.380499
0.415485
0.130403
-0.389433
0.484811
-0.041119
-0.118456
0.053589
0.373461
-0.002642
0.156594
-0.206547
0.166946
0.066498
0.015531
-0.479609
0.074047
0.322209
0.215289
-0.055028
0.378962
-0.499408
0.250487
-0.186119
-0.392707
-0.086095
0.107360
0.010605
0.087936
0.307995
-0.391570
0.124409
-0.210089
0.119523
0.216781
-0.183275
0.384674
0.506743
-0.596256
0.152002
0.122127
0.008715
0.321705
-0.351652
-0.494560
-0.369243
-0.561003
-0.005443
0.528950
-0.274197
-0.493815
0.083727
0.063759
-0.520609
0.290588
-0.010893
-0.265260
-0.048515
-0.319728
0.369823
-0.292429
0.197558
-0.269807
0.705546
-0.314644
0.006046
0.357381
0.231235
0.328401
0.054548
-0.405356
-0.470249
-0.325055
-0.257368
-0.077813
-0.408609
0.098842
-0.398247
0.178573
0.131668
0.374271
-0.468705
-0.149564
-0.363922
0.076205
0.535316
0.313235
-0.207594
-0.277252
0.142868
0.025740
-0.018420
-0.005414
-0.016960
0.452285
0.068092
-0.033524
0.109844
0.280236
-0.050444
0.281660
0.451475
0.492657
-0.065121
0.468296
0.147893
-0.569414
-0.587741
0.509147
-0.409155
0.103870
-0.173488
-0.318713
0.376463
0.331833
0.022122
0.583665
-0.530353
-0.086171
0.583380
0.170503
-0.183897
0.239696
-0.675188
-0.320941
0.178723
0.029946
0.164451
0.385905
-0.448727
0.066614
0.346313
0.191505
-0.196441
0.465554
0.526707
0.096583
-0.074605
-0.206328
0.364242
-0.027407
0.118122
0.129641
-0.305277
-0.147229
-0.048158
0.530076
0.328658
0.460504
-0.429077
-0.082323
-0.467328
0.641071
0.295851
-0.035496
-0.086256
-0.090291
0.194971
0.008590
0.148450
0.046473
0.737992
0.573299
0.360757
-0.353540
-0.353399
0.038329
-0.166796
-0.035718
0.530218
-0.202105
0.348122
-0.423381
-0.453422
-0.364047
-0.026732
-0.335228
-0.164762
0.137326
0.042422
0.644996
-0.161653
-0.076446
0.352339
0.074654
0.605338
0.296983
-0.441786
-0.688348
0.146411
-0.539050
-0.186431
-0.130976
-0.198773
-0.618700
-0.024075
0.416528
-0.058533
0.167135
0.145343
0.087968
0.244528
0.317769
0.122827
-0.215644
-0.183824
0.233497
-0.490802
0.103153
-0.758091
0.195244
0.056662
0.156340
0.333605
-0.374798
-0.117954
0.303536
0.140333
-0.193942
0.288965
-0.146358
-0.126742
-0.303522
0.285481
0.408836
-0.391859
-0.538342
0.018329
-0.706204
0.014475
-0.208771
0.590142
0.584842
-0.041883
-0.076798
-0.463357
-0.115906
0.057024
-0.420933
-0.061912
-0.109226
0.447633
0.441727
-0.269598
0.094592
-0.128229
0.362647
-0.319132
-0.311351
0.011638
-0.522790
0.223688
-0.143313
0.121566
-0.042183
-0.013830
0.341561
-0.420231
-0.411527
0.353210
-0.019684
0.057565
-0.072381
0.196189
-0.072905
0.069498
0.411909
-0.044069
-0.621377
-0.224650
0.383277
0.369115
0.334589
0.140541
0.326804
-0.220994
0.556212
0.199637
0.413527
-0.028374
0.173274
-0.079597
0.034441
0.240091
0.076121
0.205253
0.564963
0.221342
-0.721389
0.071469
-0.664509
0.372908
-0.019900
-0.182570
-0.189274
-0.439915
0.080296
-0.202099
0.026739
0.303844
0.541215
-0.456348
0.241069
0.478876
0.380346
0.036992
-0.445411
0.232461
0.047037
-0.384516
-0.653087
-0.020427
0.172740
0.315491
0.232254
-0.039231
-0.354042
-0.212517
-0.044025
-0.484854
0.096649
0.142831
-0.301365
-0.282870
-0.188470
0.367968
0.024379
0.402522
-0.870877
-0.224999
0.343554
0.440935
-0.553923
0.341859
0.594815
0.897074
0.129534
0.465492
0.091681
0.182864
0.014738
0.437735
0.435308
0.173847
0.563263
-0.343396
-0.875513
0.350997
0.136564
-0.635526
-0.381974
0.299371
-0.339421
-0.463322
-0.020844
0.511503
0.086311
0.196119
-0.581526
0.302491
0.729022
0.170255
-0.584725
0.421224
0.473387
-0.083402
0.088577
-0.398380
-0.071397
-0.196730
0.130370
0.115210
0.303803
-0.149281
-0.415031
0.492511
-0.241800
0.592058
-0.312901
-0.085339
0.377439
0.503401
-0.365549
-0.747467
-0.024314
-0.190422
0.503278
0.036611
-0.314073
-0.271567
-0.017059
-0.758308
-0.125946
-0.522382
-0.300359
-0.470081
0.036927
0.475446
0.003631
0.002853
-0.032426
0.314048
0.067567
0.138668
-0.269976
0.118260
-0.051606
0.504715
-0.142069
0.714197
-0.063072
0.340850
-0.113440
0.261721
0.219501
0.342911
-0.182183
0.230029
0.241465
-0.058679
0.484462
-0.220374
-0.270249
-0.558227
-0.404906
-0.647954
0.014792
0.318307
0.151860
-0.182889
-0.502003
0.435696
-0.018702
0.002908
-0.365718
0.369379
-0.211650
-0.377283
0.072571
-0.053845
-0.136464
0.477172
-0.249021
0.233559
0.037696
-0.301070
0.215088
-0.163357
0.651918
-0.270186
-0.170737
-0.002744
-0.439471
0.008135
-0.372586
-0.328782
0.316530
0.053076
0.202043
-0.307650
0.133623
-0.161723
-0.203362
0.737084
-0.204234
0.074838
-0.460406
0.009947
0.142792
0.532485
0.492147
-0.877871
-0.504378
0.233567
0.155647
0.192486
-0.340130
-0.318837
-0.514015
-0.018270
0.116833
-0.236229
-0.200231
0.245328
-0.422089
-0.577409
-0.363712
0.006625
0.028433
0.067083
0.084005
-0.310799
-0.084150
0.235682
0.684192
-0.186025
-0.119861
-0.342376
0.510025
0.069327
0.101071
0.170534
-0.209968
-0.537104
0.176672
-0.178114
-0.395361
0.484950
0.130671
0.243837
-0.164691
0.537435
-0.371590
0.064697
0.343668
0.421307
-0.083944
-0.083637
-0.080421
0.423130
-0.055802
-0.432512
0.071870
0.123231
0.353674
-0.069460
0.114054
0.350758
-0.273589
0.097458
0.038149
0.220414
0.339377
-0.096589
0.223366
0.060338
-0.088746
0.116589
