0.370186
-0.088874
-0.321323
-0.307162
-0.194761
-0.384946
-0.053997
-0.196957
0.336928
0.097131
-0.053948
0.318692
0.034352
0.546878
0.255414
-0.008786
0.001147
-0.526179
0.258042
-0.005843
-0.653757
0.083822
-0.070386
0.367085
-0.564479
0.525316
-0.276524
-0.057246
0.401598
0.599139
-0.356015
-0.467776
-0.469761
-0.362474
-0.116973
-0.147942
-0.384480
0.351269
-0.013782
0.416357
0.054815
-0.021790
0.049205
0.396379
0.695860
-0.267400
0.458407
0.243745
-0.308694
-0.161936
0.136958
0.000576
-0.262031
-0.419728
0.010078
-0.319031
0.019563
-0.353654
0.301026
-0.309853
-0.151810
-0.128989
0.434062
-0.322980
-0.505238
-0.357209
0.323423
-0.114491
0.179192
-0.228044
0.099198
0.011868
0.358531
0.479256
0.442566
0.195496
0.509564
0.204213
0.361581
-0.271319
0.084437
-0.320684
-0.334463
0.612230
-0.087740
0.146543
-0.347984
-0.576373
0.104578
0.193110
-0.216903
0.342680
-0.410939
0.402659
-0.080549
0.122951
0.249822
0.144452
-0.722808
0.355560
-0.370995
-0.302135
-0.526246
-0.484636
-0.127286
-0.045955
-0.230207
0.065344
0.413397
0.291852
-0.167299
0.532369
0.406495
-0.706947
-0.188225
0.428125
0.255687
-0.406671
0.141682
0.477913
-0.453808
0.367712
-0.117218
-0.346459
-0.520368
-0.319307
0.189362
-0.539515
-0.289941
-0.410363
0.609351
-0.429406
0.171795
-0.166261
0.281550
-0.138904
0.319438
0.082477
0.551775
-0.024675
-0.583015
-0.246950
-0.186105
0.071861
0.020086
0.350505
-0.210092
-0.477823
-0.283189
-0.516980
0.274907
-0.124709
0.088923
-0.087248
0.185074
-0.139795
-0.418146
-0.077031
0.255647
-0.409519
0.508849
-0.248676
0.789243
0.104819
0.231068
-0.178500
0.050933
0.133286
-0.075135
0.546512
-0.061194
-0.230963
-0.097780
0.018332
0.329672
-0.300169
0.193278
-0.244403
-0.096821
0.271205
0.338606
0.007314
-0.330847
-0.314983
0.497443
-0.376755
-0.295315
0.421821
0.217242
0.286958
0.505572
0.373549
-0.378335
-0.101188
-0.112721
-0.255043
-0.267162
-0.166680
-0.199337
0.248493
0.488702
-0.567061
-0.423979
0.162146
0.334817
-0.160202
0.258739
-0.314507
0.214987
0.266120
0.190130
-0.357598
-0.014616
-0.513190
0.239661
-0.350888
0.745124
0.117152
0.009830
0.008378
-0.450495
0.144638
0.373588
0.014935
-0.458822
-0.574858
-0.232239
-0.146186
0.228630
0.266626
-0.090147
0.475947
-0.346490
-0.086471
-0.210393
0.291865
-0.036553
0.284128
-0.616631
0.546888
-0.405438
0.104176
-0.628439
0.124268
-0.100169
0.292894
0.560328
0.228566
-0.286389
0.495283
-0.022432
-0.013570
0.589354
0.135199
-0.432145
-0.489742
-0.422910
-0.080852
0.214503
-0.095451
-0.204182
-0.112791
-0.399012
0.053328
-0.016417
0.029642
-0.451318
0.514344
0.001513
-0.226499
-0.316656
0.219657
0.368958
0.376390
0.437588
-0.037827
0.020003
0.027821
-0.037612
0.281413
-0.257017
0.014011
0.003335
-0.042094
0.093020
-0.351575
0.218279
-0.224264
-0.538700
0.084558
-0.414238
-0.414786
0.361005
-0.265023
0.218611
-0.420078
0.461147
-0.273512
0.337602
-0.204050
0.507772
-0.133735
-0.367674
0.451324
0.041332
0.594042
-0.360937
-0.581908
-0.489909
0.277070
-0.711896
-0.017855
-0.127424
0.040100
0.582226
-0.316418
-0.015937
0.098855
-0.074044
0.139465
-0.523253
-0.102994
-0.228101
0.117892
0.105587
-0.682601
-0.459241
-0.121070
0.057725
-0.270427
0.290335
-0.297373
0.111880
-0.577432
-0.080778
0.197197
-0.279692
0.416907
0.496086
0.237960
0.260051
0.423805
-0.022061
0.382836
0.092020
-0.717102
0.026240
-0.184293
-0.258624
-0.397239
-0.320767
0.071257
-0.450158
0.176135
0.095973
-0.070011
-0.350906
0.432434
-0.356404
-0.108214
-0.100951
-0.035877
-0.516338
0.132379
0.224572
-0.102069
0.191799
-0.557866
-0.088730
-0.211250
0.780836
0.297230
0.062604
0.520459
0.508421
-0.283789
0.478115
0.039168
-0.073181
-0.472591
0.378029
0.616213
-0.400713
0.386989
0.201639
-0.159766
-0.004671
0.296428
-0.708068
0.173887
0.118343
-0.250829
0.547691
-0.234436
0.542204
0.316164
0.542437
-0.466234
-0.687422
-0.449513
0.244106
-0.256942
-0.010041
-0.003724
-0.223322
-0.586644
0.215669
0.578586
-0.365292
0.533796
0.191505
-0.072362
0.513180
0.019154
-0.000854
-0.179878
0.198870
-0.160615
-0.024412
-0.290795
0.364986
-0.158316
0.056254
-0.619494
-0.173129
0.091721
0.282018
-0.013100
-0.097985
0.148135
0.423314
0.351305
-0.337908
-0.358585
0.398049
-0.047797
-0.015904
-0.121039
0.012384
0.389032
-0.136313
0.365733
0.394076
-0.462776
-0.293210
0.469112
0.026751
-0.627842
0.477688
0.245742
0.122614
-0.263925
0.379465
0.249477
-0.264717
0.163819
-0.606896
-0.380755
0.028728
0.399202
0.342440
0.190456
0.066004
0.465147
0.243406
-0.420709
-0.126068
0.356010
0.427281
-0.375349
0.378944
-0.231458
-0.417213
-0.225985
0.497171
-0.287627
-0.294011
-0.005692
0.288196
0.008366
-0.436291
-0.646121
-0.110867
0.060387
0.455031
-0.035079
0.121117
-0.369338
0.030641
-0.206801
-0.532051
-0.629777
-0.046071
0.080636
0.203536
0.174012
0.567887
-0.115102
-0.013304
0.513098
0.126225
0.290379
0.113991
0.626637
0.631422
0.535936
-0.513263
0.200376
0.230849
-0.325965
0.276871
-0.043677
0.122611
0.454051
-0.211425
-0.108853
-0.139341
-0.376575
0.222256
0.368782
0.226458
0.040162
0.295992
0.530403
0.191289
0.252475
0.490855
0.657343
0.019710
-0.007726
-0.607956
0.303458
0.104139
0.449988
0.172935
-0.373018
0.496787
-0.425435
0.086608
0.381685
0.112353
0.115844
-0.205396
0.273915
0.015355
0.431988
-0.176782
0.262116
-0.388407
0.113310
-0.072705
0.327463
-0.108563
-0.639936
-0.307267
-0.428416
0.168024
-0.450409
-0.226514
-0.219329
0.413792
-0.139101
0.215863
0.091078
0.076907
0.266022
0.397494
-0.433891
-0.259825
-0.517201
-0.067056
-0.119000
0.415218
-0.139919
0.063663
0.610701
0.061211
-0.212928
-0.361072
0.231112
-0.316352
-0.040280
0.050930
-0.184610
-0.271069
0.382189
0.311940
0.245717
0.145158
0.270719
0.269904
0.216054
-0.147145
-0.870226
-0.748398
-0.212517
0.322587
0.035432
0.355070
0.242267
-0.242402
0.265550
-0.373929
-0.035990
-0.501347
0.377437
0.074420
-0.327516
0.040624
0.426446
0.505622
0.076018
0.299572
-0.077786
-0.329808
0.322720
-0.082556
-0.128546
0.046212
-0.469352
-0.085047
0.335636
-0.139741
0.210217
-0.128126
0.061239
0.003864
0.545348
-0.441425
0.104432
-0.046393
0.319576
0.268672
-0.388430
-0.078614
0.123185
0.210120
0.308185
-0.501182
-0.162031
-0.050309
0.479450
-0.458075
-0.166053
-0.127251
-0.228308
-0.100258
0.334174
0.386143
0.126558
-0.313036
-0.363186
-0.033190
0.099589
-0.417294
0.570400
0.418938
-0.332907
0.392924
0.052693
-0.418953
-0.018105
-0.471744
-0.554631
0.191456
-0.138576
0.495149
-0.373252
0.030961
-0.381370
-0.568963
-0.185664
-0.224958
0.260852
0.467818
0.468504
0.072569
-0.239205
0.294002
-0.241332
-0.114787
0.722956
-0.257961
-0.485988
0.185408
0.242623
0.461406
-0.113896
0.205145
-0.435007
0.266479
-0.169630
0.640585
0.380068
0.010956
-0.251949
0.090391
0.386641
-0.214765
-0.387980
0.596692
0.394839
-0.089452
-0.445578
-0.580361
0.254480
-0.149236
-0.386125
0.133806
-0.506497
-0.016038
0.129745
0.047968
0.572119
-0.211650
0.685178
0.046176
-0.533480
0.616092
0.622601
-0.240742
0.248618
-0.126691
-0.320925
-0.526726
0.029823
-0.535003
-0.412321
0.392138
0.060969
0.476166
-0.235292
-0.368164
-0.239130
0.131705
0.270778
0.353425
0.322945
-0.536269
-0.472321
0.229073
0.593184
-0.431387
0.174564
0.364940
0.646353
-0.118948
0.337579
0.038363
0.264166
0.268337
-0.080989
-0.534836
-0.499230
-0.005439
0.136461
0.113308
0.307605
-0.003770
0.336906
0.157666
-0.044715
-0.347356
-0.004330
-0.241439
0.011246
-0.023523
0.462150
-0.002522
-0.040680
-0.500611
0.206369
-0.410471
-0.011887
-0.328807
-0.628470
0.605946
-0.488319
-0.288620
-0.268651
0.258381
-0.398309
0.411072
0.088147
0.260433
-0.133111
0.114360
0.032884
0.095188
-0.042851
-0.076033
0.119804
-0.098218
0.156347
0.227644
-0.532151
0.224292
-0.231502
-0.120094
-0.527737
0.238652
0.100140
0.026873
0.015076
0.035546
0.038832
0.067024
0.017351
-0.437406
-0.478598
-0.423749
0.487176
-0.208164
0.070151
-0.082828
0.408166
