-1.569100
1.914216
-1.723904
-1.187534
1.077984
-0.351400
-0.549183
-2.240434
2.023779
0.765848
0.702555
-2.093894
-4.826115
-2.213506
2.738732
-3.161827
0.456328
-1.675117
1.581287
2.454335
-0.695337
2.348220
1.396735
-1.751619
-2.101926
1.303655
3.107254
4.056067
0.605531
1.974268
1.031753
2.934951
-1.812825
-1.775965
1.662450
-1.312720
-4.498273
-1.945493
1.075204
0.620728
-0.672217
0.856575
1.816784
-1.654664
-3.828653
-2.207020
0.727191
-0.085710
-1.162083
-0.701059
0.875265
-0.857359
3.791901
2.416197
-2.329048
-0.824137
-0.416736
-0.428765
-2.697012
-1.773866
-2.095326
1.021763
1.845697
2.640849
1.626524
1.175879
3.937397
-0.105463
-4.009410
1.233429
2.671708
0.023167
2.951509
-0.159255
-0.704093
-2.015698
0.181257
0.315276
1.144487
-1.061389
1.188340
0.297418
-0.982090
-1.131031
1.086697
3.811752
-1.777439
1.079332
-0.567420
-2.807051
-0.503268
1.630896
-0.982587
-1.866558
-0.529914
0.621952
0.993742
2.426550
-0.271400
0.909619
-1.831030
-2.252715
2.339780
0.073926
-1.624678
-1.199103
1.670009
-0.576277
1.835065
3.448183
-2.948437
-2.936478
-0.361054
0.881171
-3.104859
-1.480720
0.984132
-2.953869
2.044895
-2.066704
-1.768110
-3.731702
-0.478748
1.319871
0.254886
0.260419
-2.160593
-2.417986
-1.791365
-1.645459
1.804960
-0.393844
2.078433
4.913521
-0.667879
-2.175360
-0.197628
-0.857023
-1.301315
2.050441
2.248451
-2.500353
0.247672
1.937493
-0.347172
0.776415
5.288661
-0.727808
0.047344
-2.007357
-0.801475
-0.097670
-0.803216
2.819723
-4.260201
-1.046456
0.914479
2.282495
1.318699
-0.621823
-1.745960
-0.864396
-1.006129
1.566594
-0.668408
4.140729
3.904650
-3.631888
0.759978
4.131437
-0.275668
-0.883380
-1.283655
0.323650
-0.035543
0.232854
0.697023
0.403368
-1.014802
0.321450
-1.436036
0.742937
-0.446440
2.396253
-1.818143
2.243266
-3.663742
3.713072
-2.621953
-0.829916
-1.076031
1.321292
1.773652
1.135264
-1.069972
1.336602
-3.943418
1.294055
-2.488793
-2.848836
0.609543
2.560772
-0.215666
-0.736663
-4.704741
-1.252264
2.737358
3.298725
0.659542
-1.075925
1.757152
-0.849104
-2.757699
-0.088271
-0.883522
-0.358722
1.407224
-0.419295
2.401071
-1.691775
-0.916920
-3.994983
3.704496
-1.344812
-0.482721
-0.207374
-4.664718
0.647131
-2.692798
-1.876981
-3.661483
0.747844
1.711820
0.108635
-0.130579
0.169484
-0.729571
0.030785
-2.877888
0.935133
-0.583707
0.691633
0.375513
0.456513
-0.101182
2.514863
3.809205
-5.017940
3.964906
0.150611
-1.780854
-0.159250
-1.883709
1.673862
-1.795737
-1.457539
0.556334
1.509363
-2.118772
-2.360124
-2.392298
-1.385396
0.415837
-0.435965
5.045900
-1.347722
-0.372768
1.320001
0.652484
3.186946
-3.138914
0.116355
-2.239827
-1.376648
2.914874
-1.100703
-0.489167
3.960177
-1.462623
0.006425
0.339252
-0.888004
0.287170
1.159048
1.249875
0.494527
2.318153
-1.456086
1.739665
0.239897
-1.031905
-2.739432
1.337319
3.550540
3.718703
1.125892
0.612739
-5.384094
-4.529404
2.033701
-0.492504
-0.986087
1.006627
0.438703
3.135460
-1.433267
-3.153124
-1.312786
-0.539710
-0.744983
5.480555
-3.854037
-2.947415
-0.767745
3.577686
3.182137
0.025505
-5.857775
4.195404
-4.157051
-1.894066
-0.231107
0.323036
-1.082513
1.460052
0.021250
0.230007
2.291667
-3.167715
1.669741
-3.124029
-3.772502
-1.364915
-2.201099
0.711022
0.620642
0.268271
-5.246482
-0.642143
-2.646787
-0.550675
-1.390604
0.025649
0.841919
4.699438
1.687238
-0.079928
0.988509
-0.821750
-2.116783
1.632231
1.850829
-3.153138
-1.834797
-0.910247
2.531008
-0.994388
-3.789518
-2.186060
-0.586020
0.303886
-1.219172
-2.712912
3.005267
0.204091
3.241932
0.481945
0.498410
6.010567
-0.301904
-0.543315
-0.482550
-1.258223
1.082653
-0.318120
3.133540
0.241844
-2.008527
1.251933
-0.217234
1.971036
-0.464889
-0.700896
-1.416212
-2.017078
-0.280600
5.592419
2.075352
2.515021
0.217885
-0.742550
3.248445
0.583062
2.814148
2.508979
-0.041115
-3.949447
0.618967
2.396250
3.980727
-1.748910
-0.859432
2.771043
-1.910194
1.899189
-2.277710
-0.117515
1.244657
4.129660
1.089264
-2.749926
0.052051
-0.345095
-2.895365
-1.116419
0.504830
2.093447
-3.015258
0.022285
1.477592
-0.218703
-4.482018
0.771061
2.081151
0.236179
-0.050198
2.004278
-1.746947
-1.145898
-0.961956
-2.292110
1.922442
2.015445
-0.508962
-2.960422
2.516377
4.550361
2.143694
0.389150
-3.736070
3.393750
0.878098
-0.606433
0.458417
0.890122
-2.436631
-2.098078
-1.699675
0.007713
3.464161
-1.851864
1.424744
-0.904382
2.941228
0.603934
-0.347139
0.764467
-0.000612
-2.518249
1.510026
0.377449
-3.608149
-1.467153
-0.163214
0.536936
1.137685
-0.414461
1.065088
3.203556
0.149392
1.399597
-2.235365
-0.294527
-0.138219
1.460124
1.366183
-1.727185
1.217761
0.894153
0.277929
1.297516
0.115611
2.267429
-2.047225
1.302516
-2.304217
-1.486241
-2.511375
-2.686956
-2.497022
-1.197256
-1.982578
-0.685739
-1.339236
1.191917
-0.835810
2.808381
2.385770
0.285462
-0.355143
1.285878
-1.036976
-0.205190
0.453799
1.391305
1.559239
-2.299041
0.579282
1.456965
0.726808
0.522541
-1.172696
-3.323355
-1.061165
-1.061636
1.409207
1.822059
0.944074
1.422706
1.063563
-1.721364
0.255291
3.025851
-1.035376
1.122742
2.120801
-0.292501
-0.428664
-1.269232
3.345864
-3.681447
1.227450
0.909598
-0.888515
-0.231255
-1.437661
-2.741543
-3.802575
1.544366
0.939379
1.066318
2.465569
-0.014315
2.267282
-2.075391
2.234095
-0.786878
-2.398180
1.229404
-0.782255
-1.471409
-0.748173
-2.029778
1.175084
0.093939
-2.584712
0.389683
-1.015884
-0.409990
1.380517
2.023374
-3.655725
-1.404322
1.531623
1.321199
-1.873345
-2.233673
-0.653511
-0.354539
-1.084864
-1.187701
-0.483158
2.135341
-1.873048
1.191768
1.979827
0.827099
-0.860633
2.196350
2.185929
-1.580193
1.077761
1.400435
-1.382123
2.248391
1.445168
-1.667957
-1.206865
1.941662
0.896507
-2.039869
-2.262401
-0.406976
2.824107
-1.116321
0.831312
1.169861
-3.836852
-0.434791
1.652258
3.244951
-0.456086
-0.310339
3.143397
-1.630415
0.079914
3.221333
1.307754
2.556856
1.820194
0.146328
4.396335
-1.227387
-2.625648
0.957164
-0.836597
0.300058
3.442752
2.538584
-0.028120
2.772092
4.532005
2.409362
-0.623293
1.317516
1.847671
-0.976063
-3.644698
-0.516276
-0.684919
-1.744414
-1.715692
-2.395611
3.003134
3.002294
1.921543
1.988735
-3.212916
0.253680
-0.326698
0.115693
-1.715096
-0.476816
-0.315324
-1.048850
0.604644
1.311273
-1.610275
1.432669
-2.300182
0.578845
-1.297707
-1.265931
-0.615866
0.178415
-0.689845
-3.939086
4.455726
-0.187831
0.431855
-0.671827
1.356486
0.987622
0.969145
0.148871
-3.197930
0.887463
0.169423
-1.904309
3.869306
1.094257
1.504614
0.979914
-3.778539
1.767353
-0.980694
-1.506176
0.701091
-0.748585
-0.380602
3.765898
1.343619
0.070574
1.660173
0.560686
-1.942986
1.167045
-0.073103
-0.954214
0.375564
-0.599828
-0.272664
0.755267
0.372720
1.467328
2.082508
0.428894
-1.810644
-1.845616
-2.878962
-0.413213
-3.346375
1.704848
0.319866
1.419953
-1.873367
0.275633
-2.510543
0.795144
1.013346
-0.855558
-2.861683
-1.326727
0.734070
-0.117078
-0.381632
0.045846
-1.311248
-0.028750
-2.265902
-1.319795
3.964154
1.755515
-0.344555
-0.360433
-0.671218
0.064674
1.014016
-1.714196
-1.743272
0.464053
2.575187
-0.847229
1.764933
2.320391
-0.033842
0.981060
-0.706848
-1.708689
0.352968
-2.335614
-1.302030
0.037072
-0.298408
-0.403963
-1.569020
-1.291721
-0.237368
0.306024
-0.470706
1.747559
-1.661363
-2.113199
2.909757
2.642186
0.499484
1.440533
0.367691
0.588447
-1.037019
-1.796181
-1.974662
-1.474608
-0.506561
-1.857594
1.000628
-3.280373
-0.051485
3.483018
0.642386
-1.153245
