0.041650
-0.568200
-0.410325
0.020410
0.082978
0.232898
0.459611
-0.536939
0.396185
0.239946
-0.228021
-0.364163
-0.041313
-0.019374
0.255734
0.512144
-0.485730
-0.276461
0.092188
-0.150208
0.261627
-0.080802
0.080309
0.455969
0.413306
0.267283
0.166447
0.696722
-0.274286
0.500712
0.368474
-0.500000
0.153388
-0.045681
0.180174
0.017821
0.577167
-0.503901
0.366093
0.158503
0.569027
-0.482529
0.150297
0.085238
-0.447624
-0.545074
-0.292140
0.333626
0.320581
0.052553
0.519129
-0.107345
0.274416
-0.452876
-0.101554
0.479603
0.071000
-0.231446
0.337351
-0.485936
-0.307151
0.130288
0.323349
-0.145265
-0.446327
0.430085
0.493997
0.058551
0.453377
-0.224906
0.261737
0.108661
0.427750
-0.098559
0.428571
0.095811
0.211768
-0.114137
0.020937
-0.395199
-0.393369
0.325198
-0.410869
0.302940
0.410114
-0.341349
-0.168415
-0.162256
0.319866
-0.063904
-0.188788
0.432738
-0.476769
-0.162260
0.043087
0.149487
0.106156
-0.338769
-0.603562
0.209685
0.031321
0.039751
-0.123446
-0.152173
-0.106691
0.275107
0.737486
-0.414368
0.853258
0.326315
0.253073
0.114814
-0.115478
0.040323
0.054607
-0.128394
0.242592
0.102319
-0.131211
-0.190432
0.301852
0.345439
-0.053671
0.575708
-0.342016
0.043247
-0.097433
0.335903
0.271062
0.282767
0.618973
0.002845
0.113009
0.279213
-0.575964
-0.608574
0.044581
-0.391850
-0.427984
0.029640
0.012793
-0.419407
-0.198252
0.041005
0.349085
0.133904
0.588622
0.466967
-0.358112
0.472896
0.265373
-0.139199
0.430353
-0.352831
-0.212643
-0.669583
-0.070335
0.313376
0.188725
-0.362659
0.142244
0.364490
0.632194
0.482480
0.295481
0.398871
-0.151380
0.284857
-0.284082
0.299275
0.030803
-0.094341
-0.097780
0.546237
0.125465
0.453382
0.557959
-0.182178
-0.136567
0.249296
0.010785
0.078280
-0.326628
0.507688
-0.152052
-0.634763
0.006877
0.604552
-0.028950
0.035506
0.515717
-0.162744
0.152969
0.050441
-0.092819
-0.014397
-0.472439
-0.044475
0.211953
-0.588690
0.136892
-0.500938
-0.434756
-0.359110
-0.320650
0.273168
-0.276625
-0.121539
-0.333642
0.126744
-0.332318
0.483672
-0.540664
-0.500105
-0.507590
0.464434
-0.176297
0.157592
-0.055924
0.034555
-0.246578
0.128774
-0.392225
0.028902
-0.407991
0.265857
0.871568
0.267008
-0.290036
-0.133616
0.161109
-0.420184
-0.123799
0.105042
0.562528
0.036024
-0.019727
0.063017
-0.605324
0.195811
0.152123
0.008957
-0.540557
-0.147069
-0.508374
0.443928
0.556549
-0.263254
-0.371085
-0.570927
0.235692
0.329147
0.215048
-0.508392
-0.141033
-0.168708
0.201881
0.575942
0.364186
-0.424733
-0.129993
-0.483864
-0.430023
0.606206
0.015115
-0.309664
-0.086507
-0.546730
0.070142
0.538933
-0.045509
0.085679
0.532562
0.202806
-0.215303
0.069692
0.094351
0.136851
-0.520400
0.311073
0.169455
0.291302
-0.470865
-0.008781
0.167868
0.467930
-0.443147
-0.143436
0.340896
0.273886
-0.051928
-0.251848
-0.335332
-0.811685
0.539699
-0.044011
-0.209754
-0.170368
-0.247897
-0.174273
-0.574666
0.049387
0.363796
-0.116260
-0.350745
0.118436
-0.377717
0.044145
-0.347492
-0.249207
0.327961
0.045678
0.232744
-0.068481
0.253422
-0.185840
0.238426
-0.394201
-0.381083
-0.112927
-0.542509
0.655152
-0.153396
0.153048
-0.512974
-0.218933
0.349572
-0.071063
0.065645
-0.717129
-0.010483
-0.024110
0.250183
0.442079
0.339145
-0.035568
-0.396278
-0.495705
-0.449791
-0.148522
0.376593
-0.326626
-0.231242
-0.061176
-0.019702
0.040239
-0.009425
-0.631248
-0.511744
0.130692
-0.543500
-0.178069
-0.739249
-0.151190
0.460305
-0.218606
-0.492431
0.055939
0.692928
-0.302036
-0.190832
0.135349
-0.506369
-0.078909
-0.458370
-0.123786
0.264152
-0.105938
0.491560
0.160157
0.095138
0.154754
0.080611
0.062576
0.542363
-0.200119
-0.217152
-0.129341
0.061075
0.399778
0.433107
-0.254786
-0.231072
-0.290587
-0.377257
-0.055918
0.112526
-0.301790
0.049076
0.618181
-0.128010
-0.516447
-0.104576
0.202590
0.126251
0.632499
0.588850
-0.192663
-0.168975
-0.026950
0.250682
-0.423436
-0.286691
0.158564
0.661959
0.015063
0.415355
-0.236876
-0.184150
0.453119
0.205016
-0.139559
-0.246560
0.369415
-0.439410
-0.009224
0.187278
-0.309650
-0.139086
0.487546
-0.470127
0.335049
0.065298
-0.322674
0.741592
0.289185
0.489146
0.226437
0.242976
-0.251972
0.398133
-0.280627
-0.410201
-0.033265
-0.073774
-0.290762
-0.192368
-0.382713
-0.569089
-0.293933
-0.122754
0.664387
-0.243509
-0.501527
-0.187934
-0.400485
0.003809
-0.669522
-0.266573
-0.605954
-0.322974
0.103295
-0.078610
0.104144
0.388859
-0.030490
0.252947
0.123906
0.478382
0.016149
0.090995
-0.447862
-0.274688
-0.221467
-0.576189
0.614523
-0.147370
-0.228623
-0.510304
-0.297826
-0.130976
-0.262891
-0.103348
0.491129
0.004887
0.098494
-0.173101
-0.257332
-0.161407
-0.114196
-0.555481
-0.271821
0.331576
-0.262461
-0.026894
-0.520296
0.180287
0.125292
0.144788
0.526292
0.100173
-0.360010
-0.023875
0.069027
-0.158879
-0.323804
0.411079
-0.061360
0.349305
-0.334406
-0.441657
-0.091056
0.542106
0.462327
0.565454
0.080868
-0.055801
0.305867
0.424728
0.549525
-0.124778
-0.034051
-0.343595
-0.056005
-0.026003
-0.366807
0.045325
0.200155
0.186825
0.517051
-0.048311
0.545512
-0.029047
0.026518
-0.347093
0.239838
-0.455524
0.200717
0.248097
-0.274642
0.185214
-0.195004
-0.303907
0.051469
0.169197
0.271113
0.405054
-0.191346
-0.003403
0.003877
0.164305
0.582351
0.476549
-0.696951
0.313912
0.143725
0.325365
0.113423
0.525705
-0.332440
0.406991
-0.674789
0.108463
-0.064611
-0.088328
-0.064517
0.056673
-0.495922
-0.347312
-0.358609
-0.449145
-0.241269
-0.303143
0.634544
0.252935
0.403209
0.148121
-0.093324
-0.667461
-0.523588
0.028158
-0.177257
0.285128
0.101307
0.063663
0.538445
-0.251956
-0.357769
-0.113468
0.457696
0.054312
-0.148487
-0.543239
-0.094536
-0.128715
0.241258
-0.031182
0.267754
-0.105411
0.145422
0.156718
-0.319195
-0.153757
-0.267316
-0.511623
0.281275
-0.064090
0.452439
0.253979
0.411951
0.467347
-0.348849
-0.398443
0.279309
-0.164880
0.249914
-0.722227
0.304653
-0.037640
0.147792
-0.515455
0.532905
0.322270
-0.180455
0.184600
-0.304900
0.492006
-0.300795
0.268147
-0.194773
-0.247018
0.070938
-0.012282
0.361860
-0.031214
0.364242
0.646054
0.162697
-0.197965
0.157075
-0.098783
0.405691
-0.278562
0.407741
0.235352
-0.178303
-0.492793
-0.148633
0.068796
-0.616933
-0.540231
0.111505
0.585527
0.527988
-0.530665
0.422043
0.508393
0.410179
0.372795
-0.030636
0.358137
-0.562304
-0.058323
-0.505622
-0.317979
0.613408
-0.141144
0.015063
-0.434876
0.533911
0.286971
-0.058520
-0.302308
-0.393005
0.050710
-0.268829
0.033756
0.121085
0.066368
0.048047
0.165266
-0.326858
0.061172
-0.247481
0.047689
0.454185
-0.238658
-0.046454
-0.068988
-0.293166
-0.354824
-0.561229
0.653939
-0.492861
-0.521482
-0.570168
0.163412
-0.060001
0.261752
0.476504
0.267867
0.262999
-0.610806
-0.605641
0.308334
0.341598
-0.074155
0.511465
0.198450
-0.331438
-0.131848
-0.131660
0.050740
0.218741
0.273731
0.097401
0.397821
0.264279
0.109722
-0.214267
-0.145488
0.315860
-0.043004
-0.526740
0.022999
-0.168566
0.087012
0.225548
0.350505
0.190336
-0.156856
0.000925
-0.233982
0.023231
0.343488
-0.045736
0.121219
0.379182
-0.265719
-0.098493
0.201343
0.333134
0.404918
-0.006682
-0.175952
0.086761
0.070458
0.210154
0.212522
0.254051
-0.163612
-0.221255
0.044894
0.031334
-0.515820
-0.080087
-0.368997
0.178329
0.476381
-0.187175
-0.483877
0.196757
0.503905
0.270477
-0.321253
0.190484
-0.457423
0.201833
0.135158
0.331442
-0.169649
-0.465578
-0.103658
0.109479
0.348934
0.070591
0.087558
-0.370353
0.509558
-0.328223
0.113102
-0.516688
-0.132552
0.209337
-0.094278
0.232613
0.154050
-0.464221
-0.091187
0.223074
-0.058088
0.333092
-0.251786
-0.465602
0.132113
-0.076261
-0.251270
0.246136
-0.276393
-0.713321
-0.253028
0.089718
-0.554249
0.326286
-0.623822
-0.361216
0.236951
0.518227
0.614300
-0.239021
-0.284943
-0.653750
-0.141030
0.200419
-0.210342
-0.179007
-0.732142
-0.207027
0.342330
0.109013
-0.013968
-0.082958
0.342635
-0.090213
0.309889
0.425245
