-0.078612
-0.606120
-0.414437
-0.081318
-0.053612
-0.377704
-0.078738
0.381364
-0.174062
0.347735
-0.075898
-0.034778
0.102697
0.501990
-0.086056
0.093051
0.116000
-0.043654
-0.503644
-0.098593
0.416727
-0.256411
0.042908
-0.076395
0.291025
0.336810
-0.216682
-0.428061
0.171976
-0.395992
0.018530
-0.333938
0.101532
0.037065
0.028373
-0.014999
-0.156353
-0.284435
0.000059
0.155660
0.255213
0.274548
-0.251568
-0.024532
0.078263
-0.328442
-0.409096
0.720331
0.258257
-0.282129
-0.172456
0.000576
0.391449
-0.174045
0.024154
-0.390148
0.440970
0.047698
0.175408
0.203319
-0.186696
-0.367827
-0.522736
-0.369047
-0.210755
-0.527029
-0.503620
0.003608
0.114992
-0.280242
-0.160983
0.049385
-0.465952
-0.015158
0.339822
0.029827
0.324336
-0.111029
-0.187296
-0.558021
-0.384841
0.290313
0.501008
-0.105369
-0.005448
0.346661
-0.245601
0.439864
0.375372
0.469490
0.363821
0.217882
0.199876
0.272947
-0.281394
0.477455
-0.041972
0.406216
-0.351157
0.030563
-0.280588
0.168405
-0.472739
0.026761
-0.212967
-0.207164
0.553309
0.227021
-0.021170
-0.114474
-0.025142
0.242249
0.237950
0.211160
0.132432
-0.106772
0.452231
-0.490714
-0.410140
0.244754
0.481670
-0.047139
0.343198
-0.147866
0.184776
-0.373708
-0.055106
0.246198
0.510217
0.077476
0.062996
0.267841
0.439546
0.052578
0.758113
-0.068295
0.065874
-0.219001
0.251043
0.183023
-0.006949
-0.160906
-0.241290
0.190672
-0.009102
-0.239141
-0.221475
0.563790
-0.171355
-0.204543
-0.427289
-0.200547
-0.153094
0.222706
-0.153676
-0.286435
-0.472111
-0.090179
-0.139278
-0.497707
0.599718
0.090198
0.124068
0.392273
0.197266
-0.152914
0.154961
0.038591
0.192406
-0.460936
0.297806
0.228372
0.136750
-0.177528
0.237108
-0.125420
0.615065
-0.208909
-0.064922
0.137598
-0.193170
-0.352649
0.004054
-0.408468
-0.128943
-0.276921
0.001405
-0.106385
0.049973
0.018826
0.017112
-0.092726
-0.363912
0.252179
0.158425
0.536621
-0.387374
-0.707175
-0.359106
-0.634743
0.615839
-0.026673
-0.555422
0.031783
-0.255757
-0.125267
0.275880
-0.301666
0.124325
0.098228
0.220983
-0.099490
-0.124201
-0.071634
0.550437
-0.301593
-0.124052
-0.188267
-0.114103
-0.235147
-0.442631
-0.565038
0.089338
-0.011445
-0.491967
0.312551
-0.234178
-0.299633
-0.294900
-0.430743
0.009290
-0.180452
0.069979
-0.220487
-0.306620
-0.403110
0.148982
-0.363545
-0.305980
0.625282
0.406527
-0.426792
-0.343529
-0.289723
0.406627
0.065438
-0.552261
-0.414822
0.403170
0.072805
0.008341
0.593972
0.220558
0.194965
0.070343
0.304262
-0.054272
0.667165
-0.145509
0.291556
0.114031
0.676700
0.452806
0.659335
-0.517400
0.255403
-0.634052
0.608710
0.256910
0.358089
0.233887
0.110037
0.364762
-0.219629
0.368666
0.225179
0.335093
0.079081
-0.059317
-0.055806
0.241796
0.258646
-0.295585
0.378715
-0.247384
0.402574
-0.613235
-0.370702
0.613238
0.521712
-0.677870
-0.351849
-0.082298
-0.381976
0.378212
0.346654
0.559298
0.138896
0.201445
-0.224140
0.179387
0.118368
0.328951
0.038103
0.284397
0.160274
-0.242147
0.131544
0.201938
-0.091723
0.124439
-0.256279
-0.436321
0.434218
-0.283984
-0.307110
-0.437760
-0.509492
-0.168550
0.291874
-0.182131
-0.650150
-0.246909
0.299739
-0.491964
0.036149
-0.292241
-0.526059
0.209445
-0.188487
0.246645
-0.105363
-0.065796
-0.261971
0.032612
0.213790
-0.082981
0.246727
0.048403
-0.345498
-0.269807
-0.090307
-0.037919
0.478269
0.066728
0.432146
-0.147900
-0.141129
-0.590802
-0.027623
-0.317976
-0.179502
0.506690
-0.215526
-0.229084
-0.221709
-0.230792
-0.290830
0.074973
-0.225318
0.382937
0.313115
0.012385
0.065335
0.312207
0.376559
0.578524
-0.146036
-0.342108
0.066429
0.023877
0.233220
-0.493075
-0.078070
0.229022
-0.120549
-0.226226
-0.089911
-0.020859
0.336569
-0.045120
-0.376466
0.333803
-0.361326
0.374178
0.396433
0.665475
0.296428
0.049076
0.226514
0.126165
-0.443435
0.372403
0.412086
0.417031
-0.615325
0.374234
0.397761
0.091700
-0.087221
0.044274
-0.219061
-0.005407
-0.505094
-0.239096
-0.468747
-0.071437
-0.294569
0.110988
0.019267
-0.070756
-0.540038
0.456005
0.072877
-0.797374
0.115181
0.249254
0.184724
0.326093
-0.315473
-0.043208
0.021771
0.106149
0.692836
-0.049464
0.102259
-0.419787
-0.053175
0.469969
-0.177105
0.302041
-0.215941
-0.322860
-0.416646
-0.038934
-0.108789
-0.108752
0.461161
0.391512
0.743768
-0.497040
0.453138
0.149981
-0.411615
0.312537
0.418147
0.398371
-0.557792
-0.087191
-0.505529
0.035822
-0.404757
0.053215
0.295135
0.211786
0.295207
-0.417928
0.218703
-0.605416
0.143882
0.317902
-0.682381
0.273158
0.016302
-0.765695
-0.623184
-0.149847
-0.186366
0.209975
-0.471553
-0.134893
-0.288377
-0.219345
-0.073979
0.239079
-0.321241
-0.319061
0.593121
-0.235486
0.025644
-0.074785
0.137835
0.332037
0.129482
0.343931
0.260689
-0.233721
0.077693
-0.723221
-0.445955
0.094406
0.495517
-0.204818
0.038090
-0.082211
-0.086463
0.147224
-0.572711
-0.132271
-0.439100
-0.407776
0.314518
0.343221
-0.264949
-0.204365
-0.451260
0.378799
-0.182338
0.160485
0.144462
-0.227566
0.070019
-0.668880
0.507098
-0.213904
-0.379018
0.289688
-0.262283
-0.145883
-0.167602
0.266222
0.451666
0.209757
-0.118077
0.039438
0.277531
-0.267446
-0.092074
-0.105651
0.080877
0.105852
-0.207800
0.011682
0.191909
0.271609
-0.022217
-0.273085
0.353210
0.406788
-0.633202
0.082691
0.092823
-0.027883
0.378125
-0.326318
-0.169867
0.075005
-0.111641
-0.485293
0.522520
0.368713
0.215508
0.288759
0.127456
-0.344824
-0.003452
0.228833
-0.282199
0.391871
0.037317
-0.388653
-0.796292
-0.506468
0.542092
0.130753
0.319759
-0.018768
0.290979
-0.192503
-0.529679
0.564582
-0.315810
-0.335642
-0.092170
0.115176
-0.106500
-0.003753
-0.178546
0.172486
0.055438
-0.007244
0.174289
-0.286898
0.138101
-0.080464
0.253946
0.135896
0.296864
-0.033851
0.516048
0.124856
0.240394
-0.158704
0.221295
0.025765
-0.003097
0.065124
-0.470771
-0.044056
-0.349576
-0.169058
0.208079
-0.374832
-0.510651
0.160000
-0.478119
-0.285736
0.460242
0.080009
-0.170440
-0.406139
-0.197203
0.066467
-0.368422
-0.478573
-0.312496
-0.494353
0.237812
-0.301281
-0.492079
0.593420
0.000435
0.151606
-0.076567
0.306506
0.092453
-0.030515
0.263195
0.170438
-0.004593
0.713034
0.467126
-0.609043
0.380893
0.411499
0.536271
-0.525609
0.211018
-0.141001
0.514029
-0.230758
-0.252631
0.406333
0.246576
-0.085829
0.374806
-0.062675
0.030209
0.154856
0.409220
0.249816
-0.026822
-0.273198
0.403731
-0.486304
-0.278331
0.169088
-0.030490
0.079346
-0.277572
0.338509
0.436849
-0.245818
-0.257384
-0.032949
-0.233241
0.744847
-0.180174
-0.067830
0.506802
-0.068882
-0.043699
-0.093040
-0.409202
0.295400
-0.513307
0.185089
-0.439344
0.110885
-0.086663
-0.316836
0.020219
-0.680021
0.117634
0.026480
-0.404258
-0.126332
-0.387048
0.264373
0.414658
-0.331171
0.120114
0.127106
0.082157
0.345135
0.296312
-0.466366
0.178694
0.221488
-0.556922
0.399394
0.530224
0.361729
0.221823
-0.565838
-0.247148
-0.416751
0.337350
0.441123
0.376747
-0.115526
0.535721
-0.339568
-0.579424
-0.036378
0.563687
0.097655
0.239811
0.409354
-0.473125
-0.398947
-0.037188
0.200315
0.335156
0.260170
0.362140
0.676395
0.497595
0.241940
0.416634
-0.100924
0.375080
0.215227
0.049373
-0.276430
-0.533135
0.094041
0.261229
-0.173281
-0.040521
0.449417
-0.060710
-0.058559
0.505377
-0.423626
-0.394524
-0.364680
0.219054
0.431056
0.266684
-0.318838
-0.169058
-0.748629
0.261118
-0.308584
-0.412948
-0.447272
-0.513784
0.392815
0.244752
-0.031606
-0.523126
0.248421
0.495473
0.079796
-0.785257
-0.199112
0.390742
-0.252832
-0.403640
0.193342
0.176583
-0.215343
0.221476
0.434113
-0.233682
-0.398135
0.145609
-0.394276
-0.234041
0.248584
-0.431074
-0.558750
-0.769750
0.175317
0.533741
0.031616
0.043420
0.470162
0.326621
-0.409810
-0.306389
-0.168582
0.046141
0.500346
0.155890
0.102488
0.333750
0.183521
-0.155728
0.295698
-0.308798
-0.100615
-0.167033
0.255435
0.340713
-0.702339
-0.552378
-0.144617
0.091577
0.123063
-0.029914
0.237213
0.186349
-0.062568
0.367919
