0.370326
-0.230174
-0.560370
0.294525
-0.594167
-0.145661
0.176440
0.282924
-0.533089
0.426092
-0.021964
-0.126437
-0.409438
0.573992
-0.096662
-0.058119
0.318939
0.103565
0.226650
-0.020502
0.380709
-0.457770
-0.013775
0.785072
-0.169924
0.374563
0.434629
0.495141
-0.440505
0.303814
0.036387
-0.223045
-0.581295
-0.168907
0.044043
0.344508
0.006711
-0.231558
0.095877
0.153178
-0.488053
0.070020
-0.133741
0.036203
0.488501
-0.397339
-0.396437
-0.170419
-0.255630
-0.080310
-0.319508
0.444493
0.382158
0.111588
0.291733
-0.210996
0.089933
-0.372709
-0.079249
0.459798
0.266514
-0.471260
0.267843
0.399681
-0.527975
0.417347
-0.094036
-0.090358
-0.299493
-0.273881
0.074772
0.342978
-0.295703
-0.240816
0.258345
0.125416
-0.243401
0.272758
-0.041953
-0.558089
-0.377017
-0.173041
-0.572950
0.529388
0.431532
0.299219
-0.211578
0.258908
0.630250
0.297878
0.343523
0.110540
0.411563
0.210307
-0.614827
-0.335760
0.084710
-0.352406
-0.236606
-0.084308
-0.042557
-0.216323
0.114016
-0.036338
-0.247575
-0.402057
0.191305
-0.448462
0.205326
-0.457221
0.272052
-0.566408
-0.365558
-0.463225
-0.228735
-0.694135
0.334203
-0.233997
-0.164783
-0.128649
0.292674
0.296158
-0.279255
-0.135842
0.133118
0.404426
0.387519
0.150471
0.556509
-0.281206
0.233750
-0.000599
0.252338
-0.477376
-0.483066
-0.582420
-0.210315
-0.354833
-0.255533
-0.068544
-0.637970
-0.020961
-0.714615
0.373485
-0.103606
0.142454
0.096963
0.307450
0.433996
-0.035200
0.339255
-0.146561
0.105173
-0.007454
0.457801
0.739068
-0.294673
-0.318777
0.026922
-0.143288
-0.497078
0.018754
0.586383
0.005270
0.418493
-0.512779
-0.360294
0.657250
-0.168397
-0.117549
-0.088791
-0.346878
-0.452129
-0.127960
-0.355470
-0.262006
0.648158
0.058067
0.456289
-0.046756
-0.043885
0.532769
-0.441825
-0.000980
-0.253845
-0.228814
0.509165
0.202161
-0.163290
-0.083628
0.041665
-0.538194
-0.426628
-0.432819
-0.318350
-0.375534
0.295814
-0.502917
0.005415
-0.234623
0.630336
0.098904
0.591945
0.193859
-0.463410
-0.184951
-0.093774
0.163295
-0.204361
-0.588686
0.123199
0.427242
-0.129610
0.674622
0.285275
0.087378
0.456799
0.387499
-0.191746
-0.079695
-0.177079
0.505140
0.638798
-0.138767
0.284365
0.453459
-0.010033
-0.228560
-0.436181
-0.285423
0.529754
0.616040
-0.526327
-0.112063
0.662277
0.233083
0.528725
-0.037867
0.321718
-0.303821
0.078913
0.428549
0.048102
-0.133471
-0.585733
-0.068636
-0.265543
-0.013280
-0.078646
0.106832
0.487324
0.329147
0.273052
-0.088549
-0.026115
0.420543
-0.579065
-0.246361
0.214503
-0.221637
0.051931
0.102219
0.341720
0.434273
-0.357568
-0.074354
0.299765
0.172338
0.603159
-0.330929
0.349099
0.117396
0.375921
-0.317007
0.163384
0.621063
0.033211
-0.401703
-0.142094
0.054458
-0.005435
0.450564
-0.495590
0.360738
0.202179
-0.449169
0.258082
-0.215760
0.547495
-0.191883
-0.266950
0.188159
0.217559
-0.404296
0.607595
-0.024823
0.070220
0.052044
-0.096210
0.388831
0.245053
-0.401218
-0.374734
0.084831
-0.511878
0.017898
0.499968
0.654350
0.121987
0.406216
-0.047675
-0.526087
0.147439
0.068100
-0.118945
-0.366274
0.038157
0.433989
0.289348
0.460145
0.648036
0.567413
-0.030071
0.269099
-0.373874
-0.248414
0.050315
-0.211466
0.118504
0.194889
0.197036
-0.339651
-0.214568
0.036937
-0.329147
-0.002839
-0.286265
0.284471
-0.434703
0.169332
0.349491
0.454203
-0.145263
0.028298
0.041465
0.400329
0.203172
0.362262
-0.350703
0.136051
-0.563858
0.649543
-0.038698
0.115022
-0.397095
0.064048
-0.697787
0.444374
-0.005192
-0.131774
0.359943
0.292409
0.493049
0.167362
0.202385
0.213920
0.055343
0.363235
0.055968
-0.674609
-0.620392
0.094353
-0.592808
-0.201420
0.043304
0.111557
-0.712515
0.315688
-0.234638
0.166402
-0.167819
-0.183769
-0.593317
0.147893
-0.086220
-0.069326
-0.201496
0.176056
0.056825
-0.535217
-0.212926
0.265613
0.709225
-0.075305
-0.212164
-0.492067
0.191885
0.477821
-0.265125
-0.558616
-0.167830
-0.590324
0.223418
-0.112854
0.426004
-0.511077
-0.174706
-0.307813
0.068046
0.284297
0.146135
-0.196630
0.233439
0.593317
-0.040492
0.145462
0.100300
0.244177
-0.385757
-0.362395
-0.039708
-0.103670
-0.046112
-0.163848
0.866950
0.350195
0.206409
0.318384
-0.082323
-0.476372
0.194336
-0.129619
-0.409313
0.230143
-0.053188
0.194971
-0.007504
-0.328553
0.163638
0.737992
-0.362580
0.575311
0.182524
-0.340603
0.044125
-0.189311
0.315080
-0.000667
0.273816
-0.304371
0.250275
-0.429387
-0.125629
0.550889
0.251631
0.126513
-0.407172
0.264595
0.180365
0.578162
0.310291
-0.832655
0.206602
0.693900
-0.149985
-0.149362
-0.483634
-0.190291
0.064083
-0.371059
-0.252741
-0.121062
-0.698550
-0.189087
0.800739
0.132138
0.507395
0.149847
-0.203450
0.369305
-0.062841
0.216590
-0.493305
0.091529
0.004803
-0.325656
0.337078
-0.266874
0.193519
-0.171263
0.156340
-0.065286
0.157951
-0.105525
-0.176823
0.110121
-0.511597
0.063651
-0.091457
0.571899
0.222105
-0.417815
-0.003924
-0.391859
-0.530570
-0.201732
-0.482738
0.655817
-0.529500
-0.288368
0.547579
0.135325
-0.514206
0.215575
-0.581534
-0.614176
0.428103
0.008352
0.200543
-0.263151
0.418389
0.490744
0.122134
0.164541
0.353429
-0.302228
0.265920
0.163827
-0.115942
-0.503068
0.267825
-0.075355
0.261910
0.261333
0.445632
-0.108111
0.229351
0.631260
0.042438
0.031668
-0.115800
-0.381362
0.430678
0.813798
0.505646
0.660099
0.242668
-0.223811
-0.298480
-0.597076
0.438257
-0.318223
-0.577846
-0.422518
0.306827
0.026371
0.425805
-0.306481
0.380776
-0.282312
0.388280
0.091435
0.071045
-0.087745
-0.557687
0.136375
-0.161265
-0.360951
-0.131641
0.105206
-0.414666
0.301636
0.227458
-0.026227
0.334631
-0.053500
-0.236169
-0.352460
-0.484968
-0.098013
0.241069
0.588031
-0.096278
0.478700
-0.512147
0.295962
-0.444764
-0.243476
-0.040394
0.067932
0.363211
-0.026156
0.232254
-0.164371
0.189282
-0.858780
0.219241
-0.063649
0.498292
0.092564
-0.056497
0.121681
-0.291258
0.641148
-0.129348
0.496597
0.315996
-0.118267
-0.044321
0.063428
0.584207
0.402422
0.594815
0.896941
0.252571
-0.149363
0.437527
-0.339112
-0.035343
0.250654
0.170764
-0.433920
-0.171899
-0.066493
0.269224
0.324252
0.072629
-0.172148
-0.135796
-0.254802
-0.057159
-0.516594
-0.181003
-0.076799
0.182466
0.064606
-0.167667
-0.224768
0.036587
0.186591
-0.557545
0.125162
0.290440
0.244859
0.205641
0.061202
0.017626
0.385033
0.609336
-0.019195
-0.514846
0.036222
-0.024023
-0.222745
0.083202
-0.542130
0.345237
-0.017488
0.016300
0.017395
0.063538
0.450644
0.409940
0.407208
0.288319
0.494683
0.127717
0.322849
-0.401986
-0.693806
-0.125946
0.155465
0.034988
-0.437005
0.036927
-0.246940
-0.046279
-0.061326
-0.040787
0.072935
0.391447
-0.168281
0.130359
-0.669334
-0.228041
-0.547460
-0.301323
-0.099552
0.323706
-0.298903
-0.032218
-0.271136
0.143824
0.259287
-0.189541
0.190886
0.462248
0.040841
-0.193090
-0.255932
0.654275
0.443927
-0.488156
-0.092144
0.244808
-0.087772
0.327569
-0.284330
-0.552174
-0.539307
0.310133
0.434265
0.630478
0.447147
-0.530077
-0.730983
0.382033
-0.543798
0.308470
0.430478
-0.415610
-0.659778
0.493002
-0.367848
0.586028
0.063007
0.651918
-0.199950
-0.170737
-0.071385
-0.111860
0.027465
0.191561
0.165440
0.056285
-0.344690
0.235511
0.444225
-0.101871
0.404449
-0.097761
0.643035
-0.009127
-0.023056
-0.509928
-0.144435
0.371211
0.431003
0.502674
-0.856083
0.460656
-0.006522
0.541557
0.686446
-0.316318
-0.077241
-0.450126
-0.340580
-0.444779
-0.236229
0.674601
-0.307543
-0.184678
0.168684
-0.002041
0.453926
0.360041
-0.319314
0.550441
-0.310341
0.049522
0.049901
-0.471865
-0.565687
0.144592
-0.525665
0.551044
-0.464821
0.465756
-0.114529
-0.117081
0.310954
0.609737
0.121891
0.033261
0.330334
-0.168464
0.022106
0.448841
0.219594
-0.059076
0.152448
-0.281136
0.142810
-0.064440
-0.226332
-0.243321
-0.026838
-0.100247
0.574448
0.071870
-0.145453
0.338506
0.095264
-0.152789
0.241151
-0.451839
-0.594366
-0.260778
0.204656
-0.542130
0.403375
-0.634195
0.190453
-0.248444
-0.176799
