0.421381
-0.089948
-0.122114
0.039323
-0.505342
-0.019907
-0.078738
0.119900
-0.057471
0.330009
-0.034418
-0.058645
0.187960
-0.499407
0.254957
0.078884
0.140592
-0.128989
0.293941
0.110495
0.442258
-0.004181
-0.329614
0.198023
-0.498317
-0.446869
0.237795
0.073203
-0.055429
-0.042847
0.492771
-0.138178
-0.341844
-0.215443
0.028373
0.258691
0.525531
-0.221704
-0.049939
0.177032
0.408235
0.040206
-0.236129
-0.198291
0.143945
-0.083086
0.131744
-0.145143
0.381911
-0.075812
0.261443
0.435525
0.012966
0.095405
0.068431
-0.307927
0.168417
-0.425156
-0.270290
0.514467
-0.026683
0.067264
-0.535568
-0.077618
-0.012447
0.139020
-0.297618
0.015289
-0.297264
0.199978
-0.197261
0.296868
0.260409
0.105957
0.009180
-0.095076
-0.034182
-0.337382
-0.451657
-0.294024
0.565305
-0.126140
-0.247863
0.162588
-0.371160
-0.055389
0.444398
0.258908
0.177259
0.049852
-0.470882
0.080180
0.394849
-0.147485
-0.358190
0.007744
0.007964
-0.403663
-0.287482
0.462766
0.550566
-0.417225
0.162917
0.156693
-0.247575
0.134511
-0.325633
-0.402608
-0.173238
-0.391127
-0.025142
-0.374033
-0.199945
0.374595
-0.304798
0.139600
0.261247
-0.484959
0.319574
0.244754
0.468327
0.133855
0.001313
0.138935
0.319454
0.219320
0.008409
0.258598
0.106764
-0.180488
0.062996
-0.071960
0.281539
0.087351
-0.146837
0.597178
0.381199
0.272988
-0.379846
0.540363
-0.621001
-0.275456
-0.256327
0.190672
0.214818
0.301694
-0.273577
0.465935
0.235463
0.255548
-0.058288
-0.172700
0.588094
0.048369
0.545426
0.264207
-0.158850
-0.077031
0.471752
-0.005359
0.339217
-0.033224
0.301650
-0.219817
0.147191
-0.134715
0.207962
-0.261542
-0.569513
-0.104854
-0.380716
0.412220
-0.531463
-0.384343
0.171177
-0.100552
0.331056
0.101888
0.420658
0.066897
0.464886
0.372636
-0.195439
-0.009731
-0.160544
-0.049756
0.001405
0.098437
-0.167758
-0.519702
0.522165
-0.074604
0.392229
-0.068285
0.424180
-0.298863
-0.245165
-0.215908
0.281124
0.242273
0.054155
0.260236
-0.322384
0.029556
-0.328293
-0.224903
-0.542698
-0.073738
0.306680
-0.206019
0.040337
-0.115335
-0.016779
0.362702
0.279875
-0.366657
-0.106990
0.308623
0.058937
0.082424
-0.525504
-0.229141
0.218309
-0.166055
0.260500
-0.588094
0.140572
-0.176655
-0.146790
0.194442
0.258313
0.240160
0.286163
-0.443551
0.387079
0.174373
-0.065824
-0.207300
0.321718
-0.297018
-0.538613
0.274676
-0.639721
0.009494
-0.445600
0.185226
-0.718807
-0.540984
0.384071
0.029147
-0.176034
0.212148
-0.098339
-0.485033
-0.249481
0.297193
-0.259135
-0.206161
0.544665
-0.423623
0.705412
0.605046
-0.418103
-0.537766
0.033184
0.092738
0.299765
0.548964
-0.347166
0.806222
-0.039913
-0.427440
0.348022
0.367978
0.413645
-0.318841
-0.622824
-0.431214
-0.392983
0.426373
0.280244
0.341334
0.563353
0.207762
-0.247384
-0.076929
0.373461
0.324407
0.156594
-0.518870
0.139418
-0.003548
0.202593
-0.707996
-0.477907
0.346654
0.196891
-0.620446
0.382672
0.323901
0.362863
-0.574113
-0.424466
0.121698
0.051256
0.413895
0.031033
-0.067536
-0.391570
0.103160
0.058292
-0.146317
0.228175
-0.183275
-0.118945
-0.178981
0.412416
0.467009
-0.155796
-0.228485
0.230889
0.628153
-0.401988
-0.411663
-0.273194
-0.106379
-0.158541
-0.557927
0.300500
-0.002349
0.147837
0.550899
0.142878
0.054089
0.293147
-0.270985
-0.319728
0.369823
0.436422
-0.026197
-0.067590
0.651432
0.271482
0.451744
0.436873
0.432146
-0.094747
-0.174010
-0.432565
0.699821
-0.437920
0.835575
0.277200
-0.408609
-0.271137
0.072886
0.025016
-0.290830
0.264560
-0.088415
-0.144133
-0.199178
-0.721000
-0.231233
-0.043608
-0.075437
0.047162
-0.307859
-0.319219
-0.007927
0.000844
0.263379
-0.378835
0.583046
-0.152798
0.065161
-0.230617
-0.032655
0.230817
0.307106
-0.156217
0.232252
-0.265130
0.147893
-0.229254
-0.447513
-0.489477
0.331739
0.187247
0.720518
-0.063461
-0.401115
0.280389
-0.184781
0.564018
-0.506479
0.409100
0.086151
0.358816
0.164657
0.246986
-0.771259
0.218919
-0.072696
0.126788
0.164451
0.404859
0.124966
-0.193165
0.266978
-0.406843
-0.256248
-0.099282
0.500902
-0.083620
0.177763
-0.542563
0.505191
-0.198699
-0.164926
-0.094852
0.282237
-0.234665
-0.178448
0.375391
0.186288
0.063896
-0.429077
-0.175981
-0.433199
0.179441
0.403185
-0.427783
-0.487485
0.240653
-0.108789
0.058444
-0.344406
-0.251230
0.182552
-0.066511
-0.096022
-0.353540
-0.353399
0.339841
0.418147
0.208213
-0.557792
0.223928
0.238717
0.280469
0.102288
0.175500
-0.151857
-0.335228
0.016300
0.096311
-0.021368
0.357515
-0.147739
0.070661
-0.131338
-0.001979
-0.376672
-0.401246
-0.515702
-0.008598
0.234213
0.143233
0.127309
0.028503
-0.191729
-0.686770
-0.354419
0.281156
-0.321241
-0.142080
0.249645
0.485672
0.116307
-0.514606
-0.004391
-0.581711
0.223563
0.233497
0.096477
0.062458
-0.677979
0.147562
0.056662
0.145822
0.454915
-0.310784
-0.013569
0.249570
0.158851
-0.266849
-0.457400
0.335651
-0.116731
-0.407776
-0.399019
0.341651
-0.073215
-0.530570
-0.143713
0.009963
-0.439498
-0.130436
0.625660
-0.251437
-0.106401
-0.120064
-0.065692
-0.168164
-0.514341
0.473461
0.008352
-0.067586
0.375103
0.528125
0.389804
0.122134
-0.156284
0.124022
0.079318
-0.496991
0.220184
-0.442107
0.134130
-0.067688
-0.270318
-0.042183
0.407509
0.345797
-0.207361
-0.411527
-0.232066
-0.054147
0.297901
-0.231306
0.476689
0.322482
0.159190
-0.292886
0.442597
-0.656320
-0.111641
0.664673
0.485776
0.295575
0.022453
0.314617
-0.220994
0.558003
-0.028234
0.413527
0.183591
0.128191
-0.120408
-0.388653
0.206655
-0.004090
0.153189
-0.560697
-0.201559
-0.660488
0.155972
0.126384
0.348152
-0.122757
-0.054829
0.253799
-0.025845
0.218296
0.030068
-0.104670
0.360163
-0.014310
-0.019903
0.241069
0.179603
0.369704
0.549469
-0.279927
0.602831
0.047037
-0.526357
-0.059411
0.442939
0.262538
-0.456122
-0.353852
0.038794
-0.386451
-0.858780
0.189625
-0.362926
0.078918
0.092564
0.261766
0.483199
-0.335822
-0.500406
-0.198664
-0.348399
0.317767
-0.175100
0.805956
0.432671
-0.345616
0.137880
0.594815
0.292154
0.091249
0.455632
0.191667
-0.015887
-0.238565
-0.348783
0.048836
-0.132566
0.138876
0.387114
-0.026496
-0.207042
-0.100391
0.203820
-0.531682
-0.330250
-0.460980
0.316157
-0.054872
-0.153867
-0.317177
0.536271
0.416360
-0.242834
-0.046151
0.381519
-0.630480
0.421224
-0.214909
-0.083402
0.076819
-0.291564
0.601372
0.258003
0.128917
0.115210
0.249816
-0.226116
-0.284062
0.403731
-0.241800
0.438578
-0.312901
-0.138204
0.218652
0.581682
-0.365549
0.036369
-0.038299
0.367709
0.246762
0.578424
0.543933
-0.271567
0.054894
-0.758308
-0.298698
0.771987
-0.218477
-0.370336
0.043059
0.418103
-0.069992
0.002853
0.182693
0.156855
-0.336962
-0.103067
-0.650861
0.201789
-0.051606
0.412106
-0.168718
-0.020306
-0.125738
0.319513
-0.017592
-0.108434
0.060578
0.226030
-0.230541
0.128373
0.241465
0.246026
-0.544019
-0.054037
0.320775
-0.657693
-0.554307
-0.563195
0.672874
0.079538
0.423627
0.159717
-0.048473
-0.565045
-0.250454
-0.078414
0.000032
0.227185
-0.460253
0.355208
0.072571
-0.146107
0.406419
-0.278290
-0.095377
-0.194387
-0.050630
0.300462
0.411417
-0.186227
-0.171639
-0.685195
-0.345337
-0.130006
0.120602
-0.360026
-0.402975
-0.328782
-0.353259
0.002197
-0.145335
-0.093982
0.373529
-0.248344
-0.203362
0.737084
0.294675
-0.467038
-0.669180
-0.225983
-0.117933
0.556399
-0.249723
-0.606077
-0.152704
-0.271919
0.138762
0.210666
-0.198553
-0.097096
-0.514015
0.384368
-0.465503
-0.236229
0.581379
0.445160
-0.383348
-0.601214
-0.007093
-0.215216
0.051589
-0.058070
-0.202875
-0.310799
-0.176210
0.424045
0.684192
-0.091952
-0.158397
-0.321372
-0.255844
-0.112474
0.439329
-0.016055
-0.060125
-0.471793
0.066714
-0.769750
-0.395361
0.180318
0.415746
0.349216
-0.333237
0.616855
-0.112703
-0.778679
-0.141732
0.353914
-0.084323
0.497619
0.102488
0.489588
0.244605
-0.390936
0.226003
0.047315
0.315487
0.214228
0.255435
-0.222237
0.567869
-0.538407
0.402731
0.387486
0.342211
-0.100082
0.192827
0.044491
0.432680
-0.105593
