-0.205924
-0.077206
-0.010135
0.511410
-0.084849
-0.447134
-0.152157
-0.184348
-0.040672
0.426129
-0.297474
-0.188583
0.025534
-0.241709
-0.511057
-0.223915
-0.120309
-0.327345
0.483238
-0.026562
0.666195
-0.000685
0.036970
0.311779
-0.353384
0.297373
-0.039397
0.248827
-0.279074
0.652335
0.255828
-0.276083
0.383813
-0.261806
0.135716
-0.004253
-0.271791
0.424984
-0.431569
0.402453
-0.167391
-0.364387
-0.466018
-0.195627
-0.387450
-0.392640
-0.186276
0.101094
-0.030463
-0.125940
0.098813
-0.057375
-0.143810
-0.415072
0.189288
-0.365777
-0.286653
0.035676
0.428192
-0.604408
-0.010546
0.327417
-0.165258
0.573471
0.067804
0.477906
-0.317618
0.299220
-0.327264
-0.230886
0.099198
0.460348
0.259562
-0.009136
-0.083655
0.212006
-0.081086
0.102272
0.001486
-0.471695
0.072273
-0.286218
-0.552049
-0.181890
-0.028542
0.153581
0.032555
0.768937
0.396679
-0.041438
-0.096483
0.136912
0.072216
-0.350694
0.608903
-0.516704
0.070207
0.537090
-0.144031
0.354485
0.642065
-0.207779
0.349481
-0.408777
0.296103
-0.090914
-0.094596
0.034477
-0.457932
-0.103747
-0.041170
0.397253
-0.581347
-0.097949
-0.063944
0.047828
0.180526
0.037904
-0.202685
0.354736
-0.269569
0.186103
0.289822
0.094254
-0.326373
-0.174983
0.287035
-0.539515
-0.035244
0.203102
0.315116
-0.642850
-0.352491
0.029444
0.805225
-0.577100
-0.000992
-0.279620
0.327551
-0.464065
-0.438618
-0.140285
-0.243814
0.323859
0.270824
0.228432
-0.505179
-0.299285
0.217864
0.130081
-0.148061
-0.279412
0.460691
0.071298
0.165653
0.347625
-0.005201
-0.304918
-0.215664
-0.453478
0.075916
0.771921
0.391003
-0.203997
0.282736
-0.292967
-0.341256
-0.577011
-0.255907
-0.230193
-0.060041
-0.091012
-0.173254
-0.238226
-0.460802
0.057197
0.544925
0.053811
-0.255467
-0.035242
-0.126694
-0.137653
-0.238541
-0.456056
0.177506
0.062378
-0.268671
-0.543221
0.155199
-0.247544
-0.245112
0.463734
-0.400452
-0.040556
0.381792
-0.100898
0.269411
-0.526004
0.078726
-0.176710
-0.089049
-0.481159
0.304066
0.021593
-0.312714
-0.291693
-0.273282
0.142015
0.553993
0.238166
0.211945
0.557354
0.128975
-0.401287
0.505730
0.180480
-0.481103
-0.316571
-0.001587
0.538654
0.686309
0.173525
0.152567
-0.163116
0.428807
0.285613
-0.397850
-0.476952
0.375709
-0.592720
-0.009911
0.223103
0.615649
-0.300432
-0.432214
0.169687
0.332674
-0.257606
0.397479
-0.460017
0.311889
0.159928
-0.535218
-0.050809
0.498435
-0.394134
-0.172507
-0.106626
0.586673
-0.531164
0.041322
-0.012203
0.122443
-0.085614
-0.394577
-0.301627
0.035700
0.202718
0.436463
-0.211701
0.194705
-0.298997
-0.292023
0.678667
0.689035
0.141407
0.126848
0.066134
0.406246
-0.197030
0.338483
-0.184492
0.341185
-0.212850
0.357578
-0.147387
-0.108462
0.365394
0.487325
0.037145
0.008258
-0.417949
-0.168278
0.036246
-0.160556
-0.713936
-0.774231
0.132973
0.453455
-0.533949
-0.445551
-0.452471
0.135203
0.330870
-0.030477
-0.120436
0.005764
0.158392
-0.166624
-0.296935
0.282921
-0.275241
0.295080
0.657577
-0.297944
-0.262191
0.158705
0.139010
0.242355
0.385544
-0.090539
0.411894
0.087655
0.164014
0.384674
-0.191295
-0.644533
0.078923
0.467585
0.250115
-0.440372
0.052757
-0.179404
-0.336133
-0.520446
0.450868
-0.543437
-0.267769
-0.318812
-0.321891
-0.096085
-0.285580
0.264281
0.116451
0.037508
0.507897
-0.474164
-0.158238
0.217204
-0.072025
-0.777497
-0.669284
0.610793
-0.233236
0.488403
0.352718
0.016576
-0.104901
-0.023918
-0.524616
0.281831
-0.253694
0.481020
0.146467
-0.500283
0.362286
-0.497765
0.229168
0.285599
0.306596
-0.019397
0.533203
-0.291291
0.242184
0.133737
-0.296390
0.565027
0.135121
0.037848
-0.077366
0.376548
0.343879
0.150075
0.274799
0.354848
0.036436
-0.391225
0.224941
-0.069021
0.446388
0.089077
-0.691639
-0.289564
-0.154247
-0.214552
-0.524222
-0.016491
-0.265835
0.015666
-0.061604
0.303750
-0.068782
0.550472
-0.330688
0.352755
0.091339
0.036766
-0.071638
0.381107
0.056179
0.031538
-0.115854
0.176282
-0.047882
0.587013
0.066397
0.332137
-0.324327
0.231277
0.310445
-0.419524
0.092317
-0.254646
0.797574
-0.093111
-0.145830
-0.163727
0.553183
0.446037
0.134317
0.073832
0.414566
0.349272
-0.216582
-0.105939
0.013250
0.509644
0.015413
-0.459967
-0.125921
-0.044725
-0.029530
-0.186267
-0.319262
0.072707
-0.358955
-0.203858
-0.291894
0.019997
0.398962
0.148958
0.609731
-0.398226
-0.286676
-0.155815
-0.229260
-0.254913
-0.023831
-0.515030
0.093720
0.165888
-0.378912
0.140401
0.209238
0.014903
-0.162201
0.029178
0.144459
0.049852
0.186310
0.569637
-0.087870
0.198062
-0.203416
-0.086421
-0.345452
0.178428
0.009157
-0.139445
-0.460744
-0.175730
-0.173120
0.718065
-0.098199
-0.139642
0.039522
-0.695074
0.083533
-0.009712
0.135077
-0.033565
0.221499
0.201026
0.153509
0.256921
-0.018375
0.119165
-0.295925
0.255567
-0.538407
-0.516309
-0.258450
0.678241
0.508609
0.089029
-0.000721
-0.097815
0.385365
0.079711
0.044101
0.104649
-0.368222
0.209029
-0.340084
-0.233431
-0.228030
-0.226695
-0.222516
-0.338689
0.460867
-0.094561
0.182099
0.020602
0.223295
0.612107
-0.042087
-0.587189
-0.220249
0.277989
0.459117
0.414562
0.369646
-0.269565
0.383251
0.065750
-0.417929
0.213047
0.430885
0.234063
0.110793
-0.167559
0.118459
-0.393573
0.474693
0.260089
0.285857
0.444934
0.353210
0.431143
0.075395
-0.254331
0.457435
-0.490352
0.295385
0.550899
0.168313
0.510262
-0.094461
-0.406967
0.632317
-0.178782
-0.329061
0.596832
-0.584324
0.238557
0.329491
0.344315
-0.191775
0.430861
0.007002
0.383256
0.617656
-0.169648
-0.264727
0.391211
-0.173874
0.125055
-0.028186
0.503585
0.094658
-0.134037
0.179896
-0.370378
-0.291303
-0.058381
-0.380951
0.028172
-0.147946
0.142744
-0.032093
0.404933
-0.315733
-0.492559
-0.083758
-0.262994
-0.381865
0.148075
-0.222641
-0.059411
-0.140207
0.086479
0.154835
0.084886
0.247485
-0.187117
-0.858523
0.294306
-0.352774
-0.208108
-0.240337
0.125118
0.050932
0.176927
0.413894
-0.175969
0.496597
-0.643837
-0.142340
-0.234107
0.142836
-0.427097
-0.104371
-0.087226
0.380685
-0.079057
-0.079711
0.401720
-0.021960
0.006407
0.044036
0.461829
0.078551
0.308668
-0.010972
0.409738
-0.061898
-0.332747
0.499247
0.379392
-0.186971
-0.496025
0.243782
-0.002273
0.353797
0.121315
0.009665
0.156252
-0.377375
0.030373
0.010962
-0.725726
0.500976
0.158211
0.536730
0.085753
-0.020275
0.193006
-0.148713
0.075359
-0.599381
0.306555
0.032313
-0.038752
-0.169309
-0.225814
0.273347
0.324486
0.021826
-0.314604
0.548263
-0.504407
0.270261
-0.267486
-0.201681
0.074873
0.038033
-0.493217
0.054397
-0.238937
0.481894
-0.385428
-0.489598
-0.175020
0.332640
0.141604
-0.194391
-0.107465
0.061174
-0.019074
-0.157199
-0.358062
0.500897
-0.642842
0.137623
-0.390157
-0.226729
0.241100
-0.292077
-0.310685
0.183044
-0.102255
-0.219696
-0.316192
0.265214
-0.182183
-0.160622
-0.280592
-0.267095
-0.180861
-0.556922
-0.208681
0.407913
0.392204
0.542432
0.353918
-0.194709
-0.366671
-0.450468
0.094528
0.455095
0.629156
0.284488
0.410179
-0.229049
0.498338
-0.461716
-0.527375
-0.149952
0.690063
0.619972
0.136435
0.290341
0.339279
0.274859
-0.012605
0.175467
0.266561
0.025125
-0.124019
0.074532
-0.314254
-0.293848
0.405299
0.412535
-0.312091
0.078740
0.049078
0.067032
-0.535601
0.048859
-0.250373
-0.263544
-0.015842
0.148871
-0.063697
-0.252313
-0.120823
0.021364
-0.410243
0.284766
-0.227133
0.403777
-0.451863
-0.082008
-0.160237
-0.059920
-0.286082
-0.199074
-0.465503
-0.300650
-0.106551
0.422223
0.082725
-0.527783
0.272383
-0.010500
-0.376204
0.518912
-0.322898
-0.274044
0.698044
-0.276576
-0.086341
-0.336067
0.000508
-0.054083
-0.483507
-0.715869
-0.190418
-0.172613
-0.260301
0.384019
0.404938
-0.634475
0.058601
-0.358579
-0.097077
-0.195450
-0.028295
0.106800
-0.042386
0.363662
-0.221570
-0.223757
0.074770
-0.201281
0.161575
0.121229
0.006189
-0.446587
0.653900
0.425072
0.527994
-0.205999
0.557513
-0.085590
-0.553464
0.051906
-0.340808
-0.493678
0.286849
0.254721
0.607218
-0.017163
0.246165
0.526569
