0.011600
-0.465342
0.195068
-0.076926
0.297938
0.005227
0.195315
0.130035
-0.341932
-0.116598
-0.233039
-0.381731
0.081955
-0.202663
-0.102547
0.377941
0.010018
-0.037622
0.218775
0.118325
0.424677
0.124343
0.143759
-0.283635
-0.633426
0.297292
-0.031385
-0.326133
-0.370528
-0.103939
-0.057716
0.532985
-0.215422
-0.281326
-0.215463
-0.030107
-0.262893
-0.218132
-0.058300
-0.141350
0.236441
0.346216
-0.081402
-0.307099
0.143480
-0.497575
0.383761
-0.033021
-0.076259
-0.105994
0.019225
-0.362069
-0.008650
-0.382647
-0.015814
-0.337036
0.144532
0.051499
0.311186
-0.308607
-0.192737
-0.437014
0.225004
-0.170369
-0.162048
-0.642994
-0.259909
-0.532405
0.288197
-0.395753
0.108027
-0.382720
0.097610
-0.186223
0.438811
0.213753
-0.090991
0.186963
0.203608
-0.404124
-0.202744
-0.623740
-0.470357
-0.473213
-0.708860
0.056798
0.002446
0.768937
-0.679205
0.258291
-0.124276
0.079082
-0.115214
-0.086654
-0.554300
-0.245376
0.123423
-0.097833
0.821007
-0.048785
0.033692
0.044981
-0.124455
0.180855
-0.278616
-0.166315
0.182407
0.452158
0.154665
-0.026663
-0.149372
-0.347031
0.053242
0.288595
0.205066
-0.210869
0.274811
0.385453
0.180719
0.518593
0.467864
-0.126151
-0.215710
-0.417590
-0.400316
-0.330430
0.319779
0.692555
0.198880
-0.423019
0.306672
-0.267369
0.077525
0.297810
-0.488102
0.692349
0.486619
0.254700
-0.162101
-0.011659
-0.606205
-0.155315
-0.242237
0.366252
-0.201875
-0.337182
-0.294061
0.535072
0.307889
0.062478
0.268449
-0.507428
0.299877
0.516609
-0.486664
-0.155976
-0.508052
0.232586
0.332361
-0.355374
0.142244
0.103746
0.498581
0.453777
0.332457
-0.137292
0.028349
0.213826
-0.286631
-0.377123
0.246160
0.389455
-0.400286
0.129680
0.195961
-0.415259
-0.079961
-0.118460
-0.114959
-0.263093
-0.141169
-0.428808
0.050606
0.625551
-0.379600
0.003476
-0.457112
-0.543221
0.015038
0.212472
-0.337169
-0.125108
-0.540691
-0.293047
0.055438
-0.420318
0.184186
0.045207
0.108879
0.519218
0.289714
0.426522
0.716093
0.166241
-0.309803
0.646457
0.274767
-0.457139
-0.121985
-0.118713
-0.468753
-0.149148
-0.544647
-0.346844
0.274869
-0.634834
-0.464409
0.034674
0.059056
-0.284793
-0.130413
-0.103086
0.506820
-0.153903
0.198078
-0.125280
-0.380644
0.080560
-0.254768
0.158349
-0.321045
-0.227328
0.362128
-0.252113
0.578825
-0.472706
-0.116120
-0.127900
-0.534901
-0.304173
-0.506549
-0.003463
0.505118
0.044455
-0.268185
-0.127801
-0.170967
-0.297979
0.257019
0.100985
-0.409339
0.193142
-0.068343
-0.114883
0.291567
0.320349
-0.080506
0.190983
0.407122
0.202852
-0.142139
-0.625372
0.547646
-0.223128
0.367738
-0.242691
0.028584
-0.019009
0.548023
0.363896
0.289079
-0.528908
-0.231060
-0.195883
-0.302707
-0.443859
0.148359
0.446293
0.066047
0.051183
0.309994
0.151504
-0.293542
-0.230499
0.053493
0.174968
-0.571849
0.372693
0.414549
-0.383179
0.370491
-0.494217
-0.417095
-0.002883
-0.185004
-0.093511
-0.026804
-0.111215
0.303654
0.357754
0.309372
-0.047636
-0.347704
0.192498
0.387232
-0.337668
-0.200158
0.002753
-0.015609
-0.648707
-0.112584
0.579446
-0.237955
0.029943
-0.501257
-0.311962
-0.056450
0.032733
0.319825
-0.175142
-0.338344
0.312577
-0.681270
0.138437
-0.520446
-0.194505
-0.297818
-0.307727
-0.173537
-0.043968
0.249771
-0.231543
0.110832
0.283227
-0.010662
0.238089
0.358929
-0.409604
0.037386
0.114489
-0.633997
0.186238
-0.049598
0.036615
0.026310
-0.418494
-0.098647
-0.037001
-0.456218
0.232640
0.152179
0.628504
-0.415492
-0.143048
0.286487
0.205725
0.237750
-0.076560
0.076688
-0.369204
-0.204675
0.493360
0.184144
-0.187803
-0.260296
0.438748
0.262411
-0.406929
0.260254
-0.476003
-0.303165
0.453419
-0.411300
-0.006270
0.441127
-0.266434
0.552195
-0.224551
0.119981
-0.088600
0.094957
-0.695337
-0.075939
-0.776690
-0.348352
0.427539
0.145388
-0.291934
-0.319937
0.146779
0.327437
0.270792
0.063909
0.447788
0.299328
0.458334
-0.381787
0.119181
0.435471
-0.586866
-0.158414
-0.414088
0.548475
0.077647
0.622780
0.083362
0.097323
-0.359552
-0.267906
0.299766
-0.336237
0.188875
0.332625
0.606500
-0.361765
-0.196503
-0.120899
0.264908
-0.332249
-0.030365
0.113426
-0.180894
0.359304
-0.532262
0.436138
0.289185
0.451983
-0.571687
0.250320
-0.110153
0.394188
0.311376
0.174222
-0.113029
-0.476536
-0.428573
-0.491896
0.715268
-0.004171
-0.345730
0.162886
-0.125810
0.335757
-0.484441
-0.111238
0.044409
-0.312336
-0.226094
0.165855
0.093104
-0.247859
-0.190207
-0.275293
-0.474161
-0.617900
-0.038640
-0.429177
0.012573
0.048198
-0.149288
0.569637
0.121612
0.116297
0.297197
-0.409750
0.033311
0.306291
-0.081043
0.453296
-0.439244
-0.260065
-0.080556
0.002434
0.225300
-0.039500
-0.045475
-0.152645
0.237420
-0.357936
-0.029213
-0.343450
-0.192201
0.230406
0.388456
0.094285
-0.065745
-0.251830
-0.063569
0.316805
-0.383083
0.225368
-0.120593
0.156460
-0.110331
-0.358885
0.103322
-0.374593
0.041690
-0.142724
-0.297263
-0.301724
0.058078
0.488869
0.367291
0.466535
-0.346317
-0.377187
-0.469519
0.353774
0.305353
-0.471029
-0.431312
-0.447486
-0.012090
0.584044
0.153791
-0.457425
0.200155
-0.421840
-0.318420
-0.215750
-0.662915
0.264934
-0.135912
0.311846
0.218773
0.002240
-0.181224
0.211871
0.229113
0.095870
-0.096398
-0.680773
0.029172
0.450041
0.333901
0.031686
0.218563
-0.109313
-0.350184
-0.643487
-0.487253
0.348258
0.104517
-0.175935
0.162820
0.057945
0.394155
-0.025050
-0.137667
-0.047630
0.355677
0.054876
-0.033630
0.286312
-0.223336
-0.737479
0.157677
0.427761
0.179247
-0.371823
0.336350
-0.513582
0.354752
-0.582275
-0.189427
0.195331
-0.055645
-0.368791
-0.401451
0.238855
0.244007
0.335849
0.007172
-0.036108
-0.008690
-0.058949
0.470661
-0.132382
-0.307735
0.053285
-0.268084
0.156188
-0.344224
-0.333554
-0.159425
0.254122
0.663100
0.109231
0.442373
0.621913
0.343031
0.214459
-0.049035
0.290012
0.418383
-0.095226
0.443093
0.385957
0.216006
-0.168536
0.328926
0.376298
0.732322
0.134678
-0.406589
-0.061437
0.380160
-0.285846
0.196980
0.505622
0.467295
-0.177176
-0.137683
0.131459
-0.623047
0.355961
0.110214
0.024558
-0.098089
0.553074
0.042064
0.408118
-0.032021
-0.530844
0.041824
-0.125844
0.511245
-0.150846
-0.259001
-0.045434
-0.253149
0.247748
0.518410
-0.451569
0.009120
-0.102754
0.670580
0.030373
0.021947
0.051048
-0.059400
0.212687
0.482272
-0.045492
-0.014764
0.311513
0.085353
-0.552781
0.261017
0.289127
-0.429723
-0.137324
-0.256462
-0.514209
0.189371
0.303977
0.061852
-0.438951
-0.071508
-0.153908
0.365747
0.128513
0.331474
0.095040
-0.512932
-0.191941
-0.257763
-0.511651
-0.476386
-0.015367
0.190165
0.209673
0.181100
0.180720
0.513645
0.042518
-0.018400
0.036414
-0.073794
0.384111
0.655824
-0.293830
0.226438
0.058561
0.158034
0.462079
-0.453209
0.341817
0.383962
-0.162676
0.011539
-0.153939
-0.167126
0.467844
0.341598
-0.450907
0.044414
-0.336765
-0.273088
0.403784
-0.054036
-0.356535
0.287724
-0.442623
-0.003717
0.279182
-0.242470
0.050458
-0.150973
0.076500
-0.210898
0.386970
-0.041959
0.415106
-0.293058
0.207526
0.133060
0.614906
-0.425545
-0.156856
-0.001976
0.325793
0.151671
0.201618
0.083026
0.196212
-0.545064
-0.470338
0.708167
0.120602
-0.030766
-0.191478
0.432708
0.149056
0.388482
0.160502
0.133519
0.200721
0.075414
0.011792
-0.534925
0.206171
0.533826
-0.159880
-0.303069
0.438763
0.338602
-0.265124
-0.465224
-0.407223
-0.022406
0.381626
0.610209
-0.020782
0.321720
0.171178
-0.273656
0.189829
-0.334332
0.508910
0.216746
0.193615
-0.257359
0.180611
0.069267
0.041454
-0.021176
0.471967
-0.247887
0.235259
-0.615634
-0.191672
-0.370643
-0.259170
-0.132820
0.224882
0.436333
-0.076994
-0.349648
0.585095
0.408652
-0.244127
-0.426017
-0.428394
0.003724
0.400800
0.137282
-0.487361
0.028972
-0.207782
-0.079857
-0.293283
0.365301
-0.188511
-0.084839
-0.308024
0.010416
0.071373
-0.497038
0.167111
0.332461
-0.109587
-0.806483
0.345999
0.049231
-0.469336
-0.038663
-0.037783
0.444776
-0.232880
-0.115027
0.105992
0.257716
0.060948
0.317803
