0.297584
0.050367
0.038488
-0.094918
-0.537802
-0.379497
-0.296607
-0.298026
-0.277813
-0.434697
-0.060125
0.162094
-0.041313
-0.403266
-0.443831
0.303583
-0.565413
-0.536831
-0.268690
-0.125273
-0.024251
0.217755
0.050978
-0.274436
-0.067696
0.402288
0.242609
-0.336284
-0.042594
0.036398
0.014169
-0.190220
0.077794
0.091996
-0.019936
0.186746
-0.140611
0.015225
0.190087
0.191240
-0.147669
0.396745
-0.020262
0.346493
-0.385869
-0.453435
0.399334
-0.118690
-0.157434
-0.535054
-0.028387
-0.070283
-0.123012
-0.315742
0.166628
0.093914
0.400299
-0.223013
0.310924
-0.529193
0.301469
-0.394152
0.418158
-0.343931
-0.387961
0.233370
0.253117
0.247935
-0.298969
-0.366862
-0.402794
-0.446760
0.233429
0.011648
0.486108
0.106535
0.039384
-0.113823
0.383726
-0.495079
0.342269
0.223518
-0.400685
-0.423116
0.274213
0.317333
-0.390350
-0.198524
0.326513
0.203174
-0.188605
0.343772
0.291388
-0.412850
0.115623
0.161679
-0.076396
0.825366
-0.544780
0.484870
-0.115427
-0.261668
0.233569
-0.034811
0.231878
-0.313304
0.077170
0.270440
0.107460
-0.205799
-0.062821
0.531646
0.461296
-0.233137
0.318182
-0.128394
0.067369
-0.236643
-0.168994
0.440379
-0.262209
-0.383525
0.570427
-0.511059
0.238052
-0.129895
-0.074695
-0.308105
-0.384685
-0.352089
-0.266166
0.246885
-0.066024
0.130379
-0.575964
0.210057
-0.349309
-0.089789
0.242566
0.483298
0.346510
0.008964
-0.198967
-0.006085
0.180377
-0.342561
-0.273577
0.183435
-0.051629
0.472896
-0.320713
-0.204595
0.178454
-0.078359
0.035582
-0.323820
-0.431249
0.709414
-0.026484
-0.349757
-0.049518
0.425415
0.098483
0.534045
0.137859
0.726985
0.647899
0.210777
0.248362
0.073408
-0.444786
-0.207710
0.421444
0.453208
-0.194298
-0.245907
-0.785340
0.140617
0.396047
-0.382699
-0.150032
0.039434
-0.583706
0.287218
-0.116213
0.015815
0.042100
0.211019
0.091995
-0.212371
0.590856
-0.630355
-0.008044
0.336039
-0.391872
-0.374483
-0.255438
-0.354948
-0.480726
-0.478091
0.496548
-0.515957
-0.604885
0.087679
0.253694
-0.261415
-0.055353
-0.539954
-0.205571
-0.518193
0.206188
0.292599
-0.176705
-0.355554
-0.071963
0.011301
-0.670584
-0.355856
-0.324945
0.007900
-0.309270
-0.195562
0.023082
-0.707795
-0.186281
0.519544
0.875812
-0.127442
-0.386393
-0.276352
0.202259
0.506554
-0.123799
0.157356
0.485203
-0.210828
-0.274164
0.086739
0.019488
0.275364
-0.411771
-0.195798
-0.533195
-0.147069
-0.525165
0.333165
0.558485
-0.221730
0.584614
0.177118
-0.070270
0.727233
0.288643
-0.100599
-0.117652
-0.258081
0.396577
0.619067
-0.502894
-0.493815
0.019311
-0.701306
-0.214459
-0.349595
0.053342
-0.318890
0.208087
0.701033
0.070142
-0.315502
0.349099
0.338313
0.485148
0.263339
-0.206681
-0.103048
0.288517
-0.067315
0.530620
-0.098610
-0.454923
-0.292085
0.534427
0.525137
0.107475
0.316284
-0.428137
-0.426467
0.291184
-0.236551
-0.051928
-0.474893
-0.073866
0.265953
0.412125
-0.192207
0.293122
-0.611527
-0.239822
0.324761
0.129713
0.335162
0.193081
0.023462
0.043144
0.410131
0.224938
0.043496
-0.391570
-0.522363
0.455337
0.447929
0.179806
-0.382615
0.203301
-0.350303
0.576134
-0.101569
0.409574
-0.179609
0.140583
0.500196
-0.425518
-0.197899
0.523494
0.276968
-0.133799
0.446076
0.270773
-0.488167
0.290869
-0.120880
-0.139304
0.278800
-0.317894
0.246658
-0.254279
-0.093232
-0.212603
0.084555
-0.025968
-0.423517
0.281128
0.540044
0.015816
0.320410
-0.156571
-0.036304
0.365580
-0.051745
-0.335549
-0.286171
0.009878
-0.133482
0.065884
0.611244
-0.199993
-0.238451
-0.161606
-0.330152
0.549073
-0.343821
-0.309347
-0.255833
0.417134
0.381230
0.165706
-0.299646
0.375811
-0.586094
-0.288903
0.271527
-0.393713
0.506946
-0.308553
-0.261824
0.234666
-0.026735
0.013039
0.161664
-0.316993
0.004314
-0.341461
0.542753
0.191592
0.488694
0.035263
-0.270869
0.403711
-0.017476
-0.227510
0.054922
0.233964
-0.150281
0.445255
-0.236697
0.191885
0.155503
-0.185761
-0.340315
0.250682
-0.196493
0.176282
0.028917
-0.449498
0.015063
0.016069
-0.198781
0.198606
0.287095
-0.038411
-0.054566
0.221145
0.598009
0.400860
-0.009224
-0.069055
0.021382
0.169883
0.077906
-0.053425
0.533548
0.216678
0.087123
0.152854
0.020677
-0.606689
-0.113145
-0.024820
0.198842
0.232592
0.260478
-0.404853
-0.567945
0.053183
-0.179917
0.143298
-0.209490
-0.107237
-0.188964
-0.372224
0.346364
-0.413978
0.321761
-0.187934
-0.081763
0.040462
0.058563
0.555501
-0.106682
0.574939
-0.540913
-0.125933
-0.044706
-0.438542
-0.080925
0.101358
0.348126
0.318902
0.428372
0.308081
0.107045
-0.264511
-0.167542
-0.149985
-0.351451
-0.204626
-0.290908
0.282923
-0.342066
0.369806
0.484661
-0.103348
-0.224486
-0.077828
0.138521
0.082882
0.048243
-0.166437
-0.307102
-0.160342
0.186242
0.095824
0.268186
0.315325
0.096477
-0.245255
-0.167690
-0.339587
0.433294
-0.172368
-0.301425
0.604007
-0.003502
-0.158879
0.151897
-0.174997
-0.137313
-0.011737
0.524397
-0.177800
-0.108263
0.391864
0.114145
-0.194217
0.424863
-0.235206
-0.324122
0.225087
0.072228
0.825855
-0.239779
0.491417
-0.404237
-0.513035
0.316302
-0.416789
0.200155
0.260296
0.477266
0.063296
-0.479072
-0.774374
-0.058260
0.267664
0.200431
-0.415589
0.417441
-0.572560
-0.512508
0.291283
0.028798
-0.260547
0.266115
0.460843
-0.489161
0.405054
0.297984
-0.142214
-0.411528
0.154241
0.457005
0.257861
0.084498
0.435669
0.016499
-0.359883
0.131014
0.049961
-0.297023
0.363019
0.093116
0.036239
-0.336502
0.416748
-0.051552
-0.418887
0.157677
-0.347312
-0.181200
-0.081053
0.225786
0.060417
0.504488
0.348003
-0.187942
0.159408
-0.062043
-0.667461
-0.436836
-0.457669
0.513242
0.516468
-0.401828
0.367733
0.172841
0.188727
-0.395215
-0.415395
0.253787
0.052811
0.057770
-0.380042
-0.191406
-0.115168
-0.069795
0.038013
0.267754
0.257996
0.378779
0.392147
-0.369209
0.013872
-0.265373
-0.338733
-0.239166
0.134936
0.211914
0.267714
0.330580
-0.177172
0.428393
-0.431637
0.755592
-0.025834
-0.270963
-0.315807
0.332602
-0.175257
-0.388103
0.357475
-0.318132
-0.140319
0.345359
-0.033633
-0.146717
0.540137
0.217452
-0.522063
-0.719526
0.023619
0.413869
0.480220
-0.467866
-0.573833
0.428703
0.083816
0.470240
0.522294
-0.428793
-0.053198
-0.237908
-0.029904
-0.475599
0.268437
0.196119
0.837271
-0.336155
0.300901
-0.617485
0.044151
-0.054658
-0.092933
0.281550
-0.530665
-0.309014
-0.106176
-0.001870
0.345812
0.050017
0.271897
-0.170965
-0.140885
0.464200
-0.164853
0.102134
-0.031797
0.324648
-0.048062
-0.457263
-0.249389
0.285330
-0.013282
-0.240084
0.135111
-0.028638
0.376502
0.041447
-0.083510
0.040725
0.101776
0.094313
0.061172
0.001879
-0.138580
0.504165
0.106956
-0.058497
0.251008
0.113635
-0.358697
0.058688
0.078932
-0.348882
-0.202506
-0.222270
-0.170390
-0.427148
-0.310009
0.232186
-0.128756
0.231808
-0.277081
0.305207
-0.039144
-0.078232
0.510692
-0.242822
0.648005
-0.181463
0.496594
-0.858394
0.109607
0.109527
0.472760
0.539240
-0.385348
-0.006071
0.043906
-0.503353
0.031836
0.315860
-0.086017
-0.223468
-0.002274
0.183901
0.293599
-0.447714
0.579927
-0.046910
0.231719
0.119268
-0.103850
0.187954
0.003130
0.067066
0.390713
-0.614116
-0.358771
0.382880
-0.111187
-0.303093
0.363922
-0.317157
-0.503470
0.201102
-0.416530
0.342978
-0.382108
-0.105078
-0.302083
-0.041225
0.131049
0.148580
0.513683
0.073316
0.391423
-0.037404
0.217479
-0.401605
-0.427290
-0.283380
-0.505420
0.673333
-0.413206
0.438854
-0.525499
-0.256350
0.612898
0.311954
0.171685
-0.188417
0.413078
0.531324
0.204791
0.009625
-0.255750
0.336477
-0.368393
0.015568
0.081455
-0.277337
-0.248543
-0.003932
0.491984
0.424828
0.303843
0.100453
-0.343555
-0.173373
-0.224019
-0.214131
0.295878
-0.058270
-0.105693
-0.167530
-0.126883
0.098238
-0.424245
0.062479
-0.182116
0.400160
-0.283408
0.397389
-0.057303
-0.416232
0.236951
0.121455
-0.174616
-0.377788
0.141089
0.062179
0.112982
0.069611
0.610580
0.421951
-0.402759
0.225426
-0.079671
-0.414241
-0.030668
0.335848
-0.011147
0.146329
0.032052
-0.528937
