-0.239697
0.048583
0.027637
-0.150304
-0.522439
-0.401075
-0.570256
0.326542
0.258235
0.471160
0.016758
-0.099002
-0.197391
0.189044
-0.349121
0.505412
-0.513841
-0.361869
-0.442087
0.454212
0.331012
0.403382
-0.504813
0.402750
-0.175686
-0.168677
0.526895
0.334786
-0.256566
-0.299870
0.293742
-0.264849
-0.126653
-0.160100
-0.173085
-0.045393
0.227983
0.350818
-0.377923
0.183929
0.187589
-0.323307
-0.226856
-0.212716
-0.433429
-0.397568
0.227398
0.375657
0.275130
-0.591662
-0.161411
0.521704
-0.038688
-0.160981
-0.560583
0.427498
0.467057
-0.231446
0.249478
0.535556
-0.392726
-0.651621
0.329431
-0.195719
0.422615
0.315633
-0.035892
-0.055113
0.394719
-0.439125
-0.278393
-0.022949
-0.144717
0.510287
-0.080119
-0.065170
0.125120
-0.147347
-0.182563
-0.241286
-0.255059
-0.133770
-0.477556
0.439223
-0.382660
-0.457665
-0.164969
-0.455240
-0.196107
0.219419
-0.342713
0.074288
-0.226747
-0.088761
-0.028153
-0.170491
0.111959
-0.148062
-0.446558
-0.381227
0.641731
0.343919
0.012088
-0.350122
0.005528
-0.552461
0.629663
0.113929
-0.330820
0.498193
0.039560
0.440320
0.052259
0.080887
0.136267
-0.081343
0.225538
-0.164659
0.201673
-0.169245
-0.103632
0.345439
-0.477972
-0.181195
-0.310743
0.394729
-0.199780
-0.140784
0.198737
-0.096040
0.580070
0.359863
0.037985
-0.341221
-0.353877
0.251223
-0.488962
0.219381
0.395994
0.118408
-0.435384
0.138083
0.078822
-0.095285
0.077594
0.114350
0.136272
0.208651
0.032078
-0.856627
-0.226940
-0.191340
0.577310
-0.164857
-0.111374
0.514924
-0.179199
0.109854
-0.173402
0.239213
-0.521963
0.045161
0.292985
0.207987
0.220481
0.291388
-0.072470
-0.504085
0.026273
-0.173144
0.035376
-0.123540
0.134840
-0.278670
0.094524
-0.239364
0.004136
-0.046541
-0.275964
-0.344202
-0.106231
-0.229246
0.157561
-0.377552
-0.015672
0.173390
0.050761
0.253574
0.358099
-0.175283
-0.245112
-0.564612
0.357573
-0.153620
0.381338
-0.043348
-0.060042
0.260267
-0.123981
-0.522028
0.257360
-0.073345
-0.347300
-0.154277
0.413040
-0.174555
0.357358
-0.356917
-0.076436
0.314564
0.354083
0.451740
0.586228
-0.458793
-0.270137
0.559461
0.152858
0.144281
-0.169865
0.291812
0.306349
-0.522600
0.390950
-0.101887
0.329372
0.029051
0.060846
-0.473478
0.145216
0.434302
0.062787
-0.004066
-0.096796
0.039522
-0.082807
0.078768
-0.072282
-0.124395
-0.605324
-0.297018
0.395017
0.005761
0.218580
0.030103
-0.594393
0.371079
-0.092499
0.060843
0.502416
-0.195178
-0.428834
-0.468102
0.179442
0.318360
-0.075655
0.222695
-0.343618
0.337207
0.374543
0.067068
-0.233211
-0.083694
-0.323686
-0.364249
-0.030885
-0.556442
-0.560854
0.408831
0.550238
0.097200
0.004077
-0.063951
0.433469
-0.375179
-0.534834
0.231139
0.022670
0.395144
0.205300
0.014161
0.337682
-0.403125
-0.505684
-0.336577
-0.055794
0.098408
0.271332
-0.476381
-0.146649
0.003904
-0.491390
-0.046311
0.197593
-0.539465
0.583612
-0.247399
-0.142265
0.015207
0.056502
-0.142261
-0.688152
-0.477936
-0.371695
0.257505
-0.124482
-0.047379
0.530233
0.111108
-0.047720
-0.313918
0.059914
-0.015228
-0.233654
0.056836
0.051017
-0.438898
0.091504
0.368037
-0.386585
0.024885
0.133516
0.247401
-0.340540
-0.187679
-0.479126
-0.344310
0.663681
0.630821
0.097513
-0.053891
-0.021237
0.161220
-0.569570
0.395445
-0.122515
0.235587
0.397975
-0.471052
-0.072686
-0.109372
0.336696
-0.270446
-0.094991
0.076345
-0.374914
-0.335107
0.016233
0.016748
-0.337907
-0.335647
0.713808
-0.257368
-0.545707
-0.627514
0.061658
-0.167838
-0.114871
0.509386
0.554528
-0.249717
0.119910
0.135349
-0.035487
0.443812
0.214936
0.256442
0.147756
-0.134719
-0.063218
-0.149132
-0.059534
-0.302507
-0.349307
0.375742
-0.155263
0.041467
-0.648335
-0.286556
0.021312
-0.613311
0.045137
-0.484450
0.135596
0.394316
-0.406952
0.435204
-0.111862
0.621085
-0.301534
-0.086691
0.004638
0.142948
-0.506079
0.614979
0.324258
0.605077
0.106010
-0.194191
-0.239807
0.208665
-0.002214
0.385130
-0.177689
0.054132
0.721554
0.012778
0.455795
-0.202919
0.459087
0.151233
-0.388222
0.074205
-0.367610
0.590748
-0.136865
-0.357735
0.381706
0.486075
-0.436046
0.124775
0.365006
-0.218801
-0.235691
0.410923
-0.127517
-0.185741
-0.085657
0.023926
-0.161583
-0.292527
0.442171
-0.117088
-0.168390
-0.397896
0.123359
0.023977
-0.456124
-0.341925
0.158003
0.262862
-0.265200
-0.288514
-0.458097
-0.340378
-0.048737
-0.199242
0.230082
0.463591
-0.525037
-0.104919
0.055691
-0.491083
0.382100
-0.179513
-0.013110
-0.205412
-0.063569
0.101741
-0.315147
0.344644
0.386724
-0.104955
0.230355
0.493492
0.294149
0.225215
-0.024787
-0.390669
-0.486080
0.486671
-0.130976
-0.315309
0.423782
0.062825
-0.359045
0.105260
0.448392
0.448034
-0.101618
-0.115868
0.071790
0.145779
-0.318300
0.219582
0.537913
-0.018503
-0.621678
0.070203
0.398630
0.017598
0.130685
0.235634
0.069722
0.281291
0.433879
-0.106640
-0.556777
-0.022090
-0.138606
-0.440236
-0.381157
-0.417815
0.492745
-0.095963
0.226289
-0.322487
-0.529778
-0.312982
0.259475
0.387389
-0.124778
0.065759
0.139231
-0.542927
-0.312943
-0.334325
0.046754
-0.302396
0.278895
0.477266
0.357072
0.571912
-0.121764
-0.361125
-0.264669
-0.079994
-0.639154
0.319374
0.263624
0.277427
-0.245556
-0.124170
0.074110
0.255572
0.314025
-0.036986
-0.313016
-0.408663
-0.041664
-0.120294
0.217242
0.371668
0.171732
0.427085
-0.084879
-0.446650
-0.109965
-0.287644
0.202654
-0.319904
-0.083140
-0.416278
0.446298
0.428826
-0.399336
0.203368
0.146026
-0.279147
0.611977
-0.062468
0.185321
0.249350
0.111659
-0.069511
-0.369694
0.158402
0.079643
-0.213861
-0.286773
0.105206
-0.018537
0.195490
0.176434
-0.114805
-0.282418
0.113257
-0.244598
0.439521
0.408649
-0.099976
0.256665
0.022690
0.214131
0.154397
0.056298
0.146466
0.031538
-0.535182
-0.404529
0.436942
0.531812
-0.101318
-0.514979
-0.668286
0.583757
0.361518
0.187192
-0.135948
-0.422284
0.208231
-0.231536
0.366230
-0.382708
0.733957
0.693236
-0.507798
0.315920
-0.203178
-0.300273
0.272875
0.176144
0.209543
0.220863
-0.050923
0.046782
-0.215942
-0.279078
0.287708
0.070038
-0.193588
0.329851
0.502525
0.336986
-0.409295
-0.123263
-0.168563
-0.464477
-0.071397
-0.110519
0.043463
-0.129818
-0.554892
-0.071681
-0.340769
0.504876
0.284502
0.452823
-0.022752
-0.175269
0.026467
0.032464
-0.163985
0.158793
0.052894
0.628231
0.318600
0.435443
0.258003
-0.134480
-0.005192
0.074084
-0.203568
-0.299031
-0.395734
0.038431
0.613408
-0.332725
-0.094109
0.334743
0.120935
0.252760
-0.046785
0.078209
-0.514080
0.190820
-0.284349
-0.668412
0.047565
-0.075454
-0.146667
-0.352559
-0.189002
-0.169448
0.057274
-0.237855
-0.269526
0.726286
-0.165798
0.314290
0.075423
-0.358681
-0.197014
-0.812285
0.290942
-0.171358
0.080169
-0.246983
-0.396000
0.488654
-0.457851
-0.224912
0.085141
0.158371
0.429416
-0.107457
0.351789
0.061100
-0.003185
-0.350619
-0.016639
-0.055750
0.340770
0.061655
-0.148378
0.200755
-0.150395
0.389724
0.051880
0.512878
-0.387353
0.088782
-0.609198
0.468327
-0.402907
-0.784423
0.057660
0.222785
-0.284521
0.569344
-0.610776
-0.357087
0.196636
0.506792
0.283057
-0.242511
0.498720
-0.076974
0.352700
0.115812
-0.045298
0.658059
-0.070500
-0.429863
0.328652
0.038201
0.151806
0.050466
0.011432
-0.558233
0.350626
-0.114034
-0.028953
-0.367783
-0.558600
-0.423626
0.491421
0.239971
0.062702
0.369424
0.650015
-0.508350
0.203468
-0.363672
0.525257
0.673982
0.253457
-0.512644
-0.472666
-0.055500
0.106509
0.031711
0.287025
0.372763
-0.538197
0.412384
-0.654297
0.358905
0.081336
-0.126056
-0.408538
0.555245
-0.244902
-0.146247
0.345478
0.049921
-0.021714
0.471454
0.329222
-0.483785
-0.197250
-0.212723
-0.568811
0.420794
-0.069709
-0.207862
-0.391503
-0.255285
-0.120841
0.084413
-0.093557
-0.143699
-0.468133
-0.020870
0.231209
-0.374191
0.265169
0.356235
0.437653
-0.253608
-0.531298
-0.170592
0.123231
-0.189788
0.245367
0.154300
-0.129882
-0.118486
-0.618470
-0.357878
-0.434615
0.217858
0.268192
0.618549
0.100285
-0.094605
0.391242
