-0.259119
-0.277886
-0.054612
-0.590926
-0.235531
-0.147603
-0.004952
0.264170
0.498746
0.000799
-0.077753
-0.274185
-0.219972
-0.170907
0.176433
-0.185533
-0.248664
-0.047369
-0.295811
-0.059135
-0.326325
-0.405884
0.022513
0.289592
-0.442733
-0.441947
0.533969
0.402758
-0.366558
-0.025070
-0.382007
-0.190451
-0.283162
0.181362
0.908290
0.220405
0.027035
-0.120675
-0.192524
0.314789
-0.009757
-0.509221
-0.251000
-0.220283
0.414359
-0.477031
-0.075308
0.309388
0.201279
0.213709
-0.073842
-0.296387
0.457869
0.239078
0.375058
0.503298
0.274457
0.026213
0.033293
0.499303
0.563113
0.232999
0.236189
-0.005734
-0.412548
-0.285429
0.206232
-0.383505
-0.016302
-0.226026
-0.211844
-0.370113
-0.295703
-0.457881
0.096191
0.505952
-0.026491
-0.316134
-0.141280
-0.253008
0.011937
0.288068
-0.635065
-0.483442
0.157183
0.147123
0.276977
0.389081
-0.634502
0.047287
0.119062
0.236142
-0.372256
-0.319370
-0.037111
-0.473022
-0.020179
0.240080
0.235936
0.325170
-0.431413
0.164538
-0.000541
-0.075264
0.069489
-0.387870
0.593394
0.269911
-0.261437
-0.225153
0.253875
0.201660
-0.340368
0.199958
0.199521
-0.191497
-0.171766
-0.278706
-0.003198
-0.141784
0.395816
-0.314137
-0.124520
0.550399
0.056066
-0.258701
-0.146769
0.252579
-0.368262
-0.501985
0.315116
-0.393249
0.211540
-0.589358
-0.581387
-0.129334
0.352041
-0.420342
0.047512
0.556712
-0.571771
0.405059
0.249775
-0.404026
0.338722
-0.003649
0.446996
0.008717
-0.296814
0.564859
0.073157
-0.079758
-0.102429
0.004099
-0.197142
0.500666
0.094689
0.109676
0.032156
0.194588
0.167533
-0.528124
-0.311894
0.154303
0.071173
0.018754
-0.330381
0.175660
0.320423
-0.052590
-0.149417
0.046956
0.243172
0.053366
0.299686
0.079175
0.578160
0.475461
0.144244
-0.160644
-0.213596
0.189149
0.505879
-0.254525
-0.195118
0.290217
-0.365644
-0.323775
0.172140
0.293204
0.512830
-0.505864
0.292650
0.314775
0.421886
-0.339832
-0.456841
-0.591775
-0.311205
-0.520174
0.335302
-0.224609
-0.308291
0.379602
0.531349
0.451157
-0.076622
-0.296025
0.499201
0.238166
0.065164
-0.353170
-0.278895
0.261735
0.441698
0.253511
0.200045
-0.196611
0.478253
-0.050066
0.587628
-0.277378
0.256499
0.329867
-0.433734
-0.093329
-0.595699
0.233619
-0.174912
0.339500
0.234784
-0.351083
-0.188478
-0.166007
-0.419799
-0.258303
0.380673
-0.354921
0.438257
-0.032099
-0.478055
-0.426792
0.073833
0.124641
-0.508439
0.517578
-0.417754
-0.284183
-0.525356
0.080968
0.413013
0.184517
0.145512
0.411224
-0.081884
0.286941
-0.638118
0.525927
0.108265
-0.190313
0.232043
0.095813
-0.300586
-0.120034
0.046601
-0.103495
0.154860
0.418868
0.064861
0.005162
-0.312473
-0.449943
0.165628
-0.320863
-0.534296
0.552037
-0.032715
0.385857
0.463898
-0.501023
0.314937
-0.419470
0.007532
-0.004804
-0.206716
0.132396
-0.109730
0.037502
0.547495
0.619093
-0.176678
-0.590811
-0.137936
0.314098
-0.317042
0.450997
-0.482114
-0.180481
0.226619
0.466895
-0.293977
-0.366164
-0.102110
-0.095387
-0.175844
0.063903
0.452736
0.362820
-0.114471
0.294456
-0.038602
-0.006865
-0.423254
0.349420
-0.295050
-0.299401
-0.582775
0.467906
-0.023595
0.359456
-0.308658
-0.024775
-0.259638
0.128353
0.123348
-0.243114
0.219472
-0.117324
0.029820
0.196414
0.476323
-0.329819
0.124625
0.430292
0.459484
0.178731
-0.305049
0.612675
-0.252503
0.384764
-0.466801
-0.166855
0.271482
-0.060393
0.066728
0.268767
-0.156571
-0.098547
-0.124436
-0.255892
-0.212966
-0.668079
0.009878
0.334504
-0.071112
-0.192546
0.067751
0.236590
0.373167
0.043723
-0.241723
0.553017
0.178094
0.149993
0.255829
0.382572
0.100157
-0.147616
-0.518143
-0.616379
0.487754
0.083817
-0.491214
-0.395755
-0.080553
0.081060
-0.420267
0.311916
-0.240625
0.179734
-0.094770
0.590866
-0.058039
-0.367826
-0.086220
0.021410
-0.073528
-0.017404
0.091154
0.029477
0.237387
-0.207322
-0.647736
-0.287777
0.429901
-0.339745
-0.214871
0.354333
-0.320954
-0.397734
-0.329324
0.429520
-0.013727
0.017268
-0.398814
0.109253
0.066079
-0.404958
0.348175
0.400580
0.378009
-0.100535
-0.076366
0.427896
-0.197691
-0.313952
0.251118
0.312330
-0.277282
0.028884
0.018326
-0.016748
-0.171735
-0.218400
-0.036623
-0.082149
0.281551
0.397530
-0.186134
-0.281927
0.163988
-0.303743
-0.332491
0.107389
-0.171321
-0.038923
0.130675
-0.360596
-0.598049
0.324491
-0.075973
0.250763
-0.338027
0.337750
0.281282
-0.310187
0.185816
-0.188512
0.155985
-0.299101
-0.038210
0.183639
-0.112220
0.043714
-0.226548
-0.710577
-0.464611
-0.373488
0.638470
-0.120305
0.266984
0.247367
-0.087816
-0.245382
-0.298583
-0.474103
0.405334
-0.192270
0.183778
-0.467907
0.226484
0.021005
-0.340618
-0.333504
-0.029639
0.154772
-0.087218
0.413522
-0.325501
-0.442547
-0.033789
-0.161415
-0.637371
0.092608
0.271513
-0.753346
-0.229097
0.154559
-0.513578
-0.520275
0.282532
-0.149769
-0.092585
0.260141
-0.013553
0.064518
-0.161938
-0.023952
-0.422741
-0.359351
0.222105
-0.506635
0.046157
-0.073215
0.331300
0.547619
0.321851
0.041661
0.116311
0.034329
-0.308015
-0.106460
0.250020
0.462708
-0.123525
-0.129862
-0.457113
-0.387736
0.482609
0.033600
0.321362
-0.393943
-0.254813
0.138236
0.310658
-0.339185
-0.488629
0.526584
0.106215
-0.204567
-0.107435
0.428143
0.061444
0.105687
-0.396222
0.308070
0.091952
0.551760
0.615148
-0.646606
-0.429439
0.308153
0.079055
-0.747613
-0.351569
0.108984
-0.031103
-0.169956
-0.619773
0.423962
0.250316
0.479165
0.314617
-0.050386
0.447188
-0.071673
0.370642
-0.357947
0.378637
-0.165687
0.111134
0.293976
-0.034073
-0.151784
-0.530989
-0.069208
0.095116
0.011485
-0.123616
0.209529
-0.551034
0.165843
0.311771
0.119201
-0.592019
-0.222811
-0.112955
-0.384823
-0.402449
-0.092494
-0.000338
0.435397
-0.233005
-0.396954
-0.416636
0.100557
-0.558203
-0.149386
-0.251574
-0.077130
-0.084805
-0.707588
0.329097
-0.443290
-0.258847
-0.715360
-0.347506
-0.223126
0.472864
0.200281
-0.175144
-0.134405
0.679320
0.110012
-0.415048
-0.281310
0.366075
-0.468934
0.200094
0.078068
0.367920
0.286532
0.342040
0.359547
0.014693
-0.328031
0.569647
0.157427
-0.451956
0.335064
-0.080805
0.248033
0.111454
0.215828
-0.556606
0.062856
0.443464
0.190374
-0.472768
-0.001950
0.018671
-0.418533
0.062410
-0.260200
-0.594409
-0.527050
0.459682
0.250853
0.228225
-0.710502
0.181385
-0.196261
0.574664
-0.234714
0.077947
0.254935
0.442640
-0.434854
0.248828
0.477245
-0.358887
0.451843
-0.337166
-0.405751
-0.253737
-0.363627
0.193937
-0.228644
-0.288436
0.610902
-0.210341
-0.268971
0.004723
0.486236
-0.259064
-0.173314
-0.585084
-0.016906
-0.050658
-0.243818
-0.401795
-0.111388
0.002485
0.531248
0.450878
0.517183
-0.496773
-0.226601
-0.497870
-0.219040
-0.462390
-0.239724
-0.356271
-0.209682
-0.338000
-0.361341
0.396540
-0.486904
0.432311
-0.071013
-0.696536
-0.801083
0.109205
-0.752924
-0.543183
-0.044199
-0.045751
0.394395
-0.483853
-0.249516
-0.284371
-0.279735
0.097796
0.110045
0.699725
-0.089051
-0.076100
-0.514009
0.397484
0.278871
-0.098730
-0.415575
-0.299372
-0.680969
-0.479230
0.287448
-0.239411
-0.322542
0.224839
-0.483356
0.261552
-0.148972
0.310953
0.313633
0.425015
-0.291616
-0.233289
-0.214973
-0.323561
-0.065742
-0.027345
0.003857
0.239687
0.103821
0.194313
-0.139188
0.203122
-0.289857
-0.536589
0.210888
0.259880
-0.492447
0.436567
-0.026554
-0.057849
0.602700
0.442735
0.086907
-0.502543
-0.093688
-0.435387
0.067241
-0.134705
-0.391017
-0.435702
0.329584
0.294085
-0.576791
-0.354135
0.223180
0.123574
-0.051013
-0.164035
0.207442
-0.200163
-0.833715
0.052834
0.274168
0.636667
-0.052133
0.209679
0.341455
0.395051
-0.206806
-0.162261
-0.144615
0.569465
-0.385182
0.093336
-0.342817
-0.025747
-0.638582
0.247093
-0.108619
-0.399067
-0.020618
-0.473393
-0.030235
-0.017960
-0.069032
-0.085911
-0.091202
-0.046310
0.264807
-0.754815
-0.069391
-0.314992
0.086091
0.091595
-0.626185
0.278658
0.175765
0.226531
-0.879777
0.416715
0.296239
0.374597
0.321990
0.584461
0.394976
-0.117188
0.073242
0.214769
0.132588
-0.147127
0.395819
