0.435152
-0.629453
0.330755
-0.629785
-0.352167
-0.570593
-0.015129
0.268153
0.360308
-0.264065
0.029748
0.170662
-0.050692
-0.213791
0.589106
0.543115
-0.427712
0.004760
0.203237
-0.543071
0.620308
0.051739
-0.152444
0.332328
-0.618948
0.121632
0.026817
-0.253732
0.481975
0.618254
0.493162
0.452050
0.349671
-0.249791
-0.065266
-0.147942
-0.112847
0.351269
0.050313
-0.196752
-0.367999
0.592609
0.049205
0.028192
-0.660248
-0.197421
-0.369699
-0.107943
0.546928
0.372487
0.318608
-0.176211
0.031489
-0.640221
0.208091
0.139094
-0.225072
-0.147122
0.213259
0.275983
0.049669
-0.277726
0.089345
-0.385523
-0.582002
0.368685
0.403103
-0.534047
-0.233172
-0.228044
0.560028
-0.470811
0.536268
-0.350060
0.620889
-0.382690
0.026388
-0.294206
0.289654
-0.173178
-0.027092
0.242763
0.333604
-0.354052
0.346096
0.188947
0.032555
-0.623135
0.130456
-0.150475
-0.264308
0.342680
0.445695
0.402659
0.289795
0.589468
0.448780
-0.305479
-0.535229
0.341442
0.402442
-0.025813
0.006720
-0.217269
0.400037
-0.085156
-0.054257
-0.379927
0.413397
0.035858
-0.142542
0.580764
-0.531391
-0.306615
0.159215
0.021541
0.336580
-0.304222
0.302521
-0.285504
-0.035736
0.579992
0.043204
0.095711
-0.742025
-0.319307
0.386285
-0.294710
-0.234874
0.449322
-0.968321
-0.237208
-0.113874
0.052578
-0.469518
-0.684810
-0.637694
-0.683230
0.202405
0.225940
0.315191
-0.068986
-0.451739
0.057534
-0.129943
-0.348083
0.179530
0.174611
0.297382
-0.177778
0.266518
-0.398934
0.120057
-0.227966
0.493807
0.758748
-0.122525
0.022739
-0.209309
-0.206681
0.194314
0.416712
0.789243
0.336493
0.344942
-0.178500
-0.460284
-0.387381
-0.203137
-0.416049
0.103318
0.269332
0.126216
-0.132632
0.358602
-0.085630
0.145014
0.252828
0.133832
0.069828
0.082002
-0.098069
-0.378597
-0.294000
-0.117903
0.241926
-0.436051
0.155111
-0.061939
0.166064
-0.347049
-0.670360
-0.185036
-0.180926
0.327248
-0.513783
0.303989
0.005656
0.094591
0.496619
0.455732
0.054169
0.227414
0.299580
-0.418925
-0.196218
0.391301
-0.000970
0.283492
-0.262042
0.456216
0.254370
0.362914
0.100560
0.585162
0.342297
0.234344
-0.522085
-0.206883
0.069274
-0.177079
-0.616415
-0.089996
-0.800224
0.029200
-0.584596
0.163246
-0.215473
0.258468
-0.211922
0.148063
0.470594
0.331132
-0.621118
-0.091739
0.383980
-0.205016
0.017188
0.343376
-0.460718
0.086084
-0.358860
-0.600555
0.188558
0.386350
-0.224292
-0.718807
-0.221730
0.593957
0.048084
0.275073
-0.165895
0.037262
0.326535
-0.104181
-0.168782
0.276395
-0.126481
-0.226495
0.316154
0.333818
-0.555932
-0.022336
-0.120597
0.654558
-0.231459
-0.196437
0.548964
-0.315446
-0.336927
-0.379837
0.268140
-0.314122
0.442224
-0.168973
-0.042176
-0.013288
0.355909
-0.520400
0.311270
0.308779
-0.763325
0.309397
0.223770
-0.035941
-0.263549
-0.660401
0.376575
-0.408221
-0.309367
-0.024691
0.106330
0.361005
-0.205316
0.318050
-0.276412
0.348277
-0.384789
-0.220427
-0.023780
-0.244220
-0.133735
0.121555
0.358288
0.080248
-0.084883
-0.033779
0.280288
0.031745
-0.348061
0.311797
-0.033147
-0.127424
0.246731
-0.503177
-0.776509
-0.382353
0.203430
0.454802
-0.254015
0.245290
0.609052
-0.137485
0.106064
-0.479040
-0.139885
-0.212778
-0.195833
0.139614
0.038328
0.290335
0.730721
-0.208952
-0.140967
-0.080778
-0.654200
0.522520
0.038026
0.097231
0.139083
-0.428203
0.359422
-0.047356
0.458829
-0.097990
-0.302088
0.519179
-0.123077
0.173375
-0.518396
0.116669
-0.359407
-0.082163
-0.220347
-0.081209
0.113758
-0.472683
-0.247679
-0.181194
0.064438
-0.030160
0.220114
0.296950
0.512058
0.204661
-0.102922
0.034246
-0.364385
-0.134940
-0.261955
-0.050232
0.442286
-0.000586
0.340151
0.050606
-0.274941
0.403354
-0.346641
-0.399665
0.475941
0.378029
0.232252
-0.301381
-0.283496
-0.382223
-0.107417
-0.101295
0.114538
0.421314
0.394547
0.444734
0.023954
0.378446
-0.537017
0.289068
-0.504495
-0.100558
0.298907
0.109053
-0.023550
0.757777
-0.024454
0.398870
0.165349
0.490198
-0.178060
0.108180
-0.089735
-0.036895
-0.420654
-0.161569
0.798284
0.513180
-0.016606
-0.548446
0.663955
-0.730362
0.030866
-0.650679
-0.218113
0.549845
0.398407
-0.598330
-0.262378
-0.178266
0.089049
0.217769
-0.033734
-0.356966
0.178456
0.207430
0.247037
-0.200876
-0.298626
0.109598
-0.047797
-0.110150
-0.371552
-0.605839
0.424875
-0.136313
0.424511
-0.287182
-0.346590
-0.456186
-0.301754
0.269509
-0.558974
-0.276783
-0.206039
-0.199525
-0.018693
0.551283
-0.071572
-0.358965
-0.292453
0.321540
-0.377395
-0.117090
0.124157
0.196747
0.440198
0.466880
-0.273049
-0.339509
0.495566
-0.008598
-0.503518
-0.140687
0.059191
0.100949
0.364668
-0.025316
-0.000214
-0.393717
-0.045475
-0.089595
-0.461377
-0.650054
-0.326926
0.430791
0.151889
-0.347133
-0.048551
0.315325
-0.309208
-0.025400
-0.268971
0.153162
0.283337
-0.590184
0.135103
-0.223223
0.014778
0.152403
-0.602948
0.021356
-0.014080
0.402454
-0.503639
-0.453828
0.290379
0.338427
0.109680
-0.345573
-0.793754
-0.798169
0.077410
-0.040654
-0.090907
0.276871
0.298444
0.122611
0.070370
-0.201348
-0.042135
0.242230
-0.643784
0.027250
-0.344046
-0.107833
0.168925
0.381258
-0.501679
0.289763
0.263263
0.046923
0.398123
-0.418920
-0.124028
0.216101
0.389990
-0.429826
0.364855
0.316954
-0.699648
0.330113
-0.203533
0.313472
0.132876
-0.105692
0.312560
-0.381602
0.286231
0.311415
0.347220
-0.205865
0.111175
0.147343
-0.398073
0.469223
-0.587454
0.060336
0.215580
0.309832
-0.367093
0.346737
-0.255664
-0.337899
-0.120408
-0.256452
-0.157070
0.494977
-0.532237
-0.039569
-0.355405
0.050683
0.007533
-0.283740
-0.523588
-0.061891
0.282023
-0.095876
0.089067
0.218296
-0.199807
-0.500789
0.143477
-0.414329
-0.533575
0.087114
0.497140
-0.021392
-0.094536
-0.347642
-0.234038
0.846102
-0.711501
-0.342389
0.554287
0.024467
0.019296
0.196392
-0.605556
-0.511623
-0.780196
0.339995
0.260956
0.355070
0.242267
0.034371
0.458946
-0.373929
-0.433411
0.235547
-0.259750
-0.188711
-0.227273
0.076704
-0.001498
0.030553
0.381353
-0.179727
0.099843
0.077508
-0.313193
-0.389842
-0.015887
-0.729951
0.338283
0.280250
0.404243
-0.204469
0.048342
-0.159726
-0.232444
0.517241
-0.703889
-0.455608
0.139182
0.033889
0.063907
-0.074530
-0.339506
-0.355819
0.609548
-0.151950
0.088873
0.362937
-0.252326
-0.609847
-0.177775
-0.195292
0.472386
-0.161002
-0.219471
0.021512
-0.070738
0.115301
0.039981
-0.313036
0.319135
-0.310102
-0.395734
0.379685
-0.276175
0.107036
0.186046
-0.313078
0.052693
-0.458445
-0.759076
0.064937
-0.244947
0.235390
-0.461062
-0.397500
-0.461905
-0.090699
-0.249029
0.103051
-0.418485
0.005763
0.444307
0.065020
-0.065508
-0.068037
-0.329051
-0.051232
0.276019
0.146310
-0.009701
0.051446
-0.583623
-0.082705
-0.376274
0.223441
0.497053
0.083773
0.076451
-0.096898
0.383698
-0.423392
-0.120701
-0.206461
-0.253521
0.415205
-0.173702
0.232049
0.308920
0.621793
-0.281927
-0.014528
-0.000156
0.574622
-0.067065
-0.071271
0.304773
-0.094112
-0.522544
-0.041871
0.100482
-0.154108
-0.156068
-0.073536
0.172201
0.663752
0.051040
-0.203247
0.272779
-0.323145
0.092115
0.410365
-0.325617
-0.491287
0.355392
-0.171697
0.156297
-0.253264
-0.150365
0.152788
0.302198
-0.240556
-0.089054
-0.053431
-0.282843
-0.567338
0.360519
-0.583786
0.700750
-0.005270
-0.286031
-0.287543
0.259922
-0.572184
0.538703
-0.027626
0.148274
0.141772
-0.093688
0.252256
0.340489
-0.664159
-0.724825
-0.057606
-0.155436
0.274878
0.165582
0.406403
-0.324820
-0.295180
-0.036750
-0.467012
-0.576662
0.381453
-0.108455
0.484694
0.183990
-0.122539
0.258157
0.433791
-0.214032
-0.450398
-0.413310
0.199429
-0.216802
-0.267845
-0.488319
-0.092235
0.556768
0.405108
0.423551
0.411072
0.167766
-0.248919
-0.084002
-0.103252
0.284799
0.095188
0.215792
0.054241
-0.222125
-0.038047
0.332195
-0.605872
-0.286188
-0.284604
0.434482
0.209757
-0.377052
-0.609784
0.087389
-0.412007
0.311342
0.252437
0.558538
-0.035946
0.019463
-0.167501
-0.475485
-0.280439
0.217714
0.402553
0.472042
0.372282
0.438692
