-0.281315
0.350494
-0.451018
0.104465
-0.392475
-0.240209
0.417661
-0.123694
0.463047
0.258993
-0.038440
0.044128
0.060522
-0.538669
0.069859
-0.088157
0.188590
-0.025686
0.208414
-0.551438
-0.136918
-0.145591
0.134324
0.664055
0.137197
-0.461565
0.591607
0.041065
0.264861
-0.237129
-0.036709
-0.071998
-0.357476
-0.030428
0.749647
0.326238
-0.438803
0.301876
-0.148768
0.266533
0.093500
0.159331
0.548167
0.400693
0.223561
-0.326583
0.260589
-0.167609
-0.238177
-0.261448
-0.447473
0.019009
-0.457447
-0.169892
0.108060
-0.228674
0.121177
0.131508
0.117829
0.282149
-0.311482
-0.431885
0.269408
-0.335832
0.201233
-0.355801
0.361606
0.422075
0.456444
-0.366862
0.170786
0.388011
0.100283
0.222396
-0.567306
-0.071945
-0.347151
-0.005900
0.155212
0.248674
-0.051516
-0.061278
0.003613
-0.266757
-0.418034
0.102086
-0.092965
-0.459318
-0.100205
0.230124
0.088532
-0.283511
-0.143451
-0.013033
0.087427
-0.610613
0.324274
-0.484708
0.778823
-0.424818
-0.016757
0.030483
-0.120804
0.027926
0.020289
-0.496093
-0.361398
-0.556777
0.154830
-0.162760
0.230448
0.434182
-0.712879
-0.347821
0.398864
-0.484690
-0.676870
-0.063060
0.117259
-0.324125
0.256401
0.369966
-0.170378
-0.235016
0.222545
0.379117
0.174714
0.538604
0.196286
0.704363
0.618973
-0.693080
0.262193
0.030355
0.114436
-0.615487
0.068228
0.254700
0.105406
-0.100807
-0.330713
-0.210533
-0.117783
0.128543
-0.161373
-0.168227
-0.077580
0.119497
-0.358112
0.313690
0.265373
-0.200229
-0.040997
0.655542
0.169926
0.660070
-0.302307
-0.647474
0.215007
-0.424457
0.097053
0.096905
0.526919
-0.369982
0.056798
-0.424593
-0.289894
0.017039
-0.184007
-0.486604
-0.168589
0.042969
-0.275266
0.566709
0.227358
-0.267597
0.157618
0.059174
-0.262198
0.158573
-0.181486
-0.456783
0.126879
0.020211
-0.212605
-0.485615
0.061599
-0.307691
-0.090661
-0.245622
0.001288
-0.435769
-0.301713
0.229691
-0.520838
0.332560
0.508140
0.128444
-0.299087
0.375598
0.311315
0.509432
-0.414753
0.248715
0.377112
0.256807
0.128409
-0.530221
-0.361073
-0.125474
0.153569
-0.564412
-0.234455
0.034508
0.423421
0.225167
-0.382795
-0.217620
0.326338
0.019500
0.441603
-0.311495
-0.549498
-0.075997
-0.092547
0.454246
0.664130
-0.087479
-0.370093
-0.450185
0.220138
0.079029
0.580005
-0.382261
0.102399
-0.581233
0.447107
0.030020
-0.276135
0.343201
-0.197678
-0.536548
0.417209
0.053858
-0.339784
-0.617037
0.115039
-0.195467
0.702660
-0.278255
-0.106573
-0.043773
0.074750
0.069204
0.562363
-0.124819
0.396577
0.501596
-0.007156
-0.493815
0.294900
0.356368
-0.118058
0.123454
-0.225281
-0.067513
-0.283298
0.255297
0.548023
0.118438
-0.657578
-0.166422
-0.541106
-0.173124
0.138217
-0.283788
-0.070700
-0.075477
-0.118346
0.296595
0.348522
0.067549
-0.131113
-0.193116
-0.060541
0.411113
-0.215468
0.493326
0.631442
-0.405634
-0.481240
0.035640
-0.003181
0.362960
-0.566124
0.117617
-0.425594
-0.110925
-0.347368
-0.015666
-0.402889
0.256680
-0.125045
0.031130
-0.265355
0.044805
0.584176
0.067309
0.125724
0.402857
0.061199
-0.519140
0.109700
0.102096
0.043662
0.131395
-0.184575
-0.067606
0.011615
0.573561
0.129327
-0.059905
-0.055130
-0.532990
-0.309625
-0.360505
0.293895
-0.150196
0.056438
-0.454950
0.266172
-0.347511
-0.073061
0.406674
-0.072268
0.009750
-0.295309
0.298401
-0.111618
-0.272010
0.074185
0.356454
0.326669
0.365736
0.075522
0.438355
-0.299939
-0.194576
-0.594832
0.353150
-0.331773
0.354206
-0.056088
-0.047200
-0.103752
0.465064
-0.197581
-0.045009
-0.100476
-0.688220
-0.034043
0.170175
-0.168334
0.203218
-0.146023
0.091861
0.212565
-0.282968
0.195616
-0.127363
0.297016
0.528127
0.350046
0.147127
0.080070
-0.139519
0.404635
-0.120874
0.124256
-0.307090
-0.501433
-0.065575
-0.110903
0.434386
-0.131761
0.216138
0.319860
0.270530
0.050624
0.220155
0.541219
-0.084576
0.336121
-0.681729
-0.463416
0.409134
-0.162090
0.646374
0.285263
-0.374895
-0.117490
-0.197379
-0.574905
0.455568
-0.234539
0.365847
-0.363257
-0.149901
-0.229754
0.469775
-0.096751
0.195492
0.162266
0.265379
0.102631
-0.173469
0.124901
0.560450
-0.075394
-0.399573
0.346567
-0.088714
-0.167666
-0.089984
0.063008
0.088281
-0.426327
-0.009190
-0.213005
0.295991
0.265113
0.414275
-0.422655
-0.104449
0.161559
-0.052701
-0.001351
0.274706
-0.107237
0.328185
0.234017
0.346364
-0.300900
0.317276
-0.197041
0.365210
-0.384348
0.330440
0.152847
-0.587693
-0.261948
-0.333715
0.539791
-0.789225
0.300479
0.047986
-0.162167
0.212684
0.200089
0.267413
-0.181429
0.401328
0.054338
0.087911
-0.337258
-0.430844
-0.161329
-0.391293
0.192613
-0.342066
0.082625
-0.252938
-0.417213
-0.138547
0.656975
0.016931
0.312493
0.485125
0.269354
0.146762
0.242135
0.277344
0.331576
0.271058
-0.082188
-0.191932
0.573179
0.013978
-0.483292
-0.497529
-0.332848
-0.298194
-0.169491
0.139657
-0.019239
0.189270
-0.183340
-0.162963
0.378710
0.455709
-0.581094
-0.138628
0.156007
0.118682
-0.043807
0.078286
-0.321053
-0.205654
-0.173551
-0.024207
-0.195253
-0.259098
-0.343595
0.114514
0.167342
-0.246261
0.465005
-0.151844
0.117618
-0.293159
-0.264207
0.468089
-0.013303
0.250159
0.143572
0.191344
0.642939
0.263154
0.352861
-0.294604
-0.392680
-0.526576
0.183108
-0.215163
0.279772
-0.508866
0.357176
0.443744
0.045072
-0.349775
-0.349809
-0.449704
0.024559
0.121209
-0.089039
-0.023096
-0.027310
-0.279983
-0.601667
-0.562209
0.364077
-0.306260
0.232587
0.474343
-0.245817
0.193497
0.145135
-0.202144
-0.159041
-0.073693
0.491627
-0.196336
-0.205316
-0.129743
0.304156
-0.201559
0.315503
-0.303134
-0.752965
0.138392
0.138062
0.409569
-0.667933
0.491798
0.137167
-0.289267
0.445732
-0.098494
-0.696410
0.022881
0.105938
0.058144
0.402292
0.332065
-0.046785
0.606317
0.174770
-0.275992
0.066470
0.122655
-0.033838
0.315491
0.160304
-0.075058
-0.059975
0.030405
0.431032
-0.301978
-0.061339
0.486954
0.262938
-0.040585
0.318071
0.319442
-0.418608
0.277082
-0.422431
0.379291
-0.010515
-0.771449
-0.203547
-0.005491
0.238226
0.173834
0.208190
-0.445712
-0.207402
-0.286381
-0.096453
0.405118
0.436032
-0.406972
0.292709
-0.160745
-0.454749
0.345263
0.084457
-0.280136
0.002127
-0.150089
-0.165489
0.099181
0.199572
-0.015584
-0.142494
-0.154977
0.859843
-0.104318
-0.214914
0.373825
-0.699412
-0.145026
-0.056390
0.281550
0.437108
-0.483166
-0.467061
-0.348080
-0.230517
0.575032
-0.296985
-0.081904
0.007743
0.031581
-0.314163
0.368207
0.091232
0.415420
-0.479223
-0.187509
0.191725
-0.282782
0.066436
-0.277618
-0.393175
0.264843
-0.355332
0.079972
-0.238937
-0.012795
-0.157281
-0.029917
0.293228
0.518982
0.606457
0.558191
-0.068037
-0.169067
-0.067267
-0.097496
-0.225489
0.459304
-0.529373
-0.547384
0.073233
-0.284921
-0.333735
0.104260
-0.208712
-0.199082
-0.176039
0.095087
-0.396381
0.099650
0.096303
-0.485676
-0.427069
-0.106782
0.244064
-0.270993
0.620660
0.576371
0.384227
-0.220639
0.422725
-0.116167
-0.354793
-0.193420
-0.426963
-0.262526
-0.183577
-0.363028
-0.316608
-0.385917
-0.134670
-0.036540
0.326140
0.108486
0.078974
-0.181802
-0.278801
0.174715
0.259773
-0.325173
-0.416662
-0.099382
0.167338
-0.420665
0.186010
0.508127
0.127155
0.040555
0.180803
0.374139
-0.348737
0.184064
0.080540
-0.475422
-0.333726
-0.320008
0.477209
-0.131428
-0.023606
-0.198102
0.163555
-0.183538
-0.165416
-0.153960
-0.371911
-0.325945
0.226869
-0.022540
0.045738
0.088160
0.260256
0.089771
0.201521
-0.010948
0.507252
0.400337
-0.160841
0.128529
-0.307653
0.018357
0.046834
-0.588330
0.169017
0.224449
-0.000291
0.390675
-0.439344
-0.697618
-0.076475
-0.363766
0.546388
-0.441672
0.087034
0.042449
-0.259080
0.215651
0.891974
-0.660514
0.034536
0.210945
0.311078
0.732846
-0.038306
0.428915
0.089758
0.567837
-0.042690
-0.477657
0.124456
0.012495
-0.623822
-0.273307
0.292118
-0.024101
0.006219
0.241659
0.272139
0.103197
-0.038791
-0.420196
0.257493
0.102521
-0.273858
0.589986
0.546103
0.415013
-0.092514
0.072155
0.269061
0.273591
-0.083869
0.308186
