-1.946768
1.893012
-1.662890
-1.261023
1.372802
-0.299830
0.030590
-2.214524
2.117881
1.399636
0.909966
-2.076739
-4.638979
-2.120797
2.603749
-2.839086
0.600374
-1.657658
1.506681
2.018360
-0.706498
2.375958
1.679559
-1.688240
-2.099550
1.473007
3.443274
3.904677
0.677327
2.057389
1.031753
3.335715
-1.803046
-1.615244
1.512607
-0.919581
-4.472017
-2.218334
1.136733
0.790057
-0.554748
0.877417
1.884016
-1.979170
-4.267120
-2.124968
0.578800
-0.580256
-1.491366
-0.524400
0.806037
-0.772593
3.770714
2.557325
-2.344767
-0.872870
-0.495139
-0.425849
-2.784656
-1.825577
-2.092830
1.057725
1.504155
2.137678
1.639869
1.321776
3.937397
-0.372589
-3.917479
1.772324
2.281916
0.096404
3.016184
0.354467
-1.042760
-2.267181
0.144263
0.650874
1.435202
-1.443137
1.322207
0.294830
-0.717005
-1.449069
1.306100
4.137096
-1.558982
1.098464
-0.490779
-2.646622
-0.546778
2.070018
-1.099894
-2.193804
-0.569899
0.542640
1.075099
2.342254
-0.597973
1.147737
-2.138699
-2.088830
2.529746
-0.203583
-1.869800
-1.425902
1.677098
-0.712431
1.821174
3.401566
-2.917621
-3.012042
-0.318356
0.745281
-3.592044
-1.159010
0.956209
-3.465760
1.990179
-1.966262
-1.943760
-3.729610
-0.695266
1.561973
0.254886
-0.439572
-2.166143
-2.595222
-1.928389
-1.860552
1.694491
-0.379835
2.156254
5.088509
-0.673232
-2.392872
-0.238218
-0.868295
-1.378267
2.132679
2.349486
-2.449062
0.111783
2.263850
-0.347172
1.108011
5.028616
-0.823241
0.088186
-2.087734
-0.852086
-0.157933
-1.089651
3.299110
-4.188030
-0.966208
0.940644
2.332713
1.393729
-0.245144
-1.742343
-0.828256
-0.988012
1.726536
-0.748750
4.032926
3.878937
-3.956657
0.687121
4.080412
-0.401563
-0.634451
-1.344962
0.323650
-0.534104
0.026299
0.618596
0.584795
-0.889648
0.555287
-1.546315
0.728709
-0.368490
2.446646
-1.688367
2.442150
-3.630473
3.638927
-2.744563
-0.309991
-1.174065
1.321292
1.707288
1.339067
-1.053406
1.239714
-3.874107
1.101829
-2.297899
-2.833606
0.691693
2.491507
-0.342559
-0.825466
-4.603048
-1.259699
2.813170
2.961271
0.702686
-1.301128
1.713311
-0.740764
-2.779352
-0.034383
-1.085907
-0.436282
1.471037
0.418633
2.331625
-1.676233
-0.977767
-3.939110
3.577403
-1.371395
-0.629108
-0.386942
-4.801888
0.673400
-2.872466
-1.932547
-3.572089
0.702932
2.028293
0.101051
-0.065972
0.206417
-0.981110
0.353797
-2.841208
0.961242
-0.476587
0.700636
0.224516
0.723835
-0.277043
2.199100
4.274509
-5.093615
3.967307
0.388357
-1.780854
-0.131014
-1.757301
1.545428
-1.938939
-1.601406
0.370571
1.547326
-2.024089
-2.445537
-2.392298
-1.123301
0.628535
-0.392716
5.120799
-1.276973
-0.510721
1.403326
0.647700
3.446111
-3.065193
0.267158
-1.999353
-1.284159
2.962340
-0.974643
-0.161606
3.960177
-1.480523
-0.062185
0.460298
-0.688709
0.259066
1.066850
1.174062
0.389330
2.333340
-1.567262
1.497370
0.531179
-0.919747
-2.421295
1.315065
3.356978
3.786358
0.821902
0.777132
-5.069402
-4.378547
2.095811
-0.154594
-0.956255
1.095514
0.401402
3.087774
-1.772862
-3.109066
-1.394886
-0.169048
-0.824860
5.585120
-3.827885
-2.943618
-0.744314
3.430256
2.984179
0.255803
-5.785298
4.195404
-4.609339
-1.756461
-0.352154
0.316915
-1.228558
1.320710
-0.276355
0.116024
2.274816
-3.177723
1.870446
-3.391084
-3.755053
-1.416414
-2.164463
0.488617
1.530745
-0.093813
-5.269177
0.018649
-2.646787
-0.675333
-1.368285
0.130982
0.715108
4.859802
1.661195
0.083206
1.275603
-0.765285
-1.747072
1.422721
1.983978
-3.248510
-1.486812
-1.158132
2.610022
-0.879830
-3.789518
-2.370016
-0.586020
-0.104528
-1.379642
-2.691776
3.093396
0.152436
3.327699
0.681581
0.783431
6.062357
-0.515946
-0.728409
-0.610394
-0.688329
1.082653
-0.313684
3.009651
0.362963
-2.008527
1.278225
-0.099274
2.267722
-0.494239
-0.670802
-1.375789
-1.812882
-0.091527
5.794483
2.110170
2.736850
0.132139
-0.924564
3.207486
0.730076
2.773222
2.445477
-0.229712
-3.917310
-0.053002
2.265957
3.878254
-1.726341
-0.852532
2.411088
-1.851878
1.826655
-2.456903
-0.549429
1.470951
4.049906
1.446052
-2.736769
0.064657
-0.545987
-2.895365
-1.518467
0.591351
2.164052
-2.556005
0.521507
1.423245
-0.263937
-4.482018
0.850608
2.547807
0.603391
-0.291998
2.057153
-1.747772
-1.077523
-0.967287
-2.365258
2.149732
1.947494
-0.552834
-2.833868
2.659663
4.425764
1.501945
0.358248
-3.579835
3.179585
0.696263
-0.635132
0.542620
0.987963
-2.184558
-1.807271
-1.759928
-0.078442
3.540132
-2.421842
1.360737
-0.664619
3.103661
1.520622
-0.480800
0.672133
-0.208185
-2.689319
0.988186
0.907479
-3.735891
-2.062699
0.056142
0.475730
1.369517
-0.560638
1.181945
3.203556
0.323155
1.283772
-2.171026
-0.327625
-0.030053
1.557932
1.393071
-2.096653
1.124380
0.894153
-0.187660
1.325255
0.091045
2.227497
-2.101764
0.911647
-2.304217
-1.524590
-2.511375
-2.722021
-2.469084
-1.220891
-2.048803
-0.893673
-1.351469
0.937975
-1.037098
2.569253
2.539479
0.265669
-0.485693
1.203794
-1.316863
-0.155632
0.959750
1.132100
1.709269
-2.608031
0.832873
1.439697
0.207067
0.768026
-1.217373
-3.367024
-1.752147
-1.237342
0.584059
1.670855
0.944074
1.292414
1.217664
-1.850600
0.266915
2.861635
-0.906866
1.122742
2.120801
-0.038380
-0.286756
-1.042999
3.513319
-3.521992
1.350866
0.918607
-0.888515
-0.354654
-1.532967
-2.509485
-3.802575
1.651852
0.898210
1.253678
2.322613
0.093080
2.258851
-2.138446
1.938239
-0.716801
-3.183807
1.184988
-0.579480
-1.502999
-0.865827
-2.219307
1.135052
-0.039953
-2.584712
0.264535
-0.976192
-0.361169
1.179605
1.930740
-4.020374
-1.329092
1.405571
1.033847
-1.840356
-1.940490
-0.374597
-0.345352
-0.843652
-1.238717
-0.578896
2.047509
-1.798052
1.176331
1.443080
0.979230
-1.129174
2.164964
2.195408
-1.028336
1.077761
1.352223
-1.349961
2.404731
1.313412
-1.681128
-1.332592
2.069912
1.088344
-2.022603
-2.279322
-0.559950
2.778817
-1.035371
0.750596
1.282586
-3.897939
0.055395
1.596373
3.354908
-0.554007
-0.683446
3.138736
-1.841357
-0.214750
3.143835
1.269086
2.617510
1.983512
0.196030
4.466847
-1.438522
-2.600340
0.858255
-0.950962
0.358312
3.574870
2.817506
0.003871
2.843573
4.593968
2.451527
-0.535868
1.216732
1.610172
-0.885695
-3.554662
-0.625761
-0.852995
-1.650963
-1.400829
-2.410009
3.492742
2.964101
2.085174
1.718669
-3.235015
0.095332
-0.428088
0.170869
-2.294843
-0.604451
-0.315324
-1.080681
0.311349
1.249087
-1.707137
0.918989
-2.388504
0.388226
-1.555042
-1.388247
-0.458098
0.023128
-0.896548
-4.059554
4.585552
-0.187831
0.234733
-0.725483
1.357443
1.275132
0.427743
-0.036799
-3.197930
1.410335
0.271267
-1.884494
3.811438
1.068449
1.411186
1.183361
-2.907817
1.844211
-1.026220
-1.506176
0.718988
-0.666162
-0.312117
3.522029
1.343222
0.296837
1.326571
0.539180
-1.891112
1.162147
-0.194126
-1.011183
0.353731
-0.723715
-0.246622
0.797777
0.562190
1.446306
2.070495
0.408186
-1.812611
-1.898543
-3.104247
-0.265294
-3.385252
1.961974
0.130678
1.355009
-1.635343
0.333291
-2.553343
0.614015
0.537232
-0.902308
-2.777314
-1.380424
0.666963
0.297338
-0.380488
0.458775
-1.306292
-0.306438
-2.264906
-1.476267
3.973023
1.187836
-0.376544
-0.406174
-0.543292
0.029874
0.977320
-1.975653
-1.757956
0.191818
2.231480
-0.760951
1.764933
2.337636
-0.022166
0.342699
-0.607078
-1.901302
0.022720
-2.596698
-1.366037
0.089839
-0.739661
-0.490681
-1.475782
-1.295347
0.145007
0.050243
-0.465817
1.759545
-1.467540
-2.311806
2.781145
2.703645
0.589215
1.352185
0.545704
0.369257
-0.926808
-1.698696
-2.047320
-1.521821
-0.506561
-1.672387
0.846960
-3.098853
-0.601569
3.492366
0.661824
-0.948181
