0.034015
3.438622
-4.312264
-2.668680
-2.901004
1.409926
-4.002561
1.085049
-1.711893
0.799208
-1.235048
-0.909480
-1.842267
-2.525240
-3.249368
-0.441301
5.494578
-1.192587
-0.905831
-1.003588
2.331988
0.888154
-0.182413
-1.016094
-3.201259
4.980392
-2.200393
2.842574
-0.238271
2.310382
-4.880115
-5.782136
-0.088423
0.264676
0.158399
0.603387
-1.056098
-0.070593
-3.463592
-0.125753
-3.889371
-0.867899
2.618836
-0.799619
-1.438881
-0.578231
-11.665595
0.253423
12.523193
-0.356636
0.604771
-0.062291
-0.382441
0.074641
0.114493
-0.016949
-6.052812
0.077017
2.848969
-2.618350
0.532168
0.371129
-2.596768
4.358934
2.500426
1.183190
-3.718164
-1.203896
-1.528533
3.835793
0.749095
-1.028183
-1.431389
-1.641343
-0.697997
-0.290631
-2.376566
-0.881243
-0.107100
0.470740
-1.486938
-2.349124
-3.996234
-0.347231
-5.471074
-1.900650
-9.310757
-1.189965
2.807891
-2.771738
0.006648
-1.971772
1.587008
0.051121
-1.575930
6.196596
-6.555932
-2.711719
-2.571692
-1.567750
-2.941698
-1.629694
3.674808
0.289249
-0.322541
-1.154232
-0.273468
2.612516
-0.070495
-3.316730
-2.140125
2.057058
1.519262
-3.385012
0.565994
-6.232967
0.480646
1.115357
1.925634
0.555850
7.406681
2.355194
-2.234866
1.094389
7.654105
1.738106
0.518891
1.849657
-2.491235
-1.427704
-2.567944
-2.638978
-0.213215
0.870456
2.780664
0.933440
-2.665710
-0.735287
-2.915259
-0.541934
3.901268
1.548085
-2.760124
-3.091071
2.281858
3.350744
-3.314252
-0.337471
2.674710
6.086007
3.562656
-0.676718
2.201511
-0.578745
3.461802
1.794226
1.021621
1.624173
8.129030
2.918154
-0.077243
-3.331402
5.347188
-3.111311
-1.066111
-0.952834
0.832939
4.327140
-2.048265
1.148154
0.699072
-0.642876
3.115727
6.593044
-2.059821
-2.221316
2.402335
-1.811248
2.037587
4.455569
-1.235326
3.185112
0.284441
1.721038
-2.579622
1.235464
1.100571
-1.044424
-0.300492
1.105853
1.479304
1.690137
3.406549
-0.767053
-5.947080
-0.699246
3.678116
0.728571
-4.550205
0.871987
4.641780
-2.798526
-3.071465
-2.875258
-4.315320
1.839792
-2.523930
-2.918496
-0.384064
2.539699
0.834336
4.204114
2.571371
4.982091
-3.257547
-5.271333
-2.715505
2.242894
-3.155782
-0.054030
4.821265
-1.599369
-4.580601
-3.699562
-0.492480
-7.135397
3.952369
-5.374770
-2.895194
0.299275
-3.680125
5.055806
-7.226668
-0.765011
-5.599230
-2.761678
1.433413
2.783548
-2.262467
4.664127
-1.712775
-0.506943
-0.752420
-0.369537
-4.617149
4.459416
1.944630
-10.104288
-2.083600
-2.462864
2.696747
3.079268
-0.392849
-0.038678
4.361298
3.121438
1.825459
0.302869
-2.275480
-0.786290
3.115328
-1.017035
6.825658
2.539439
-8.195014
0.317010
-5.527443
5.682813
0.006191
-2.667359
-4.725232
0.475708
1.745995
4.545926
3.453176
4.778444
-4.795553
-1.206367
-3.771467
-4.931695
-2.951961
-3.833649
6.784930
-0.080808
-0.238584
-3.492436
4.224763
0.417256
1.095568
-0.182147
-3.208105
3.743522
2.180812
5.519314
2.499775
2.775987
-0.872730
1.765529
-0.042232
3.286101
14.509073
2.369668
3.318029
-0.042503
1.083545
-0.748975
-2.061994
2.489106
-3.210208
0.098298
0.542228
2.694289
-5.168274
-0.895912
0.387478
-1.809013
2.090563
-1.972819
0.468074
1.960829
0.370042
0.598477
-1.331923
-2.945898
-6.524625
1.286990
-6.019705
3.574622
-2.628465
0.615994
0.664856
-1.086852
-8.798970
5.436411
4.682670
-0.882237
-2.624628
-3.242018
-1.789015
-2.737157
2.349277
-2.149917
0.896013
1.601807
-1.124850
4.085048
0.895432
1.655472
0.527476
4.319906
-4.530285
-0.056889
-1.665793
-5.557084
-2.394550
-0.885475
5.032466
3.095711
4.020279
-4.821634
-1.561927
-2.525058
1.492526
-1.991954
3.025985
1.440032
1.644018
6.049342
-4.805497
1.789480
1.726634
-2.566118
0.987618
3.356752
5.155409
-2.447384
-0.108949
-3.150717
-1.728737
-2.389762
3.225091
1.262456
1.518914
-3.862975
-2.083490
2.552247
-1.307549
1.556900
-1.015420
-2.149657
-4.860279
-0.660403
0.318496
0.522748
-7.443532
1.134786
-0.829634
1.212234
-5.757142
-2.848806
0.715757
3.244979
-3.315465
-3.490054
1.926440
0.589087
-6.599468
-1.750396
1.644145
-1.522809
-1.242362
-0.123243
-0.616484
-2.964403
-8.104073
4.790071
5.477254
4.693024
-0.831690
1.862480
0.891270
5.538415
1.969580
-1.051429
-4.708470
-5.850487
-8.260747
-3.381660
-6.912604
-1.417524
2.040361
0.909889
-4.319717
9.258896
2.969264
-9.224785
-0.177577
-2.655784
-2.194507
2.625102
3.020059
-1.866285
1.186756
4.074498
1.884762
0.257883
5.548495
-2.490878
1.354738
-2.382057
2.583378
0.446897
4.502138
0.482763
-2.579701
-1.489202
4.080159
-3.521257
-0.119111
1.136842
2.851178
-3.350744
4.637193
-4.630572
-2.351269
-2.773642
5.937223
-4.016785
0.119077
-2.361187
-1.658128
-3.777924
-4.103057
-1.130272
-1.065602
1.204450
-1.348222
-1.874973
5.073819
-2.531436
-0.397202
-1.825574
5.409642
0.188606
-6.945160
3.057246
-1.247631
5.657386
-0.896430
1.410323
-0.547531
3.695281
1.854282
-1.086868
-5.913486
1.711976
1.533819
0.117076
2.975531
-0.312703
-3.237555
1.666319
0.362983
2.732454
0.656939
-2.959443
-1.176007
4.663822
3.563057
2.157755
0.968929
-0.232803
-0.470290
2.156017
6.572050
-1.291378
1.450512
1.507617
1.850736
4.954724
1.395843
3.268516
2.888543
-0.484942
-3.939929
-0.910884
-3.868696
-2.600605
3.409570
5.271671
-1.130352
1.874591
5.098634
-2.105478
7.593373
2.314486
-5.743681
-2.600214
-4.742484
1.201060
-4.252539
-1.416665
-8.465534
-4.645342
-1.479839
0.954557
-4.808490
3.140593
5.121761
-1.970832
-5.754917
2.197000
-5.025659
-9.671558
2.305629
4.906235
-6.080405
-0.900256
2.182089
-0.935947
5.278928
-0.213041
-2.907855
4.262654
-0.908391
2.557050
-3.752115
2.170116
2.157121
0.460252
-1.085246
3.308468
2.164001
-6.003347
4.214562
-0.855295
1.393933
-3.596052
0.128476
-1.038650
-0.810476
2.292543
-0.943881
-0.548964
2.315951
-1.945599
-9.575896
-0.902616
-3.561677
-3.598645
-6.118203
-0.905431
-2.477121
4.629652
0.712184
4.045573
-4.348663
1.146671
-0.350926
1.362463
-5.889730
1.219301
0.393636
0.555785
-1.564108
3.057805
3.458643
2.333282
-1.435356
1.926038
2.260937
1.358499
0.676024
0.752871
-0.245055
-0.001507
-0.481204
-0.026837
-3.008163
-5.867461
-4.515966
-2.438975
2.433177
4.522879
-1.634824
1.089391
-0.603277
-1.882916
-2.739313
-0.379270
2.821014
-0.443513
4.677523
-3.235700
-4.758698
1.978479
-0.043102
-1.722461
-1.039865
-1.730249
0.422684
-0.461477
-0.416655
8.172609
-2.750793
-1.232871
3.524734
-1.530532
1.007570
-2.667383
-2.044720
4.921503
0.551221
3.176517
0.251867
0.380689
-1.452902
-3.104358
-1.122386
1.833677
9.647954
-0.054594
2.191228
-1.385038
-1.947612
-0.390774
-2.190482
-0.749274
-0.624826
-1.482438
1.927552
4.522603
-3.368825
3.275910
3.138173
2.569780
4.278245
5.306935
-2.756537
-6.467399
2.404297
2.100130
-1.133195
-3.642459
-2.195073
3.779820
-3.797769
-3.546668
3.167538
2.414638
-8.147933
0.841520
1.672563
-1.098021
2.040435
3.458156
5.151914
2.147294
6.178604
3.132215
-3.492466
5.067558
-0.041480
-6.780177
2.884425
-1.276805
-1.124958
-2.097473
-4.923499
-1.969457
1.952158
-0.580762
-4.578930
3.951447
1.794733
2.660620
-3.306706
-7.347691
7.614077
-0.948724
-3.326966
3.269735
4.277348
3.281033
-0.657075
-3.368098
4.002621
-4.102456
-4.900312
2.758091
-1.205673
-7.785589
0.209955
-0.302392
0.210060
-1.056617
11.333145
-0.575350
2.121023
4.263154
-1.576748
-0.947085
1.823999
-3.364867
-1.825793
2.958878
-4.033995
-3.231323
-2.829189
-1.404972
5.395709
6.507860
2.291527
-2.540908
-1.120661
-0.048644
0.663054
2.143768
-3.250666
0.386318
4.571239
-0.560047
2.242215
2.825432
-2.203248
-5.099254
2.216089
2.129279
-1.247104
-0.766239
-5.257693
