-0.008934
3.404452
-4.467430
-2.668680
-2.901004
1.409926
-3.951895
0.646017
-1.603588
0.782437
-1.197532
-0.908365
-1.883930
-2.509552
-3.269823
-0.441301
5.494578
-1.130189
-0.840478
-0.943370
2.331988
0.871962
-0.182413
-0.904457
-3.136647
4.744760
-1.976556
2.877255
-0.238271
2.255086
-5.002217
-5.722021
-0.052800
0.138460
0.275593
0.515931
-0.950045
-0.028153
-3.560659
-0.125753
-4.138473
-0.954086
2.562197
-0.717940
-1.438881
-0.578231
-11.665595
0.387394
12.480251
-0.326052
0.505843
-0.106785
-0.382441
0.074641
0.004187
-0.016949
-5.901521
0.120082
2.848969
-2.529214
0.772449
0.316865
-2.596768
4.333746
2.500426
1.183190
-3.775253
-0.861697
-1.552639
3.835793
0.733988
-0.698222
-1.419750
-1.641343
-0.838886
-0.270258
-2.359909
-0.881243
0.860327
0.410687
-1.486938
-2.310805
-4.001643
-0.702344
-5.471074
-1.839748
-9.218386
-1.118036
2.937338
-2.579001
0.105453
-1.808657
1.587731
0.249602
-1.503675
6.253252
-6.533500
-2.749486
-2.605448
-1.567750
-2.893619
-1.395575
3.674808
0.306548
-0.327432
-0.900460
-0.278185
2.652726
-0.127128
-3.350327
-2.203521
2.150468
1.505150
-3.069514
0.565994
-6.232967
0.448700
1.115357
1.925634
0.529088
7.452289
2.436845
-2.043537
0.997974
7.754097
1.809903
0.433096
1.849657
-2.600063
-1.371821
-2.602830
-2.605889
-0.178556
0.889263
2.904817
0.742274
-2.731419
-0.840071
-3.012626
-0.565339
4.055477
0.918788
-2.733942
-3.178200
2.461735
3.350744
-3.442745
-0.349585
2.793981
6.168454
3.394328
-0.460819
2.201511
-0.640931
3.443585
1.851723
1.039564
1.753500
7.944100
2.991832
-0.054616
-3.347191
5.347188
-3.132002
-1.014996
-1.027093
0.832939
4.239779
-2.048265
1.076877
0.544428
-0.487021
3.562703
6.593044
-2.059821
-2.247642
2.490132
-1.975297
2.004435
4.375434
-1.235326
3.212259
0.284441
1.813158
-2.274661
1.152338
1.127564
-1.153680
-0.536839
1.050474
1.532825
1.629599
3.335208
-0.767053
-5.947080
-0.738473
3.644881
0.690125
-4.379071
1.204068
4.641780
-2.737026
-3.047230
-2.875258
-4.178204
1.839792
-2.523930
-2.918496
-0.372098
2.459667
0.834336
3.865033
2.452187
4.919235
-3.257547
-5.271333
-3.051665
2.087927
-3.081374
-0.054030
4.910759
-1.356238
-4.580601
-3.823302
-0.857650
-7.135397
3.872784
-5.442452
-2.982273
0.363709
-3.680125
5.078056
-7.181159
-0.681665
-5.636247
-2.761678
1.199761
2.726473
-2.305294
4.534749
-1.804164
-0.642618
-0.724400
-0.369537
-4.553653
4.112636
1.775988
-10.104288
-2.083600
-2.127108
2.663697
3.079268
-0.401798
0.051637
4.361298
3.354891
2.057455
0.367477
-2.366514
-0.786290
3.026958
-1.017035
7.216509
2.517953
-8.187961
0.383334
-5.422007
5.541066
0.170360
-2.593219
-4.714244
0.261722
1.647598
4.591115
3.423301
4.980644
-4.711823
-1.206367
-3.760309
-4.931695
-2.951961
-3.833649
6.784930
-0.138639
-0.191684
-3.544252
3.930235
0.335343
1.095568
-0.223362
-3.216603
3.697639
1.553775
5.605957
2.499775
2.775987
-0.886880
1.793620
-0.034775
3.178171
14.415834
2.407018
3.253482
-0.084704
1.091863
-0.744260
-2.218394
2.648703
-3.256627
-0.000091
0.444555
2.694289
-5.255379
-0.937121
0.505196
-1.923902
2.090563
-2.265589
0.330829
2.037070
0.370042
0.598477
-1.344003
-2.918179
-6.638960
1.286990
-6.187171
3.554030
-2.715060
0.579125
0.689669
-1.086852
-8.666028
5.358781
4.579924
-0.747300
-2.649907
-3.221762
-1.789015
-2.737157
2.363453
-2.149917
0.896013
1.407595
-1.092970
4.166069
0.865963
1.709832
0.382097
4.301841
-4.397720
-0.221205
-1.665793
-5.512435
-2.480602
-0.907914
4.957081
3.032026
3.960108
-4.821634
-1.417733
-2.525058
1.732631
-2.000170
2.816043
1.440032
1.629387
6.049342
-4.780559
1.470219
1.726634
-2.293068
0.987618
3.356674
4.974070
-2.530515
-0.208144
-3.260514
-1.991903
-2.246664
3.284208
1.262456
1.689125
-3.991327
-2.053832
2.389564
-1.210827
1.556900
-1.075148
-2.135402
-4.860279
-0.694337
0.285482
0.534291
-7.443532
1.168917
-0.713612
1.212234
-5.757142
-2.938576
0.625735
3.342378
-3.319183
-3.449727
1.926440
0.430293
-6.557429
-1.750396
1.644145
-1.522809
-1.242362
-0.123243
-0.557038
-3.117005
-8.014118
4.861387
5.477254
4.851930
-0.765518
1.907433
0.933239
5.620758
2.066172
-1.136339
-4.697661
-6.033442
-8.181072
-3.184597
-6.856616
-1.570793
2.040361
0.904378
-4.319717
9.256717
2.969264
-9.224785
-0.314201
-2.744052
-2.113498
2.594727
3.275854
-1.639075
1.258057
3.940574
1.787784
0.257883
5.541826
-2.606111
1.361001
-2.303884
2.602732
0.408290
4.526803
0.482763
-2.744055
-1.508558
3.908360
-3.421306
0.007438
1.136842
2.929292
-3.447401
4.542561
-4.794279
-2.189230
-2.756944
5.846571
-4.223806
0.185345
-2.387016
-1.688305
-3.803421
-4.181922
-1.131328
-1.084704
1.185273
-1.348222
-1.830645
5.096301
-2.509289
-0.382569
-1.706669
5.320675
0.014187
-6.960947
3.078017
-1.247631
5.689656
-0.778058
1.325442
-0.414491
3.893516
1.951324
-1.078871
-5.913486
1.731635
1.608279
0.117076
2.975630
-0.383908
-3.237555
1.590622
0.310462
2.768101
0.513599
-2.735250
-1.176759
4.664988
3.563057
2.069526
0.968929
-0.291721
-0.680972
2.298631
6.572050
-1.291378
1.407800
1.578061
1.940916
4.833076
1.483882
3.130853
2.895042
-0.484942
-3.825454
-0.831588
-3.850408
-2.627943
3.288658
5.187425
-1.293418
1.790200
5.098634
-1.963564
7.377863
2.214632
-5.819555
-2.556586
-4.904936
1.246424
-4.252539
-1.416665
-8.575828
-4.415916
-1.548315
1.013775
-4.877314
3.405621
5.066511
-1.825774
-5.846460
2.103221
-4.887445
-9.614477
2.305629
4.866903
-6.028444
-0.878625
2.157216
-1.007461
5.344276
0.109015
-2.816224
4.262654
-0.994568
2.511860
-3.744620
2.116707
2.231091
0.388360
-0.959727
3.503946
2.098081
-6.033705
4.158987
-0.810918
1.362650
-3.483888
0.128476
-0.996969
-0.779327
2.272474
-0.736432
-0.544623
2.350124
-2.055033
-9.780088
-0.822689
-3.818057
-3.517619
-6.148787
-0.901189
-2.392078
4.670272
0.712184
4.084772
-4.421595
1.027001
-0.302730
1.332087
-5.902095
1.219301
0.423442
0.555785
-1.604838
3.127902
3.610039
2.309034
-1.435356
1.876174
2.331684
1.186422
0.611502
0.705531
-0.124160
-0.001507
-0.481204
-0.014564
-3.106802
-5.867461
-4.515966
-2.361487
2.416310
4.522879
-1.505940
1.055275
-0.630585
-1.834652
-2.739313
-0.328067
2.892017
-0.271638
4.503562
-3.296623
-4.758698
1.885726
-0.031412
-1.734794
-1.039865
-1.681079
0.500294
-0.523760
-0.478754
7.989579
-2.749561
-1.232871
3.493713
-1.576330
1.195342
-2.583427
-2.173380
4.994580
0.315894
3.425642
0.196238
0.320699
-1.500752
-3.059333
-1.151656
1.850658
9.445316
-0.167420
2.083422
-1.428419
-1.947612
-0.255350
-2.106487
-0.828006
-0.532257
-1.547443
2.186592
4.553807
-3.400830
3.214659
3.138173
2.518500
4.332450
5.255259
-2.849136
-6.517939
2.312481
1.938637
-1.300926
-3.512253
-2.198815
4.066468
-4.109130
-3.443830
3.167538
2.454570
-8.049521
0.828460
1.738962
-0.959570
2.068818
3.532751
5.257872
1.997512
5.989501
2.981203
-3.491085
4.987318
-0.060861
-6.780177
3.410482
-1.269364
-1.184245
-2.190641
-4.928224
-1.962921
1.905389
-0.778956
-4.568799
3.925673
1.713474
2.682323
-3.334856
-7.349299
7.614077
-0.840719
-3.345961
3.299738
4.430737
3.263336
-0.540123
-3.435667
3.974403
-4.111835
-4.828356
2.874600
-0.982766
-7.627574
0.209955
0.032770
0.280117
-0.946029
11.333145
-0.575350
2.121023
4.640750
-1.643344
-0.947085
2.044067
-3.457917
-1.942975
2.958878
-3.964877
-3.231323
-2.829189
-1.313264
5.811232
6.251711
2.291527
-2.540908
-1.120661
-0.255673
0.892563
2.143768
-3.250666
0.104721
4.404703
-0.640238
2.195665
2.663086
-2.425612
-5.099254
2.149493
2.102459
-1.347384
-0.610426
-5.274586
