0.139132
0.443534
-0.167817
0.091988
0.188194
0.010253
-0.225854
0.305897
0.331945
-0.103207
0.054173
-0.396257
-0.012041
-0.664300
-0.092569
0.569788
0.172473
0.429570
0.227579
-0.088005
-0.302664
-0.350708
-0.511684
0.521835
-0.344786
0.330538
0.115853
-0.306942
-0.135395
-0.017380
0.191476
-0.180996
-0.187693
-0.170562
0.157760
-0.182522
0.554944
-0.508663
0.557528
-0.605729
-0.183390
-0.539584
0.087736
-0.196009
-0.489138
0.416843
0.165831
0.386469
0.238677
0.181477
0.485703
0.094927
0.160248
-0.147545
0.288516
-0.339369
0.256466
-0.509320
-0.189385
-0.409778
0.033867
-0.004007
0.424118
-0.233417
-0.446327
-0.330804
-0.259909
-0.168142
0.137015
-0.225400
0.151456
-0.364725
-0.463432
0.610026
-0.143567
-0.064082
0.144062
0.109942
0.141168
-0.223554
0.272414
-0.366376
0.154954
-0.381910
0.349748
-0.165659
-0.235777
-0.161611
-0.512903
0.177377
-0.546776
0.214446
-0.446383
-0.067926
0.241723
-0.232059
-0.235613
-0.343088
0.309984
0.180662
0.415650
-0.210259
-0.123446
-0.160636
-0.494117
0.283833
-0.537443
0.237862
0.070123
-0.409611
0.339055
-0.284611
-0.351235
-0.076287
-0.033933
0.302504
0.062135
0.298038
-0.131211
0.431248
-0.214330
0.463960
-0.180044
0.533895
-0.229280
-0.146882
-0.185605
0.471937
0.287736
0.320697
0.159176
0.476562
0.028526
0.023885
-0.503055
-0.235076
0.264054
0.170636
-0.285411
0.564038
0.589498
-0.343232
-0.404879
0.074486
0.280577
0.091589
-0.171398
0.249421
-0.160485
-0.093763
0.122938
-0.213600
0.245100
-0.076238
-0.191920
0.449222
-0.405216
-0.458548
0.293950
-0.379222
0.056573
0.034183
0.669701
0.190434
0.167931
-0.280961
-0.141170
-0.206638
-0.229128
-0.499435
0.224869
-0.023017
0.028236
0.044772
0.362668
0.513023
-0.238104
0.240894
0.497586
0.369539
0.326734
-0.280605
0.211298
-0.445029
-0.499001
-0.093113
-0.424725
-0.294612
-0.150309
-0.159092
-0.169810
-0.573515
-0.141894
0.293067
0.186073
0.352823
-0.080712
0.085247
0.240120
-0.390446
0.338647
0.497874
0.524204
-0.060627
0.371278
-0.149088
0.015359
-0.324412
0.015327
-0.431021
-0.361077
-0.059190
-0.296345
-0.240022
-0.191508
-0.237704
-0.428648
-0.051371
0.471443
-0.454976
-0.399444
-0.258312
0.763150
-0.181310
0.125976
0.409302
0.250325
0.469457
0.243139
0.132575
0.129696
0.617983
0.351164
0.378216
0.645944
0.054935
-0.008056
0.349491
-0.534901
0.349106
-0.465177
-0.101894
-0.347572
0.130205
0.766027
0.353034
-0.346796
-0.483573
-0.656080
-0.117019
0.012118
-0.442863
0.035395
0.175774
0.339325
-0.244874
0.311415
0.116805
0.080453
0.502848
0.374430
0.202528
0.028101
-0.251577
-0.165343
0.159980
-0.392656
0.174706
-0.439452
0.327540
-0.154592
-0.528908
0.029282
-0.081420
0.437588
0.386956
-0.036573
0.148316
0.242340
0.219997
0.583229
0.100821
-0.412882
0.210156
0.372406
-0.250566
0.195801
0.290461
-0.129159
0.175902
-0.244872
-0.229710
0.238973
0.306294
0.481583
0.076184
-0.351809
-0.595161
0.319402
0.138215
0.308174
0.243650
0.216952
0.284386
-0.575414
-0.289001
-0.060076
0.222015
0.670173
-0.585506
0.219653
-0.465823
-0.368452
-0.091520
0.086370
0.685554
-0.675536
-0.371006
0.240188
0.525609
-0.095098
-0.635580
-0.495233
0.080194
-0.463258
-0.585261
-0.462567
-0.582679
0.014020
-0.374047
0.218140
-0.161205
-0.666511
0.277155
0.035196
0.030180
-0.023475
-0.397247
-0.036788
0.181707
0.278994
-0.120831
0.557081
0.027989
-0.112880
-0.412114
-0.428370
-0.145836
-0.412858
0.129874
-0.327173
-0.022014
0.123245
-0.115411
0.377901
-0.344538
-0.352197
0.574631
0.018021
0.002786
0.054400
-0.280653
0.247840
0.727800
0.362355
-0.371197
0.027046
0.140847
0.369220
-0.091274
0.244980
-0.291650
0.183196
-0.320105
0.549605
0.176275
-0.356304
-0.288945
-0.311911
-0.405808
-0.243144
0.465591
0.366977
0.305280
-0.306617
-0.045935
0.132147
0.355347
-0.524321
0.159786
0.019453
-0.163270
0.351866
-0.406752
0.499235
-0.207633
0.072792
-0.275696
-0.191530
-0.044245
-0.272757
-0.135454
-0.223736
0.468959
0.684009
0.045586
0.415355
-0.431483
0.281730
0.231586
0.139207
-0.448380
0.027459
0.092019
-0.172718
0.361719
0.145579
0.508376
-0.137735
0.382347
0.426832
-0.075366
0.304991
0.437693
-0.397820
0.124376
0.228464
-0.296798
0.149277
-0.174939
0.390721
0.272076
-0.370614
-0.597062
-0.413202
-0.293962
-0.300879
0.364785
-0.166870
-0.145653
0.020467
0.365733
0.184134
-0.541059
-0.124002
0.301435
-0.108009
-0.095577
0.141623
0.058254
0.568749
0.126737
0.027318
-0.478930
-0.341110
-0.048829
-0.567112
-0.121809
-0.110546
0.191925
-0.613310
0.242706
0.416621
0.192957
-0.576452
-0.127874
-0.178775
-0.540819
-0.481890
-0.451397
0.028846
0.614550
-0.219345
0.102328
0.161708
0.179845
-0.411350
0.388867
-0.120317
-0.207010
0.081487
0.488516
0.085549
-0.004285
-0.347059
-0.703824
-0.071013
0.038964
-0.537184
-0.377409
-0.048591
-0.570209
0.669071
-0.123445
-0.176823
0.155727
-0.461023
-0.387644
0.110100
0.516081
-0.435105
-0.261254
0.106047
0.406961
0.286720
-0.356957
0.554921
-0.184336
-0.529500
0.571179
-0.099153
-0.642732
-0.027831
-0.404483
-0.205715
0.539937
0.376206
-0.066721
-0.517117
0.186745
0.513165
-0.390087
-0.668938
0.062667
0.007196
0.053208
-0.651634
0.281088
-0.180691
-0.539562
-0.079917
0.485357
-0.152493
0.148817
0.273469
-0.299222
0.232543
-0.367957
-0.030469
-0.217960
0.253558
-0.505292
0.428301
0.434311
-0.326842
-0.208894
-0.705270
0.038587
-0.430955
-0.284366
0.368713
-0.435200
0.011160
0.437206
0.189855
-0.035543
0.507447
-0.097127
-0.334373
0.064747
-0.134434
-0.214545
0.069672
0.394876
-0.562584
0.311398
0.378038
-0.138828
-0.583926
-0.128047
-0.404391
0.462321
-0.640127
0.379951
0.076027
0.172841
-0.053238
0.125410
-0.108390
0.495804
-0.047446
0.418843
-0.097930
0.440531
-0.398039
0.240293
0.133460
0.451744
0.034072
0.016808
0.206729
-0.576660
-0.090466
-0.237675
-0.574845
-0.189291
0.216573
0.367497
0.333554
-0.268080
0.153724
0.637136
0.040344
-0.507991
-0.417792
-0.437208
-0.185009
-0.362435
0.152404
0.248345
-0.279730
-0.033923
-0.175998
0.169521
0.381650
-0.520766
0.598884
-0.064478
0.384423
-0.409932
-0.375617
-0.361843
0.060154
-0.092630
-0.686644
0.112273
0.637374
0.344359
0.527755
-0.180351
-0.110089
-0.113330
-0.556416
-0.192850
0.098347
0.082077
0.010416
0.189622
0.016702
-0.104210
0.238945
-0.289521
0.292763
0.528900
0.018828
0.387159
-0.039245
0.330631
0.590104
0.431142
0.334635
0.078850
-0.060787
-0.645586
-0.164009
-0.225708
-0.361213
-0.302629
-0.263503
-0.070751
-0.219080
0.250425
-0.026021
0.458434
-0.053935
0.175154
-0.487298
0.183879
0.006930
0.296846
0.341674
-0.081469
-0.242185
-0.413772
-0.325226
0.535525
0.116765
-0.241348
-0.449516
-0.015259
0.180722
0.006999
-0.030615
-0.005164
0.419652
0.180899
0.278580
0.066863
0.374440
0.414658
0.458592
0.508873
-0.189437
-0.752924
0.159210
-0.100132
0.460049
-0.313726
-0.763703
0.300431
0.664317
0.131121
0.032607
0.224358
0.273731
-0.302500
-0.389074
0.390488
-0.373612
-0.290061
0.422260
0.337183
0.188294
0.186358
-0.465755
0.014681
0.561866
0.102824
0.232684
0.645195
0.135223
-0.220876
0.308595
0.125754
0.103090
-0.378027
0.562576
-0.105449
0.323306
-0.192989
-0.571092
0.312873
0.281654
0.024131
-0.084301
0.177424
0.087265
0.165072
0.188411
-0.041400
-0.078921
0.015701
-0.322784
0.204118
-0.627263
0.550004
-0.281860
0.478620
0.461685
-0.538849
0.218449
-0.169058
-0.184941
0.242703
0.112685
-0.207995
-0.227445
-0.384891
0.460324
0.329359
-0.150196
0.077687
-0.009666
-0.027820
0.487450
-0.178348
-0.053739
0.358921
-0.124257
-0.040680
0.322586
0.097031
-0.412868
-0.135738
-0.179877
-0.628470
-0.390203
-0.564390
-0.518418
0.170534
0.380188
0.085312
-0.442649
-0.696618
-0.535915
0.562261
0.239404
0.130108
0.575845
0.240380
-0.138277
0.074861
-0.216082
0.203992
0.016796
-0.035099
0.186646
0.555992
0.171896
0.416222
0.106548
0.349658
0.472637
-0.117857
0.230550
0.184110
0.226511
0.305409
0.017441
-0.249397
-0.182342
-0.217680
0.157075
-0.518276
0.042406
-0.285401
