-0.002035
0.001784
-0.230790
0.119223
0.138203
-0.157995
0.416174
-0.428869
0.447472
0.146608
0.134889
-0.513648
0.256112
-0.188399
0.158954
0.042675
-0.518364
0.456925
-0.488311
0.160182
0.458633
-0.139076
-0.544451
-0.441614
0.119979
0.277195
-0.163943
-0.156766
-0.051458
-0.315516
-0.332428
-0.124209
-0.485314
0.609056
-0.222034
0.549195
0.423360
-0.148586
-0.479999
-0.337646
-0.603502
0.465411
-0.166482
-0.428329
-0.395656
-0.021407
0.127014
-0.165680
-0.007663
0.468094
0.000297
-0.133524
0.075201
-0.252527
0.243750
-0.342189
0.178671
0.802233
0.699041
0.355110
0.333217
-0.054297
0.458831
-0.374213
-0.227849
0.450442
0.127971
-0.251297
-0.277234
-0.134673
-0.026926
0.368119
0.200503
0.255570
0.225510
-0.155863
-0.049110
-0.420673
-0.026975
-0.421657
0.122365
0.284985
-0.559130
-0.160763
-0.292900
0.400655
-0.122298
0.510805
-0.089784
0.496791
-0.102194
0.297926
-0.788865
-0.018867
0.130922
0.077866
0.261825
0.732807
0.647871
0.381238
0.090485
0.243031
-0.318028
0.079197
-0.116563
0.080896
-0.014821
0.036862
0.348461
-0.171066
0.349366
0.275422
-0.311902
0.337994
-0.107659
0.334022
-0.140257
0.144508
0.435493
-0.378670
-0.398390
-0.189661
0.163626
-0.505531
-0.442039
-0.203417
-0.208500
-0.605424
0.044993
-0.008352
-0.252405
-0.611688
-0.035964
0.391026
0.119006
-0.196185
-0.374580
-0.197012
0.446120
0.556712
-0.606205
-0.120236
0.156029
0.115026
-0.019703
0.258054
-0.351030
-0.069125
0.483330
-0.477951
-0.354960
-0.146641
-0.029774
-0.263217
-0.225102
-0.197940
-0.246921
0.573531
0.032673
0.243768
-0.393457
0.340980
-0.492272
0.389601
-0.109726
-0.411336
-0.293475
-0.292363
-0.184007
0.321845
-0.040464
-0.043647
-0.217728
0.584296
-0.244188
-0.577931
0.116287
-0.028994
-0.392632
0.463562
-0.188950
-0.026878
-0.118835
-0.477627
-0.165409
0.410750
0.131566
-0.105695
-0.077208
0.257251
0.168531
0.142185
-0.146224
-0.264156
-0.330066
-0.469938
0.286216
0.183111
-0.311205
-0.215689
0.570396
0.081528
0.222214
-0.212155
-0.277502
0.182667
-0.046490
-0.214992
0.079481
-0.023668
0.181120
-0.071441
0.154753
-0.555239
-0.430066
0.522238
0.063220
-0.160968
-0.192917
-0.276931
-0.262520
-0.118336
0.062647
-0.537334
-0.055520
0.583944
0.610594
0.192908
0.170821
0.082772
-0.313990
-0.631108
0.702626
0.396508
0.088577
0.198755
-0.017018
-0.512838
-0.603272
0.279326
-0.389065
-0.163630
0.078144
0.015091
0.309046
0.431447
-0.092499
-0.127965
0.306557
-0.452748
-0.411789
-0.260062
-0.227194
0.376456
0.383393
0.391146
-0.467675
-0.390059
0.242953
-0.473394
-0.524806
-0.417766
0.040094
-0.098271
0.516709
0.276572
0.486168
0.389729
0.012714
0.601240
-0.170472
-0.627368
0.477638
0.202653
-0.558325
-0.464610
0.127070
0.067289
0.457474
0.182994
0.615054
-0.460558
0.508421
0.177790
-0.111573
0.537678
0.171629
-0.199586
0.423713
-0.223840
0.122011
0.247195
0.095095
-0.033013
0.482572
-0.010303
0.099835
-0.434373
-0.337777
-0.056275
0.416725
-0.313121
0.473879
-0.367102
0.326931
-0.142385
0.283986
0.472588
-0.059045
-0.119560
0.293087
-0.147881
-0.219009
-0.266456
0.103386
0.405456
0.070811
-0.482823
-0.395172
0.324145
-0.482205
-0.074499
-0.015570
-0.072179
-0.403506
-0.559717
0.112229
0.152992
-0.208202
-0.440895
0.029124
-0.063603
-0.022808
0.335297
-0.261708
0.281219
0.049825
-0.370564
-0.192347
0.384764
-0.269807
-0.029997
0.161084
-0.460222
0.215375
0.551925
0.312048
0.338510
0.219178
0.401395
-0.078924
0.369635
0.000904
0.680240
0.179471
-0.017480
0.237470
-0.252012
0.503502
0.165614
0.419318
0.451130
0.432206
-0.177696
-0.139663
-0.140858
0.370832
0.195017
0.050668
-0.260976
-0.474569
-0.455036
-0.278066
0.380742
-0.373865
0.041467
0.327001
-0.356608
-0.177817
0.233673
-0.280735
-0.251242
-0.118380
-0.123503
-0.511548
-0.164465
0.090170
0.719102
-0.162521
0.112553
-0.377763
-0.719189
-0.360673
0.520267
0.052011
0.538469
-0.214871
0.526978
0.203975
0.180822
-0.050525
0.330792
-0.515184
-0.466354
0.165025
0.669828
-0.084778
0.132017
-0.010772
0.321562
-0.698096
0.416655
-0.190896
0.740416
0.103332
0.602672
-0.225860
-0.296702
0.382109
0.028884
-0.037772
0.019940
-0.149780
0.030593
0.462602
-0.410574
-0.212771
-0.489321
-0.157685
0.226635
0.260490
-0.185696
-0.269904
0.103568
0.003359
-0.100463
0.458923
0.585249
0.539750
0.225345
-0.007484
-0.222220
-0.098063
0.588208
-0.279933
0.014519
-0.119973
-0.371531
0.293411
-0.044417
0.293690
0.391298
-0.541664
0.044731
-0.082268
-0.179197
0.088696
-0.568420
-0.558711
-0.182536
0.433930
-0.184441
0.181710
-0.027008
-0.161144
0.555811
-0.183244
-0.186366
-0.257007
-0.474658
0.297717
0.439614
-0.016552
0.098153
0.476655
0.220166
-0.011607
0.351995
-0.207753
0.150224
0.111955
0.527656
0.406980
0.206165
0.087987
0.326518
0.591818
-0.082267
-0.324135
-0.154612
-0.543413
-0.453128
0.650466
-0.275109
0.139495
-0.108627
0.337043
0.006006
-0.445659
-0.126981
0.200190
0.333301
-0.087896
0.614078
0.380787
-0.718288
-0.143762
-0.345288
0.380739
0.137417
0.708783
0.239607
-0.230511
-0.371073
-0.381606
0.261753
-0.489933
-0.331751
-0.386266
-0.239494
0.374978
-0.183379
0.396544
0.063193
0.254553
-0.506225
-0.271131
-0.351007
-0.155228
0.343451
0.133069
-0.148063
-0.261279
-0.045795
0.183867
0.134354
0.265805
-0.294102
-0.006109
0.377595
-0.152446
-0.234891
0.286094
0.448603
0.051835
-0.251966
-0.159020
-0.003842
0.144962
-0.124858
-0.084056
0.424507
0.046882
-0.226498
-0.285200
-0.274711
0.145135
0.663364
-0.409634
-0.469261
-0.022257
0.280535
0.130885
-0.262037
0.621752
-0.143775
-0.042920
-0.039213
-0.126619
0.511282
-0.288055
0.370562
0.265599
-0.318059
-0.416117
0.423786
-0.539562
-0.276683
0.321162
-0.055967
0.758390
-0.077789
-0.478767
-0.070263
-0.443093
0.453568
0.260858
0.062983
-0.341640
-0.161248
0.629535
-0.186795
-0.132487
0.148570
-0.425718
-0.144825
-0.163607
0.206958
0.445822
0.304280
-0.305897
0.465295
0.212046
0.286321
-0.303543
-0.228284
-0.590929
0.237374
-0.427820
-0.308737
-0.280951
-0.303185
-0.483468
0.149015
0.101422
-0.589976
-0.000073
-0.279282
-0.020411
-0.519600
0.325149
0.645280
0.092524
-0.008052
0.144597
0.287238
0.615838
0.172799
-0.095237
-0.425694
-0.125131
-0.445465
-0.458076
0.029829
-0.100569
-0.120159
0.459682
0.298169
0.650743
-0.165300
-0.475854
-0.286112
0.077266
0.344594
0.432500
-0.268194
0.509208
0.313779
0.214599
0.429048
-0.212086
-0.073395
-0.163126
-0.043537
-0.013362
0.455706
0.436030
0.323643
-0.476451
-0.338244
0.292222
-0.710628
-0.283045
0.513938
0.626340
0.183072
0.610593
-0.009839
0.055382
0.654524
0.485629
0.113135
-0.204821
0.286184
-0.062952
0.042017
-0.012353
-0.589958
-0.172669
-0.098903
-0.289141
0.280656
0.655089
-0.471593
-0.226829
-0.222726
0.245505
-0.134976
-0.101158
0.181640
0.254081
-0.141725
0.089881
-0.412417
-0.182183
-0.290190
0.055670
-0.042587
0.475211
-0.110923
0.217973
0.481076
-0.663411
-0.325524
0.201955
0.085978
0.002947
-0.383698
0.343155
0.443771
0.356515
-0.255751
0.184317
0.569786
0.277387
-0.085393
0.239557
-0.377593
0.183091
0.600497
0.643708
0.208564
-0.306803
1.029642
0.327906
0.275295
-0.366443
-0.018811
0.043698
-0.436683
-0.080405
-0.052044
-0.302700
0.410691
-0.540747
-0.214964
-0.026388
0.306767
-0.367741
0.253851
0.015304
0.570372
-0.202648
0.450742
-0.316866
-0.252370
-0.158276
0.421807
0.373000
-0.475579
-0.481426
-0.305896
-0.197805
-0.434897
0.151185
-0.107521
0.273058
-0.271596
-0.067777
0.002760
-0.099826
0.144554
0.356881
-0.081711
0.166052
0.489914
0.128893
-0.019230
-0.083985
-0.157474
-0.397545
-0.282594
-0.338254
0.221459
-0.387463
0.142348
-0.242661
-0.457488
-0.346872
0.170534
-0.105981
0.158057
-0.201351
-0.033055
-0.540699
-0.133111
-0.334810
0.174311
-0.134915
0.723344
0.275968
-0.022910
-0.154850
0.421177
-0.135720
0.067488
0.141125
0.011066
0.091595
-0.506513
0.125996
-0.596398
0.539641
0.247551
-0.471156
-0.110129
-0.382968
0.253199
0.582696
0.190023
-0.100808
0.058731
-0.599042
-0.166717
-0.098126
-0.510750
