-0.149579
-0.305950
-0.072379
-0.750463
-0.220344
0.077291
-0.633966
-0.234380
-0.202314
-0.177267
0.352043
-0.021389
0.009640
-0.410337
-0.261635
-0.618283
-0.494256
-0.170732
0.176561
-0.436462
-0.208119
-0.286257
-0.485288
-0.100284
0.049930
0.003890
0.129006
-0.010154
-0.274286
0.477077
0.047121
0.201712
-0.356405
-0.312762
-0.033951
-0.480045
0.257235
0.127606
0.013292
0.216493
0.054344
0.330972
-0.277322
-0.190065
0.692524
-0.394457
0.212093
0.346754
0.318511
-0.448505
0.487702
-0.075863
0.138581
-0.415182
0.178768
-0.052907
0.285929
-0.005330
0.397975
0.309534
0.254666
0.066988
0.225129
-0.438167
-0.232955
-0.206329
-0.119449
-0.558163
0.165076
-0.567543
-0.101376
0.395808
0.372371
-0.366851
-0.001105
-0.291766
0.272973
-0.263486
0.001486
-0.173178
-0.048996
-0.475294
-0.428700
-0.032153
-0.113347
-0.176260
-0.160461
0.506849
0.385702
-0.625463
0.403347
-0.102270
-0.129954
-0.063979
0.483330
-0.063006
-0.222547
-0.104930
-0.495241
0.202468
0.778190
-0.183078
-0.238667
0.055551
0.146335
0.144256
0.647091
0.360289
-0.295651
-0.423620
0.045139
-0.799266
-0.220101
-0.045061
0.172371
-0.168455
-0.174502
-0.315159
-0.096160
-0.407515
0.154504
-0.592535
0.068926
-0.263272
-0.054772
0.580105
0.078074
-0.623956
-0.015003
0.270836
0.442695
-0.449946
0.230790
0.052578
-0.434831
0.634724
0.158861
-0.586176
0.204665
0.049574
0.247312
-0.214265
-0.089244
0.096047
0.019302
0.115489
-0.021017
-0.370435
-0.360302
0.231128
0.341405
-0.047646
-0.109130
-0.307902
0.088017
0.507879
-0.281724
-0.184599
-0.141997
0.299236
0.130889
-0.094916
0.028374
-0.101779
0.331795
-0.537337
-0.202446
-0.199479
0.228499
-0.365092
-0.310784
0.350451
-0.386411
0.469977
0.238677
-0.266226
-0.684932
-0.147904
0.470496
-0.160644
-0.452972
-0.431200
-0.378597
0.188291
-0.583609
-0.303154
0.001405
0.314252
0.251127
-0.486064
0.133327
0.495981
-0.126966
-0.458492
-0.018447
-0.331304
-0.380538
-0.611200
-0.284733
-0.447994
0.478181
0.575844
-0.347300
-0.219421
-0.257055
0.051638
0.053788
-0.608755
-0.244165
-0.011546
0.222764
-0.097133
0.617596
-0.150180
-0.543515
-0.173066
0.643596
-0.261774
-0.132678
0.008378
-0.178539
0.149341
0.245316
0.285594
0.098104
-0.081375
-0.351691
-0.205988
-0.253430
-0.211922
0.293203
-0.351083
0.580005
0.029364
-0.548108
0.321512
-0.319599
-0.021592
0.018427
-0.351276
-0.522361
0.397435
-0.556777
0.050310
-0.573368
0.292462
0.115039
-0.490890
-0.395316
0.628328
-0.299425
-0.025955
-0.658256
0.495243
0.127628
0.051849
0.347920
-0.242519
0.532452
-0.169520
-0.134725
0.251069
-0.283094
0.640559
0.146201
0.062056
-0.159125
0.557876
0.160157
-0.083105
0.234229
-0.583499
0.541505
0.577147
-0.274455
-0.123505
0.225653
0.226207
-0.664383
-0.272369
0.431311
0.398874
-0.071370
-0.018678
-0.173605
0.090777
0.223104
-0.444365
0.625322
-0.168332
-0.457971
0.597648
-0.080392
-0.351724
0.039217
-0.129132
-0.438276
-0.173168
0.391477
-0.257206
-0.557217
0.080687
0.182460
-0.176904
-0.072140
0.347099
-0.033779
0.101927
-0.219178
-0.230269
-0.396781
-0.530576
-0.326630
0.189684
-0.356535
0.405456
-0.599689
0.063704
-0.113926
0.266687
0.129327
0.521994
0.473720
0.422535
-0.219313
-0.125383
0.426687
0.048717
0.186630
0.625354
0.148691
-0.359480
0.066708
-0.228621
0.168090
0.275892
0.416183
-0.215269
-0.324412
0.254192
-0.710453
-0.389826
0.255882
0.027989
-0.389898
-0.065622
0.266003
-0.391390
0.257362
0.383734
-0.382859
-0.300303
0.341254
-0.036708
-0.192637
0.625595
-0.378108
0.049681
-0.405558
-0.393097
-0.393826
0.363950
-0.422038
-0.312369
-0.230101
-0.385357
0.291651
-0.238374
-0.041313
0.473953
0.558219
-0.365315
-0.299057
-0.078070
-0.211836
-0.117399
-0.447371
-0.286787
-0.601191
0.297277
-0.157813
0.452256
-0.282910
-0.463783
-0.417442
-0.092308
-0.144556
0.296428
0.344825
0.297997
0.107968
0.281731
-0.459128
-0.218953
0.336226
-0.519580
-0.190893
-0.079253
-0.241507
0.611575
0.039157
-0.179826
-0.158968
0.251964
-0.486773
-0.531669
0.097508
-0.249684
0.126895
-0.420654
-0.161569
-0.439382
-0.142772
-0.054514
-0.666215
-0.278213
0.251118
0.518591
-0.265174
0.070063
0.176029
0.135111
-0.389889
0.105296
0.651641
-0.384867
-0.700166
-0.413059
0.380944
0.325413
0.171488
0.242302
-0.425164
0.183293
-0.317375
0.105848
0.063677
0.251285
-0.337973
0.305281
-0.075973
0.374529
0.278262
0.319044
-0.245140
-0.159042
-0.266665
-0.190586
0.321691
-0.292149
0.744583
-0.076545
-0.095715
0.367132
-0.280606
-0.422505
-0.036658
0.339608
-0.272998
-0.495728
-0.514650
-0.627050
0.181710
0.329424
0.283473
0.149552
0.405334
-0.168255
0.110366
-0.034167
0.105370
0.191272
-0.219345
-0.370803
-0.046859
0.161139
-0.069607
-0.552634
-0.153849
-0.041020
-0.256207
0.502007
0.395660
0.198241
0.437825
-0.065039
-0.543495
0.129837
0.100460
-0.582722
0.184433
0.236670
-0.283892
-0.607419
-0.515268
0.155904
0.025348
-0.387644
0.010488
-0.189310
-0.390948
-0.459905
0.139844
0.043718
0.289568
0.389233
-0.286935
-0.220825
0.147990
0.655355
-0.268987
0.008343
0.158047
0.157342
-0.138515
-0.495105
-0.567416
0.313491
0.319616
-0.094887
0.182108
0.367994
-0.240643
-0.279987
-0.540273
-0.339185
-0.105990
0.121539
-0.138091
0.233137
0.216619
-0.204427
0.279576
0.051034
0.242302
0.135348
0.232191
0.177689
-0.088045
0.149333
-0.062067
0.011981
0.019346
0.209564
0.028823
-0.576928
-0.205865
0.484815
-0.430955
0.014366
0.213289
-0.593147
0.566442
0.443221
-0.626316
0.010634
-0.275036
-0.410964
-0.311424
-0.264826
-0.206272
0.580745
0.452347
0.523197
0.337841
-0.350433
0.098307
-0.157091
0.537063
-0.462365
-0.113580
0.041356
0.188586
0.184181
-0.403119
0.479385
0.024879
-0.157678
0.408649
0.041911
-0.098651
-0.147660
0.129210
-0.067607
-0.349774
0.136033
-0.581410
0.245717
-0.185156
0.004675
0.074843
-0.673636
-0.057413
-0.023327
-0.542126
0.393741
0.065968
0.405311
0.078918
-0.156827
0.603700
0.318056
-0.400882
-0.276062
-0.529309
0.281869
-0.710547
0.324556
0.037951
0.336707
0.448624
-0.015538
-0.455147
0.853789
-0.417128
-0.033947
-0.184742
-0.423258
-0.041444
0.401825
0.478143
-0.285531
0.111454
-0.015513
-0.226180
0.159616
-0.443276
-0.766905
-0.189390
-0.107122
0.340334
-0.414995
-0.325709
-0.061536
-0.594409
0.632018
-0.499954
-0.478595
0.377401
0.448894
0.363047
0.224657
0.557097
0.538357
0.346031
-0.480679
0.083101
0.104713
-0.012743
-0.128263
0.334635
-0.493092
-0.108858
-0.572938
0.472116
-0.466833
0.169836
0.301915
-0.288444
0.817367
-0.529248
0.461103
0.621587
0.270662
-0.500266
0.429523
0.581567
0.204046
-0.090699
-0.048225
0.322741
-0.489598
-0.196824
0.124186
0.405551
0.140997
-0.068037
-0.057769
0.117488
-0.289503
-0.260486
0.035426
-0.377172
0.677492
-0.393547
0.222401
-0.406627
-0.032911
-0.061004
0.055419
-0.033414
0.035265
0.112556
-0.370456
0.164597
-0.068660
-0.199158
-0.043116
-0.075816
-0.101552
0.583486
-0.829958
0.087499
0.081407
0.342407
-0.089051
-0.431276
0.460566
0.109026
-0.372001
0.127501
0.388073
0.184317
-0.405017
0.183732
0.571920
-0.432825
-0.110217
0.252478
-0.040893
-0.256106
0.855100
-0.071194
-0.189259
0.183847
-0.151510
0.109448
-0.535340
-0.163498
0.186892
-0.187429
-0.243964
0.302077
-0.089054
0.015407
0.077478
-0.097885
-0.212747
-0.432943
0.210888
-0.257321
0.077851
-0.352419
0.020693
0.521813
-0.170996
0.152354
0.209598
0.554252
-0.379768
0.207491
0.344680
-0.536684
-0.724825
0.293255
0.326612
-0.731051
0.007494
0.028733
-0.401169
-0.181211
0.166867
-0.158586
-0.526563
0.322611
0.112670
0.266852
0.106931
-0.062633
0.170845
-0.693220
-0.176491
-0.337378
-0.355355
0.049431
-0.682684
0.557592
-0.270653
0.373982
-0.456372
0.319981
-0.398309
-0.675669
-0.518678
-0.412117
0.434717
-0.052935
0.343548
0.310453
-0.339251
-0.029093
-0.366567
-0.354169
0.184670
-0.295001
0.070857
0.247127
0.167009
0.233099
-0.493408
0.216432
-0.269122
-0.129185
-0.254475
-0.591855
-0.310720
-0.155893
-0.715164
0.003127
0.041116
0.182341
0.085242
-0.514447
0.320475
-0.423798
0.507787
