0.437832
-0.099295
-0.065256
0.530971
-0.117585
0.275606
-0.020916
0.765804
-0.042021
-0.020247
-0.092724
0.061610
-0.599640
-0.310577
0.230220
-0.427527
0.125674
-0.662876
0.131536
0.159459
0.311844
-0.186498
-0.007695
0.355169
0.445484
0.095861
-0.086046
-0.364436
0.486669
-0.335904
-0.213289
-0.011375
0.491109
-0.080073
0.812176
-0.086624
0.176037
0.507761
-0.092391
-0.392878
0.078234
0.146248
-0.259875
0.194114
-0.571203
-0.166400
0.303856
-0.455068
-0.085619
-0.357294
0.050407
-0.419755
0.013402
0.051259
-0.097223
0.487267
-0.604855
0.680732
0.005390
0.645420
-0.046968
0.168677
0.459662
-0.159990
0.022913
0.233370
-0.281065
-0.153733
0.101025
-0.331647
-0.244148
0.388402
-0.051680
-0.408066
0.293212
0.505952
-0.500039
0.061975
0.101255
-0.378054
0.227500
0.284985
0.062310
0.432961
0.515038
-0.300576
-0.092965
-0.193320
0.488158
0.135336
-0.266194
-0.284582
0.358578
0.488002
0.042653
-0.280704
-0.690924
-0.421750
-0.498213
0.040032
-0.394581
0.151751
-0.291011
-0.196094
-0.400447
-0.211504
-0.532955
0.293894
0.131629
-0.202621
-0.048103
-0.208113
-0.024168
-0.231230
0.067977
0.049431
0.202378
0.229747
-0.099422
-0.565994
-0.111415
0.446668
-0.098204
0.372954
-0.038872
0.491960
-0.138540
0.370707
0.573039
0.240698
0.276356
0.333560
0.097489
-0.280274
0.865664
0.252898
-0.048310
0.218946
0.542665
-0.463658
0.099211
-0.120236
0.043692
-0.029394
0.301809
-0.168227
0.381823
0.137209
0.335901
-0.650508
0.061554
-0.124709
0.154133
0.000212
0.397685
-0.520053
-0.227147
0.386920
0.239659
0.020483
0.354803
-0.061489
0.798994
0.617423
-0.328951
0.551690
-0.349053
0.142564
-0.189605
0.197492
-0.337762
0.062894
-0.388487
0.008094
-0.340228
0.177193
0.805910
-0.567676
-0.196420
0.209511
-0.167315
-0.047361
0.189158
-0.475033
-0.325979
-0.432584
-0.516252
0.039496
-0.077208
-0.301420
-0.336142
-0.366179
-0.123301
0.340880
-0.279187
-0.066945
0.060768
-0.044834
-0.278564
-0.030371
0.349951
0.292118
-0.488919
-0.378056
-0.683615
0.315815
-0.076622
-0.103828
-0.421304
0.198717
0.211088
-0.121239
-0.176705
-0.551102
-0.495176
0.449276
0.124006
-0.197562
0.261933
0.200108
-0.255388
0.402481
0.315654
0.123076
0.291978
0.360054
0.116846
-0.121212
0.191055
0.082772
0.687411
0.469067
-0.452333
-0.486650
-0.401766
0.298273
-0.049926
-0.489395
-0.121597
-0.144502
0.062014
-0.234768
-0.317216
0.102281
-0.322448
0.377188
-0.306675
-0.296372
-0.475815
0.126513
-0.188411
-0.026755
-0.319859
0.382207
0.273106
-0.412591
0.109415
-0.512267
0.447174
0.170763
0.043571
-0.417766
-0.361601
-0.342121
0.051648
-0.322941
0.008307
0.466506
0.490243
0.183949
-0.029789
-0.139079
0.057053
-0.143538
0.383286
-0.278747
0.222814
-0.127290
0.456604
-0.276496
-0.556284
-0.423182
0.610823
-0.240406
0.603237
-0.239163
0.259606
0.107857
0.446245
0.426337
-0.497290
-0.085490
0.042846
0.304388
0.284549
-0.057115
-0.229823
0.609748
-0.179444
0.077798
0.297047
-0.268974
-0.255146
0.084831
0.105513
0.280753
0.291948
-0.111592
0.122194
0.406216
0.035786
-0.085199
-0.494621
0.448898
0.687360
-0.359041
0.009745
-0.357856
-0.210420
0.349471
0.038814
0.498749
-0.189555
-0.006931
0.429397
0.193524
0.232579
0.290768
-0.029553
0.350539
0.064451
-0.278946
0.054641
0.075863
-0.136024
-0.334866
-0.254351
0.110686
-0.082837
-0.291491
-0.218272
-0.110345
-0.179745
-0.028152
-0.583442
0.306573
-0.156571
-0.161945
-0.572745
-0.625092
-0.311218
-0.500104
0.588944
0.111432
-0.347527
0.135978
0.129684
0.364563
0.040100
-0.243140
0.381090
-0.080237
0.043316
-0.271288
0.301731
0.260906
0.209496
-0.359495
-0.007782
-0.023548
-0.000975
0.554356
-0.155116
-0.276949
0.005227
0.098226
-0.124436
-0.156613
-0.310677
-0.479785
-0.327023
-0.112491
-0.021042
0.405180
-0.275034
0.165365
0.304209
-0.131231
-0.245724
-0.163084
0.420763
-0.573746
-0.360673
0.429875
-0.263988
-0.013660
0.148246
-0.488080
-0.158686
-0.505306
0.301399
-0.219061
-0.357020
-0.024877
-0.145352
0.105608
0.006339
-0.423135
0.230986
0.437426
-0.144668
-0.052925
-0.060004
0.009373
-0.666215
0.267883
0.264799
0.259847
0.143016
-0.375259
0.212037
0.144914
0.209450
0.290626
0.013039
0.099199
-0.348625
-0.793462
-0.381776
-0.340915
0.138406
0.164745
-0.608561
-0.532750
0.198484
-0.259771
-0.231837
0.602952
0.411421
0.568152
0.300398
-0.513697
0.508809
-0.344685
-0.160596
-0.013830
-0.065760
-0.080681
-0.104964
0.077759
0.484238
-0.058486
-0.347172
0.265617
0.283814
0.276620
0.019046
-0.179425
-0.225565
-0.258073
-0.607805
0.289925
0.235002
0.004164
0.330696
0.006128
-0.066575
-0.226141
0.439703
-0.348518
0.164902
0.545572
-0.716303
-0.374032
0.476655
0.046074
-0.266214
0.014593
0.225961
0.486333
-0.511085
-0.357096
0.238723
0.035098
-0.202632
-0.815730
0.083834
-0.103103
-0.572476
-0.257605
-0.477897
-0.233326
-0.108787
-0.347236
-0.327219
0.239679
0.377959
0.016193
0.394502
-0.193736
0.404892
0.475751
-0.418355
-0.597752
-0.195431
-0.290672
-0.547397
-0.025989
-0.171375
-0.215731
-0.508820
-0.106460
-0.502999
-0.331717
-0.415117
-0.310831
0.146771
0.176514
-0.623702
0.336747
-0.244964
0.165739
-0.199696
-0.053632
0.310658
0.260627
0.205253
0.210627
0.467389
-0.120829
-0.465957
-0.207269
0.115819
0.155966
0.274665
-0.263775
0.445273
0.541537
0.096012
-0.264712
0.459744
0.352193
-0.232390
0.464255
0.236031
-0.241876
-0.574053
-0.003842
0.240606
-0.595058
0.097978
0.388082
0.314617
-0.090971
0.570341
0.348510
-0.211209
-0.357947
-0.589856
-0.148818
0.198141
0.464566
0.562814
-0.091882
0.008654
-0.235482
-0.322444
-0.507090
-0.217421
-0.209452
-0.254962
0.360183
-0.359452
-0.121773
-0.187411
0.423786
0.410863
0.119451
-0.236387
-0.452783
0.312214
-0.096616
-0.157118
0.478700
-0.366512
0.214172
0.548792
0.863363
0.104638
-0.100051
0.620325
-0.145958
-0.502543
-0.444897
-0.517578
-0.141030
-0.006596
-0.362926
-0.261753
0.199141
0.487707
0.323569
0.407236
0.178073
-0.256932
0.462197
-0.632166
-0.420965
0.118604
0.236616
0.505622
0.385366
-0.290905
-0.110129
0.079615
-0.563169
-0.036834
0.099367
0.099746
0.856460
-0.308966
0.069373
0.224609
0.153296
0.624660
0.242618
-0.203582
0.218069
0.552900
0.147687
-0.087100
0.006111
-0.480099
0.503681
0.263903
-0.178652
-0.477003
-0.104913
0.635761
0.316077
-0.611704
0.135881
-0.376830
0.066581
0.577459
0.651503
0.152913
0.500998
0.172996
0.405824
-0.158982
-0.322382
0.444099
-0.166716
0.430195
0.619079
0.237505
-0.176616
-0.375670
0.593188
-0.423474
0.016638
0.406692
0.466947
0.296305
0.222325
0.231674
-0.049243
0.083723
0.525061
0.220211
0.336226
0.224402
-0.186673
0.001113
0.601817
-0.165742
-0.481944
0.651893
0.315220
-0.419307
0.227862
-0.589374
-0.209971
-0.075407
-0.308778
-0.068950
-0.564162
0.356934
0.461105
-0.132437
-0.073851
-0.111859
0.354178
0.145677
-0.416514
0.049909
0.384205
-0.229252
-0.354576
0.180067
0.331944
0.168783
0.305901
0.387769
0.530001
-0.429063
0.407985
-0.538074
0.483435
0.034704
-0.346852
-0.009167
-0.088804
0.430964
-0.159323
-0.038103
-0.266705
0.076587
0.238738
0.069235
0.199668
0.518409
0.263343
-0.343904
-0.498056
0.113332
-0.018811
-0.096725
0.465804
0.151847
0.508687
-0.006286
-0.200919
-0.129388
-0.167149
-0.418482
-0.421817
0.307573
0.416989
-0.232124
-0.418735
-0.102790
0.477642
-0.183412
-0.336393
-0.308189
0.086907
0.589791
-0.258414
0.259342
-0.054525
-0.238076
-0.100769
0.151185
-0.013569
0.374266
0.201833
0.271058
0.327389
-0.217362
0.024120
0.441187
0.104916
0.081574
-0.401640
-0.314573
0.325524
0.543720
-0.201434
-0.289908
-0.060605
-0.226743
-0.244805
0.498288
0.112909
-0.290083
-0.527338
-0.346739
-0.145573
0.328059
0.374519
0.129429
-0.552177
-0.311619
-0.127878
-0.088867
0.371585
0.066449
-0.264299
0.093809
0.412689
-0.088293
-0.305255
-0.350094
-0.535582
-0.029964
0.087156
-0.007669
0.036561
0.129366
0.055505
0.554135
-0.432005
0.267388
0.268135
-0.446190
0.315125
0.334662
0.308133
-0.375938
0.117738
-0.543403
-0.005200
-0.357046
-0.251602
