0.485779
0.295917
-0.320151
0.067862
0.094778
0.499695
-0.088237
0.478031
0.214811
0.103342
0.031212
0.032124
0.077946
-0.226780
-0.489410
-0.102854
-0.741059
-0.229292
0.392693
-0.139174
-0.229512
-0.096544
-0.175463
0.519853
0.270045
-0.297549
0.134261
0.223750
-0.315265
0.062484
-0.350760
0.503098
0.562590
0.499468
0.258246
0.365367
0.206966
-0.342713
0.113522
0.346031
0.305692
-0.068860
-0.173684
-0.126696
-0.615155
-0.267915
-0.460615
0.050244
0.625905
0.548340
0.545346
0.001139
-0.421918
0.189727
0.387064
0.053495
0.302637
-0.119322
-0.033652
-0.220019
-0.401671
-0.115194
0.079485
-0.599425
-0.266885
0.391889
-0.543015
0.041043
-0.360312
-0.278434
-0.511487
0.406528
0.108523
-0.169442
0.000052
-0.146114
-0.050706
-0.544067
0.421521
-0.274605
-0.254709
0.366339
-0.411661
-0.338136
0.374041
-0.344938
-0.103695
0.132954
-0.193710
-0.092699
-0.095250
-0.102270
-0.157591
-0.286443
-0.365122
0.162837
-0.401999
-0.267536
0.315565
-0.504286
0.745090
0.365861
-0.141145
0.128180
0.078749
-0.391437
-0.404229
-0.556777
-0.139180
-0.099655
0.227514
0.429864
0.394245
-0.149653
-0.109879
-0.388778
0.499877
-0.254547
0.177815
-0.465918
-0.224577
0.313849
0.066023
0.067844
-0.535854
-0.190893
-0.156357
-0.251209
-0.121842
0.213182
-0.252152
-0.026811
0.171795
-0.167236
-0.203032
-0.536203
0.010147
0.174125
0.507470
0.007534
-0.276244
0.246181
0.589490
-0.194552
0.042046
-0.161428
-0.248966
-0.467983
-0.387688
-0.407510
0.110105
-0.371058
0.189749
0.099996
-0.507556
0.206194
-0.302307
-0.458548
0.578386
-0.119085
0.411358
0.120639
-0.511938
0.516533
0.341046
-0.562019
-0.096413
-0.157392
-0.430532
-0.613996
-0.455505
0.443181
0.349180
0.071999
0.227358
-0.381860
0.559501
-0.602755
0.327523
0.136693
-0.021476
0.708361
-0.249996
0.079147
0.431098
-0.012803
0.139602
0.129734
-0.175423
-0.486064
0.508573
-0.270005
-0.233478
-0.236982
0.237869
-0.034187
0.436476
-0.153803
0.252554
-0.611936
0.184614
0.267429
0.178178
-0.148086
-0.419695
0.084840
-0.166365
-0.274442
-0.557805
0.036180
-0.043443
-0.210487
0.533213
0.276121
-0.010386
0.549532
-0.171995
-0.185469
0.342775
-0.374617
0.139975
0.429538
0.168420
-0.512200
-0.019993
-0.104137
-0.595699
0.189512
0.527372
-0.368148
-0.060380
-0.117178
-0.155172
0.441590
-0.455283
0.364802
-0.170738
-0.182109
-0.313819
0.656684
0.217219
0.278801
0.303705
0.040990
0.292156
0.489995
-0.379710
-0.242746
0.389279
-0.364561
-0.256739
0.662902
0.038324
0.316538
-0.472439
0.471105
0.347899
0.458510
-0.078375
0.281378
-0.128011
-0.171995
0.546989
0.086858
-0.178936
0.285087
-0.337459
0.032668
-0.010050
-0.300926
0.489813
-0.495373
0.325034
-0.296011
-0.184667
-0.180794
0.073931
0.196139
0.403510
-0.330928
-0.290853
-0.327704
-0.207108
-0.308800
0.010074
-0.214150
-0.150697
-0.311225
0.299363
-0.329764
-0.051631
-0.166662
0.164084
-0.896899
0.494288
-0.277138
0.522439
0.236715
-0.284382
0.217807
0.231871
-0.401218
0.176421
-0.366881
-0.175844
-0.135455
-0.299732
0.213534
-0.376619
0.501415
0.550033
-0.165432
-0.368485
0.446086
-0.607375
0.105398
-0.562529
-0.657553
-0.275958
0.260864
0.063422
0.132110
0.509582
0.322702
-0.030304
0.278726
0.406934
0.082337
-0.044045
-0.166475
0.087298
0.229791
0.379504
-0.013516
-0.264945
0.200629
0.516649
0.100363
0.403925
0.334388
0.013210
0.209017
0.468351
0.008666
0.119202
-0.425233
0.063265
-0.279060
0.298723
0.221973
-0.565551
-0.384465
0.506795
0.094180
-0.014976
0.455056
-0.173386
0.211910
-0.032341
-0.088415
0.098507
0.697169
-0.037309
0.220201
0.575759
-0.706879
0.417379
0.528326
0.133406
-0.336490
-0.104300
-0.015343
-0.028536
0.174001
-0.109149
-0.190798
0.340266
-0.163054
-0.093957
0.708466
0.280270
-0.207672
0.090521
0.100438
-0.411355
-0.424731
-0.152706
0.088798
0.338541
0.190558
-0.272061
0.015811
0.525836
-0.117004
-0.426362
-0.093104
-0.132144
0.365830
-0.120546
-0.561497
0.140657
-0.218464
-0.219806
0.413229
-0.058563
-0.526532
0.487136
-0.354263
0.053043
0.138383
-0.580190
0.320293
-0.242317
0.445160
-0.377301
-0.051682
-0.236190
-0.165674
-0.172064
-0.503506
0.340995
-0.088714
0.274978
0.212151
0.162563
-0.065848
-0.368629
0.223956
-0.240065
-0.358141
0.243621
0.099183
-0.592850
-0.407469
-0.044576
-0.104183
0.173497
0.321465
-0.005232
-0.420327
0.597997
0.728253
0.529257
-0.262453
-0.007529
-0.251570
0.170625
-0.022030
0.411990
0.279662
-0.096052
-0.372999
-0.035723
0.007929
-0.690252
-0.236708
-0.184198
-0.330942
0.191355
0.303946
-0.183220
0.069170
0.249955
-0.320602
-0.069511
0.480042
-0.142390
-0.381632
-0.495645
-0.377665
0.005103
-0.373303
-0.646646
-0.163965
-0.449237
0.090238
-0.255294
0.173100
-0.034341
0.107447
0.305657
0.109710
-0.402587
-0.257789
-0.574998
-0.548828
0.554343
-0.097361
-0.455974
0.206440
0.466004
0.170988
-0.129399
-0.013569
0.083777
-0.270895
0.062647
0.023776
0.294599
-0.370965
-0.174621
-0.208720
0.107992
0.295010
0.044346
-0.251691
0.093051
0.040186
-0.166782
0.642990
-0.021338
-0.227782
0.127469
0.030795
-0.464075
-0.539019
0.382109
-0.155719
-0.410832
-0.274205
0.470686
0.645570
-0.251501
0.519995
0.174857
0.174225
0.983355
-0.204869
0.716197
-0.712462
0.140560
0.119127
-0.588164
0.324311
-0.353560
0.344219
0.425151
-0.298853
0.263223
-0.372688
-0.593530
-0.531092
0.367189
-0.047962
0.258106
-0.222898
0.170049
0.386411
0.098381
-0.283536
-0.021048
-0.215723
0.121795
-0.255008
-0.235737
0.092199
0.480000
-0.169621
0.481028
-0.216726
-0.496212
-0.520473
0.082233
-0.166099
-0.349998
0.092657
0.603058
-0.193552
-0.212825
0.535768
-0.283550
0.092941
0.176464
0.105987
0.199472
0.497623
-0.073070
-0.504761
-0.460775
-0.053856
0.652605
-0.277936
-0.354548
0.078112
-0.443093
0.041890
0.838867
-0.387046
0.478701
-0.027342
0.269904
-0.246879
-0.390272
-0.051374
0.288452
-0.077667
0.123952
-0.394974
-0.058471
-0.203684
-0.264488
-0.152263
-0.381173
0.055424
-0.372501
-0.457240
-0.725576
-0.275223
-0.375700
-0.573926
-0.103941
0.285159
-0.237389
-0.271142
-0.310930
-0.374648
-0.656604
-0.417817
0.148574
0.417611
0.436032
-0.420462
-0.066882
-0.408762
-0.169039
0.388621
0.487800
0.348084
0.297352
0.055754
-0.060193
0.125775
0.304960
0.079188
-0.279887
0.117593
0.204872
0.255859
-0.517132
0.235260
-0.096981
0.411520
-0.171147
0.521755
0.077947
0.162103
0.268702
0.227964
0.005744
0.143122
0.278935
-0.068775
-0.300317
-0.156482
0.430655
0.613408
0.409973
0.528492
-0.594288
-0.036429
0.057858
0.438186
-0.347913
-0.298440
-0.160218
0.537488
0.172358
0.165252
0.196311
-0.041309
-0.312220
-0.628794
-0.463574
0.025929
0.247679
0.045953
-0.041116
0.418646
-0.497870
0.113304
-0.017732
-0.135078
0.195267
0.136581
0.060937
-0.434224
-0.056439
-0.321807
0.122938
0.027013
-0.221212
0.102294
-0.557256
0.148784
0.031146
-0.090174
0.656593
-0.053383
-0.110592
-0.270993
-0.182153
0.190037
0.051771
0.101636
-0.682193
-0.505514
-0.990806
-0.051455
0.145235
-0.369814
-0.340495
-0.563070
-0.073961
-0.532573
0.028071
0.596848
-0.722092
-0.278950
-0.317330
-0.505898
-0.398196
0.170771
-0.038568
-0.385482
-0.328044
0.323946
-0.533360
0.199421
-0.299470
-0.138722
0.122672
-0.235292
0.455224
0.044842
0.002956
0.201226
0.192853
-0.316511
-0.072942
0.582495
0.457666
-0.131428
-0.278015
0.694241
0.126347
-0.046772
0.521879
0.474222
0.144010
0.149319
-0.558750
0.185814
-0.049110
0.272122
-0.309724
0.011218
0.181780
0.262313
0.312122
0.400337
-0.230925
-0.147486
-0.146229
0.099953
-0.317242
0.227207
0.066741
-0.160235
0.681770
0.034609
-0.397545
-0.709719
-0.151175
-0.444867
0.393455
-0.391741
-0.164749
-0.366533
-0.346008
-0.464632
0.131617
-0.662799
-0.450467
-0.602440
0.344459
-0.128523
-0.061548
0.348574
0.032462
0.372651
0.245713
-0.337420
-0.099304
0.571179
0.147434
0.636985
-0.001813
0.121229
0.502923
-0.265144
0.175174
-0.142386
-0.256088
-0.466209
0.249267
0.135822
0.386709
0.418635
0.122190
-0.546686
-0.477435
0.455303
0.089881
-0.014792
0.340699
0.368828
