0.345374
-0.209448
-0.049595
-0.629785
-0.352167
-0.570593
-0.015129
0.268153
-0.202314
-0.264065
0.265425
0.134928
-0.050692
-0.213791
0.589106
0.489706
-0.427712
0.004760
0.258042
-0.543071
0.114365
-0.293604
-0.181187
0.293897
-0.618948
0.121632
0.574314
-0.253732
0.440026
0.601864
-0.043843
-0.389063
0.349671
-0.016846
0.211188
-0.147942
-0.112847
0.351269
-0.035886
-0.158978
-0.457113
0.592609
0.049205
-0.197165
-0.608836
-0.197421
0.066029
-0.107943
0.546928
0.372487
0.318608
0.132144
0.031489
-0.623128
0.208091
0.139094
0.060709
-0.053731
0.213259
-0.314507
0.541252
-0.277726
0.089345
-0.385523
-0.536835
0.375562
0.403103
-0.558163
-0.146896
-0.228044
0.560028
-0.470811
0.491526
-0.404407
0.620889
-0.382690
0.026388
-0.294206
0.362601
-0.173178
-0.027092
0.283263
0.333604
-0.432905
0.346096
0.038857
-0.014145
-0.623135
0.130456
-0.216364
-0.264308
-0.102270
0.445695
-0.242319
0.289795
0.554938
0.220648
-0.732638
-0.535229
0.367349
0.464182
-0.158373
0.110242
-0.402208
0.400037
-0.091014
-0.054257
-0.354190
0.413397
0.088321
-0.129038
-0.325736
-0.531391
-0.091276
0.159215
0.021541
0.379854
0.448153
-0.152113
-0.285504
-0.035736
0.142028
0.043204
0.095711
-0.067293
-0.319307
-0.178064
-0.294710
0.037386
0.523281
-0.127677
-0.237208
-0.240081
0.052578
0.064609
-0.733264
-0.637694
-0.683230
0.202405
0.196524
0.604773
-0.332222
0.030714
0.102353
-0.367899
-0.348083
0.179530
0.174611
0.297382
0.339544
-0.218803
-0.398934
0.120057
0.655542
0.413273
0.758748
-0.122525
0.022739
-0.031254
-0.215050
0.159990
-0.044820
0.186367
0.336493
0.136373
-0.178500
-0.462381
-0.409195
-0.203137
-0.498794
0.170639
0.269332
0.126216
0.469977
0.358602
-0.400380
0.145014
0.245778
0.262560
0.069828
0.038353
-0.098069
-0.378597
0.216486
-0.351870
-0.395872
0.413832
0.155111
-0.180322
0.175086
-0.382360
-0.589474
-0.185036
-0.238720
0.580893
-0.513783
-0.405582
0.005656
0.094591
0.581741
0.455732
-0.567061
0.227414
0.396187
-0.418925
-0.169247
0.391301
-0.063355
-0.274488
-0.262042
0.456216
-0.100552
0.256248
0.016010
0.591244
0.342297
0.234344
-0.480961
-0.127971
0.008378
-0.247035
-0.057834
0.613068
-0.800224
0.013767
-0.529649
0.060846
-0.149408
0.258468
-0.156594
0.148063
0.470594
0.331935
-0.621118
-0.029840
0.383980
-0.137218
0.071634
0.453930
-0.261283
0.021771
0.429356
-0.600555
0.188558
0.386350
-0.224292
-0.718807
-0.221730
0.593957
-0.547413
0.211594
-0.167408
0.348125
0.326535
0.367886
-0.090650
0.276395
-0.080852
-0.491535
-0.291638
-0.039829
-0.603974
0.026797
-0.309306
-0.013329
0.054584
-0.166421
0.548964
-0.252609
0.667139
-0.379837
-0.235163
-0.444546
0.435111
0.497354
-0.116055
0.001002
0.433512
-0.532231
0.265259
0.308779
0.078504
0.309397
0.142809
0.093020
0.152091
-0.213484
0.294868
-0.408221
-0.309367
0.002135
-0.487140
0.405433
-0.205316
0.318050
-0.032362
0.093335
-0.074540
-0.273974
-0.266559
-0.244220
-0.133735
0.049916
0.358288
0.080248
-0.083927
0.060847
0.236831
0.090676
-0.260366
0.073255
-0.003382
-0.316453
0.246731
-0.503177
-0.775773
-0.341200
0.129676
0.393269
-0.254015
0.282635
-0.112284
-0.191222
0.106064
-0.479040
-0.139885
-0.212778
-0.195833
-0.060885
-0.104445
0.352654
-0.059809
-0.189402
-0.157945
-0.080778
-0.654200
0.523890
0.038026
0.097231
0.139083
-0.428203
0.433827
-0.047356
0.412505
-0.097990
0.394737
0.519179
-0.123077
0.173666
-0.397239
0.092376
0.667456
-0.082163
-0.220347
-0.068108
0.113758
-0.416120
0.032173
-0.307051
-0.094960
-0.128396
0.220114
0.296950
0.512058
0.204661
-0.102922
0.034246
-0.390087
-0.088730
-0.264263
0.456198
-0.003266
0.242937
0.503751
0.622450
-0.274941
0.403354
0.448004
-0.399665
0.475941
0.357212
0.079482
-0.067848
-0.283496
-0.382223
-0.107417
-0.123636
0.296428
0.421314
0.434587
-0.009781
0.101310
0.378446
-0.537017
0.373081
-0.476761
-0.100558
0.298907
0.109053
-0.023550
-0.242534
-0.092451
-0.434673
0.165349
0.406637
-0.178060
0.108180
-0.089735
-0.036895
-0.420654
-0.161569
0.481031
0.513180
0.420079
-0.471598
0.667589
-0.082915
0.030866
-0.650679
-0.218113
0.401032
0.398407
-0.282679
-0.317686
-0.247065
0.089049
-0.479876
-0.578547
-0.418983
0.167125
0.207430
-0.089626
-0.176257
-0.298626
0.191248
-0.073280
-0.110150
0.532259
-0.604808
-0.056009
-0.136313
0.424511
-0.287182
-0.346590
-0.199601
-0.301754
-0.060384
-0.081274
-0.304841
-0.310767
-0.199525
-0.200868
-0.323073
-0.456746
-0.358965
-0.292453
0.269288
-0.377395
0.096899
-0.126495
0.196747
0.440198
-0.232198
-0.273049
-0.339509
0.495566
0.373317
-0.503518
-0.294952
-0.039800
0.018306
0.364668
-0.025316
-0.206835
-0.393717
-0.274396
-0.089595
-0.544699
-0.669096
-0.041020
0.430791
0.151889
-0.347133
-0.048551
0.246368
-0.309208
0.121117
-0.285725
0.153162
0.212380
0.207925
0.135103
-0.223223
0.014778
0.152403
0.560154
-0.516965
-0.194679
-0.220158
-0.405866
-0.453828
0.290379
0.338427
0.109680
0.359982
-0.756614
-0.798169
0.024330
0.578690
0.236523
0.276871
-0.120770
-0.150416
0.070370
-0.088295
-0.042135
0.242230
-0.708300
0.121755
-0.107341
-0.107833
0.232354
0.456138
-0.490430
-0.086662
0.263263
0.271247
0.346062
0.328584
0.104047
0.191671
0.303458
-0.429826
0.336399
-0.020935
-0.699648
0.330113
-0.215466
-0.143742
0.034100
-0.090775
0.308153
0.280322
0.252112
0.070220
-0.050854
-0.205865
0.262116
-0.216525
-0.398073
0.511450
-0.587454
0.060336
0.215580
0.309832
-0.528450
0.346737
-0.255664
-0.410328
-0.120408
-0.256452
-0.157070
0.533282
0.285759
-0.039569
-0.496447
0.050683
0.007533
-0.283740
-0.458965
-0.061891
0.328050
-0.101424
0.033431
0.218296
-0.199807
-0.500789
0.143477
-0.144636
0.267602
0.087114
0.497140
-0.098430
0.682345
-0.424889
0.240293
0.846102
0.991001
-0.341643
0.649808
-0.227667
-0.080291
0.196392
-0.202819
-0.511623
-0.780196
0.339995
0.260956
0.355070
0.242267
-0.307868
0.458946
0.162669
0.312400
0.202841
-0.263097
0.291342
-0.227273
0.076704
0.005368
0.109161
0.381353
-0.179727
0.099843
0.108939
-0.241879
0.591860
0.323656
-0.729951
0.338283
0.343874
0.425631
-0.220407
0.043791
0.136371
0.368877
0.517241
0.545348
0.447072
0.139182
-0.046393
0.063907
0.005116
-0.339506
-0.562631
0.609548
-0.616985
0.088873
0.362937
-0.207592
-0.609847
-0.145026
0.495583
0.472386
-0.578843
-0.214182
0.046686
-0.070738
0.054651
-0.024670
0.104214
0.319135
-0.310102
-0.534457
-0.264197
-0.276175
0.107036
0.102140
-0.313078
0.052693
-0.526374
-0.762573
0.064937
-0.244947
0.235390
-0.461062
0.523401
0.063696
-0.090699
-0.249029
0.083150
-0.489598
0.068186
0.444307
0.065020
-0.065508
-0.068037
-0.329051
-0.036563
0.105924
0.012027
-0.009701
0.052101
-0.589546
-0.009168
-0.376274
0.169039
0.428170
0.058865
0.241218
-0.096898
-0.024009
-0.423392
-0.120701
-0.206461
0.434691
0.057329
-0.098714
-0.467808
0.494462
0.621793
-0.281927
-0.258825
0.255420
0.342407
-0.089051
0.474785
0.304773
0.018238
-0.522544
-0.041871
0.100482
-0.154108
-0.472658
-0.073536
0.172201
-0.448966
0.051040
-0.235708
0.272779
-0.308449
0.092115
0.410365
0.246245
-0.481382
0.362113
-0.115097
-0.564255
-0.211547
0.103755
0.215184
-0.095900
-0.227663
-0.089054
-0.053431
-0.332634
0.002567
0.092822
0.211548
0.700750
-0.313977
-0.286031
0.360581
-0.479971
-0.572184
0.552265
0.030455
0.161486
-0.059018
-0.426350
0.158927
0.268363
-0.664159
0.398004
-0.057606
-0.519922
0.274878
0.008834
0.029524
0.307941
-0.322426
-0.019288
0.222691
-0.545085
0.381453
-0.160941
0.484694
0.183990
-0.071942
0.258157
0.374928
-0.214032
0.198798
0.469456
0.199429
-0.368914
-0.267845
-0.488319
-0.092235
0.483104
0.405108
0.392386
0.038563
0.078575
-0.248919
-0.084002
-0.291053
0.284799
-0.257485
0.215792
-0.042386
-0.022493
-0.284416
0.332195
-0.228789
-0.286188
-0.364196
0.350201
0.209757
-0.434646
-0.609784
0.175906
-0.412007
0.194767
0.306803
-0.295250
-0.636002
-0.047862
-0.755158
-0.408499
-0.280439
-0.022544
0.402553
0.472042
-0.098775
0.438692
