-0.059635
0.104927
0.001291
0.266318
-0.002711
-0.311355
0.089094
-0.090485
-0.252407
0.342253
-0.368197
-0.396257
-0.320361
0.631090
0.358674
0.494404
-0.014007
-0.483194
0.175853
-0.225626
0.351548
0.058320
-0.031616
-0.455651
-0.862710
-0.525323
-0.198730
-0.427587
-0.128938
-0.309135
0.010867
0.005301
0.158753
0.394728
0.289994
-0.104377
0.271287
0.337242
-0.074268
0.154536
0.394965
-0.532584
-0.328347
-0.164373
0.414359
-0.344303
-0.218380
0.298256
-0.014799
0.333309
0.351185
-0.267494
0.290054
0.328012
0.236365
-0.264030
0.042164
0.081416
0.244044
-0.363444
-0.116604
-0.487808
-0.308253
-0.407722
-0.225329
0.292746
0.286153
-0.063394
0.235542
-0.362981
-0.075779
0.070348
0.077112
-0.391417
0.378544
0.073791
0.386053
0.283927
0.513070
-0.330824
-0.335886
0.288068
-0.146467
0.439223
-0.209879
0.096370
-0.311424
-0.062973
-0.122354
0.277295
-0.161306
-0.263132
-0.490675
-0.542234
0.188199
0.061023
0.023298
0.267072
-0.153544
0.216642
-0.132663
-0.525403
0.350736
0.435873
0.036012
0.118139
0.502826
-0.511308
-0.050576
-0.252497
0.425291
0.256183
-0.634186
0.177626
-0.107659
-0.250350
-0.410179
-0.331043
-0.029020
0.163135
-0.463597
-0.577387
-0.243101
-0.420297
0.343400
-0.311670
0.302494
0.246331
0.044993
-0.374775
-0.068580
0.648054
0.358156
0.156437
0.379394
0.697098
-0.165711
0.552366
0.280445
-0.465999
0.030856
0.340823
0.058374
-0.533581
-0.519459
0.415449
-0.326894
0.067614
-0.171355
0.126546
-0.276464
-0.167702
0.387503
-0.352470
-0.488666
0.850730
-0.032794
0.188756
-0.679678
-0.313939
0.054410
0.223186
0.683581
0.311120
-0.628839
-0.065611
0.031443
0.178646
0.090014
-0.311713
-0.055989
0.432612
-0.554921
0.014505
0.266067
0.197144
-0.611686
0.475461
-0.100296
0.088660
0.043755
0.244576
0.291930
-0.133544
0.144854
-0.268805
-0.485549
-0.365353
0.160457
0.061936
0.421845
-0.362289
-0.151850
-0.099263
0.387002
0.308486
-0.392759
0.216114
-0.103677
-0.749891
0.252926
0.129461
-0.357899
0.092417
-0.270813
-0.022578
0.375683
-0.130982
-0.076209
-0.395885
-0.443604
-0.663335
-0.289530
0.244374
-0.595297
0.198063
0.367858
-0.304172
-0.279220
0.026901
-0.294642
-0.005424
0.153510
0.003228
0.387760
0.646191
-0.438218
-0.407299
0.480979
-0.213191
-0.318230
-0.351083
0.000312
0.061881
-0.179871
0.241258
-0.102872
-0.104577
-0.244190
-0.350820
0.014689
0.322222
-0.610987
0.046741
-0.488791
0.413972
-0.528704
0.245574
0.567193
0.133730
0.396054
0.143053
0.403405
0.200574
0.041447
-0.092048
-0.269723
0.065348
0.377013
0.291598
0.811110
-0.389430
0.395695
-0.069284
-0.292282
0.127699
0.455889
0.418868
-0.014602
0.126003
-0.033202
-0.282591
-0.249245
0.300545
-0.080750
0.166316
0.213173
0.171817
0.062726
-0.026944
-0.531272
0.413197
0.403477
-0.421881
-0.038778
-0.505322
-0.522989
0.204055
0.342630
-0.355495
-0.307485
-0.155954
0.389831
0.032977
0.001781
-0.184260
-0.022940
-0.231103
0.217303
0.518306
0.462099
0.091723
0.432206
-0.011655
-0.325540
-0.114424
0.521792
-0.012942
0.094939
0.326147
-0.128883
-0.426325
-0.478956
-0.130940
-0.267994
-0.074866
-0.031808
-0.087957
-0.187674
0.359484
0.036294
-0.040549
-0.445062
0.624062
-0.425674
0.301183
-0.183738
0.017684
-0.173537
-0.023302
0.057627
0.007620
-0.277254
-0.396222
0.172330
-0.261626
0.026613
0.388580
0.413794
0.089025
-0.773242
0.589642
0.221871
-0.219599
0.347896
0.494269
0.057053
-0.314915
-0.405852
0.546113
-0.242437
-0.538710
0.506690
-0.227507
-0.279152
0.203633
0.318027
0.045062
0.361302
0.013521
-0.245065
0.367724
0.018029
-0.671073
0.257910
0.017717
-0.300236
0.287566
0.026593
-0.653545
0.452351
0.068213
0.368882
0.394799
0.257296
0.226245
-0.543095
-0.411630
0.068233
0.393536
0.444878
0.151140
0.459268
-0.126405
-0.456182
0.405762
0.637724
0.012821
0.204456
-0.071168
0.368649
-0.530516
0.222689
-0.316849
0.424504
-0.414744
-0.307375
-0.201628
0.097004
0.030910
-0.437273
-0.320107
-0.214813
0.111644
-0.381072
-0.218805
0.646932
-0.119658
0.148320
-0.470775
-0.409741
0.298480
-0.546904
0.435528
0.134977
0.187721
-0.020930
-0.142704
0.456480
-0.174200
0.043345
0.581439
-0.420882
0.169106
0.393673
-0.222918
-0.229800
-0.101258
-0.168094
0.468113
-0.024207
-0.159661
-0.640743
0.022714
0.229679
0.348492
-0.098510
-0.133816
0.281989
-0.174668
0.029018
0.355044
0.086854
-0.394702
-0.169461
-0.184640
-0.274609
-0.249366
0.322374
0.615304
0.129336
0.484828
-0.182947
0.085570
0.142760
-0.320050
-0.104459
0.199200
0.161432
-0.227010
-0.002454
0.285697
0.395601
-0.103953
-0.412703
-0.160928
-0.218996
-0.415571
0.236423
-0.322661
-0.223848
-0.536651
-0.017128
-0.104003
-0.146997
-0.197478
0.058639
0.407807
0.154247
-0.149256
-0.547253
-0.053219
0.152200
0.483517
-0.091050
-0.472499
-0.153026
-0.040618
-0.553105
0.148837
0.168064
-0.233326
0.241747
0.013981
0.379903
-0.164452
-0.170866
-0.324987
0.322150
-0.035599
0.231344
0.185688
0.559440
-0.231462
-0.545488
0.592187
0.254256
-0.311913
-0.273079
-0.387904
-0.370941
-0.040691
-0.159934
0.228489
-0.132413
0.271796
0.419481
-0.306086
-0.001409
-0.383626
0.462660
0.457732
0.617367
-0.200287
0.323568
0.442497
-0.211987
0.299305
-0.521839
0.011725
0.278869
0.217921
-0.442436
0.540637
0.491373
-0.005496
0.129212
-0.203119
0.042900
-0.661669
-0.694034
-0.296775
-0.379313
0.490339
-0.231165
0.706775
-0.398233
-0.253575
0.073883
0.580701
-0.420838
0.038654
0.449542
-0.179193
0.461583
-0.404617
-0.126568
-0.408442
-0.225342
-0.633927
-0.028547
0.189354
0.149919
-0.127296
0.436409
0.221342
-0.386511
-0.108372
-0.082424
-0.647414
-0.488532
0.325507
-0.282375
-0.439809
-0.131162
0.168884
0.496477
-0.343363
0.202539
0.161015
0.207624
-0.090393
-0.078575
0.064597
0.087881
0.473668
-0.112821
0.237391
0.321470
0.442897
0.606190
-0.463557
0.276721
-0.454731
-0.574845
-0.110609
0.302465
0.079509
-0.013960
0.217712
-0.376524
0.275553
0.364255
-0.464197
-0.107692
-0.238356
-0.664856
0.324556
0.494083
-0.688506
0.461682
-0.033923
0.353807
-0.074442
-0.233759
-0.344385
0.365965
0.039424
-0.009536
0.446401
-0.083217
0.643384
0.006991
0.260410
0.052531
0.460605
-0.024796
0.304655
-0.130913
-0.234941
-0.139925
-0.554892
-0.315680
-0.141580
-0.542851
0.475882
-0.008562
0.293773
-0.301302
-0.122892
0.467508
-0.356716
0.100867
0.052894
0.297501
0.092343
0.313649
0.125474
0.215542
-0.011355
0.245858
-0.297840
0.392326
-0.553334
0.004131
0.491816
0.204383
-0.656343
0.506660
-0.159021
0.022921
-0.333994
-0.230371
0.584494
0.293415
0.337059
-0.311583
0.080656
-0.004542
-0.117237
0.633518
-0.109429
0.239548
-0.375820
-0.233139
-0.355367
0.148967
0.276819
0.062037
-0.467937
0.341709
0.534660
-0.289437
0.147754
-0.261225
-0.430903
0.392185
0.071054
-0.091756
0.118926
-0.057652
-0.196826
0.215687
-0.446448
-0.220948
0.076751
-0.368851
0.328886
0.357936
0.528132
-0.143447
0.333193
-0.212018
-0.253920
0.506817
0.005154
0.162661
0.077519
-0.196335
-0.498762
0.216286
-0.720247
0.383568
0.411213
0.350737
-1.009988
0.318064
0.200035
0.104673
0.264319
0.081598
-0.002784
-0.422414
0.254263
-0.031660
0.056594
0.178501
-0.353664
-0.464223
0.453424
-0.171121
0.448192
-0.431963
0.132473
-0.213915
-0.028248
0.275117
0.183975
0.623864
-0.187978
-0.025830
-0.483378
0.318750
0.458129
-0.018145
-0.220945
-0.178040
0.139421
0.410418
-0.258866
-0.228917
-0.105873
0.066159
-0.221291
0.040846
0.477129
-0.447272
0.052557
0.037336
0.311954
0.592414
0.241569
-0.159371
0.460099
-0.056186
0.141982
0.230828
0.550762
-0.216182
-0.403640
-0.746411
-0.552005
-0.530151
0.264832
-0.225406
-0.263595
-0.347565
0.174300
-0.116244
-0.301757
-0.025747
0.165124
0.307378
-0.540246
-0.458859
0.100079
-0.391407
0.346751
-0.135702
0.082490
0.659760
-0.690302
-0.008767
0.182174
-0.049232
-0.467209
0.430570
-0.418289
-0.183223
-0.154855
0.278658
-0.224637
0.479461
-0.108750
-0.019720
0.274762
-0.643501
0.234119
0.447218
0.221875
0.168308
-0.072547
-0.294872
0.227683
0.263708
-0.299188
