0.006955
-0.231096
-0.053602
-0.005112
0.454187
-0.355512
-0.068824
-0.049919
0.024472
0.426129
-0.289552
-0.287765
0.081414
-0.271737
-0.076274
0.204931
-0.168427
-0.468478
0.124960
0.235356
0.607826
-0.043822
-0.354575
0.504160
-0.273891
0.297373
-0.021964
-0.464768
-0.121255
0.041027
0.787393
-0.207007
-0.122553
-0.265252
0.050015
0.191485
0.182042
0.424984
-0.118019
0.421883
-0.275316
0.019489
0.274105
-0.138366
0.414359
-0.543204
-0.219968
-0.406129
-0.076259
-0.142339
-0.073842
-0.104224
-0.143810
-0.422977
-0.115683
-0.458933
-0.407935
-0.195753
-0.382342
0.496797
0.123843
-0.297158
-0.601423
0.028533
-0.225329
-0.642994
0.337079
-0.180934
-0.304259
-0.274753
0.214473
-0.434988
0.342307
-0.402213
0.283340
-0.229370
-0.013241
0.207288
-0.277571
-0.523550
-0.130237
-0.286218
-0.552049
-0.260958
-0.021956
-0.011401
0.032555
0.089874
0.474022
0.406712
0.204251
-0.283999
0.095780
-0.284406
-0.056342
-0.508405
-0.020179
0.368408
-0.258921
0.202468
-0.007889
0.245965
-0.189862
-0.534315
0.207294
-0.184953
-0.219231
0.291017
-0.128694
-0.090266
-0.014098
0.200705
-0.451552
-0.493276
-0.362951
-0.105006
0.141417
-0.029491
-0.155311
0.453179
0.669713
0.696512
0.340137
-0.363739
0.114414
-0.304129
0.059894
0.210823
-0.003804
0.418898
0.201570
0.304340
0.175056
0.170489
-0.227714
-0.208208
-0.165711
0.254700
-0.249453
0.540363
-0.514788
-0.041441
0.516314
0.262556
-0.127839
0.169703
-0.084091
-0.084131
0.401158
-0.043449
0.022054
-0.239493
0.526380
-0.031929
0.014980
-0.127645
-0.465579
-0.304918
-0.293981
-0.278897
0.167533
0.387386
-0.096181
0.021313
-0.224912
0.641505
0.377950
-0.412018
0.329566
-0.315730
-0.060041
-0.043083
-0.136747
-0.216211
0.283810
-0.554787
0.268205
-0.357504
0.027419
-0.377441
-0.206676
-0.083045
-0.140932
-0.043184
0.150905
0.062378
0.384940
-0.543221
0.211467
0.111439
0.042140
0.423784
-0.181502
-0.040556
-0.391872
-0.042559
0.293918
-0.554282
-0.250770
0.481116
0.214263
-0.115346
0.243060
-0.095076
-0.105607
0.023084
0.382342
-0.123543
0.346133
-0.107062
-0.442532
0.518968
0.113003
-0.705104
0.505730
0.170269
0.304980
0.519781
-0.154046
0.365300
-0.295753
-0.464485
0.252825
-0.082731
0.634788
0.386510
-0.442293
-0.399115
0.184292
0.585545
0.041450
0.108955
0.005019
-0.288102
-0.487517
-0.347202
-0.105485
-0.204329
-0.431236
0.355029
-0.252392
0.429356
-0.649582
0.138396
0.287259
0.098131
-0.169663
-0.215472
0.574734
0.187717
0.032360
-0.012203
-0.063458
-0.152607
-0.187987
-0.083806
-0.153361
-0.441207
-0.285951
0.405295
0.265519
0.066906
-0.382340
-0.441080
0.184343
-0.154974
-0.650923
0.498999
-0.040939
0.407187
0.338483
-0.312316
0.154986
0.117191
-0.397930
0.260943
0.195347
0.314450
0.339567
-0.471104
0.005424
-0.174037
0.463643
0.012242
0.553339
-0.246512
-0.135216
0.124218
0.482301
-0.409816
-0.380558
-0.493391
0.436101
0.343060
0.496078
0.014559
0.387465
0.119127
0.327373
0.380316
0.253091
-0.102865
0.440164
-0.492090
-0.392352
-0.246935
-0.124046
0.402837
0.197639
0.507348
-0.047300
0.448316
0.369459
0.059671
0.437949
-0.533895
-0.411519
-0.264723
0.304526
-0.060769
-0.272719
-0.040549
0.092146
-0.148103
-0.479909
-0.124540
-0.459241
-0.197952
0.043086
-0.359762
0.536339
-0.027027
0.051312
-0.169023
0.191947
0.412531
-0.260703
0.495025
-0.387848
0.365018
0.265917
-0.041866
0.085299
-0.348958
0.286389
-0.130732
-0.357057
-0.164929
-0.404257
-0.636125
0.116669
0.235448
0.386283
-0.223723
-0.439542
0.378441
0.412362
0.238102
0.138181
0.064092
-0.396083
0.494069
0.468161
0.121344
0.231999
-0.117664
0.470773
0.032012
0.103022
-0.149523
0.021667
0.373313
-0.393608
0.306834
-0.084415
-0.537980
-0.203350
0.271906
-0.226555
0.272212
0.160869
-0.703378
-0.439062
-0.224854
-0.498581
0.550868
-0.016491
-0.265835
0.541972
-0.084069
0.137636
-0.551474
0.271287
-0.690051
-0.334637
-0.328849
0.224425
-0.464212
-0.522169
-0.299355
-0.038686
-0.529252
-0.160616
-0.134742
0.502828
-0.033107
0.506755
-0.179289
-0.420357
0.451474
0.107658
-0.088755
-0.381833
0.014967
-0.173440
-0.145830
-0.163727
0.553183
-0.396393
-0.386299
0.261772
0.272696
0.093910
0.169106
-0.063030
0.081795
0.451983
0.253262
-0.061083
-0.194726
0.216463
0.042858
-0.186267
-0.023673
-0.247979
0.088465
-0.418906
0.547788
-0.029445
0.338916
0.279075
-0.019374
-0.368592
0.722893
0.483769
-0.114868
0.132669
-0.347929
0.399596
-0.229092
0.406455
0.358403
0.121957
-0.079875
0.271453
-0.023027
0.124290
-0.146800
0.251258
-0.520198
0.569637
-0.234831
0.197692
-0.325247
-0.373024
-0.441786
-0.094202
-0.017566
0.310074
-0.517202
-0.175730
-0.120747
0.398839
0.097833
-0.036267
-0.123506
-0.582231
0.159608
-0.138905
0.246977
-0.418698
-0.093825
-0.140174
0.366881
-0.257043
-0.431683
0.388135
-0.382906
-0.474048
0.109291
-0.516309
0.252229
-0.297775
0.398266
0.180056
-0.072565
-0.044036
0.373725
0.234188
-0.204633
-0.278736
-0.264783
0.293285
-0.031051
0.548457
-0.656116
-0.488512
0.196883
-0.398409
0.454796
-0.104952
0.200512
-0.349073
-0.195455
0.602006
-0.479783
-0.666153
-0.607781
-0.331698
-0.593681
-0.457900
0.421074
0.440270
-0.024816
-0.084436
-0.142381
0.213047
-0.098964
0.563760
0.025565
0.278869
0.190832
0.147537
0.474693
0.357439
0.165407
0.444934
0.336360
0.279783
0.013629
-0.047040
0.571562
-0.571261
-0.269757
0.000148
0.210046
-0.110168
0.078647
-0.499570
0.435718
0.132480
-0.278535
0.616198
-0.366154
-0.146667
-0.039812
0.512080
0.158716
0.366337
-0.245960
0.412484
0.227519
0.166612
0.069342
0.372099
0.181770
-0.417284
-0.191913
0.034288
-0.519626
0.323541
0.407919
0.457756
-0.291917
-0.592019
-0.295231
-0.016610
0.377245
0.158557
-0.528044
0.270947
-0.222088
0.179378
-0.222921
-0.329566
-0.242047
0.148075
-0.131353
-0.097231
-0.089994
0.302124
0.183384
0.126020
-0.508035
-0.232444
-0.003097
0.360549
0.351461
0.365080
0.160554
-0.109124
0.288564
0.373751
0.367968
-0.175969
0.311530
-0.573147
-0.437965
-0.215795
0.137187
0.271894
0.063546
0.308182
0.897074
0.178964
-0.167935
-0.246063
-0.066236
-0.665390
0.180288
0.188651
0.124052
0.296950
0.068252
-0.603024
0.228110
0.553891
-0.351104
-0.559277
-0.708584
-0.005842
0.028054
0.192893
0.407683
-0.310505
0.329936
0.468499
-0.355771
-0.025055
0.155442
-0.119863
0.543138
-0.195913
-0.378794
-0.257260
0.148043
0.513376
0.029569
0.009115
0.054879
0.334635
0.025937
-0.283678
-0.534457
-0.245629
0.189371
-0.384672
0.301147
-0.278759
0.548263
-0.415525
-0.316239
0.024784
-0.259595
0.059439
-0.233966
0.637082
0.492698
0.371551
0.439479
-0.447133
0.016169
0.222524
-0.411721
0.450878
0.274859
0.319923
-0.018400
-0.019074
-0.064593
-0.383552
-0.427467
-0.688355
-0.061010
-0.222847
-0.204435
0.289278
-0.379459
-0.101158
0.183044
-0.150276
-0.758068
-0.132109
0.169600
-0.543183
0.465226
-0.100571
0.076780
-0.518701
0.021839
-0.401302
-0.452931
0.004522
0.491758
-0.522209
-0.129990
0.271484
0.176426
0.405221
0.409397
0.133444
0.439907
-0.030091
0.641362
-0.682018
0.341413
0.468303
0.140010
0.076375
0.619972
0.253749
-0.153382
0.082867
0.116773
-0.431902
-0.416476
-0.253982
-0.410476
-0.420964
0.016591
-0.120106
0.446492
-0.277014
0.556551
0.162272
0.078740
0.009060
0.165072
-0.568890
0.210888
-0.429554
-0.300229
0.147689
-0.439941
0.003753
-0.138780
-0.025135
-0.026719
0.065175
-0.495032
-0.503382
0.008151
-0.397148
0.607467
-0.478877
-0.113520
-0.356877
-0.162735
0.048084
-0.379511
-0.157623
-0.239825
0.046950
0.343678
-0.144149
-0.010500
0.017141
0.710439
0.490801
-0.298295
-0.656815
-0.441214
-0.230497
0.503547
-0.216066
-0.752940
0.502859
0.549673
-0.362490
-0.263858
-0.319764
0.187684
0.271693
0.381074
-0.510507
-0.291347
0.496386
0.312508
0.048506
0.028972
-0.162847
-0.070865
-0.253222
0.397440
0.008285
-0.425166
0.241883
0.306764
0.026090
0.147146
-0.008108
0.206366
0.553422
-0.219747
0.338787
0.296239
-0.502728
0.260433
0.477289
0.416451
-0.196280
-0.088838
0.582115
-0.288890
0.312280
0.164063
