-0.138242
0.443534
0.030007
-0.246616
-0.310022
-0.228007
-0.335271
-0.068434
-0.243125
-0.002874
-0.110853
0.347707
-0.565358
0.280553
0.224894
0.511375
-0.224741
0.441615
-0.569948
0.500093
0.071700
-0.228170
0.150052
-0.373974
0.355676
-0.130437
-0.169362
-0.217961
-0.006465
0.003664
-0.110525
-0.455362
-0.519173
-0.448642
0.130941
0.143700
-0.248302
-0.508663
-0.254844
-0.221059
-0.120328
0.232336
-0.035334
0.234250
0.516282
0.322721
-0.189264
0.505796
0.017762
0.499871
-0.440259
0.074391
0.333556
0.008593
0.027270
-0.285931
0.244748
0.087024
-0.092989
0.459798
0.144702
0.065583
0.256743
-0.278953
-0.280123
-0.408609
-0.632607
-0.301944
0.077018
0.252802
-0.231575
0.158522
0.301828
0.198219
-0.227953
-0.316315
-0.290604
0.156011
0.189715
0.081991
0.128443
0.529975
-0.395014
-0.472143
0.212428
-0.315247
0.449662
-0.087935
-0.261213
-0.572897
-0.034215
-0.426028
0.238524
0.298090
0.120026
-0.060291
-0.481535
-0.411785
-0.483132
0.272729
-0.401044
0.357028
-0.152143
-0.303642
0.057515
-0.350000
0.252298
-0.365766
-0.222428
-0.099198
0.227514
0.525855
0.316126
0.348134
0.100834
-0.451375
0.249899
0.378568
-0.060029
-0.227179
-0.470220
0.014332
-0.291724
-0.437006
0.233986
0.276285
0.085796
0.074569
0.726853
-0.162529
-0.291332
-0.138273
0.556313
0.192527
0.263684
-0.225866
0.274299
0.197130
0.375258
0.174109
-0.098818
-0.395655
-0.183198
0.128543
-0.328091
-0.382218
-0.414384
-0.198880
0.377863
0.457431
0.231970
-0.236617
0.271253
-0.355363
-0.068255
-0.110385
0.630827
0.894502
-0.247221
-0.437046
0.416080
-0.597695
0.258769
0.049405
0.131752
-0.200685
-0.185921
0.223253
-0.222921
-0.164957
0.301132
0.341576
0.380236
0.133707
0.591968
0.138220
0.350653
0.438618
0.330810
-0.282677
-0.344791
-0.713250
0.070649
-0.363642
0.266979
-0.026413
-0.008695
-0.224028
0.097151
-0.174129
0.522771
0.505026
-0.158674
0.117425
0.337162
-0.396803
0.260679
-0.672172
-0.318548
-0.439902
0.029221
0.286833
-0.333981
-0.058679
0.192598
0.213628
0.117102
-0.180461
-0.453248
-0.021641
0.279173
0.387106
-0.289530
0.301160
0.035271
-0.162395
0.204530
-0.223821
-0.062675
-0.116488
-0.484661
-0.107301
0.556952
-0.885765
0.372324
0.273639
0.169462
-0.194982
0.082289
-0.156927
-0.363847
0.164298
0.683618
0.025396
-0.158986
0.268360
0.260884
-0.139795
0.745899
0.109227
0.153587
0.175544
-0.464114
0.040598
-0.626494
0.212567
-0.357443
0.203065
-0.352221
-0.123837
0.192858
0.600125
0.220558
0.264443
0.094962
-0.145680
-0.520391
0.119330
0.205429
0.027025
0.088290
-0.269729
-0.230299
-0.259506
0.033184
-0.103866
-0.152176
-0.492560
-0.294259
0.154809
-0.159598
0.321156
0.588330
0.152199
0.316460
0.475373
0.141987
-0.526848
0.128783
0.415485
0.116244
-0.080624
-0.003673
-0.220074
-0.304554
0.360595
0.234681
0.462728
0.355553
0.177305
-0.562438
-0.722720
-0.051828
-0.219057
0.173204
-0.247085
-0.441678
-0.026716
0.292009
-0.302512
0.401729
-0.456888
-0.092540
0.747330
0.201703
-0.420297
-0.033451
0.602594
0.225434
0.696311
-0.265991
0.044372
0.124474
-0.113042
-0.359545
-0.045945
-0.326388
-0.239745
0.454802
-0.360296
-0.424586
-0.351652
-0.390817
0.093632
-0.510446
-0.160637
0.202024
0.451962
0.050197
-0.113474
0.165620
-0.009790
-0.026210
0.040124
-0.010903
-0.026024
-0.454512
0.576432
-0.237955
0.197558
-0.269807
0.476476
0.140526
0.008388
-0.284244
-0.503690
-0.181551
-0.272111
0.250684
0.333646
-0.119900
0.071257
0.481050
-0.676193
0.048101
0.565094
-0.445921
0.111940
0.003936
-0.468705
-0.034043
0.248580
0.164637
-0.425279
0.333778
-0.278988
-0.332481
-0.399363
0.174187
-0.533007
-0.415430
-0.351863
-0.368932
0.143313
0.050647
0.051379
0.426644
-0.050444
0.025238
0.148920
0.513109
-0.407867
-0.276192
0.140255
-0.083258
0.182556
-0.082176
-0.052979
0.033255
-0.015769
-0.357074
-0.300023
-0.110986
0.153458
-0.300268
-0.157644
-0.086171
0.350182
0.170503
-0.326915
-0.376544
-0.490947
-0.223736
0.343891
-0.147019
-0.623750
-0.013532
0.108017
0.078217
0.279514
-0.549677
-0.518989
0.221086
-0.603652
-0.313314
-0.074605
0.011789
-0.114671
-0.098521
-0.512040
0.357055
0.674292
-0.198185
-0.048158
-0.300570
-0.070773
-0.398643
-0.476649
-0.465942
-0.190982
0.394188
-0.061044
0.026692
0.531391
0.474486
-0.256714
0.008590
0.148450
-0.463036
-0.314530
0.524753
0.360757
0.273020
0.451255
0.203092
-0.222950
-0.038297
0.155010
0.596634
0.348122
0.430621
-0.028234
0.100735
0.328371
0.380254
0.047402
0.050720
0.135170
0.267808
-0.093521
-0.293494
0.048351
0.027466
0.409702
0.307914
-0.427820
-0.071341
-0.402751
-0.141965
-0.326583
0.023116
0.559408
0.326582
0.170181
0.226839
-0.337977
-0.105108
0.486806
-0.179913
-0.357531
-0.145287
0.041937
0.471299
0.533527
0.243147
-0.449574
0.341161
0.301112
0.039405
-0.399040
-0.428991
0.312188
0.237336
-0.429134
0.466308
0.475205
0.129143
0.240040
0.091561
-0.119226
0.388862
-0.625841
0.586942
-0.189947
-0.415704
-0.350626
0.336480
-0.020161
-0.242991
-0.151557
-0.170049
0.009963
-0.515615
0.627753
-0.210801
0.095565
-0.571010
-0.374305
0.117618
0.100337
-0.047535
0.330035
0.165855
0.374804
0.484344
0.033235
-0.128790
0.338214
0.394901
-0.083093
-0.143313
0.282766
-0.004494
-0.234650
0.232353
-0.489929
-0.402730
-0.466325
0.036549
-0.106573
-0.103850
0.528739
0.599886
-0.037791
-0.130155
-0.463361
-0.220034
0.113477
0.332316
0.236206
-0.089513
0.140541
-0.181214
-0.134903
0.044206
0.065909
0.315058
0.779077
0.157053
0.096526
-0.331583
0.285504
0.049436
0.047733
-0.460689
0.244809
0.235856
0.326285
-0.752965
-0.540301
-0.283550
0.144252
-0.472193
0.389253
0.173182
-0.156584
0.270169
0.342610
-0.554714
-0.453418
0.254201
-0.051852
0.301516
0.495818
-0.102864
0.564041
-0.323257
-0.248028
-0.672608
-0.089954
0.369950
0.022970
0.550981
-0.136133
-0.630919
-0.504696
0.383698
-0.313064
-0.159992
0.185180
-0.245161
-0.289190
0.225253
0.002407
-0.471909
-0.103809
-0.845495
-0.025622
-0.259448
0.460937
-0.098634
0.022649
-0.120357
0.241826
0.155557
-0.374884
-0.669852
0.019690
0.148574
-0.496385
0.102554
-0.239714
-0.080032
-0.408769
-0.428853
0.009296
-0.300061
-0.515298
-0.254838
0.299371
0.233137
0.015263
-0.091479
-0.351048
0.019453
-0.119916
0.390399
-0.029699
0.294719
-0.216239
-0.099217
0.194846
0.230582
0.246823
0.064550
-0.528464
0.090365
0.192012
-0.497725
-0.317246
-0.100042
0.369040
0.427742
0.062378
-0.355881
0.484535
0.179879
-0.176574
0.595880
0.405841
0.207150
-0.159899
-0.312080
-0.190422
-0.608362
-0.307188
0.487897
-0.573394
-0.050470
0.284649
-0.545596
-0.422892
0.394506
0.104211
-0.116119
-0.417619
0.530182
-0.563770
0.258478
0.373077
-0.098868
-0.325820
-0.291024
0.151813
0.156294
-0.361341
-0.301333
0.714197
0.198506
-0.508157
-0.518239
0.157226
-0.062674
-0.467333
0.133516
0.014116
-0.458339
0.621676
0.141857
-0.410451
-0.004772
0.639492
-0.451947
-0.080688
0.341537
0.036985
0.151860
-0.575794
-0.672401
-0.216660
-0.293579
-0.302757
0.273221
0.161387
-0.465755
0.453800
0.372720
-0.448017
0.185719
-0.234169
-0.343909
0.313189
-0.301233
-0.029112
-0.283997
0.233184
0.452750
-0.201071
-0.302598
0.035659
-0.363118
0.008135
-0.092678
0.045184
0.662944
-0.087091
0.031556
0.109952
0.449819
0.196831
-0.157674
0.076219
-0.254004
-0.002390
-0.406806
-0.071628
0.563839
0.249648
0.223110
-0.251850
-0.503382
0.171540
0.050080
-0.221017
-0.536782
-0.015867
0.212380
-0.041558
-0.433325
0.384471
-0.157791
0.287197
0.407150
0.235016
-0.033860
0.227475
-0.360984
-0.165226
-0.075517
-0.349306
0.317475
-0.312933
-0.088578
-0.219930
0.484902
-0.308016
-0.443357
0.555371
-0.308222
-0.254206
-0.227218
-0.249166
0.176672
-0.131288
0.311078
0.637497
-0.009821
0.632250
0.387909
0.519634
-0.371590
0.065561
-0.139827
0.379750
0.386661
0.087337
0.299881
0.169400
0.427174
0.338176
0.300682
-0.018887
0.180979
0.404141
-0.150923
0.427939
-0.282084
0.425369
0.218879
-0.277486
0.231651
-0.002378
-0.021019
0.061307
0.177295
-0.028713
