0.135103
-0.478290
-0.246308
0.138801
0.527334
0.733634
-0.483816
0.374967
-0.118233
0.195237
-0.020492
-0.099002
-0.181393
0.419778
0.164235
-0.510250
-0.422638
0.520642
0.148327
0.150811
-0.506495
0.006161
-0.492878
0.331351
0.459201
0.336810
0.102810
-0.291001
-0.286471
0.759438
-0.065497
-0.181928
-0.109589
0.036098
-0.568380
0.455485
-0.453427
-0.373515
-0.339781
0.005770
0.217608
-0.364387
-0.215879
-0.318799
0.394256
-0.401312
-0.143413
0.505796
-0.085969
0.502185
0.169462
-0.025878
0.250252
0.266422
0.143973
-0.296714
0.101987
0.226000
0.308595
-0.309690
-0.227748
-0.308720
-0.384749
-0.409556
0.393761
0.578797
-0.288402
0.108411
-0.216534
-0.160734
-0.179916
-0.130609
0.159880
0.336559
0.457686
0.076507
-0.129186
-0.469186
-0.481925
-0.209636
-0.313495
-0.329530
0.105357
-0.170546
0.328694
0.120763
-0.167120
0.060487
-0.178713
0.023964
-0.045387
-0.474421
-0.260766
-0.408089
0.170978
-0.224400
0.312582
-0.343041
-0.026425
0.203088
-0.014159
0.218174
0.372231
-0.191433
-0.122571
-0.552461
0.685745
-0.210606
-0.080893
-0.421607
0.152512
0.050610
0.477557
-0.087296
-0.084225
0.317242
-0.191436
-0.147446
-0.066236
-0.078590
0.290970
0.474613
0.597738
-0.584848
-0.643383
-0.002579
0.023645
0.203081
-0.090932
0.028400
0.155385
-0.359916
-0.094902
0.399935
-0.188336
0.220195
0.050059
-0.334217
-0.483131
-0.182813
0.050075
-0.006193
-0.302491
0.036942
0.284453
-0.183942
-0.673160
0.199267
-0.325267
-0.357239
0.047816
-0.345856
0.001943
-0.022592
0.011637
0.014533
-0.332624
-0.112009
-0.202581
0.236480
-0.245743
-0.039264
0.321621
-0.369289
0.081461
-0.384727
0.252377
-0.082210
-0.111390
-0.442540
-0.084892
-0.227223
0.349530
-0.516073
0.671075
-0.141305
0.554960
-0.057357
-0.026344
-0.016218
-0.126694
0.326696
0.256251
0.183711
-0.351648
-0.261508
-0.166758
0.560491
0.515199
0.088428
-0.409050
-0.054930
-0.161060
-0.302143
0.244656
0.469724
-0.288452
0.324538
0.255595
-0.034306
0.050123
-0.104966
0.147099
-0.506109
-0.312714
-0.125267
-0.093962
0.295655
-0.012298
0.342410
0.236113
0.558687
-0.173794
-0.004981
0.338848
-0.273565
0.070740
-0.221612
0.331748
0.255900
-0.455801
0.698808
0.666869
-0.016262
-0.566374
0.213639
-0.523340
-0.417897
0.044595
-0.592720
0.221886
-0.040944
0.551481
0.067715
-0.114299
-0.616109
-0.187213
0.155154
-0.460213
-0.257859
0.450035
0.162380
0.069624
0.100570
-0.164120
0.344532
0.299908
-0.029790
0.071297
0.187717
0.725219
-0.445596
0.143421
-0.173624
-0.259576
0.172137
0.082051
0.193150
0.292538
0.291556
0.034052
0.033683
0.452806
-0.358030
0.689035
0.098586
-0.667462
0.233440
-0.512133
-0.197198
-0.003550
0.209509
0.341185
-0.303654
-0.158773
-0.148863
-0.205123
-0.013641
-0.314281
-0.333140
0.520084
-0.426677
-0.137775
0.164022
-0.227255
-0.360051
0.101159
-0.116289
0.045595
-0.165692
-0.763297
-0.080803
0.246963
-0.425895
0.196331
-0.091676
-0.312957
0.102158
0.029569
-0.244468
0.273994
-0.279251
-0.477811
-0.278098
-0.231811
-0.137340
0.217459
-0.048748
0.201938
-0.342774
0.461355
0.067007
-0.382206
-0.172017
0.481354
-0.356676
0.415940
0.063704
0.259350
0.453850
-0.159302
0.124866
0.187014
0.268947
-0.099272
-0.442974
0.483504
-0.131984
0.071615
-0.408607
0.056325
-0.277105
-0.226229
-0.013484
-0.122544
0.001607
0.140083
-0.235554
0.391158
-0.022988
-0.231602
-0.029799
-0.236924
0.124830
-0.310723
0.447701
-0.229465
-0.098547
-0.450420
-0.234559
0.221456
0.235708
-0.602572
0.032402
0.511919
0.457398
-0.773071
0.413841
-0.343470
0.210502
0.385380
0.682424
-0.039392
-0.060258
0.133737
0.536674
0.320881
-0.114178
-0.005809
0.124117
0.071430
0.292776
-0.055006
-0.365169
-0.148443
0.265133
0.295689
-0.304729
-0.069021
-0.088326
-0.392672
-0.468819
-0.210699
-0.129751
0.241449
0.396433
0.276230
-0.164403
0.018769
0.179409
-0.077377
0.219057
0.063909
0.227357
-0.083035
-0.325784
-0.139377
0.313322
0.447149
0.067253
-0.365846
0.250237
0.261015
-0.024877
-0.336437
-0.547248
-0.228663
-0.214109
-0.038190
0.227870
0.225004
-0.337759
0.603336
0.482321
-0.069406
-0.255650
0.089408
-0.784136
0.297410
-0.226582
0.159529
0.414566
0.071751
-0.086756
-0.086586
-0.161336
0.106810
-0.082159
-0.298247
-0.340675
0.464235
0.112429
-0.478187
-0.376020
-0.061990
0.018039
-0.765801
0.541703
-0.062259
0.416152
-0.174732
-0.051132
-0.091290
-0.166565
-0.415511
-0.183140
0.178438
0.026109
-0.258969
0.590112
0.066124
0.331637
-0.190118
0.464247
0.043611
-0.131237
-0.020830
0.113862
-0.217124
0.248782
0.088492
-0.598189
-0.325772
0.106748
-0.319311
-0.345452
0.335247
-0.136665
0.209975
0.101752
0.026237
-0.173120
0.719523
-0.085894
-0.351357
0.357785
-0.068940
0.224701
0.084188
-0.207634
0.011786
0.191828
-0.179843
0.284032
0.557106
0.184285
-0.230529
-0.037713
-0.573802
0.191984
-0.133887
-0.258450
0.707511
0.208500
-0.468743
-0.168967
0.117110
-0.385933
-0.448321
0.837625
0.077325
0.072025
-0.148388
0.410911
-0.474811
-0.311265
-0.044802
0.163546
0.410272
-0.419728
0.431179
0.133314
0.020602
0.494169
0.406204
-0.386287
0.034041
-0.302002
-0.408513
0.001166
0.313253
-0.680499
0.050355
0.231622
0.473063
0.590156
0.303233
0.445133
0.157333
0.339794
-0.330746
-0.296626
0.146308
-0.279838
0.212034
0.285857
-0.344242
-0.254101
-0.238993
-0.439264
0.051321
0.445167
0.476549
0.438391
-0.326318
-0.169867
-0.424458
-0.246428
0.429913
0.578278
-0.125354
0.542096
-0.281175
-0.110095
0.182321
0.431459
-0.252279
-0.530612
0.422718
-0.369293
-0.160330
0.123906
0.273398
0.439070
0.014156
-0.031287
0.277596
-0.389720
0.161541
-0.126419
-0.298338
0.414222
-0.398499
0.036315
-0.274678
0.393004
-0.623489
0.115627
-0.361610
0.254055
0.182827
-0.247005
-0.535620
-0.094536
-0.280563
-0.162143
-0.303413
-0.239189
0.580586
0.516048
0.246746
0.154835
-0.102849
0.199998
0.193255
0.202423
-0.017925
-0.405050
-0.105749
0.150470
-0.153679
0.095347
-0.290814
0.312447
0.468122
-0.379114
-0.150417
-0.125643
0.541020
0.184887
0.125895
0.063437
-0.093759
0.561581
-0.268295
-0.268214
0.472338
0.234543
-0.027994
0.546794
0.235591
-0.083800
-0.522200
-0.442465
0.078643
0.364242
0.119138
0.461089
-0.617668
-0.527387
0.061485
-0.207610
0.197496
-0.175570
-0.523095
0.329936
-0.438922
0.167642
-0.610979
-0.074860
0.294588
-0.234104
-0.044075
-0.135408
-0.051639
-0.031076
-0.158887
0.248737
-0.317901
-0.064765
0.376025
0.427853
-0.259632
-0.487828
-0.216686
-0.184135
0.135294
-0.088367
-0.389024
-0.463779
0.401791
0.402754
0.310499
-0.166500
0.046979
-0.315825
-0.493217
0.046312
0.013412
-0.670585
-0.385428
-0.324949
-0.062058
0.447646
0.322419
-0.550181
-0.052672
0.538687
-0.289781
0.078544
-0.029452
0.201512
-0.140031
0.939805
-0.351568
-0.226729
0.316862
-0.398288
0.517419
0.354958
-0.063886
-0.196941
-0.352699
-0.428008
-0.192543
0.540704
-0.268565
0.009585
0.182046
0.591711
0.595814
0.490152
-0.157481
-0.300728
0.373204
-0.437071
-0.456765
0.337805
0.608098
-0.044576
0.009967
0.600391
0.345599
-0.062933
-0.221779
-0.634755
0.138221
0.133060
-0.300622
0.422316
-0.374237
0.073779
0.250474
-0.272983
-0.055909
0.069325
0.133439
0.784744
-0.330635
-0.024138
-0.267159
0.448155
-0.008455
0.096260
-0.057489
-0.533135
0.373741
-0.182327
-0.566868
-0.059940
-0.247812
-0.740055
-0.030313
0.331949
0.010124
-0.209398
-0.083214
0.106495
0.560771
-0.030848
0.085772
0.278718
-0.472244
-0.693986
0.214672
-0.411542
0.244376
0.014702
0.189829
-0.398278
0.581379
-0.102615
0.403973
0.417055
-0.242883
-0.057074
-0.199734
0.079462
0.365140
-0.436920
0.127614
0.545646
-0.086717
0.235679
0.498083
-0.545806
-0.163012
-0.431182
0.093336
0.338100
0.463703
0.520524
0.387465
0.285831
0.148189
-0.348030
0.177611
-0.057390
0.184990
-0.454256
0.052307
0.319437
-0.269596
0.481765
0.093715
-0.334762
-0.169801
0.466016
0.290948
-0.452219
0.653900
-0.168470
0.414666
-0.340405
-0.246980
0.119846
-0.720779
0.374973
-0.279210
0.194661
0.000534
0.364054
0.440166
0.034808
-0.156597
0.333295
