0.093257
-0.098079
0.587817
0.039323
-0.294390
-0.490837
-0.208876
0.529831
-0.040380
0.111638
-0.150435
0.092879
0.035146
-0.019374
0.164694
-0.066674
-0.133958
-0.098660
0.292695
-0.405843
-0.066606
-0.388015
-0.265637
0.109412
-0.059076
-0.540046
-0.239494
-0.010154
-0.397138
0.016585
-0.174968
-0.455362
-0.452869
-0.040887
-0.249009
0.081924
-0.007657
0.271834
-0.051229
-0.200291
-0.108338
0.296179
-0.655085
-0.265235
0.216162
-0.299262
0.459800
0.051636
-0.102556
-0.362555
0.765211
-0.376774
-0.030456
-0.528928
0.236365
-0.169554
0.158957
0.026213
-0.075262
0.568606
0.012541
-0.468918
0.523070
-0.155665
0.095978
-0.631226
-0.434283
-0.314857
-0.421604
-0.567543
0.067018
-0.284387
0.226070
0.108312
0.403686
-0.040179
-0.491900
-0.432693
-0.425204
-0.320919
-0.503062
0.339432
0.369107
0.350790
-0.296222
0.026929
0.475079
-0.375448
0.130456
-0.157630
-0.104965
-0.758574
0.087242
0.422112
-0.554300
-0.639231
-0.375892
-0.061051
0.106322
0.152442
-0.354324
0.218729
0.004475
0.230220
-0.178741
-0.109008
0.336206
0.241876
-0.344349
-0.365162
0.431186
0.594437
0.019568
-0.051351
0.218491
0.003575
0.419710
0.190700
-0.477361
-0.336287
-0.635334
0.235461
0.031289
-0.141393
-0.276205
0.592684
-0.126471
-0.051892
-0.003804
0.258733
0.046092
0.061365
-0.112807
0.152576
0.050696
0.050048
-0.142391
-0.361397
-0.391964
-0.129955
0.316035
-0.039409
0.485969
-0.143074
-0.571440
0.428759
0.380318
-0.055024
0.347128
0.327156
0.130564
-0.238024
0.359932
0.075112
0.399069
0.488255
-0.395232
0.409092
0.102621
0.349689
-0.018105
-0.087451
0.403657
-0.258083
0.378623
-0.192416
0.267504
0.108633
-0.329783
-0.262316
0.182675
-0.239504
-0.045551
-0.458324
0.408860
-0.724365
-0.208156
0.035442
-0.018298
0.374795
0.099146
-0.280981
0.361416
0.260353
0.028916
-0.202175
0.163055
-0.025646
-0.102012
-0.148540
0.124949
-0.200315
-0.220682
-0.282469
-0.258729
-0.009037
0.029448
0.111540
-0.031788
-0.489336
0.030530
0.131356
-0.718677
0.192039
-0.318587
0.745162
-0.370823
-0.386108
0.214987
-0.204349
0.482593
-0.249867
0.746042
0.013530
0.508629
0.003918
0.132132
-0.178875
-0.072169
0.316897
-0.395338
-0.367240
0.187266
-0.327962
0.233743
-0.548864
-0.404246
0.168942
0.031111
-0.287667
-0.045397
-0.098180
-0.914236
-0.479358
-0.137848
-0.119771
0.344117
-0.277357
-0.589392
-0.132427
-0.196181
-0.451840
-0.429966
-0.184298
-0.539447
0.162682
-0.313517
-0.412302
-0.441408
0.122332
0.006898
0.232756
0.428046
0.397637
0.354377
0.120637
-0.202678
0.221498
-0.304341
0.155488
0.050341
-0.580476
-0.323686
-0.306586
0.355285
0.309682
0.245945
-0.337944
-0.257058
0.035512
-0.259687
-0.428313
0.472676
-0.070966
0.620014
-0.154843
0.331297
-0.106177
-0.472904
-0.360079
0.371077
-0.708139
0.318043
0.007638
-0.277317
-0.265252
-0.251794
0.257585
-0.348475
-0.033290
-0.531873
0.066502
0.371030
0.299823
-0.132146
0.041104
0.029683
-0.182273
-0.528907
-0.131645
0.161559
-0.194210
0.080579
0.300419
-0.231811
0.393879
-0.014746
0.361106
0.045210
0.476699
-0.211508
-0.150690
-0.325236
-0.314286
-0.450583
-0.132879
-0.117511
0.115584
0.316732
-0.024176
-0.598925
0.462916
-0.067580
-0.140085
0.487217
0.363550
0.314520
0.392487
-0.072977
-0.475693
0.443420
0.324497
0.124425
0.542897
-0.265260
0.174206
0.174861
-0.082174
-0.180840
-0.025408
0.197668
0.479728
-0.036926
0.253859
-0.335690
0.268875
0.271044
0.245769
-0.528640
-0.402815
-0.270813
-0.332722
-0.120672
0.012367
-0.199846
0.255943
0.393663
-0.286956
0.241715
0.019570
0.243813
-0.271860
0.119161
-0.326284
0.227121
-0.398887
0.289212
-0.185094
0.471860
-0.555388
-0.602037
-0.277768
0.028604
-0.059961
0.538374
0.168365
0.263965
-0.321699
0.002139
-0.417433
-0.323468
0.308285
-0.202685
-0.344037
-0.631012
0.117121
-0.086889
0.549982
0.392538
-0.265833
-0.169023
-0.263855
-0.547985
0.263303
0.348244
0.327762
0.305690
0.365830
-0.027132
-0.060426
-0.168303
-0.299878
-0.107777
0.078402
0.451579
0.047595
0.222826
-0.424486
0.459087
0.421489
0.219140
0.512301
-0.617560
0.427896
-0.558873
0.000262
0.265375
-0.080811
0.430679
-0.117991
-0.172688
-0.233487
0.508965
-0.184189
-0.133975
-0.030202
0.331244
-0.534024
-0.412649
0.384649
-0.169960
0.142570
0.050149
-0.001840
-0.052188
-0.067219
0.142128
0.044949
0.139119
0.365329
0.242975
0.298516
-0.076739
-0.406752
0.412911
-0.150971
-0.114498
-0.167534
-0.298498
0.129660
0.094727
-0.012172
0.195021
-0.122213
-0.266755
-0.291200
-0.439743
-0.474207
-0.444368
0.315062
0.358974
-0.331090
-0.355785
0.071579
-0.278990
-0.190706
-0.043747
0.236364
0.555282
-0.117163
0.142618
0.375747
-0.575027
0.028833
0.035816
0.357785
-0.570444
0.288531
-0.171399
-0.100438
0.072597
-0.059413
0.299851
-0.072408
0.482649
-0.065745
-0.000457
0.586173
0.415828
-0.427303
0.225368
-0.234846
-0.672851
0.570625
-0.291684
0.089930
-0.175160
0.315761
-0.603426
0.503872
-0.426984
0.171182
-0.207504
-0.531261
-0.247379
-0.009518
0.329115
0.503757
0.316010
0.432077
-0.465618
0.070183
-0.318795
-0.109938
-0.397990
0.233084
0.228878
-0.504342
-0.121933
0.421148
0.042823
0.103488
-0.418232
0.153163
0.084603
0.276636
0.219382
0.108713
0.002811
0.128204
-0.026599
-0.195735
-0.120263
-0.388122
-0.219657
-0.128634
-0.141956
-0.325135
-0.042011
-0.350184
0.135468
0.273273
-0.064392
-0.747613
0.043949
0.183724
0.311847
0.250564
-0.485293
0.462755
0.343528
-0.647221
0.081382
-0.335291
0.293194
0.389370
-0.186966
-0.334850
0.191028
-0.156899
-0.238279
-0.127137
0.400924
-0.151784
-0.561208
0.284506
0.079252
-0.345233
-0.005941
-0.006835
0.041570
0.459580
-0.086653
-0.005334
-0.493975
0.444457
0.070882
0.246614
-0.362039
-0.412780
0.755671
0.563748
-0.188829
0.486204
-0.475209
-0.242945
-0.148469
0.397507
0.091033
0.078777
-0.119345
0.343031
-0.357273
-0.582862
0.105031
0.320256
0.290196
-0.484854
0.437314
0.179173
0.261766
0.328926
0.215597
0.283080
0.197447
-0.281310
-0.323991
0.296796
0.651889
0.364034
-0.118172
0.343692
0.288732
0.511533
0.201078
-0.439715
0.438739
-0.187325
0.323797
0.186970
0.144544
-0.219025
-0.143355
-0.789916
0.222289
-0.298075
0.636600
0.371200
0.415560
0.034481
0.217124
-0.037569
0.362509
-0.257903
0.231686
0.009120
-0.268424
0.283762
0.256561
0.283946
-0.494872
-0.685355
0.460797
0.608924
0.069365
-0.158302
-0.100258
0.003758
-0.054910
0.177450
0.709392
0.176823
-0.129806
0.082223
-0.514209
0.508148
-0.028816
-0.182012
0.401714
0.759625
-0.315109
0.265783
0.048792
0.273141
0.065858
-0.275848
0.343184
-0.096148
-0.238937
-0.758308
-0.036699
0.126796
0.076497
0.139102
0.405978
-0.028124
0.437928
0.258032
0.388536
-0.044490
-0.245527
-0.004799
-0.322110
0.013752
-0.427627
-0.520449
-0.007043
0.482503
0.302416
0.268362
-0.130998
0.275997
0.180896
0.181919
0.029560
-0.062516
-0.003052
-0.128776
-0.331987
0.340730
0.315954
-0.117144
0.097626
-0.416269
0.007402
-0.277339
-0.098701
-0.134494
0.218342
0.278871
0.102362
-0.150480
0.184317
0.549040
-0.038720
0.434594
0.252802
-0.158829
-0.467887
-0.662706
-0.393664
0.337815
-0.387020
0.101905
0.464037
-0.195090
0.178501
0.369484
0.164580
-0.608269
-0.249358
0.663909
0.451984
0.255190
-0.404563
-0.212506
0.402742
-0.204837
-0.098892
0.146810
0.106093
-0.210422
-0.058357
-0.225231
0.056419
-0.264865
0.415476
0.097283
0.461641
0.497387
-0.297792
0.047059
0.186092
-0.264995
-0.325776
0.048691
0.200989
-0.376283
0.095298
-0.352017
-0.309588
-0.200669
-0.627148
-0.231182
0.130068
-0.143617
-0.008899
0.171205
0.404568
-0.015457
-0.499709
0.472931
0.580787
-0.367004
-0.207897
0.158091
-0.421914
-0.489609
-0.084992
0.101529
0.379713
0.040534
0.285196
0.310861
-0.217273
0.028429
0.343172
0.751546
-0.292025
-0.621118
-0.237932
0.087943
-0.409167
0.239605
-0.328612
0.380170
-0.462261
-0.116965
0.127387
-0.358749
0.560544
0.231486
0.295387
0.024327
-0.224039
-0.054423
-0.465438
0.130382
-0.046223
0.385272
-0.269606
-0.030015
0.072142
-0.493058
0.289063
0.404311
