0.227469
0.495078
-0.031301
0.144755
-0.102100
-0.427425
-0.029517
-0.023363
-0.118455
0.431889
0.252145
0.092879
-0.184629
0.639701
-0.558302
0.204931
-0.423417
0.266672
0.263654
0.517703
0.331012
0.205689
-0.425106
-0.226386
-0.059076
0.316106
0.427708
0.146391
-0.432076
-0.496829
-0.172050
0.167313
-0.341844
-0.050499
-0.271610
-0.045393
-0.235442
-0.234174
0.329795
0.234295
-0.022015
0.232336
-0.131984
-0.113450
-0.433429
-0.527758
-0.255467
-0.169010
0.275130
-0.555825
0.298408
-0.097199
0.312399
0.391855
0.242436
0.453170
0.467057
0.733425
-0.018046
0.509781
0.048395
0.297577
0.523070
-0.195719
-0.543504
0.361303
-0.179700
-0.285115
-0.335749
-0.282648
0.083612
-0.022949
-0.037908
-0.381105
0.096191
-0.162650
-0.437003
0.073468
-0.182563
-0.270171
-0.254464
-0.089916
0.369107
-0.013581
-0.578365
0.026929
-0.164969
0.494593
0.259740
0.116410
0.085302
0.293869
-0.635414
-0.014283
0.415078
0.007744
-0.415532
0.794525
-0.596746
-0.253124
0.605773
-0.227281
0.372231
0.230220
0.005528
-0.031654
0.261166
-0.289162
0.031999
-0.238244
0.407606
0.570538
0.052259
-0.040497
-0.264758
-0.081343
0.267845
0.026547
-0.111521
-0.326469
-0.497520
0.474613
-0.477972
-0.272565
0.119301
-0.107887
-0.126471
0.319594
0.560742
-0.050534
0.468251
0.188909
-0.352491
0.214258
0.314811
-0.181672
-0.469283
-0.275294
0.025196
0.223178
-0.477773
-0.171651
0.195097
0.180686
0.004792
0.428759
-0.389172
0.208651
0.364558
0.374603
-0.404136
-0.255707
0.616972
0.094529
-0.022660
0.418519
-0.339202
0.106688
-0.488468
-0.280471
-0.159036
-0.414783
0.993895
0.370022
0.309904
-0.200685
0.012999
-0.362880
0.565510
-0.224608
0.308859
0.323937
-0.095321
-0.087807
0.179056
0.437790
0.397722
-0.351692
0.369457
-0.222459
0.090019
-0.229246
0.033821
-0.199002
-0.080229
-0.492854
0.194699
0.305268
0.471045
-0.341537
-0.078932
-0.242785
-0.220682
-0.170552
0.369060
-0.086324
-0.265015
0.130900
-0.032446
-0.570494
0.487421
0.210086
-0.347300
-0.065003
-0.463535
0.449707
-0.370823
-0.544133
0.214987
0.314564
0.264934
-0.247833
-0.122669
0.338056
0.483464
0.559461
-0.251123
0.432972
-0.169865
0.051738
-0.065528
-0.050186
0.370512
-0.181310
0.323103
-0.455131
-0.143788
-0.390256
-0.019837
-0.115771
0.495777
-0.117178
-0.858181
-0.528213
-0.224145
-0.035575
0.033650
-0.124395
-0.513605
-0.351243
0.061140
0.144158
0.541457
0.030103
-0.513443
0.371079
0.480990
0.329512
-0.218695
0.180069
-0.245521
0.093296
0.428046
0.355582
-0.075655
0.379585
0.168741
0.325103
-0.304341
0.718657
0.337748
-0.625372
-0.323686
0.027872
0.531610
0.082287
-0.437374
0.585664
-0.305393
0.702491
0.056440
-0.645034
-0.287552
0.180943
0.076750
0.237724
0.063650
-0.028312
0.250159
-0.073884
0.003867
-0.403125
-0.013664
0.066201
-0.192431
-0.355162
0.271332
0.364608
0.702951
-0.141535
-0.182991
-0.279304
0.308797
-0.602153
0.578418
-0.014387
-0.142984
0.067112
-0.427261
-0.257206
-0.688152
-0.146941
-0.374923
-0.059150
-0.124482
0.464673
0.069667
0.361106
-0.252268
-0.538216
-0.211508
0.331826
-0.403879
-0.306546
0.099835
-0.749009
-0.154430
0.134675
-0.085461
0.473559
0.283965
0.386760
-0.447283
-0.226009
-0.454424
0.363550
0.118229
0.048717
0.195147
-0.422819
0.003497
-0.473203
0.026733
-0.370946
-0.027799
0.099993
-0.402971
-0.471052
-0.390054
-0.090628
0.036405
0.321964
-0.203868
0.253859
-0.115934
-0.482453
-0.080777
0.016748
0.098966
-0.299596
0.654489
-0.286758
-0.460183
-0.125494
0.304299
0.234558
0.092737
0.286687
-0.301492
-0.090029
-0.003318
0.268061
0.425728
-0.111328
0.093534
-0.673321
0.582110
0.228263
0.194598
-0.149132
0.345283
-0.334157
-0.226413
0.255094
-0.137034
-0.501427
-0.587757
-0.419252
0.396937
-0.613311
-0.020524
-0.028725
0.135596
0.313336
-0.039311
-0.069326
-0.105872
-0.300762
-0.236416
0.163226
0.191847
-0.187496
0.287103
0.127835
0.272619
-0.365520
0.391047
-0.525035
0.019769
0.346462
0.110325
-0.355882
-0.251715
-0.449040
-0.229478
-0.074292
0.358161
-0.294854
0.459087
0.402316
0.051396
0.587712
0.113977
0.257864
-0.398235
0.072889
0.254752
-0.209345
0.423540
-0.270566
0.176029
0.558544
0.084158
0.360649
0.804169
-0.486541
-0.591502
-0.121108
0.637053
-0.782574
0.063165
-0.324419
0.132226
-0.451576
-0.052188
-0.039309
0.246899
0.354369
-0.153237
0.363095
0.453721
-0.288514
0.131505
-0.482229
-0.309307
-0.392302
-0.143212
0.125033
-0.298498
-0.191728
0.665761
0.327576
0.382100
-0.179513
0.426653
-0.334646
-0.087507
0.101741
-0.103019
0.252447
0.274120
-0.036612
0.366748
0.116172
-0.319347
0.627061
-0.144908
-0.464519
-0.765707
-0.125183
-0.450343
-0.276688
-0.066030
0.153156
-0.473387
0.332174
-0.180891
-0.115303
-0.277161
-0.294066
-0.564698
0.047423
-0.097653
0.188882
0.516774
0.260689
0.058275
-0.139645
-0.348029
0.058082
-0.301234
-0.427149
-0.387783
0.281291
0.282390
-0.068958
0.633634
-0.513650
-0.138606
-0.144201
0.363792
0.086222
-0.214634
-0.172284
-0.428365
-0.127078
-0.529778
-0.332457
0.410272
-0.338894
-0.091079
0.154990
0.010217
0.192906
-0.006089
0.294987
0.228878
0.046907
-0.136572
0.477266
0.553904
0.103488
-0.418232
-0.194748
0.355066
0.152205
-0.639154
0.388446
0.337434
-0.310010
-0.245556
-0.091522
-0.481695
-0.185939
0.276405
-0.036986
0.250199
0.177548
-0.041664
-0.120294
0.446908
0.273273
0.506722
0.449277
0.815274
0.491956
0.295017
-0.183180
-0.485293
-0.094899
-0.083140
0.046003
-0.636908
-0.189592
-0.335109
-0.223336
0.049979
-0.807055
-0.538804
0.077749
0.319303
0.249350
0.052741
-0.201373
-0.369694
0.297012
-0.532989
-0.369840
-0.327817
-0.436199
-0.429653
0.201041
-0.114242
0.036344
0.635124
-0.366354
0.129377
-0.376296
0.357698
-0.060146
0.407529
0.565918
0.303707
0.154397
-0.134586
-0.330416
0.003073
-0.247706
-0.715328
0.247096
0.561738
-0.361731
-0.142537
-0.487171
0.316210
-0.040559
0.229052
-0.283145
0.356275
0.300740
0.261766
0.298805
-0.382708
-0.384035
0.693236
-0.457240
-0.405467
0.396486
0.329971
-0.375794
-0.377195
0.284852
0.040610
-0.304982
-0.230779
-0.215942
0.407819
0.253463
0.070038
0.338283
-0.278141
-0.294837
0.036637
0.155793
0.004518
-0.489926
0.636600
-0.205172
0.314388
0.034481
0.401818
-0.554892
0.073238
-0.562408
-0.558122
-0.300933
-0.110550
-0.253175
0.335623
-0.049833
0.375277
0.074803
-0.514670
-0.215264
0.027876
0.385299
-0.100258
0.257172
0.271727
-0.464727
-0.037782
-0.498855
-0.328401
-0.617557
-0.084295
-0.634127
0.219508
0.053486
0.268226
0.533911
-0.346936
-0.046785
0.249186
-0.514080
0.300440
0.248279
-0.647136
0.256895
0.024926
-0.833634
-0.352559
0.073357
-0.011956
0.156086
-0.114679
-0.251018
0.003692
0.067879
-0.096908
0.300680
-0.126974
-0.197014
-0.277692
-0.357448
-0.427627
-0.140370
0.343940
-0.396000
0.194881
-0.217110
-0.508029
0.181452
0.182141
0.213955
-0.058271
0.101129
0.061100
-0.109882
0.044848
-0.466625
-0.055750
0.340770
0.018892
-0.456067
0.279868
0.279829
0.419490
-0.134494
0.116686
-0.389057
0.130594
0.150740
0.184317
-0.402907
-0.463702
0.369427
-0.360845
0.538894
0.569344
-0.029232
0.019251
0.196636
0.013397
-0.014464
-0.233460
0.498720
0.189669
-0.466910
0.180078
-0.266347
-0.061251
0.482627
-0.429863
-0.182776
-0.413587
0.151806
0.221262
0.405460
-0.593783
-0.655977
-0.088477
0.607346
-0.338959
-0.458560
-0.191608
0.578024
-0.234097
-0.404941
-0.440279
-0.455068
-0.297792
-0.243080
-0.491650
0.486812
-0.275583
0.408781
0.188731
-0.340580
0.031719
0.106509
-0.248177
0.101603
-0.194623
-0.670323
0.429103
0.251405
-0.214545
-0.277287
-0.390808
-0.103453
0.296346
0.091757
-0.146247
-0.486227
0.439116
-0.030368
-0.483507
0.509610
0.341887
-0.304614
1.006281
-0.568811
0.434222
-0.292154
0.241466
-0.456157
-0.159346
0.431765
-0.314318
-0.040503
0.335175
0.302238
0.055621
0.146284
-0.539836
0.432015
-0.462261
0.261192
-0.142452
-0.837910
0.116990
-0.551539
0.453111
0.430017
-0.385577
0.296239
-0.452739
0.035389
-0.278363
0.231512
0.175230
0.548564
0.499574
-0.166717
0.179394
-0.028713
