-0.117287
3.327732
-4.522690
-2.771335
-2.817084
1.409926
-3.620551
0.622677
-1.695972
0.776966
-1.294812
-1.045433
-1.312382
-2.323760
-3.067468
-0.482338
5.535960
-1.178622
-0.833904
-0.847536
2.400846
0.867389
-0.151331
-0.904457
-3.211424
4.935842
-2.139677
2.758112
-0.417145
2.262288
-5.121613
-5.678931
0.059578
0.365838
0.158399
0.569568
-1.222388
-0.048900
-3.639319
-0.073741
-3.889371
-0.933658
2.514355
-0.742930
-1.469195
-0.539372
-11.665595
0.253423
12.480432
-0.495475
0.416848
-0.046607
-0.335326
0.138524
0.202700
-0.016949
-6.085335
0.292184
2.794312
-2.693742
0.790697
0.371129
-2.636815
4.297998
2.541580
1.261597
-3.701171
-0.887517
-1.399992
3.661844
0.779540
-0.876818
-1.293313
-1.641343
-0.792517
-0.181475
-2.359909
-0.795494
0.879211
0.159650
-1.133076
-2.294651
-3.929242
-0.347231
-5.448381
-1.778563
-9.208340
-1.189965
2.989156
-2.724992
-0.057982
-2.031819
1.552424
0.183079
-1.373514
6.193881
-6.851595
-2.781647
-2.571692
-1.919979
-2.945244
-1.499564
3.674808
0.318855
-0.148764
-0.790596
-0.278185
2.612516
-0.152653
-3.066831
-2.203521
1.994816
1.900658
-3.325140
0.565994
-6.232967
0.417593
0.967458
1.843569
0.811155
7.406681
2.368398
-2.067460
0.878308
7.189122
1.808921
0.551922
1.729071
-2.600063
-1.391430
-2.583352
-2.635818
-0.349575
0.932116
3.243820
0.765769
-2.665710
-0.969884
-3.003185
-0.460854
3.788271
1.597209
-2.773682
-2.980913
2.375224
3.334932
-3.235328
-0.367659
2.770458
6.168454
3.244933
-0.634306
2.183484
-0.622354
3.420826
1.866658
1.010070
1.616436
7.955392
2.923090
0.007922
-3.358291
5.353535
-2.971953
-1.034476
-1.007426
0.832939
4.369767
-1.951331
1.210163
0.574580
-0.621051
3.115727
6.579213
-2.173750
-1.845660
2.422427
-1.818619
2.037587
4.584250
-1.119221
3.104583
0.560262
1.723966
-2.046711
1.369623
1.018093
-1.113546
-0.414021
1.112040
1.460499
1.901205
3.407935
-0.640924
-5.915616
-0.585828
3.648115
0.711698
-4.590472
1.203630
4.730488
-2.893039
-2.996540
-2.698577
-4.214689
1.847374
-2.523930
-2.846754
-0.384766
2.363915
0.794346
4.204114
2.571371
4.919235
-3.257547
-5.287048
-2.925031
2.037043
-3.119800
0.088746
4.910759
-1.305781
-4.747127
-3.680289
-0.984240
-7.135397
3.855549
-5.476680
-2.901652
0.182309
-3.680493
4.976203
-7.500527
-0.816618
-5.665297
-2.761678
1.153753
2.782391
-2.446444
4.664127
-1.917256
-0.506943
-0.615890
-0.512780
-4.683343
4.558723
1.800644
-10.104288
-2.119607
-2.163412
2.589613
3.009144
-0.392849
0.051637
4.436095
3.489773
2.289485
0.487605
-2.275480
-0.786290
2.932497
-1.052352
7.216509
2.626915
-8.587438
0.251671
-5.575702
5.682813
0.071259
-2.650232
-4.803365
0.342692
1.745995
4.795936
3.447327
4.773148
-4.711823
-0.938308
-3.448786
-4.826984
-2.911927
-4.047993
6.772401
0.013507
0.023303
-3.638046
4.236739
0.137860
1.186780
-0.223362
-3.307929
3.831296
2.180812
5.416625
2.499775
2.850388
-1.010398
1.640410
-0.114782
3.203974
14.566110
2.345918
3.584377
-0.217288
1.237920
-0.744260
-2.061994
2.524014
-3.210208
0.098298
0.403970
2.813262
-5.216842
-0.758861
0.398923
-2.064323
2.130956
-2.265589
0.522869
1.960549
0.348553
0.698389
-1.380586
-3.017252
-6.675813
1.443311
-6.019705
3.684012
-2.715060
0.779288
0.677912
-1.277479
-8.750842
5.436411
4.513533
-0.609351
-2.646263
-3.179690
-1.879068
-2.687303
2.245552
-1.687388
0.970591
1.660840
-1.240354
4.243196
0.828300
1.571910
0.496766
3.989527
-4.477321
-0.122335
-1.502897
-5.456807
-2.394550
-0.674273
4.971597
3.404310
4.122354
-4.727489
-1.387198
-2.525058
1.600057
-2.206930
3.025985
1.006008
1.892505
6.229395
-4.863278
1.739191
1.643622
-2.566118
0.711700
3.337983
5.131570
-2.364170
0.479521
-3.195346
-1.817806
-2.389762
3.216449
1.399319
1.956524
-3.919570
-2.166951
2.322594
-1.239937
1.588951
-0.733471
-2.220031
-4.913013
-0.707992
0.373583
0.481860
-7.443532
1.390470
-0.829634
1.126382
-5.833269
-2.893223
0.626230
3.244979
-3.365266
-3.551263
1.967333
0.426001
-6.692407
-1.674880
1.562944
-1.391774
-1.254881
-0.055312
-0.562560
-3.080759
-8.198700
4.790071
5.268141
4.606208
-0.917430
1.876194
0.867945
5.713105
2.066172
-1.051429
-4.614948
-5.947165
-7.930676
-3.083955
-6.886658
-1.531472
2.377504
0.924081
-4.259096
9.349592
2.763174
-9.187848
-0.177577
-2.651860
-2.154882
2.602353
2.967925
-1.679398
0.913073
4.018274
1.887043
0.210537
5.470848
-2.461720
1.046636
-2.382134
2.554858
0.540904
4.510968
0.429042
-2.625493
-1.709971
3.865241
-3.350218
0.002773
1.348395
3.021164
-3.397937
4.472754
-4.747294
-2.400914
-2.992768
5.937223
-4.387486
0.045697
-2.241614
-1.886693
-3.777362
-4.437707
-1.130272
-1.155934
1.127952
-1.578736
-1.837143
5.004733
-2.237157
-0.382569
-1.651078
5.320675
0.083191
-7.039680
3.103561
-1.608397
5.584869
-0.835698
1.292699
-0.442402
3.713548
1.964302
-1.086868
-5.852850
1.801407
1.455525
-0.023252
2.738251
-0.448649
-3.349563
1.883509
0.362983
2.701895
0.564117
-2.697969
-1.170404
4.673065
3.548126
2.129655
1.227926
-0.148757
-0.717752
2.198513
6.672326
-1.155149
1.248649
1.458797
1.871920
4.736537
1.471670
3.078735
3.012147
-0.286796
-3.914549
-0.850563
-3.850408
-2.649285
3.748747
5.197905
-1.428745
1.517018
4.708571
-2.010521
7.340518
2.049553
-5.780596
-2.400892
-4.728123
1.160722
-3.964849
-1.442163
-8.575828
-4.645342
-1.671993
0.964393
-4.877314
3.140593
5.043377
-1.854776
-5.836968
2.406553
-4.859181
-9.658446
2.439045
4.770665
-6.134959
-0.768817
2.135844
-0.935947
5.344276
-0.129406
-2.751675
4.262654
-1.114046
2.481974
-3.614823
2.170116
2.231091
0.370988
-0.871284
3.308468
2.139557
-6.012876
4.139095
-1.019186
1.406919
-3.353453
-0.533114
-1.038650
-0.701804
2.439475
-0.709694
-0.470658
2.432828
-1.737440
-9.752870
-0.899564
-3.561677
-3.735129
-6.102915
-0.983675
-2.435761
4.651521
0.712184
4.121500
-4.607053
0.860159
-0.293676
1.428493
-5.889730
1.292099
0.457266
0.357908
-1.978815
3.074572
3.490916
2.301925
-1.355620
2.007415
2.299558
1.084369
0.944302
0.681469
-0.155044
-0.174255
-0.481204
0.030449
-2.984301
-5.776472
-4.667266
-2.275304
2.416310
4.522879
-1.505049
1.318872
-0.666473
-1.774418
-2.702425
-0.379270
2.842811
-0.390062
4.433055
-3.588810
-4.934901
1.908857
-0.038787
-1.881510
-1.192632
-1.725691
0.366375
-0.573708
-0.326698
7.821953
-2.834674
-1.295079
3.524734
-1.885616
1.007570
-2.844839
-1.934286
4.921503
0.476411
3.459824
-0.058459
0.343328
-1.534486
-2.607231
-1.029208
1.747426
9.563802
-0.208516
2.309433
-1.177138
-1.859330
-0.188349
-2.106487
-0.602178
-0.700328
-1.438474
2.195981
4.522603
-2.845225
3.214659
3.138173
2.767293
4.325961
5.255259
-2.867492
-6.517939
2.404297
1.938637
-1.196281
-3.583018
-2.223675
4.061581
-3.731017
-3.443830
3.342608
2.119777
-8.253544
0.748614
1.756626
-1.056166
2.040435
3.424521
5.091281
2.031548
6.208219
3.154473
-3.511423
4.913689
0.053078
-6.600324
2.884425
-1.276805
-1.250594
-2.259405
-4.928224
-2.048834
1.905389
-0.783851
-4.428132
3.925673
1.657890
2.617059
-3.365611
-7.343003
7.579406
-0.798052
-3.429056
3.252599
4.361606
2.866036
-0.465402
-3.390162
4.171967
-4.120310
-4.853554
2.758091
-1.017049
-7.722134
0.226702
-0.159929
0.273382
-1.027776
11.377802
-0.797748
2.121023
4.640750
-1.565637
-1.037729
1.916513
-3.583932
-1.937951
2.940841
-4.033995
-3.231323
-2.855198
-1.313264
5.658097
6.247584
2.251218
-2.540908
-1.185913
-0.098695
0.914325
2.125685
-3.204987
0.172953
4.414552
-0.445998
2.582199
2.663086
-2.247720
-5.048693
2.074004
2.003276
-1.556884
-1.002817
-5.228404
