0.377157
-0.223113
-0.040771
0.139157
-0.330321
0.052587
0.155899
-0.138436
-0.202314
-0.134946
-0.514378
0.118777
-0.015628
-0.414154
-0.537676
0.516204
0.326907
0.531821
0.201802
-0.453352
0.093081
-0.300408
-0.006435
-0.077648
0.160880
-0.235747
0.799948
-0.099576
-0.670644
-0.245149
0.342697
-0.744890
0.391226
-0.249791
-0.178130
0.046965
0.544586
0.317438
0.012858
0.140562
0.135044
0.042756
0.168865
-0.022632
-0.410924
-0.017958
0.190392
-0.648724
0.013242
0.304130
0.300971
-0.031192
0.624649
-0.329068
0.108060
-0.303273
-0.345499
0.198089
-0.278649
-0.376412
0.422594
0.339215
0.270480
0.158044
0.002625
0.307768
0.348608
-0.301944
0.139678
-0.281886
0.388192
-0.118164
-0.247765
0.388038
0.200195
0.115793
-0.131384
-0.190295
-0.246451
-0.056954
-0.234141
0.101196
0.369736
-0.325962
-0.298914
0.003196
0.215010
0.565724
-0.484728
-0.125773
-0.476860
-0.171968
0.445695
-0.028808
-0.598154
-0.229091
-0.431570
-0.507532
-0.487829
0.369912
-0.198519
-0.377279
-0.016286
0.242208
-0.212967
-0.601344
-0.262782
0.269911
0.415510
-0.423457
0.230448
-0.657547
0.237950
-0.154145
0.159215
-0.162923
0.051650
-0.003550
0.202515
0.454845
0.261404
-0.067691
-0.592376
0.298625
0.281476
-0.382929
-0.268875
0.100418
0.579189
0.258733
0.118307
0.270812
-0.378305
-0.132522
-0.437336
-0.251499
0.421643
-0.063899
0.469385
0.119032
-0.020501
-0.395655
-0.380940
-0.190392
-0.188374
-0.089384
0.636650
-0.041232
-0.109077
-0.233333
-0.218803
-0.576438
-0.131328
-0.126176
0.524995
0.586923
-0.148166
0.252328
-0.253721
0.392713
-0.423260
0.257377
0.187326
0.494062
0.140865
-0.034964
0.008474
-0.058030
-0.772958
0.206990
-0.415885
0.131342
-0.448420
-0.031559
-0.447536
-0.621406
0.341695
0.050768
0.357749
0.068299
0.228786
0.215717
0.254547
-0.565012
-0.344994
0.147967
0.032823
-0.556419
-0.057212
0.223597
0.233208
-0.279257
-0.251188
-0.499661
0.389471
-0.074934
-0.304929
-0.534315
0.414295
-0.246760
0.456663
0.659561
-0.290698
-0.145315
-0.496917
-0.266341
0.132567
0.035764
0.182117
0.546992
0.140882
0.241272
0.617596
-0.072326
0.591244
0.257246
-0.047323
-0.268158
-0.025152
-0.405479
-0.690556
-0.008129
0.399735
-0.480130
-0.566374
0.360054
0.653110
-0.361417
0.162926
0.077322
-0.487722
0.275960
0.386955
-0.309118
0.535612
-0.147320
0.399901
-0.300931
-0.013460
0.747092
-0.513095
-0.277137
-0.600555
0.285967
-0.686247
0.049611
0.244025
-0.458843
0.079367
-0.208388
0.634155
-0.454920
0.663100
-0.588387
0.421152
0.264931
-0.374180
0.201183
0.037541
-0.590846
0.502985
0.377291
-0.118058
-0.349341
0.088177
0.066351
-0.392811
0.320020
-0.271601
0.112518
0.507200
-0.286152
-0.311312
-0.192993
0.598494
-0.772740
-0.045308
0.397421
-0.300777
0.056304
0.092140
-0.361309
-0.542763
-0.148012
0.364645
0.030207
-0.660401
-0.350349
-0.385761
-0.294111
-0.081366
-0.414599
0.166496
-0.340484
0.514995
-0.141036
0.525095
0.059284
-0.099912
0.369837
0.187341
-0.383573
0.052165
0.073105
-0.077040
0.106902
-0.170879
0.036582
-0.582786
0.431185
-0.047870
-0.058358
-0.152440
-0.548922
0.094093
-0.134862
-0.050739
0.063704
0.392542
-0.031004
0.177615
0.506532
-0.135729
-0.569721
0.103703
0.042471
0.112229
-0.192451
0.467493
0.280148
0.201475
-0.545634
0.259713
-0.228621
-0.553606
-0.119542
-0.608395
0.527521
0.301459
0.300499
-0.548875
0.550440
-0.173760
0.346627
0.374257
-0.506323
0.250301
0.257439
-0.051386
0.254955
0.116669
-0.674543
-0.415492
0.317727
-0.081209
0.203633
0.033210
0.565285
0.401279
-0.027074
-0.034011
0.394624
-0.107435
-0.236392
-0.471718
-0.375759
-0.178581
-0.472418
-0.009363
-0.194410
0.366368
0.260284
0.380975
-0.572294
0.527669
-0.274941
-0.358885
-0.096636
-0.157914
0.268375
0.071719
0.457980
0.266548
-0.400852
-0.344554
0.130096
0.273213
0.114538
0.042382
0.211719
0.333318
-0.005415
0.163935
0.433977
0.429449
-0.109931
-0.148606
-0.092112
0.055713
-0.284084
-0.270395
0.339851
-0.163121
0.210708
0.708478
0.047187
0.370023
0.029535
-0.137804
-0.310954
0.102221
-0.289006
-0.282354
0.422913
0.099362
0.152793
0.203944
0.278642
0.525097
-0.226582
0.439044
0.514143
0.122684
-0.192890
0.190227
-0.025160
-0.107507
-0.420094
-0.235118
0.193518
0.239516
0.357900
-0.432795
-0.066350
-0.443681
-0.100463
-0.113743
0.401392
0.139119
0.578715
0.004927
0.414484
0.161026
0.538968
0.022567
-0.122885
0.054007
-0.627277
0.377586
-0.242251
-0.461748
-0.504165
0.379513
-0.481171
0.012609
-0.232114
0.321540
-0.014793
0.382992
0.270084
0.564832
-0.308275
0.318590
-0.281397
-0.123336
-0.463710
0.325919
-0.309158
-0.135204
-0.392936
-0.206263
0.383958
0.243928
-0.154988
-0.350619
0.070629
-0.305965
0.728374
0.177732
0.454400
-0.303607
0.096392
-0.018902
0.223946
0.315325
-0.519699
0.488166
-0.566270
-0.455974
0.056827
0.244001
-0.344987
0.013957
0.402042
-0.407983
0.512519
0.394774
0.042773
-0.210155
-0.503639
-0.409991
-0.208720
0.104059
0.547218
-0.496462
-0.219327
-0.186463
0.236809
0.056113
0.174528
0.319913
0.153725
0.101692
-0.450497
-0.301785
-0.477230
0.632630
-0.535522
-0.210177
-0.412812
-0.099897
0.176181
0.211390
0.303106
0.325516
0.250230
0.388728
0.415760
0.123142
-0.372263
-0.042777
-0.458599
-0.070019
-0.170354
0.025836
-0.699648
-0.333631
-0.439595
0.016685
-0.089836
0.171606
0.481353
-0.117090
-0.478590
-0.389453
0.331617
-0.264591
0.469406
-0.363208
-0.406313
0.191910
-0.556420
0.060336
-0.104514
0.121615
0.240138
0.352928
0.514177
-0.388044
-0.790231
0.437405
0.391706
0.184889
0.239189
0.547977
-0.416140
0.000101
-0.234287
-0.289565
0.560475
-0.367273
0.194172
0.412680
-0.228654
0.682343
0.434923
-0.161938
-0.547138
0.208249
-0.404988
0.331177
0.558142
-0.289957
0.304046
-0.306480
-0.310663
-0.487647
-0.401786
-0.164935
0.379759
0.313306
-0.060849
0.431916
0.336923
0.211685
-0.845481
-0.034318
0.537285
0.285635
-0.238122
0.247473
0.488273
0.038685
0.664877
-0.238679
0.552313
-0.735693
-0.019656
0.579936
-0.360173
-0.098634
0.448620
0.256111
0.223615
-0.373451
-0.079711
-0.647205
0.009916
-0.840491
0.187961
-0.425117
-0.402755
-0.080032
0.236824
0.111096
-0.372188
0.513100
0.094571
-0.163812
-0.261627
-0.165366
0.401062
0.227749
-0.334775
-0.458314
0.660547
-0.407529
0.219622
-0.025985
0.036441
-0.422140
0.586728
-0.118766
-0.494626
-0.000614
0.053294
-0.160113
0.168740
0.264758
-0.317157
0.199844
-0.047607
-0.075831
-0.312725
-0.269107
-0.276175
0.169836
0.335216
0.385208
0.057359
0.556903
0.223043
-0.319845
0.126305
0.233503
0.161085
0.596317
0.116453
0.164346
0.288049
-0.320469
-0.703871
0.176416
-0.411721
0.340715
0.115619
0.508807
-0.031990
-0.078280
0.384103
-0.368623
0.633422
-0.529373
-0.399705
-0.371261
0.275765
0.622899
-0.500940
0.194857
-0.146234
0.070993
0.146655
-0.107013
0.090200
-0.133342
-0.122533
0.472166
-0.159818
-0.257894
0.214950
0.009302
0.018519
-0.089812
0.201795
0.162308
0.018247
-0.956825
0.176426
0.607328
-0.024014
-0.018141
-0.226766
-0.154108
0.547052
-0.195076
-0.002324
0.410867
-0.369682
0.512929
0.263599
-0.438888
-0.043511
-0.448334
0.039083
-0.456454
-0.189868
0.508062
0.178392
0.241940
0.648745
-0.049605
-0.317901
0.117558
0.309453
-0.348737
-0.228071
0.019856
-0.325373
-0.428561
-0.488640
0.429701
-0.148473
0.111175
-0.009562
-0.275826
0.041525
0.355502
0.194818
0.272353
0.555926
-0.173084
0.018334
0.472701
0.188463
-0.022411
0.091505
-0.497249
-0.227419
-0.163765
-0.544002
0.018106
-0.532539
0.228023
-0.377990
0.141009
-0.092274
0.265751
-0.255025
-0.453008
0.067046
0.069083
0.328686
0.111928
0.039866
0.492159
-0.101151
-0.319717
0.256554
-0.043826
0.155843
0.471088
0.422511
0.682229
0.137781
-0.099266
-0.362469
0.108189
0.133060
0.372725
-0.003417
-0.077379
-0.533194
0.013770
0.651945
-0.230930
-0.257662
0.040300
0.005057
0.159993
0.493271
0.314004
0.277024
0.181082
0.095264
0.239976
0.424688
-0.490733
0.287476
0.436633
-0.004092
0.085821
0.182544
-0.199338
0.222991
-0.622054
0.273654
