-2.589315
1.760517
-1.662890
-1.252074
1.156796
-0.181660
-0.268145
-2.141525
2.084442
1.311789
0.719750
-2.238604
-4.826115
-2.210074
2.866945
-3.043061
0.622224
-2.081351
0.913815
2.315213
-0.865978
2.456905
1.464365
-1.046348
-2.025130
1.518447
3.289601
3.923848
0.728954
1.986720
1.100025
3.088970
-2.022289
-1.865992
1.444378
-1.318880
-4.462663
-1.945566
1.063422
0.607756
-0.903856
1.094609
1.974621
-1.725621
-3.855122
-1.983042
0.791428
-0.496039
-1.491366
-0.524400
0.944715
-0.867415
3.700937
2.559023
-2.329048
-0.824137
-0.257657
-0.709618
-2.754087
-1.853270
-2.244811
1.071514
1.506885
2.536710
1.620282
0.923715
3.765110
-0.354693
-3.938557
1.430215
2.279353
-0.019081
2.716662
0.305271
-0.704093
-2.015698
0.502388
0.315276
1.408728
-1.520679
1.342454
0.489036
-0.938546
-1.355178
0.822317
3.898103
-1.591104
1.025225
-0.531566
-2.781281
-0.488188
1.604882
-1.191506
-2.138672
-0.457683
0.616099
0.842836
2.440105
-0.154758
1.100464
-1.631162
-2.297271
2.325212
-0.203583
-1.684083
-1.199103
1.677098
-0.599546
1.867515
3.401566
-3.060490
-2.866482
-0.318356
0.835134
-3.104859
-1.145965
1.022829
-3.043726
1.990179
-1.987144
-1.616700
-3.769010
-0.603490
1.319871
0.276218
-0.329816
-2.159029
-2.508727
-1.848491
-1.397729
1.597283
-0.379835
2.047750
5.026088
-0.673232
-2.461093
-0.093606
-0.913039
-1.006023
2.212100
1.973990
-2.500353
0.273476
1.717233
-0.417269
0.776415
5.233682
-1.036940
0.016355
-2.022824
-0.801042
-0.056543
-1.182795
3.176667
-4.281807
-1.043536
0.972130
2.092005
1.046695
-0.420057
-1.725737
-0.982509
-0.712792
1.668197
-1.016200
3.991701
4.221937
-3.938582
1.110797
4.177234
-0.401563
-0.883380
-1.283655
0.118516
-0.548232
0.063735
0.682134
-0.133437
-0.692165
0.451908
-1.417064
0.699558
-0.357422
2.264253
-1.688367
2.243266
-4.040520
3.705045
-2.550567
-0.829916
-1.174065
0.756291
1.924376
1.124207
-1.078002
1.272781
-3.870897
1.164693
-2.358371
-2.637828
0.744169
2.361670
-0.160894
-1.251432
-4.704741
-0.800708
2.760890
3.010449
0.659542
-1.075925
1.460099
-0.810742
-2.712939
0.034386
-1.070398
-0.637267
1.384447
-0.494922
2.307556
-1.874217
-0.912247
-4.177819
3.676390
-1.371395
-0.708269
-0.298167
-4.760126
0.561262
-2.667638
-2.108938
-3.733325
0.747844
2.028293
0.061713
-0.113746
0.082850
-0.805927
0.262952
-2.877888
0.761492
-0.734788
0.700636
0.510365
0.657942
-0.047710
2.251880
4.274509
-5.083883
3.879458
0.178159
-1.990542
-0.257966
-1.960528
1.423302
-1.931054
-1.517689
0.556334
1.498955
-1.970421
-2.445537
-2.337744
-1.550268
0.448617
-0.508126
5.001260
-0.787899
-0.372768
1.269355
0.397709
3.253984
-3.204196
0.116355
-1.850390
-1.256966
2.779390
-1.202583
-0.160391
3.900841
-1.451664
-0.013039
0.499227
-0.888004
0.264450
1.046209
1.180012
0.526785
2.307734
-1.454709
1.762672
0.295949
-0.329782
-2.731363
1.296723
3.631391
3.640932
1.251018
0.701899
-5.231563
-4.359746
2.163030
-0.330321
-1.371538
1.294376
0.504384
2.962931
-1.576297
-3.210468
-1.329717
-0.151518
-0.739946
5.870483
-3.922581
-3.014409
-0.710584
3.601264
2.962255
0.573739
-5.785298
4.781575
-4.157051
-1.407052
-0.314180
0.322723
-1.225945
1.460052
-0.320906
-0.093471
2.349237
-3.167715
1.957742
-3.337811
-3.621088
-1.398613
-2.010923
0.421914
0.566379
0.316446
-5.370279
-0.016586
-2.789286
-0.553988
-1.326660
-0.054087
0.931934
4.648515
1.663896
0.009471
0.960432
-1.007208
-1.732723
1.464392
1.840560
-3.620702
-1.757406
-0.838814
2.624925
-0.907003
-3.789518
-2.251681
-0.597092
-0.105726
-1.207735
-2.771465
3.045470
0.210224
3.342016
0.799542
0.498410
6.022273
-0.212271
-0.489432
-0.467613
-1.288217
1.099738
-0.241044
3.037202
0.241844
-2.492725
1.239440
-0.162817
2.200581
-0.405929
-0.635310
-1.508654
-1.730765
-0.280600
5.575721
2.075352
2.579146
0.040918
-0.929022
3.166457
0.494355
3.008948
2.441622
-0.522591
-3.949447
0.738991
2.265957
3.934775
-1.716943
-0.621864
2.649425
-1.625725
1.760838
-2.189514
-0.579806
1.600257
4.113023
1.203298
-2.736769
0.124860
-0.345095
-2.744620
-1.617278
0.554628
1.381242
-2.448114
0.878917
1.547644
-0.218703
-4.437207
0.549029
2.600915
0.329134
-0.050198
2.129196
-1.794401
-1.316202
-0.835103
-2.289148
2.078811
1.992269
-0.508962
-2.961621
2.659663
4.579796
2.039063
0.084858
-3.651872
3.435428
0.625665
-0.728070
0.530295
0.994090
-2.136003
-1.816826
-1.607203
-0.027206
3.398493
-1.813068
1.331440
-0.747976
2.899136
1.369318
-0.476988
0.904446
-0.057395
-2.281129
1.394001
0.280369
-3.603161
-1.537534
-0.023578
0.364151
1.182071
-0.414461
1.169785
3.203556
0.303836
1.399597
-2.132056
-0.314142
-0.227853
1.354983
1.393071
-1.727185
1.121418
0.894153
-0.114886
1.190725
-0.043932
2.178924
-1.935251
1.302516
-3.174472
-1.631198
-2.602710
-2.424535
-2.563302
-1.154668
-1.912237
-0.821642
-1.202450
1.191917
-1.045710
2.851018
2.468613
0.280521
-0.358022
1.382925
-1.269299
-0.344788
1.012459
1.063000
1.463239
-2.299041
0.922481
1.520942
1.022047
0.972872
-1.083405
-3.367024
-1.221317
-1.102146
1.427627
1.716894
0.514917
1.196718
0.972192
-1.850600
0.001318
2.861635
-0.707985
1.103344
2.120801
-0.022974
-0.439628
-1.249558
3.365276
-3.666253
1.347761
0.964949
-0.942560
-0.080765
-1.437661
-2.699676
-4.042653
1.634405
0.997320
1.278163
2.604900
-0.017931
2.272493
-2.075391
2.219349
-0.716801
-3.080546
0.729753
-0.834533
-1.583645
-0.782838
-2.018605
1.135052
-0.215500
-2.584712
0.109429
-1.097534
-0.361169
0.515217
1.927345
-3.641798
-1.338550
1.591287
1.321199
-1.873345
-2.110321
-0.641460
-0.335031
-1.118010
-1.164947
-0.578896
2.000838
-1.861253
0.992348
1.515391
0.972891
-0.813980
2.236855
2.323986
-1.512577
0.996738
1.522580
-1.382123
2.374489
1.356117
-1.710059
-1.399923
2.111658
1.030377
-1.948181
-2.267770
-0.426177
2.527204
-1.276129
0.569793
0.951675
-3.902186
0.129699
1.596373
3.288912
-0.418063
-0.327880
3.143397
-2.024686
-0.257136
3.182920
1.116398
2.776767
1.902916
0.196484
3.990831
-1.144128
-2.596058
0.770258
-0.937737
0.484721
3.522779
2.467966
0.107313
2.743671
4.408607
2.507948
-0.660324
1.248671
1.653309
-0.986134
-3.534587
-0.578159
-0.817983
-1.677120
-1.278170
-2.332652
3.213802
3.070388
1.715534
1.910103
-3.078464
0.291207
-0.417481
0.113233
-1.774283
-0.250371
-0.315324
-0.991813
0.298154
1.144058
-1.786239
1.273292
-2.247017
0.446791
-1.579196
-1.265931
-0.901149
0.171107
-0.821672
-3.939086
4.838143
-0.025773
0.664901
-0.594030
1.257818
1.148322
0.928765
0.148871
-3.197930
1.410335
0.675664
-1.950344
3.628450
0.974579
1.757755
1.026181
-3.778539
1.330571
-0.967524
-1.747953
0.912477
-0.477907
-0.174623
3.751655
1.431787
-0.064000
1.361677
0.512818
-1.942986
1.559104
-0.065532
-0.745707
0.504737
-0.771317
-0.272664
0.790639
0.372720
1.331146
2.090174
0.364689
-2.121685
-1.774443
-2.809035
-0.067700
-3.114633
1.704848
0.014879
1.361422
-1.585367
0.377715
-2.485418
0.592540
0.537232
-0.738237
-3.105768
-1.445694
0.812620
0.032685
-0.334076
0.388855
-1.476643
-0.211700
-2.480233
-1.476267
4.027640
1.515781
-0.376015
-0.406174
-0.921252
0.064674
0.929280
-1.681001
-1.837227
0.471200
2.231480
-0.915016
1.754189
2.403782
0.024312
-0.384030
-0.681631
-2.655174
0.352968
-2.335614
-1.366037
-0.062328
-0.697443
-0.052249
-1.268737
-1.359355
0.152750
0.337138
-0.470706
1.661937
-1.613908
-2.061506
2.891506
2.866816
0.589215
1.414522
0.611884
0.483446
-0.926808
-1.347961
-1.950119
-1.502085
-0.506561
-1.760663
0.776371
-3.280373
-0.080386
3.483018
0.661824
-0.963237
