0.437832
-0.243158
0.011253
-0.046877
-0.623985
0.205714
0.026697
-0.238144
-0.215886
0.423884
-0.065906
0.119695
0.001601
-0.328774
0.033168
0.188531
-0.489183
-0.662876
0.237460
0.171304
0.295720
-0.147658
0.058976
0.771031
0.298183
0.357801
0.742733
0.532686
0.582386
-0.130761
-0.332428
-0.296078
-0.288481
-0.165194
0.812176
-0.086624
0.029296
0.507761
-0.092391
-0.392878
0.078234
-0.093052
-0.161710
-0.054355
0.121867
-0.304529
0.424513
-0.423473
0.180010
-0.357294
0.382393
-0.377008
0.119812
0.051259
0.354860
0.449100
0.315940
-0.169520
-0.488630
-0.456243
-0.046225
-0.363050
0.120466
-0.159990
0.008989
0.242118
-0.000513
-0.153733
-0.067441
0.515297
0.099198
-0.140791
0.032633
0.551564
0.253415
-0.256997
-0.036159
-0.048083
-0.347124
-0.261220
-0.124928
0.591932
0.062310
0.121821
-0.390366
-0.207252
-0.079780
-0.193320
-0.017183
0.309511
-0.169511
-0.296019
-0.301539
0.086928
0.139373
0.087205
-0.132703
-0.234029
-0.596385
0.247817
-0.445840
0.388295
0.235686
-0.127534
-0.402184
-0.211504
-0.532955
0.237862
0.156233
-0.279227
-0.173330
0.100012
-0.414407
-0.231230
-0.257365
-0.000009
0.263846
0.225807
0.469665
0.503412
-0.109957
0.091975
-0.065320
-0.067605
-0.168475
0.491432
-0.125152
0.295601
-0.058169
0.552484
0.336503
0.394585
0.169775
0.099620
0.840796
0.745764
-0.048310
0.524553
0.499611
-0.463658
-0.018512
-0.067932
-0.162453
0.285560
0.216584
0.321221
-0.041507
0.260275
0.256442
0.244205
-0.597694
-0.133276
0.156741
-0.090900
0.140776
-0.671966
-0.227147
0.300463
-0.424493
-0.499241
-0.619854
0.406741
0.786915
-0.344216
0.367462
0.555133
0.216702
-0.257688
-0.092540
-0.214064
-0.397650
0.046349
0.004948
-0.070448
-0.340228
-0.385039
0.601318
0.339984
-0.157984
0.222808
-0.167315
-0.440550
0.167410
-0.291363
-0.351648
-0.034539
-0.516252
-0.024353
-0.389671
-0.410507
0.415883
-0.200315
-0.206509
-0.113482
0.300844
-0.384010
0.029809
-0.656916
0.335202
-0.030371
0.545738
0.215517
0.209625
0.379602
-0.200582
0.274454
0.410025
-0.632893
-0.385754
0.314564
0.505381
0.290093
-0.107768
0.295929
-0.498969
0.449276
-0.500649
-0.345695
0.414404
0.531870
-0.333833
0.382361
0.368837
-0.029207
0.403608
-0.528671
-0.216295
-0.530381
0.105554
0.062551
-0.372467
0.426612
-0.273558
-0.204007
-0.171118
0.388253
0.154821
-0.195029
-0.170033
0.766554
-0.430683
0.656179
-0.536716
-0.136551
-0.289739
0.289060
-0.043120
0.041248
0.106931
0.127218
-0.143373
-0.026755
-0.256230
0.204804
0.273106
-0.342402
0.167973
-0.500092
0.506442
0.359283
-0.296188
0.350041
-0.433769
0.600342
-0.282288
0.057989
-0.457038
0.079948
0.510695
-0.372846
-0.474729
-0.291203
0.120214
-0.143538
-0.507789
-0.321012
0.222814
0.386664
0.515506
0.118620
0.028115
-0.431187
0.551077
-0.346550
0.603237
0.614660
-0.310404
0.107857
-0.278628
0.413431
-0.427247
0.217558
0.245758
-0.055102
0.474120
0.564785
0.350285
0.012986
-0.162663
0.077798
0.310789
-0.457124
-0.207034
0.413935
0.361470
0.663672
-0.020617
-0.151409
-0.592039
-0.257538
-0.211508
-0.538301
-0.456723
0.448898
0.233084
-0.428667
-0.343996
0.014643
-0.046397
-0.273279
0.319046
0.518807
-0.008229
0.241849
0.349412
0.215130
0.074865
0.372244
0.148328
0.016045
-0.495108
-0.658684
-0.022808
-0.006046
0.073158
-0.334866
-0.238751
0.110686
-0.128154
0.573310
-0.101777
-0.207826
-0.117916
-0.253199
-0.424431
-0.165392
-0.156571
-0.200733
-0.531874
-0.555632
-0.604141
-0.332722
0.669588
0.216224
0.098398
0.274355
-0.099213
0.387005
0.283696
0.168851
0.077003
0.160960
0.224663
0.615272
0.409192
0.007834
0.022003
-0.410244
0.040762
-0.304128
-0.000975
-0.616167
-0.155116
-0.276949
0.044747
0.153088
0.102738
-0.258062
-0.148956
0.256789
-0.068855
-0.261161
0.175397
-0.004671
-0.035819
0.165365
-0.015296
-0.058769
0.459986
-0.172914
0.338169
-0.573746
0.395262
-0.238623
0.100008
-0.059697
0.252238
-0.064425
-0.256481
-0.416094
-0.137446
0.330792
-0.357020
-0.127768
-0.266299
0.346443
0.327923
-0.503519
0.024599
0.411043
-0.152345
0.086391
-0.842396
0.092312
-0.541104
0.291437
0.014955
0.151294
-0.533990
0.145570
0.049049
0.324006
0.291932
0.220161
0.199876
0.215312
0.241101
-0.128444
-0.489330
-0.407100
-0.046043
0.295758
-0.325013
-0.388374
-0.431157
-0.219982
0.028295
0.395233
0.697716
0.737515
-0.217634
0.003154
0.430331
-0.371388
0.688465
-0.117492
-0.155463
0.009426
-0.104964
0.163630
-0.290553
0.391298
0.538454
0.265617
0.309805
-0.764713
-0.010012
-0.371728
-0.189114
0.329776
0.423002
0.166780
0.273429
0.196532
0.040090
0.454682
-0.109666
0.319206
-0.361744
-0.277253
0.283733
0.541935
0.409774
-0.304745
0.141247
-0.327737
-0.266214
0.534187
-0.127616
0.155829
-0.534692
-0.357096
0.238723
0.025961
-0.272827
-0.447763
0.454680
-0.007859
-0.572476
-0.203563
-0.386280
-0.366758
-0.095783
-0.247994
-0.302379
-0.210890
0.392331
-0.217956
0.207143
0.533340
0.244890
0.424442
-0.254034
-0.598260
0.729995
-0.330796
0.461228
0.209932
0.151574
-0.405584
-0.016998
-0.381703
-0.502999
0.386555
-0.381606
-0.340637
-0.336434
0.213304
-0.623702
0.594920
-0.168455
-0.428266
0.582097
0.076147
0.310658
-0.140644
0.826646
0.631081
0.147471
-0.120829
-0.465957
-0.157430
-0.059149
0.199194
0.309297
-0.521470
-0.113558
0.038323
-0.045572
-0.283850
-0.259973
0.438593
0.337215
0.518532
0.246415
0.095180
0.480826
-0.053410
0.060579
0.543852
0.295638
-0.384865
0.115566
-0.184396
-0.136637
0.274769
0.478334
-0.047360
0.348323
-0.237223
-0.247110
0.464964
0.591764
0.206652
-0.430294
-0.235482
-0.316034
-0.501143
-0.464354
-0.142726
0.603303
0.330952
-0.359452
0.037145
0.011381
0.430376
-0.275970
0.376676
-0.111313
0.299096
0.312214
0.565918
-0.477700
0.558674
-0.255310
0.102845
-0.302001
0.900745
0.104638
-0.169669
0.555757
0.276076
-0.313924
-0.502358
-0.585419
-0.858780
-0.041953
-0.362926
-0.094100
-0.017915
-0.225974
0.153467
0.368635
0.588314
-0.355377
0.462197
-0.154236
-0.180807
0.202676
0.503939
-0.513424
0.296504
-0.434094
-0.110129
0.079615
-0.583127
0.407633
-0.584939
0.299105
0.830945
0.432940
0.507964
0.144309
-0.281865
0.586703
0.264966
-0.378424
-0.447185
0.552900
-0.155613
0.288702
0.006111
-0.480099
-0.398807
-0.220952
-0.120429
-0.524704
0.366411
0.561009
-0.074860
-0.027342
0.135881
-0.450691
0.161886
0.388255
0.408224
0.797000
0.141636
-0.391805
0.405824
-0.158982
-0.026495
-0.017532
-0.251830
0.431964
0.390505
0.294389
-0.016737
-0.419148
-0.067998
-0.441290
-0.098410
-0.462287
0.492886
-0.152217
0.173431
0.324787
-0.277484
-0.050538
-0.369429
-0.300473
0.467024
0.270736
0.455131
0.424618
-0.642006
-0.153678
-0.012186
-0.288647
0.315220
-0.528413
-0.378913
0.147822
-0.487924
-0.075407
-0.395286
-0.063639
0.383056
0.480533
0.544869
-0.570889
-0.038235
-0.242027
0.090104
-0.140550
0.411452
-0.230278
-0.047669
-0.059624
0.137881
0.180067
-0.740555
0.186550
0.330037
0.222073
0.530001
-0.199260
0.407985
0.204267
0.343680
-0.428447
-0.255751
-0.282869
0.007292
0.367231
-0.569827
0.537829
-0.361901
0.373134
0.158396
0.142618
0.199668
-0.306803
0.124024
-0.148047
-0.333413
0.201842
-0.099288
0.277723
0.444941
-0.369174
0.258421
-0.195213
-0.047413
-0.534105
-0.245073
0.100844
-0.359686
-0.656213
-0.271271
-0.317093
-0.418735
-0.102790
-0.045438
0.529142
0.181898
-0.150318
-0.372425
0.763288
-0.211259
0.314743
-0.054525
-0.104798
0.644381
-0.300940
-0.437857
0.167314
-0.369784
0.243304
0.331442
-0.047588
-0.307543
0.441187
0.072415
0.438491
-0.022533
-0.276277
0.312922
0.033848
-0.297756
0.171252
0.054522
0.561544
0.031982
0.396557
0.191480
-0.310931
-0.463337
-0.550111
-0.192996
0.210242
0.426804
0.797764
-0.769750
-0.370809
0.425876
-0.088867
0.385935
-0.216534
-0.351540
-0.077176
0.458284
-0.143762
0.291795
-0.154993
0.411447
-0.029964
0.154755
0.055337
0.036561
0.246150
0.090163
0.554135
-0.375466
-0.587123
0.548018
-0.418888
0.352682
-0.807496
-0.382483
-0.422022
0.396324
-0.611061
0.400248
0.000861
0.311807
