0.370822
-0.491508
-0.344068
0.104465
-0.392475
-0.612514
0.215274
0.727299
-0.120359
0.335991
-0.060125
-0.353766
-0.277349
-0.309959
0.076754
0.396187
-0.181429
-0.448283
0.208414
-0.351180
0.177714
0.129486
-0.526234
0.296644
0.089146
-0.462352
-0.132998
0.037807
-0.354616
-0.024409
0.014169
0.032569
-0.460657
0.123366
0.029262
-0.668823
0.714545
0.011466
-0.068028
0.247501
0.165601
-0.438916
0.181169
0.494859
0.695860
-0.238802
0.555287
0.050244
0.160853
-0.348460
-0.139971
-0.260046
0.453116
-0.528289
-0.479346
0.093914
0.400299
-0.406399
0.310924
0.221006
-0.359617
-0.394002
-0.023007
-0.253833
0.328969
0.268438
-0.640768
-0.501998
0.224498
-0.451093
0.300450
-0.437367
0.515095
0.011648
0.559341
-0.245643
-0.035693
0.134090
0.001486
-0.506933
-0.263029
0.178257
-0.400685
0.195414
0.239228
0.317333
-0.390350
0.529841
-0.142496
-0.552755
-0.280104
-0.112816
-0.153132
0.040097
-0.493265
-0.608235
0.414735
-0.402782
0.443640
-0.428461
-0.282659
0.023560
0.233569
-0.270289
-0.112298
0.026273
0.077170
-0.375842
-0.123135
-0.423620
-0.254034
0.535659
-0.332974
-0.276730
0.398864
-0.109881
-0.200261
-0.404119
-0.037593
-0.196995
0.060411
0.152179
0.079407
0.142012
0.177307
0.312163
0.037115
-0.308105
0.457700
0.138647
0.090959
0.443861
0.171795
-0.401001
0.229446
0.197486
-0.230557
-0.298983
-0.368731
0.213890
0.076560
-0.260492
-0.198967
-0.240144
-0.102768
0.119436
0.605855
-0.565676
-0.111041
0.313690
-0.291820
0.457168
0.567640
0.655542
-0.473581
0.426221
0.022655
0.349964
-0.452160
-0.266171
0.097053
-0.386630
0.487007
-0.385595
0.137859
-0.276808
-0.038407
0.017039
-0.374794
0.345976
-0.163118
0.324797
-0.573044
0.481789
0.259595
-0.253034
0.707542
-0.032985
-0.057630
-0.279556
-0.394946
0.067317
-0.249996
-0.041331
0.203386
0.015815
-0.069569
-0.224028
-0.016967
-0.314664
-0.276851
-0.154186
-0.214226
-0.125836
-0.245580
-0.374483
0.140961
-0.498422
0.223614
-0.023335
0.787084
-0.281457
-0.337064
-0.464798
-0.617424
-0.029766
-0.326380
-0.357185
-0.205571
-0.026124
0.061551
-0.134373
0.165775
-0.420339
0.457036
-0.599210
0.247714
-0.239241
0.054186
0.556616
-0.210082
-0.496040
0.285077
-0.313056
0.029200
0.537033
0.263940
-0.669475
-0.238995
0.158601
0.737696
0.119327
-0.264764
-0.394603
-0.448839
-0.601050
0.029534
0.079983
0.019488
-0.108675
-0.470703
-0.652113
0.103786
-0.050809
0.623337
0.191744
0.115039
-0.334652
0.040343
-0.278255
0.127097
0.067802
0.124521
0.497976
0.193960
-0.124819
0.396577
0.557442
0.470780
0.512467
-0.067565
-0.603974
-0.255203
-0.360331
0.072084
0.179374
-0.495504
0.328959
0.405004
0.076749
-0.192378
0.478069
0.035998
0.437447
0.041515
0.531928
0.081863
0.325362
-0.030471
-0.318300
0.471047
0.535139
0.196754
-0.328840
-0.035441
0.024914
-0.236224
0.482075
0.216789
-0.176516
-0.166450
0.547504
-0.073866
-0.183166
0.602874
-0.197392
0.413287
-0.611527
-0.347368
-0.070401
-0.426494
-0.111008
-0.179637
-0.399085
-0.346614
0.314603
-0.208596
-0.448434
0.541381
0.376054
-0.186695
-0.109207
-0.467248
0.121942
-0.548034
0.289364
0.576134
0.098917
0.409574
0.398095
-0.082738
0.456413
0.477838
0.432832
-0.494513
0.547784
0.277184
0.223677
0.047926
-0.338771
0.249952
-0.120880
-0.395063
0.237582
-0.122544
0.246658
-0.259462
0.530248
0.627981
0.084555
-0.256793
-0.578983
0.331882
0.223157
0.257085
0.341529
0.077090
0.257146
-0.537737
-0.475460
0.211482
0.050809
0.481050
-0.151190
-0.199209
-0.041077
-0.146601
0.469406
0.392980
0.496885
0.549073
0.448726
0.169188
0.263197
-0.195573
-0.524662
0.531285
-0.282968
-0.008238
-0.761347
0.116002
0.528127
0.145560
0.466666
0.005103
-0.083772
-0.672995
-0.059151
0.013039
0.410594
-0.208817
0.278573
-0.158600
-0.111233
-0.135366
-0.170483
-0.011087
-0.270869
0.078505
-0.412445
-0.126056
-0.786010
0.351478
0.153458
0.221209
-0.236697
0.392992
0.583380
-0.123296
-0.340983
-0.190533
-0.135454
0.163484
-0.025788
-0.423521
0.081214
0.110054
-0.220237
0.066710
0.346313
0.285801
0.220911
-0.212391
0.038624
0.102631
0.185050
-0.375193
0.560450
0.432512
-0.295870
0.121479
-0.198522
-0.060962
0.156796
-0.028846
-0.259007
-0.362808
-0.347765
0.344503
0.198842
0.234781
-0.392911
-0.530747
-0.153515
0.331185
-0.309473
-0.152785
0.462507
-0.176760
-0.299934
-0.153121
0.346364
-0.358864
0.241940
-0.218694
-0.052876
0.004836
0.330440
0.122818
-0.550344
0.230364
0.157046
0.345171
0.328371
0.048080
-0.662085
-0.558494
0.101940
0.761649
-0.119270
0.174961
-0.570027
0.054338
-0.350767
0.333483
-0.074423
-0.126068
-0.349973
0.262804
-0.342066
-0.002340
-0.462073
-0.166841
0.288086
-0.587481
0.043592
-0.281921
0.039804
-0.176185
-0.074097
-0.474048
0.045209
-0.414531
0.271058
0.093428
-0.563535
0.499399
-0.259061
-0.390524
0.078443
-0.441410
0.055355
0.096270
0.245671
0.073299
0.139006
-0.174997
-0.372462
-0.138635
-0.424500
-0.494493
-0.108263
0.552976
-0.178295
-0.650783
0.424863
-0.319551
0.282872
0.324496
0.776218
0.299364
-0.090452
0.512848
0.112259
-0.370806
-0.143365
0.095702
-0.152073
0.117618
-0.306624
0.437274
-0.536779
-0.774374
-0.058260
-0.409877
-0.281717
-0.415589
-0.221306
-0.568619
-0.294604
0.208948
0.376775
-0.393573
0.199194
0.544574
-0.496337
0.175528
0.274832
0.074978
0.381685
-0.449720
-0.601475
-0.310089
0.376511
-0.414385
-0.580104
-0.027310
0.131014
-0.298480
-0.297023
0.159839
0.288840
0.594766
0.474343
0.036182
0.193497
0.424543
0.367742
-0.485557
-0.082251
-0.202757
-0.468739
-0.284743
0.404909
0.641699
0.179032
-0.091827
-0.238654
0.074381
0.535768
-0.518124
0.338539
0.516468
0.089067
0.353022
0.172841
0.323444
-0.169005
-0.415395
-0.381604
-0.174550
0.023876
0.427858
0.400646
0.040843
-0.330416
-0.186339
-0.110738
0.607179
0.601063
0.129187
0.062616
0.300617
-0.109819
-0.338733
-0.216848
0.155801
-0.415775
0.029250
0.119409
-0.180868
0.528901
0.050046
0.367968
-0.012827
-0.181650
-0.108811
0.431211
-0.449131
0.555697
-0.288304
-0.318132
-0.190454
-0.130262
-0.614050
-0.630070
0.540137
0.195495
-0.498998
0.044036
0.271529
-0.352571
0.002077
0.034586
-0.428853
0.367413
-0.543570
0.535206
-0.202556
0.016367
0.108821
0.266112
-0.117547
0.253948
0.268437
0.176348
0.459669
-0.384460
0.500608
0.115803
0.044151
0.248215
0.159984
0.572002
-0.108100
-0.412364
0.447846
0.021029
0.213201
0.214310
0.271897
0.070982
0.016619
-0.334115
-0.164853
0.285760
0.277819
0.071395
0.061671
0.456915
0.152254
0.309233
-0.379379
0.283569
-0.243582
0.671701
0.539686
0.354946
0.002532
0.071217
-0.278839
0.078672
-0.364774
-0.146264
-0.079285
-0.449836
-0.068037
-0.143885
-0.153516
-0.143793
-0.315947
-0.247785
-0.447444
-0.615696
-0.193054
-0.342607
-0.116262
-0.219536
-0.310009
0.076451
0.210601
-0.450419
-0.272372
0.204686
-0.248888
0.265118
-0.022558
0.002042
0.330087
-0.607002
0.528523
0.529681
0.384227
0.109527
-0.215494
0.539240
-0.336178
0.271475
-0.426963
0.170774
0.535169
0.178344
0.119286
-0.385917
-0.153140
0.619306
0.317447
0.133021
0.644180
0.166757
-0.271301
-0.701762
0.438914
-0.108554
-0.596860
-0.166275
0.002479
0.188612
-0.083699
0.608794
0.375147
-0.359567
-0.070366
-0.031524
0.707211
-0.251734
-0.267153
0.151891
-0.246377
-0.133979
-0.193432
0.076219
0.506572
-0.571387
-0.323374
0.073316
-0.200328
-0.281232
-0.371911
-0.161084
0.090805
-0.226825
0.132713
0.185335
-0.349145
0.438854
0.081363
-0.273063
-0.434226
-0.240554
-0.177366
-0.182114
-0.502442
0.137886
0.293965
0.192570
-0.183155
0.354815
0.163393
0.360615
-0.517721
-0.380703
-0.316850
-0.368542
0.249706
-0.018380
0.557592
0.555371
-0.026070
-0.400952
-0.177915
-0.308338
-0.018827
0.291323
-0.127883
-0.167530
-0.169087
0.343548
0.600866
-0.423560
0.045417
0.305976
-0.041090
0.609390
0.093715
-0.083637
0.363456
-0.146464
-0.120416
-0.596637
0.202102
-0.220898
0.112982
-0.164786
0.649683
-0.037934
-0.590343
0.358497
-0.588547
-0.733712
-0.235528
0.407739
-0.011147
-0.047111
0.305849
0.525260
