0.230851
0.106797
-0.235123
-0.100309
0.341027
-0.396388
0.062209
0.145581
0.391051
0.426129
0.013003
-0.151330
0.344030
-0.594713
0.008611
0.488072
0.071686
-0.335861
-0.275743
0.403386
0.211415
-0.199082
-0.640836
-0.286107
-0.415042
0.308568
0.232362
0.178139
-0.363689
0.029247
0.770877
0.291282
-0.524941
0.002766
0.134949
0.480623
-0.217067
0.551497
-0.425842
0.219826
0.244771
0.056513
-0.264301
-0.278330
0.119693
-0.411222
-0.227895
-0.154518
0.434745
-0.572269
-0.118297
0.004854
-0.247093
0.410415
0.086762
-0.342189
0.101987
-0.303544
0.233228
-0.060546
0.022232
-0.407783
0.191593
0.451565
0.096567
-0.036557
-0.668841
-0.003722
0.632902
0.394691
-0.057525
-0.400967
-0.090861
-0.283159
0.003505
-0.022061
-0.177127
0.006015
0.493965
-0.197283
-0.440794
-0.286218
-0.408674
0.202768
-0.250887
0.632549
0.113948
0.772539
0.130456
0.149216
-0.135219
0.335109
-0.052421
-0.242319
0.221151
-0.504957
-0.112933
0.402427
0.106322
0.178262
-0.234329
0.412023
-0.009524
0.258413
0.042444
-0.290739
-0.116500
0.102117
-0.339263
0.307901
0.237844
0.627976
-0.359199
-0.044520
-0.097541
-0.076034
0.260782
-0.316040
-0.123206
0.412116
0.292674
0.762697
-0.077002
-0.168558
0.053189
0.692614
-0.341767
0.003147
0.001085
-0.101274
0.148905
0.437900
-0.270859
0.344699
0.853762
-0.054973
-0.135150
0.199420
0.303127
-0.459563
0.503986
-0.254748
-0.082642
0.245289
0.383251
-0.069711
-0.035085
0.587798
-0.013419
-0.127345
-0.405641
-0.090352
0.140735
0.033907
-0.203867
0.553142
-0.222921
0.125510
-0.045273
-0.359607
-0.435627
0.120541
0.915356
0.239778
0.056798
-0.192691
-0.276162
-0.236425
-0.378315
0.015425
-0.349246
0.046956
0.056643
0.053366
0.238144
0.050010
0.394382
-0.567676
-0.459666
-0.432081
-0.078054
0.026259
0.023637
-0.371263
-0.180375
-0.158269
-0.338654
-0.266618
-0.150996
0.248263
0.450903
-0.109577
-0.368439
-0.217856
0.331337
-0.420318
0.597720
0.031714
0.127627
0.619834
-0.120685
0.315616
-0.717820
-0.006392
0.103138
0.487853
-0.273282
-0.036846
-0.347613
-0.307175
0.300022
0.095926
-0.365203
-0.309523
0.605424
0.108922
-0.125656
-0.229318
-0.002588
0.229437
-0.104035
0.183774
0.131484
0.114327
0.319529
-0.093329
-0.266665
-0.364935
0.069199
0.117075
0.026826
-0.511513
0.082474
0.191211
-0.171118
0.129811
-0.116655
-0.570357
0.260729
-0.070654
0.300893
0.141884
-0.317216
-0.128447
-0.449497
0.126607
0.106679
0.404470
-0.437933
0.121525
0.194967
-0.257762
0.222449
0.316538
-0.131948
-0.326387
-0.733092
0.412787
0.544665
0.067068
0.304939
0.225435
-0.215085
-0.450048
0.088177
-0.426029
-0.114969
0.551688
-0.190784
0.391897
0.238111
-0.271733
0.368684
-0.429031
-0.410166
0.067997
0.204945
-0.423983
0.487325
0.308889
-0.214521
0.182866
0.484811
0.093171
0.437758
-0.484098
0.036149
-0.360317
0.542729
-0.171480
0.392439
0.248799
0.350245
-0.800830
0.398928
-0.171593
0.291939
-0.307983
-0.564446
-0.210247
0.007252
-0.268974
0.419750
0.180617
-0.076292
-0.364186
0.140126
0.199884
-0.164377
0.385544
0.051541
-0.553716
0.110171
0.150757
-0.378681
-0.301907
-0.279983
0.083191
-0.133202
0.430147
-0.074054
0.111488
-0.470492
-0.035382
-0.168427
0.276968
0.219472
0.022002
0.202748
0.497186
0.124329
0.040218
-0.009728
-0.496063
-0.156873
0.119854
-0.501668
0.207818
-0.310584
0.437598
-0.799279
-0.227342
0.289066
0.369149
-0.122859
-0.373809
0.219420
-0.121310
0.300973
0.300275
0.035573
-0.397105
0.576125
0.285067
-0.156452
-0.344538
0.345702
-0.113911
-0.320619
-0.698760
0.010759
0.505042
-0.282811
0.121344
0.265045
-0.598866
0.278615
-0.622030
-0.030615
-0.080078
0.338259
0.082327
-0.473333
-0.495967
0.300152
-0.445468
-0.684709
-0.019684
0.015871
0.150238
-0.094533
0.523116
-0.289523
0.143499
-0.435298
-0.692248
0.439249
-0.367374
-0.468829
-0.094959
0.077526
0.238613
-0.383142
-0.794972
-0.016419
-0.376640
-0.214871
0.348890
-0.120546
-0.518828
-0.257079
-0.537422
-0.419609
-0.035054
-0.342869
-0.416700
0.147274
-0.183882
0.348175
0.521463
0.049646
0.405661
-0.290540
0.079328
-0.347475
0.312277
0.217073
-0.329574
-0.380771
0.300303
0.239026
-0.198522
0.111993
0.169106
0.695404
-0.268903
0.355135
-0.683072
0.540119
-0.036297
0.108629
0.090171
-0.512187
-0.125250
-0.346674
-0.326800
-0.243152
-0.513317
0.084772
0.212929
-0.361401
0.196912
0.125877
0.350581
0.221198
-0.190098
0.336221
-0.140933
-0.335523
0.354734
0.730341
0.371379
0.100810
0.411993
-0.067239
0.165727
0.098433
-0.474719
-0.605416
0.141687
-0.069206
-0.305165
0.179639
-0.055656
0.420087
-0.205370
-0.135823
0.094711
-0.096297
-0.579452
0.091757
0.441971
0.465593
-0.163965
0.592270
0.085776
-0.286085
0.184368
-0.086835
-0.027784
0.386623
-0.107381
-0.051699
0.131672
0.182665
-0.176878
0.669170
-0.513313
0.186125
-0.336127
-0.194375
0.525540
-0.092585
-0.150016
-0.197213
0.205370
0.204690
-0.199169
-0.055439
0.008291
-0.458288
0.175746
-0.302797
-0.164474
0.307628
-0.477438
-0.312153
-0.364101
-0.518101
0.639887
-0.077281
0.313933
0.185210
0.085684
-0.260532
-0.460938
-0.312931
0.176514
0.115871
-0.497658
0.396498
0.028370
-0.036810
0.425174
0.426230
0.065897
0.013064
0.391477
0.262808
0.210472
0.252071
0.468045
-0.390594
0.368940
0.124306
-0.650603
-0.402730
0.290515
-0.047259
-0.350584
-0.434701
0.638387
0.145555
-0.463849
0.544833
-0.146152
0.000201
-0.196275
0.351722
-0.251479
0.321699
-0.285042
0.465154
0.503781
0.008235
0.017436
-0.252809
0.650815
-0.335790
-0.067743
0.220434
0.142518
0.535560
0.036929
-0.564339
-0.324207
-0.545215
-0.434159
-0.060612
0.034248
-0.283550
0.456457
-0.205472
-0.199480
-0.512649
0.517462
-0.042445
-0.624359
0.272890
0.030779
0.354973
-0.145615
-0.320649
-0.141515
-0.338105
-0.199968
0.846102
-0.094669
-0.424606
0.365058
0.020401
-0.332800
0.353682
-0.408399
0.216804
0.346413
0.157577
-0.283145
0.341034
0.300740
-0.196325
0.265200
0.089257
0.400722
-0.471951
-0.184405
-0.108811
-0.380291
0.426755
0.358697
0.339557
-0.019691
-0.413268
0.359547
0.263868
-0.517864
-0.277306
0.039424
0.099649
0.407255
-0.278141
0.245979
0.232732
0.058853
0.141587
0.086226
0.118555
0.559360
-0.067922
-0.346173
0.364026
0.240551
-0.170620
-0.714891
0.243127
0.193183
-0.401004
-0.440180
0.187672
-0.082758
0.538194
-0.004802
0.214066
-0.141567
0.119547
-0.015930
0.268702
0.519646
0.232406
0.266585
0.020722
-0.576300
-0.090225
-0.390932
0.428969
-0.216128
-0.471344
0.519054
0.535565
0.220851
-0.120751
-0.624413
0.046701
0.514101
0.079290
-0.284649
-0.317003
-0.007972
-0.002141
0.268545
-0.211525
0.204221
0.006397
-0.490102
-0.054598
0.322597
0.053549
-0.135344
0.398124
-0.116111
-0.116490
-0.514107
-0.466995
0.285276
-0.081708
0.017100
-0.366024
0.352847
-0.191274
-0.287371
-0.607138
-0.219696
-0.658038
0.073601
0.355051
-0.347218
-0.273346
0.355527
-0.401658
0.342777
0.195129
0.174421
0.053046
-0.507195
-0.287923
-0.029193
-0.375726
-0.279984
-0.442482
-0.188521
0.020792
0.081515
0.291603
0.023099
-0.038363
-0.403067
-0.189719
-0.343469
-0.017992
0.465854
0.042318
0.312551
0.219523
0.273833
-0.414986
-0.347149
0.458548
-0.337465
-0.375486
-0.113407
-0.369596
0.033718
-0.109909
-0.368548
-0.442460
-0.387154
0.515203
0.249313
0.501643
-0.333969
-0.396299
-0.258530
-0.361290
0.188398
-0.191608
-0.378212
-0.333883
-0.278759
0.679836
-0.176112
-0.203416
-0.144031
0.183043
0.580634
-0.360865
-0.087673
0.186222
-0.603843
0.099736
-0.190882
0.509556
-0.158621
0.005545
0.176490
-0.222037
0.058862
0.075626
0.363085
-0.016562
-0.302436
-0.497155
0.521890
0.112536
0.178115
-0.192986
-0.337418
0.414013
-0.351299
-0.037146
-0.228210
-0.109750
0.226919
0.211881
0.277554
-0.168569
-0.260038
-0.528464
0.306726
0.133959
0.054290
0.650456
0.335255
0.258929
0.432444
-0.513996
0.330185
0.183524
0.254030
0.037594
-0.424187
0.301792
-0.168470
0.414063
-0.172641
0.262934
-0.049474
-0.497519
0.519699
0.012852
-0.431054
-0.002805
0.308103
-0.224012
0.052690
0.086377
0.309598
