-0.028546
-0.379200
-0.553195
-0.037086
0.224540
0.059555
0.458958
0.064059
-0.103437
0.188246
0.123763
0.353032
0.055215
-0.584343
0.490429
-0.025155
-0.553650
-0.421765
0.066337
0.378112
0.252153
-0.043777
-0.470874
-0.064031
0.341566
-0.082584
0.707712
-0.259598
0.032547
-0.127570
0.098186
0.469177
0.253953
-0.430009
-0.372592
0.176661
0.351196
-0.483265
-0.586651
0.306357
-0.391989
0.398300
-0.306496
-0.341875
-0.073905
-0.401312
-0.142063
-0.230375
-0.042664
0.521052
0.524941
-0.031751
-0.081183
0.031783
0.530540
-0.367764
-0.613845
-0.139373
0.428292
0.034708
-0.048457
0.085879
0.303763
0.173593
-0.446327
0.220934
-0.570603
-0.303914
0.156668
-0.416988
0.016817
0.096173
-0.144717
0.182991
0.435096
0.199703
0.242248
0.006015
0.239623
-0.461266
0.164374
-0.032206
-0.525476
0.493058
0.317816
-0.150737
-0.393393
-0.093741
0.131989
-0.209007
-0.109760
-0.186148
0.430981
0.086928
0.239809
-0.202468
-0.630538
0.225671
-0.263894
0.353869
-0.079228
0.467516
-0.003424
0.603539
0.233460
-0.230025
0.277073
0.309881
0.044882
0.320572
-0.103571
0.031377
-0.351235
-0.160962
-0.123119
-0.173705
0.209201
-0.277469
-0.174292
0.282001
-0.354288
0.294234
0.394491
-0.201646
0.359588
-0.218150
0.098871
-0.341023
0.248520
-0.378636
0.155385
-0.086714
-0.240081
0.234252
-0.397949
-0.157391
0.532794
-0.279233
0.226961
0.187978
0.253864
-0.132934
-0.285606
0.094619
-0.294980
-0.342561
-0.053313
-0.368952
0.371309
-0.498627
-0.157840
-0.470015
0.353239
0.194987
0.410152
0.553142
-0.394615
-0.168565
-0.297392
0.412167
0.056573
-0.042466
0.105535
0.237643
0.147801
0.389542
-0.116470
-0.490314
-0.264907
-0.488653
-0.103398
0.455981
-0.184000
0.386113
-0.190566
-0.143763
-0.335747
-0.055600
0.119530
0.141317
-0.524157
-0.158625
0.098598
-0.520852
-0.291317
0.370706
-0.153550
-0.602947
-0.251208
-0.539833
-0.104903
0.310382
-0.471341
-0.168592
-0.219184
-0.201335
-0.378069
0.005455
-0.355280
-0.475581
-0.092031
0.133171
-0.378920
-0.020877
0.531349
-0.264110
0.165812
0.026873
-0.104707
0.218143
-0.153436
-0.008027
-0.062793
-0.208405
0.620526
0.249432
-0.114854
0.027851
0.281796
-0.202185
-0.455801
-0.118336
-0.496593
-0.334490
0.314299
0.641136
0.272916
-0.197387
-0.002407
-0.222583
0.167427
-0.663295
-0.391535
-0.164546
-0.504706
0.401955
0.591576
-0.215918
0.075746
0.127189
-0.301563
-0.307356
-0.347572
-0.239437
-0.571497
-0.320763
0.104487
-0.107985
-0.340186
0.108983
0.589044
0.127820
-0.199102
0.430982
-0.210389
0.268813
-0.402954
0.327790
0.207702
-0.351987
0.037154
0.312690
-0.340562
-0.283090
-0.152006
-0.054177
0.072932
0.605201
0.121811
0.601240
-0.379837
-0.244555
-0.441879
-0.306714
0.738561
0.689642
0.077251
0.466670
0.430184
0.047534
-0.114446
-0.354858
0.338922
0.337634
0.181749
0.515848
-0.670908
-0.340379
-0.402197
-0.162535
0.434925
-0.584326
0.225609
-0.813034
-0.339685
0.371425
0.040755
0.090800
-0.191055
-0.241327
-0.617682
-0.417094
0.404021
0.081050
-0.483258
0.052893
0.081853
-0.237772
-0.548781
0.143483
-0.037710
0.384717
0.402954
-0.113604
0.668297
0.292933
0.432257
0.104185
-0.221660
-0.375376
0.449463
-0.573650
-0.321452
-0.062176
0.282779
0.365532
-0.457077
0.013366
-0.267634
0.073302
-0.190583
-0.004132
0.357298
-0.050824
-0.324212
0.332482
0.030086
-0.235554
0.434215
-0.247737
-0.572344
-0.321497
0.514047
0.398057
0.120762
0.505070
-0.125921
0.122833
-0.436753
-0.698490
0.195449
-0.152588
-0.193878
-0.399002
0.081654
-0.024709
-0.112233
-0.248280
-0.193456
-0.194619
0.375888
0.215996
-0.033164
0.465654
-0.523804
-0.236163
0.174293
-0.563659
0.138953
0.056234
0.224642
0.433170
0.011995
-0.107074
0.549605
-0.214546
0.316539
0.271765
0.152541
0.039861
-0.392672
0.265427
-0.470196
0.165882
0.339031
-0.219671
0.190401
-0.295105
0.357030
0.095984
-0.150560
-0.005415
-0.113702
0.518948
0.510036
0.429804
0.171123
0.350780
-0.678985
-0.226729
-0.028796
-0.345182
0.036112
0.325966
0.251142
0.603388
0.064205
-0.294854
-0.065059
0.222535
0.022686
-0.669377
0.738068
-0.121051
-0.347869
-0.011248
-0.067643
0.030866
-0.516557
-0.422247
0.170998
0.322026
0.228112
-0.169521
0.258947
0.213824
-0.433248
0.090779
-0.286199
0.221120
0.179485
0.110995
-0.106908
0.198844
0.136203
0.158865
-0.184167
0.287137
0.507513
0.204668
0.116396
0.399450
0.503927
-0.629535
0.461449
0.278397
0.425926
-0.421908
0.300827
-0.313716
0.279384
0.055131
0.578487
0.377198
0.282347
-0.225142
0.448260
0.246869
-0.314277
0.206753
0.143266
-0.370833
0.049556
0.069730
-0.491884
-0.076657
-0.155047
-0.607015
-0.093454
0.275368
0.026235
0.399124
-0.374251
-0.469371
-0.351357
0.005586
0.373213
0.348087
0.345774
-0.523473
0.103699
-0.269153
0.448214
0.003260
0.430044
-0.657563
-0.171038
-0.116346
-0.422938
-0.294184
0.280594
-0.095877
0.459556
-0.221590
0.535937
-0.309931
-0.310672
-0.324987
0.390095
0.571899
-0.726809
-0.636642
-0.015128
-0.006802
0.418623
-0.517860
0.003315
0.031694
-0.434751
-0.425109
0.151063
-0.500731
-0.077190
0.462708
-0.398413
0.396482
0.486145
0.170980
0.161045
0.175303
-0.192834
-0.137911
-0.212697
-0.193085
0.463382
-0.255777
-0.262161
0.249482
-0.438030
0.096381
0.342403
-0.039189
-0.351464
-0.061357
0.385869
0.155800
-0.186771
0.325418
0.000306
0.377595
0.379749
0.122353
0.092890
0.259569
0.220680
-0.144270
-0.130471
-0.047541
0.398866
-0.021455
0.325422
0.470932
0.309130
-0.533076
-0.270010
0.118989
0.141255
0.187295
0.317923
-0.122622
-0.179045
0.213018
0.365970
-0.532237
0.282514
0.491974
-0.216442
0.415882
0.076714
0.512853
-0.392433
0.293582
-0.160724
0.359166
0.109406
0.424331
-0.472597
-0.353804
0.411373
0.586631
0.108064
0.048245
0.173422
-0.228886
-0.018961
0.479491
0.846102
0.296864
0.250638
-0.167488
-0.199159
-0.017238
0.257240
-0.281735
-0.484967
-0.139669
0.227059
-0.442363
0.032328
0.290235
0.020701
-0.036528
0.116331
0.267151
-0.580757
0.134145
-0.029865
0.324556
0.135217
0.168744
0.378836
-0.421075
0.163280
0.603442
0.170776
-0.207084
-0.279078
0.272305
0.354894
-0.242186
0.328544
-0.191394
0.563263
0.053458
0.016375
0.194008
-0.065003
-0.627874
-0.115846
0.049411
-0.028733
-0.110665
-0.010772
0.323426
0.383243
0.198883
0.130314
0.140645
-0.431095
0.618741
0.139217
-0.133043
-0.273645
-0.035238
0.030787
-0.190000
-0.158887
0.383817
-0.505991
-0.027549
0.183456
-0.188338
0.476819
-0.384166
0.005389
-0.276175
-0.606197
0.377104
-0.313078
0.306376
-0.077496
0.777218
0.067487
0.077772
0.271972
0.353716
0.561242
0.027013
0.037158
0.348921
0.163594
0.442913
0.286591
0.470183
0.262765
0.423973
-0.006442
0.057354
0.018949
-0.389432
-0.358478
-0.066516
-0.606077
0.012869
-0.237197
-0.586869
-0.241602
-0.509335
0.007943
-0.093992
0.266479
0.141163
-0.429363
0.271647
-0.573091
0.406441
-0.605736
0.047650
-0.176170
-0.633369
0.403234
0.227714
-0.196615
0.280634
-0.479652
-0.434105
-0.514129
-0.426856
-0.034733
-0.481290
-0.180480
0.288962
0.383039
-0.648009
-0.116538
-0.108732
0.640731
0.333005
0.338446
0.065132
-0.178162
-0.407203
-0.190394
0.393025
-0.055909
-0.283690
-0.567602
0.292349
-0.131309
0.394311
-0.296992
-0.401380
0.301368
0.037351
-0.043460
0.251133
0.303515
-0.235200
-0.176725
-0.234559
-0.074878
-0.569171
-0.543236
-0.686660
-0.271727
-0.114454
-0.232642
0.237983
-0.376652
-0.129243
-0.593338
-0.292574
-0.535298
0.676898
-0.096991
0.062620
0.361506
-0.513784
0.424396
0.187509
0.647646
0.075110
0.244199
-0.004330
-0.026913
-0.280092
0.133641
0.281982
-0.343133
-0.252638
-0.383058
0.463523
-0.043123
0.060758
0.148790
-0.249843
-0.390203
-0.345114
-0.448745
0.207904
-0.046617
0.445203
-0.426160
0.576802
-0.228201
-0.304103
-0.063599
0.190165
0.093571
0.352944
-0.029682
0.045596
0.069204
0.557872
-0.047742
-0.458787
0.667897
0.291349
0.110521
-0.349234
0.291115
0.226131
-0.146212
-0.266307
-0.354285
0.055306
-0.007467
0.260672
0.447218
-0.453749
-0.116632
0.305362
0.176734
0.302432
-0.051742
0.472984
