0.287648
-0.481868
0.450514
-0.094918
0.133063
-0.493843
-0.145937
0.436978
0.407739
0.104874
0.123763
0.119695
-0.338143
-0.433201
0.120034
0.469781
-0.633963
-0.380426
-0.530180
-0.639123
-0.136609
0.092731
-0.321475
0.113038
-0.106167
-0.206243
-0.231967
0.051885
-0.335170
-0.022277
0.242346
0.068583
-0.493723
0.192845
0.313834
0.425553
0.776273
-0.360728
-0.339529
-0.625777
-0.251808
0.098622
-0.355709
0.457036
-0.451590
-0.032919
0.386279
0.601167
-0.077953
-0.371674
0.308223
-0.336992
0.313142
-0.721943
0.340574
-0.284662
0.302637
-0.515121
-0.364005
-0.386415
-0.041048
-0.444697
0.397447
0.328474
0.297591
-0.316794
-0.133540
-0.207769
0.245211
-0.073227
-0.010732
-0.215572
0.173989
-0.386793
-0.048718
-0.315629
0.137004
0.214311
0.168148
-0.778579
-0.423565
-0.391800
-0.503674
0.195414
0.298804
-0.064399
0.423307
0.551430
0.021406
0.194794
-0.162815
-0.092149
-0.162961
0.057867
0.156841
-0.018388
0.303124
-0.411980
-0.509463
0.347215
0.647170
0.201413
-0.000921
0.191477
-0.029209
-0.264881
0.536754
-0.181733
0.724294
-0.307557
0.053633
-0.127311
-0.495303
-0.143933
0.150204
-0.177821
0.050655
-0.278706
0.418675
-0.504150
-0.450693
-0.311117
-0.138955
0.042108
0.562246
-0.412152
0.099686
0.228050
0.235343
-0.542417
-0.058174
0.070760
0.187804
0.190102
0.312565
-0.091209
-0.142391
0.380944
-0.421775
-0.400079
0.106241
0.346621
-0.009331
0.400406
-0.537551
0.257863
-0.389767
-0.002026
0.248257
-0.632693
0.166376
0.494915
0.036696
0.119989
0.298765
0.774666
-0.634250
0.065416
0.431889
-0.076775
0.093874
-0.587113
0.794926
0.024971
-0.340744
-0.326369
-0.462470
-0.363398
0.271881
0.231759
-0.136896
0.378757
0.156035
0.433122
0.293728
0.070956
-0.610656
0.421935
-0.209717
-0.336443
-0.088366
-0.693456
0.070067
0.575996
-0.152052
-0.319954
0.087236
0.246459
0.294575
0.267077
0.665442
-0.089965
-0.162309
-0.030620
0.076193
-0.258854
-0.299384
0.085247
-0.460445
-0.155579
0.099195
-0.193710
0.280739
0.149622
-0.400230
0.352883
-0.438001
0.057730
0.334194
0.115999
0.132085
0.215807
0.128975
0.448153
0.513050
0.096102
-0.539879
0.649306
-0.103008
0.465949
-0.138221
-0.031605
0.631863
-0.449848
-0.110294
0.369636
-0.504352
-0.042042
-0.129840
-0.395520
-0.050143
-0.342247
-0.032785
0.147290
-0.158098
-0.174328
-0.039632
-0.331398
0.024475
-0.309609
0.061082
-0.077884
-0.151744
-0.488313
0.327252
0.111956
-0.198069
-0.219800
0.311116
0.198638
0.237270
-0.318554
0.360321
-0.564936
0.723034
-0.297367
-0.552894
0.633037
-0.288644
0.150353
0.470086
-0.269729
0.414866
0.658368
-0.028292
-0.112803
-0.465909
-0.240419
0.174151
0.072427
-0.019683
-0.071699
0.616937
-0.197506
0.028084
-0.798474
0.222814
0.523378
0.013618
0.181817
-0.138952
-0.312025
-0.415708
0.036908
0.297924
0.352968
-0.514150
0.141506
-0.474832
0.106893
0.377658
-0.564352
0.396944
0.297806
0.332749
-0.051167
0.287192
-0.692727
-0.427261
0.497864
0.293011
-0.255055
0.237424
-0.209197
0.172053
0.650800
0.322281
-0.573084
0.037245
-0.224757
-0.303820
-0.102287
-0.631830
-0.486741
-0.268932
-0.356539
0.205657
-0.077742
-0.224813
0.474070
-0.122027
0.046365
-0.030126
0.249515
-0.386353
0.489405
-0.274458
0.538259
-0.367680
-0.112274
0.084225
-0.313663
0.080369
-0.496063
0.503148
0.121943
-0.306213
-0.409604
0.164188
-0.225119
0.210574
-0.388203
-0.036272
0.641756
0.554072
0.314951
0.284100
0.047703
-0.617433
-0.273820
-0.420355
0.301002
-0.036408
0.044761
0.532537
-0.041077
0.219413
0.410748
-0.593462
0.203337
-0.195031
0.525076
-0.476827
0.117480
-0.658899
0.342480
0.089236
-0.281083
0.025740
-0.018420
0.408896
0.276843
0.191658
-0.337102
-0.207708
0.520075
-0.412162
-0.142378
0.050325
0.125851
-0.071287
-0.519181
0.266548
-0.188288
-0.544380
0.492492
-0.036877
-0.240845
0.296795
0.256498
-0.181975
0.035650
0.239498
-0.285030
0.312642
0.556054
-0.105892
0.408516
0.015922
-0.589028
-0.235244
0.147002
-0.286691
0.098261
0.342691
-0.057113
-0.244264
-0.301113
-0.477649
-0.266696
0.139398
0.354940
0.211799
0.189098
-0.177959
-0.343121
0.181630
0.292822
0.273299
-0.605042
0.413933
-0.145085
0.065298
0.533504
0.106671
-0.161842
-0.310567
-0.321300
0.319932
-0.180772
0.469909
0.251281
-0.438072
0.308876
-0.082323
-0.550440
-0.176076
0.347689
0.137333
-0.228858
0.300398
0.373410
0.109250
-0.356002
-0.240972
-0.136718
-0.038506
-0.371724
0.349371
0.202646
-0.197130
0.455167
-0.358966
-0.660908
-0.594358
-0.037745
0.243033
0.456584
-0.605416
0.470339
0.317123
-0.047983
0.232314
-0.007399
-0.481289
-0.409262
0.028695
0.193337
0.519981
0.329095
0.036028
0.100732
0.326919
0.718451
-0.559984
0.004832
-0.659138
0.393447
-0.359690
-0.021146
-0.655939
0.466334
-0.349688
0.350943
-0.223003
-0.536886
-0.028274
-0.244648
0.114010
0.373247
-0.337849
-0.534376
-0.331215
-0.068163
0.466308
0.155064
-0.063773
-0.269318
0.017738
-0.190704
-0.496289
-0.514748
0.183644
-0.045583
-0.255996
-0.258389
-0.555791
-0.232361
-0.147534
0.324803
-0.123371
-0.012580
0.056166
0.662557
-0.339002
-0.436276
0.277155
-0.491547
-0.368268
0.102045
0.145886
-0.062944
0.398578
-0.284454
0.364267
0.469121
-0.419961
0.510515
-0.665954
0.267363
0.178402
0.559793
0.037364
-0.343244
0.438561
0.446819
0.025413
-0.375683
-0.115311
-0.226157
0.142965
0.370798
-0.157887
-0.394499
0.158234
0.224889
-0.403066
0.052020
-0.573264
0.320305
-0.195665
0.452429
0.236929
-0.645909
0.343239
-0.061212
-0.059444
0.214305
-0.181270
0.314494
-0.497476
0.240091
0.400924
0.188483
-0.458962
0.143463
0.117020
-0.303376
0.163339
-0.627212
-0.126051
0.466512
0.195926
-0.435740
0.200649
0.440198
-0.038029
0.414439
-0.457903
-0.602558
-0.548891
-0.040824
-0.301051
0.087811
-0.357976
0.479491
0.053293
-0.172996
0.375186
-0.041344
0.244481
-0.218509
0.195643
0.193703
0.739063
-0.840931
-0.167998
-0.290000
-0.211629
0.307027
0.063517
0.082446
0.127548
0.319442
-0.592410
0.028390
-0.067170
0.320215
-0.385440
-0.431030
-0.067424
-0.320229
0.321207
-0.084650
0.277590
-0.389888
0.284134
-0.146583
-0.460884
0.431171
0.332529
0.549679
0.131928
-0.280492
-0.569632
-0.459390
-0.026367
-0.155035
-0.458001
-0.232942
-0.317343
0.329070
0.170138
-0.130597
-0.164134
-0.465170
-0.698800
0.215307
0.257834
0.331780
0.467508
-0.335293
0.351072
-0.141885
-0.257260
-0.181843
-0.138658
0.496051
-0.496040
0.289822
0.145371
-0.293517
-0.326833
-0.043166
0.032430
-0.217143
0.206317
-0.350496
-0.187131
0.300038
-0.165634
-0.195043
0.192009
-0.190422
0.137218
0.355840
0.372339
-0.121063
-0.465564
-0.700828
0.139273
0.203308
-0.098727
-0.385648
0.172433
0.274859
0.394581
-0.016692
-0.418404
0.401282
-0.115849
-0.262691
-0.620423
-0.489954
0.134508
-0.169725
0.296608
0.462324
0.198506
-0.476391
-0.252085
-0.201642
-0.296888
-0.653920
0.075821
-0.419498
-0.745844
0.103740
0.372932
0.061889
0.126810
-0.106092
-0.100389
-0.151881
0.537685
-0.445486
-0.318574
-0.187347
-0.174669
-0.227681
0.119153
0.215564
0.222188
0.235925
0.601951
0.186236
0.179286
-0.278950
-0.215738
-0.429959
0.431776
0.606309
0.150258
-0.386636
0.386682
0.207237
0.266561
-0.098233
-0.475859
-0.414247
-0.373221
-0.211689
0.067627
0.335923
-0.035465
0.258060
0.014454
-0.307650
-0.246377
0.209986
-0.138998
-0.106375
-0.423313
-0.152527
-0.245157
-0.298716
0.215040
-0.209818
-0.323081
-0.326193
0.280840
-0.203922
0.145142
0.508532
-0.006459
-0.309699
-0.376946
-0.181820
-0.296345
-0.032907
0.470141
-0.071930
0.373780
0.122324
-0.201507
-0.863084
0.273257
-0.252734
0.018157
0.090304
0.215577
0.597348
-0.072204
-0.383319
-0.082893
-0.212761
-0.242065
0.425125
-0.014078
-0.388329
0.257722
-0.658159
-0.028171
-0.512698
-0.364873
0.182071
-0.135884
0.193787
0.254697
-0.197212
-0.174014
-0.114778
-0.336399
-0.180792
-0.072331
0.025098
0.382755
0.049158
-0.043899
-0.469548
0.125268
-0.240241
0.409935
-0.505647
0.240857
0.003244
-0.343358
0.677230
0.402731
0.006680
0.003214
-0.096589
-0.037203
0.056097
0.233644
-0.331340
