0.474387
-0.276678
-0.169063
-0.755488
-0.294390
-0.229775
0.212605
-0.390845
-0.186158
-0.155887
0.265425
-0.382705
-0.494078
-0.314793
0.275655
0.119120
-0.178510
0.233084
-0.435765
-0.637316
0.310100
0.054651
-0.451132
-0.273822
-0.412302
0.297373
-0.416857
0.046931
0.105948
-0.013699
-0.065368
-0.505644
-0.108286
-0.127001
0.265741
-0.004253
0.252280
0.361866
0.294010
-0.147594
-0.035886
-0.405998
-0.329255
-0.217999
-0.639864
-0.147076
0.383761
-0.282904
0.166197
-0.083393
0.414770
-0.041735
0.199611
-0.325204
-0.072403
-0.266625
0.070196
-0.071319
0.104206
-0.416162
0.119430
-0.285223
0.401400
-0.318527
0.065661
0.396187
-0.434283
-0.376433
-0.203631
-0.239262
0.267015
-0.043025
0.174457
-0.002992
0.544091
-0.382690
-0.486589
-0.186775
-0.430719
-0.447798
0.120695
-0.275343
0.150196
-0.347324
-0.483526
-0.165659
0.376494
0.768937
0.179509
0.607838
-0.395583
0.342680
-0.268463
-0.408089
0.094804
0.071165
0.285961
0.500056
-0.234216
-0.269040
-0.253190
-0.643748
-0.393075
-0.135986
0.145910
-0.552461
0.336206
0.330231
-0.457932
-0.461415
0.000085
0.111497
-0.531391
0.044647
0.060174
0.047828
0.065309
-0.281248
-0.498790
0.228329
0.280907
0.184306
-0.585343
-0.300698
0.326661
-0.053749
-0.399012
-0.057013
0.024770
0.196844
0.444972
0.251716
0.605405
-0.153729
-0.089849
-0.330422
0.136456
-0.361056
-0.421935
0.556712
0.003343
-0.041441
-0.241285
-0.487382
-0.517954
-0.359213
0.179530
0.006263
-0.237141
-0.669079
-0.340479
-0.434616
0.638407
0.075427
0.399069
0.628125
-0.214068
0.344546
0.500952
0.357405
-0.111840
0.046397
0.500200
0.336493
-0.112203
-0.585747
-0.460284
-0.416927
-0.228162
0.580043
0.307106
0.444852
-0.560335
0.459906
0.073612
-0.758901
-0.817955
0.100795
-0.248542
-0.452611
-0.088366
-0.083553
-0.205485
-0.456056
0.177506
0.241926
0.135196
-0.168974
-0.065433
0.175597
0.496480
0.312357
-0.179129
0.144032
-0.348900
-0.478815
0.247404
-0.418512
0.036602
-0.475581
0.034768
0.240493
0.119738
0.188206
0.368911
-0.023476
0.106132
-0.506998
-0.070469
-0.008919
-0.368338
-0.091286
-0.043632
0.064016
0.372865
0.374110
0.187142
-0.301098
-0.135958
0.172988
0.312845
0.072583
0.081569
-0.327962
0.048556
0.335537
0.389342
-0.244118
0.086447
-0.211922
0.234358
-0.098180
0.297620
-0.621118
-0.091739
-0.363140
0.536508
-0.220818
0.170207
-0.344940
-0.417485
0.113020
-0.669358
0.052673
0.198077
0.315679
-0.358191
0.118545
0.074238
0.569214
-0.333039
0.012897
0.153245
0.403454
-0.463656
0.139049
0.274653
0.472530
0.262970
0.147872
0.109049
-0.110842
-0.014252
0.390975
0.187975
0.786495
-0.094646
0.441128
-0.099947
-0.178400
-0.169672
-0.323154
0.489480
-0.390125
-0.356896
0.531928
-0.265498
0.509555
0.309436
-0.189102
0.194913
-0.296464
-0.307960
-0.190351
-0.243033
0.562567
-0.209336
-0.014260
-0.033322
0.076106
-0.749495
-0.487140
0.174975
-0.410277
0.177769
-0.040130
0.050414
-0.417422
-0.410633
-0.635684
-0.629902
-0.417094
0.527300
0.170642
-0.125529
-0.048503
-0.042598
0.461855
0.158030
0.050596
-0.378784
0.411496
-0.097422
-0.109438
0.257652
-0.776509
0.136763
-0.326164
0.260928
0.070888
-0.598925
0.410297
-0.137485
0.216061
0.436708
-0.615391
-0.212778
0.351652
0.145184
-0.104445
0.392040
-0.029252
0.000203
-0.399841
-0.192450
-0.364630
0.434349
0.420908
0.150635
-0.072025
-0.006017
-0.100740
-0.174897
0.008388
0.207996
0.394737
-0.113517
-0.123077
0.281552
-0.353928
-0.168480
-0.291141
-0.329874
0.402563
0.225015
0.085170
0.016552
-0.139964
0.059753
0.391951
-0.228033
0.533203
0.360527
0.144466
0.271101
-0.250845
0.165706
-0.653578
0.390936
0.137705
0.383377
-0.019116
-0.261842
-0.652552
-0.077659
0.017491
-0.329057
0.422816
-0.007193
0.297277
0.017430
-0.444239
0.315824
0.199194
-0.214552
0.198969
-0.098688
0.256690
-0.319857
-0.083468
0.155868
-0.047760
0.271287
0.161932
-0.211825
-0.093104
0.266575
-0.133952
0.028101
-0.330860
-0.135559
-0.024454
-0.782236
0.456266
0.049929
0.066397
0.543767
0.670515
0.212037
0.165618
-0.380220
0.456680
0.142692
-0.333649
0.229379
-0.151153
-0.148930
0.539352
-0.445533
-0.138628
0.035241
0.401740
0.234400
-0.695053
0.510448
-0.075713
-0.400883
-0.592801
0.194231
0.311735
0.248695
0.131852
-0.470376
-0.597949
0.106758
-0.116229
-0.157880
0.044949
0.139119
0.097202
-0.136313
-0.106430
-0.214513
-0.286676
-0.078550
0.410052
0.279942
-0.563819
0.341395
-0.242251
0.724243
-0.012172
-0.323073
0.177387
0.203488
-0.084825
-0.368089
0.222865
-0.217124
-0.128203
0.569637
-0.148669
0.523645
0.033419
-0.086421
-0.080943
-0.050681
0.319687
0.219391
-0.293114
0.000295
-0.238252
0.511498
0.253251
0.203736
-0.261255
-0.704006
0.297427
-0.040665
0.263676
-0.184173
-0.197925
0.197866
0.179313
-0.356270
-0.490069
0.062458
0.000031
-0.569411
-0.236392
-0.681287
-0.069613
-0.126637
-0.111341
0.049338
0.271130
-0.253111
-0.357073
0.068346
0.081767
-0.499710
0.255589
-0.175521
0.518730
0.270753
-0.001610
-0.336192
-0.363123
0.193000
0.401528
0.695243
-0.260811
0.020602
-0.056005
-0.166500
0.015099
-0.248422
-0.647198
-0.407117
0.127295
0.414562
-0.095782
-0.434907
0.055487
0.289763
0.471933
-0.003490
0.430885
0.088564
-0.420852
0.007220
0.190832
-0.106348
0.487333
0.370499
0.011717
0.196628
-0.215466
0.407921
0.132876
-0.433905
0.327435
-0.061182
-0.133490
-0.084855
-0.163107
0.510262
-0.001065
0.583234
0.238764
0.325422
-0.384865
0.080892
0.458981
0.309832
-0.314156
0.227236
0.158444
-0.337899
-0.784923
0.200549
-0.060416
0.161683
0.288417
0.263425
0.250369
-0.387156
0.113671
-0.181837
0.523792
-0.205371
0.276287
0.028906
0.030082
0.368669
-0.365295
-0.042736
-0.249876
-0.229265
0.114953
0.236704
0.199801
0.076086
-0.245674
-0.216608
-0.257949
0.188755
-0.328785
0.096722
0.050055
0.347044
0.154835
-0.186725
0.520802
0.400778
0.169269
-0.200136
-0.182427
-0.061359
0.260008
-0.132113
0.499371
-0.259238
0.348069
-0.175969
0.515200
-0.323991
-0.501951
-0.016473
0.196980
0.197983
-0.252592
0.333060
0.411556
0.158802
-0.344385
-0.125465
-0.302073
0.089114
0.400650
0.380090
-0.087303
0.242049
-0.013676
0.602131
0.116609
-0.296660
0.361680
-0.621314
0.132922
-0.106825
-0.537291
-0.457859
0.511335
-0.451784
-0.396840
-0.478839
0.261563
-0.008450
0.261499
0.448460
0.487652
-0.254281
0.517903
-0.015185
0.216538
0.023565
-0.038670
0.303608
-0.024670
-0.058146
-0.125382
0.538899
-0.527966
0.477737
0.173514
-0.449423
-0.121463
0.256496
-0.211294
0.114364
0.491723
-0.200122
-0.201681
-0.049252
0.212475
0.596277
0.272250
0.033663
-0.758308
0.692288
-0.418485
0.039764
-0.424411
-0.135581
0.233919
0.460067
-0.568456
-0.052954
0.045606
-0.358062
0.183915
-0.081114
-0.238566
0.028913
0.422148
-0.436224
0.725217
0.470156
-0.186221
0.104895
0.139741
-0.423392
-0.120701
-0.066542
-0.072333
-0.224626
-0.302874
-0.307288
-0.329743
0.362358
0.627174
0.023272
0.201795
0.576955
0.372347
0.367604
-0.521635
0.025001
0.259421
-0.308139
0.100482
0.417721
-0.192585
-0.570666
-0.094410
0.191051
0.133060
-0.359850
0.181129
0.019251
0.275153
0.157738
0.078032
0.022081
0.362303
-0.051347
0.208871
-0.157105
-0.407095
-0.355999
-0.244053
-0.287145
-0.898765
-0.312091
0.237243
0.289162
0.067032
-0.488889
0.700750
-0.448968
0.510280
0.112259
-0.477186
0.208631
0.497563
0.404802
-0.309705
0.405572
0.119282
-0.560936
0.302234
-0.000360
0.168596
-0.248212
-0.087190
0.027993
-0.466326
-0.143905
0.187509
0.568012
0.146151
-0.224232
-0.162511
-0.331087
0.015888
0.484694
-0.290618
0.448036
-0.188131
0.374215
0.212845
0.010722
-0.336067
-0.207897
0.158091
0.332267
-0.290552
-0.092235
-0.488913
1.039167
-0.460711
0.474758
-0.261541
0.074489
0.423855
-0.418033
0.068141
0.095188
0.143168
0.300127
0.110659
-0.117136
0.301071
0.009921
0.121056
0.620049
-0.205611
0.049400
-0.460228
-0.002429
0.571417
0.492567
-0.222071
-0.206160
0.340713
-0.578382
-0.021289
-0.046223
0.387690
-0.045664
0.006592
-0.517555
0.453468
-0.362455
0.286741
