0.296780
-0.223113
0.128562
0.139157
-0.085435
-0.015636
0.257947
-0.178265
0.118221
0.532546
-0.008608
0.118777
-0.020255
-0.414154
-0.537676
0.516204
0.326907
0.531821
0.201802
-0.404629
0.093081
-0.327937
-0.006435
-0.077648
0.160880
-0.235747
0.752280
-0.115373
-0.670644
-0.245149
-0.326824
-0.744890
0.413582
0.287068
-0.178130
0.046965
0.630888
0.317438
0.012858
0.140562
0.135044
0.010034
0.168865
-0.034450
-0.467030
-0.017958
0.190392
-0.648724
0.013242
0.304130
0.300971
-0.206013
0.624649
0.000853
0.224253
-0.303273
-0.345499
-0.250491
-0.278649
-0.416416
0.422594
0.339215
0.270480
0.158044
0.081845
0.307768
0.365710
-0.301944
0.364645
-0.281886
-0.078816
-0.210171
-0.247765
-0.269975
0.200195
0.115793
-0.131384
-0.190295
-0.246451
-0.020255
0.227212
0.101196
-0.425820
-0.019585
-0.298914
0.003196
0.215010
0.565724
-0.484728
0.045139
0.013925
0.182392
0.369342
-0.028808
-0.598154
-0.229091
-0.431570
-0.507532
-0.487829
0.369912
-0.205904
-0.377279
-0.016286
0.242208
-0.212967
-0.567957
-0.262782
0.269911
0.415510
-0.423457
0.370261
-0.657547
0.237950
0.335450
0.094798
0.007330
0.146405
-0.003550
0.202515
0.454845
0.297584
-0.096248
-0.304795
0.298625
0.281476
-0.382929
-0.520313
0.077175
0.682401
0.258733
0.118307
0.270812
-0.378305
-0.132522
-0.437336
-0.251499
0.421643
-0.063899
0.469385
0.119032
-0.020501
-0.395655
-0.380940
-0.190392
-0.622260
-0.089384
0.636650
0.049376
-0.037618
-0.233333
-0.137632
-0.576438
-0.131328
-0.126176
0.524995
-0.403732
-0.334523
0.252328
-0.253721
0.392713
-0.423260
0.257377
0.172725
0.494062
0.140865
-0.034964
0.040838
-0.058030
-0.772958
0.206990
-0.415885
0.131342
-0.448420
0.557513
-0.447536
-0.621406
0.341695
0.050768
0.357749
0.271858
0.228786
0.215717
0.254547
-0.565012
-0.467860
0.147967
0.032823
-0.556419
-0.057212
0.223597
0.263606
-0.279257
-0.251188
0.161517
0.389471
-0.098531
-0.304929
0.285643
0.414295
-0.246760
0.455656
0.659561
-0.290698
-0.358426
-0.496917
-0.266341
0.132567
0.016244
0.159538
0.553930
0.140882
0.241272
0.606279
-0.072326
0.037437
-0.271453
0.340027
-0.268158
-0.025152
-0.405479
-0.639770
-0.008129
0.387468
-0.480130
-0.566374
0.360054
0.653110
-0.301815
-0.181026
0.155115
-0.487722
0.342591
0.386955
-0.309118
0.535612
-0.147320
0.399901
-0.300931
-0.057271
0.747092
-0.513095
-0.277137
0.005711
-0.203520
-0.686247
0.049611
0.152630
-0.461584
0.079367
-0.208388
0.634155
-0.454920
0.663100
0.237563
0.516018
0.264931
-0.374180
0.412787
0.037541
-0.556943
0.502985
0.377291
0.478806
-0.349341
0.088177
0.189731
-0.236740
0.320020
-0.271601
0.112518
0.507200
-0.286152
-0.311312
-0.192993
0.638534
-0.772740
-0.045308
0.397421
-0.300777
0.056304
0.029435
-0.361309
-0.542763
-0.148012
0.364645
0.030207
-0.660401
-0.350349
-0.385761
-0.294111
-0.081366
-0.427930
0.166496
-0.340484
0.514995
-0.141036
0.443325
0.059284
-0.034470
0.369837
0.187341
-0.383573
0.001756
0.073105
-0.077040
0.078031
-0.170879
0.036582
-0.582786
0.431185
-0.130840
-0.058358
-0.152440
-0.548922
0.094093
-0.134862
-0.050739
-0.239745
0.392542
0.289212
0.177615
0.132110
-0.135729
-0.569721
0.103703
0.042471
0.273675
-0.192451
0.467493
0.280148
0.201475
-0.281837
0.287257
-0.228621
-0.553606
-0.037394
-0.514573
0.600341
0.301459
0.215503
-0.548875
0.550440
-0.166919
0.346627
0.374257
-0.506323
-0.014348
0.257439
-0.051386
0.254955
0.116669
-0.674543
-0.415492
0.317727
-0.081209
0.203633
0.033210
0.565285
0.401279
0.015016
-0.034011
0.394624
-0.121652
-0.236392
-0.471718
-0.375759
-0.178581
-0.472418
-0.011953
-0.212371
0.366368
0.311058
0.380975
-0.572294
0.527669
0.018072
-0.358885
-0.096636
-0.187371
0.268375
0.071719
0.457980
0.266548
-0.400852
-0.344554
0.130096
-0.153004
0.114538
0.042382
0.211719
0.333318
-0.005415
0.163935
0.485308
0.429449
-0.109931
-0.148606
-0.092112
0.055713
0.346209
-0.270395
0.339851
-0.163121
0.210708
0.667506
-0.655892
0.311553
0.029535
-0.137804
-0.374493
0.102221
0.682226
-0.282354
0.422913
-0.282508
0.152793
0.203944
0.278642
0.525097
-0.226582
0.357574
0.514143
0.122684
0.413873
0.190227
-0.025160
-0.107507
-0.420094
-0.235118
0.149276
0.239516
0.373019
-0.432795
0.345071
-0.443681
-0.006249
-0.113743
0.401392
0.139119
0.260037
-0.020689
0.414484
0.161026
0.538968
0.022567
-0.239555
0.054007
-0.627277
0.377586
-0.269070
-0.395433
-0.504165
0.379513
-0.481171
0.012609
-0.232114
0.197128
0.072976
0.382992
0.270084
0.080178
-0.308275
0.318590
-0.281397
-0.123336
-0.463710
0.325919
-0.309158
-0.135204
-0.392936
-0.134932
0.383958
0.243928
-0.154988
0.852773
0.070629
-0.305965
0.728374
0.247859
0.454400
-0.244253
0.096392
-0.099585
0.165051
0.501314
-0.519699
-0.291390
-0.566270
-0.474133
0.056827
0.244001
-0.259642
-0.083044
0.402042
-0.407983
0.374527
0.394774
0.042773
-0.210155
-0.158875
-0.409991
-0.208720
0.104059
0.547218
-0.563037
-0.219327
-0.186463
0.236809
0.056113
0.174528
-0.391301
0.153725
0.101692
-0.450497
-0.301785
-0.486324
0.632630
0.281913
-0.210177
-0.475217
0.485067
0.176181
0.211390
0.303106
-0.173513
0.250230
0.388728
0.275113
0.123142
-0.375948
-0.042777
-0.458599
-0.070019
-0.170354
0.025836
-0.390579
-0.333631
-0.439595
0.016685
-0.089836
0.171606
0.481353
-0.117090
-0.478590
-0.071552
0.305909
0.859337
0.469406
-0.363208
-0.406313
0.191910
0.352312
0.101315
-0.550844
0.121615
0.240138
0.407887
0.514177
0.016442
-0.315950
0.437405
0.391706
0.184889
0.239189
0.547977
-0.376963
0.000101
-0.234287
-0.289565
0.560475
-0.286736
0.194172
0.412680
-0.228654
0.682343
0.403563
-0.161938
-0.379854
0.181265
-0.499675
0.331177
0.558142
-0.289957
0.304046
-0.306480
-0.310663
-0.487647
-0.401786
0.441167
0.382924
0.313306
-0.060849
0.431916
0.434562
0.211685
-0.858780
-0.034318
0.487511
0.285635
-0.238122
0.247473
0.488273
-0.002236
0.664877
-0.238679
-0.203508
-0.735693
-0.421463
0.579936
-0.360173
-0.098634
0.448620
0.256111
0.223615
-0.373451
-0.055104
-0.647205
0.009916
-0.068211
0.187961
-0.337655
-0.402755
-0.080032
0.269748
-0.073335
-0.372188
-0.134470
0.094571
-0.163812
-0.261627
-0.165366
0.401062
0.306719
-0.334775
0.617826
0.039779
-0.407529
0.176859
-0.082429
0.036441
-0.422140
0.586728
-0.307634
-0.494626
-0.000614
0.098014
-0.172125
0.162976
-0.035610
-0.339559
0.658643
-0.047607
-0.075831
-0.561577
-0.269107
-0.313146
0.246465
0.294181
0.385208
0.057359
0.556903
0.223043
-0.319845
0.126305
0.233503
0.161085
0.649623
0.116453
0.164346
0.274905
0.128157
-0.736297
0.176416
-0.411721
0.340715
0.115619
0.508807
-0.031990
0.015907
0.065047
-0.368623
0.633422
0.257292
-0.419596
-0.371261
0.275765
0.622899
-0.500940
0.194857
-0.146234
0.070993
0.146655
-0.107013
0.090200
-0.133342
0.478395
0.415205
-0.159818
-0.257894
0.214950
0.009302
-0.046697
-0.089812
-0.035971
0.162308
0.018247
-0.956825
0.176426
0.587161
0.049675
0.061640
-0.312044
0.163510
0.454639
-0.195076
-0.002324
0.480010
-0.369682
0.512929
-0.467858
-0.438888
-0.043511
-0.078163
0.039083
-0.456454
-0.126624
0.543240
0.178392
0.241940
0.648745
-0.049605
-0.317901
0.167157
0.309453
-0.612681
0.561050
0.019856
-0.320611
-0.428561
-0.308198
0.429701
-0.190274
0.111175
-0.009562
-0.275826
0.041525
0.355502
-0.181111
-0.262463
0.555926
-0.174652
0.018334
0.446619
0.188463
0.363094
0.091505
-0.531004
-0.227419
-0.163765
-0.544002
0.180704
-0.532539
0.228023
-0.377990
0.141009
-0.092274
0.265751
-0.255025
-0.453008
0.067046
-0.319163
0.328686
0.111928
0.039866
0.404625
0.235570
-0.293979
-0.098367
-0.043826
0.155843
0.471088
0.422511
0.619152
0.137781
0.285277
-0.091647
0.108189
0.137282
0.372725
-0.003417
-0.077379
-0.260397
0.013770
0.651945
-0.230930
-0.257662
-0.265100
0.009810
0.159993
0.493271
0.314004
0.277024
-0.544928
0.095264
0.335396
0.424688
-0.490733
0.287476
0.436633
0.607031
0.085821
0.182544
-0.199338
0.222991
-0.622054
0.273654
