-0.324669
0.099044
0.099717
-0.648647
0.459069
-0.645468
-0.259818
0.139263
-0.035218
-0.155887
0.194571
-0.290913
-0.299000
-0.343667
0.208623
0.163224
0.007561
0.696109
-0.435765
-0.558502
-0.694026
-0.288130
-0.589945
0.440815
0.444599
0.297373
0.499843
-0.187601
-0.021959
0.249466
-0.306008
-0.467776
-0.201979
-0.345268
0.109945
-0.004253
0.450741
-0.181747
0.017765
0.335370
0.334024
0.229074
-0.463962
-0.096240
-0.566764
0.065193
0.054188
-0.354078
-0.021548
0.236421
-0.013460
-0.489658
0.605681
-0.319405
-0.009357
-0.366492
-0.487578
0.155825
-0.202070
0.337636
-0.047280
0.551348
-0.654962
-0.185105
0.246705
0.300330
0.304269
0.370376
0.228142
-0.364089
-0.039696
0.168046
-0.365257
-0.002992
0.544091
0.293767
-0.486589
0.068353
-0.680895
-0.480522
0.555178
-0.323798
0.150196
0.286875
0.433835
-0.419677
0.198338
0.867630
-0.124833
0.112818
-0.068275
0.177840
0.199876
-0.025615
0.168171
-0.046723
0.324963
-0.117902
-0.333651
-0.077479
-0.253190
0.051341
-0.116795
-0.127049
0.079343
-0.230025
-0.093618
0.297166
0.754766
-0.150052
0.425291
0.358385
-0.510779
-0.671036
0.259846
-0.204551
0.112667
-0.278706
-0.240086
0.228329
-0.171481
-0.319220
0.061324
-0.528049
-0.008412
0.704781
0.324654
-0.497815
-0.196687
-0.491521
0.556971
0.516229
0.420903
-0.423556
0.274112
0.064738
-0.026852
-0.408343
0.046985
-0.000433
-0.416702
-0.041441
-0.148801
-0.289863
-0.716844
0.014235
-0.077580
0.139421
0.515790
0.161799
-0.111329
-0.211029
0.638407
-0.121592
-0.510141
0.740816
0.313352
0.171018
-0.555368
-0.356001
0.107432
-0.167365
0.271003
-0.476400
0.199893
-0.078529
-0.356588
-0.578127
0.255099
0.202458
0.163963
0.310910
0.112427
0.258607
-0.162620
-0.632436
0.332604
-0.075627
-0.260301
-0.065734
-0.010935
-0.125377
-0.009079
-0.558678
0.177506
0.170976
0.562760
-0.303204
-0.090661
-0.395886
0.446320
0.524618
-0.131480
-0.159387
-0.210051
0.026515
-0.104848
-0.417811
-0.102420
-0.314447
0.283239
0.221414
0.280685
0.188206
-0.463535
-0.031019
0.405258
0.163512
-0.177242
0.074669
0.239688
0.322696
0.083970
0.306515
0.469919
-0.256438
0.428678
0.216562
-0.375883
-0.265436
-0.349827
-0.126880
0.575534
0.128427
-0.524731
0.240016
0.630744
-0.444490
0.224014
-0.583512
0.277946
0.522593
-0.140428
-0.190335
-0.199906
0.481555
0.047784
-0.080437
0.043015
-0.018952
-0.393718
-0.052050
0.379656
0.223800
0.304778
-0.535286
-0.152238
-0.397297
0.223549
0.447639
0.021826
0.532086
-0.771237
-0.347721
0.705306
0.339831
0.243171
-0.319064
0.199945
-0.158327
0.416084
0.401473
0.259819
-0.370894
0.774248
-0.057571
-0.500537
-0.477067
-0.216914
-0.420426
-0.088766
-0.702438
-0.486294
0.156281
-0.521562
-0.564872
-0.009364
0.155906
-0.118346
-0.142386
-0.257017
0.353368
0.536458
0.243189
-0.077615
-0.239497
0.375878
0.195413
-0.144590
0.081462
-0.156189
0.313929
0.520090
-0.410277
0.001952
-0.178011
0.194071
-0.666441
-0.497992
0.478937
0.453125
0.016832
0.527300
0.381164
0.164935
-0.447770
-0.031915
0.352601
0.545283
0.027154
-0.075754
-0.357114
0.143898
-0.055548
0.257652
-0.125584
0.136763
-0.040768
0.021774
0.144615
0.440314
0.114198
-0.111423
0.278778
0.451992
-0.000193
-0.158951
0.351652
0.159287
0.488927
0.146092
-0.250046
-0.146363
-0.081299
-0.193410
0.024926
-0.277817
0.112113
0.296785
0.322176
0.163375
-0.073710
0.403739
0.201618
-0.337617
0.389457
0.148855
-0.109528
-0.594714
-0.338652
-0.273842
-0.187793
-0.362016
-0.238098
0.284468
-0.097056
-0.268731
0.068822
0.474575
0.146188
0.118140
-0.077975
0.309102
0.425114
-0.346483
-0.594055
0.384732
0.177391
0.414725
0.137705
0.304048
-0.427431
0.471505
0.468473
0.488706
-0.207327
-0.542292
-0.127047
-0.818557
0.139053
-0.205365
-0.444239
-0.060171
-0.218225
-0.498581
0.117121
-0.253782
0.014720
0.473441
0.619565
-0.486405
-0.259926
0.691716
-0.295228
0.126251
-0.604969
-0.262341
-0.218088
-0.087140
0.212936
-0.135559
0.354503
-0.195021
0.309492
0.188394
-0.032506
-0.230788
-0.249029
-0.147711
0.191956
0.055571
0.421625
0.335005
0.374433
-0.403540
-0.251482
0.118603
0.084359
-0.538536
0.015487
-0.037521
0.559221
-0.219679
0.594592
-0.162778
-0.195241
0.302486
-0.169825
0.235831
-0.371786
0.143866
0.268793
-0.344650
-0.501268
0.168856
-0.477955
-0.338019
0.489709
0.125082
-0.087041
-0.064535
-0.367773
0.072747
-0.174123
0.194525
-0.419615
0.074075
0.022692
0.239430
0.164113
0.262246
-0.703461
-0.112220
-0.086310
-0.899680
0.549438
0.258284
0.004822
-0.129558
0.273489
0.569637
-0.052162
-0.268929
-0.395476
-0.448963
-0.478811
0.022063
0.015690
0.044037
0.004391
0.103489
-0.192023
0.448528
-0.187783
-0.117404
-0.105797
-0.253127
-0.133378
-0.118594
-0.231913
-0.218476
-0.041613
0.058150
0.124760
0.131350
0.541953
0.588858
-0.212807
0.255891
0.020894
0.141472
-0.304033
0.519942
-0.057623
0.078014
-0.324796
-0.083158
0.374852
-0.125323
0.081767
-0.004443
-0.676518
-0.175521
0.518730
0.234841
-0.732163
-0.451245
0.542773
0.154848
-0.237158
-0.140747
0.256565
0.118196
0.034787
0.194045
0.048580
-0.451453
-0.213058
-0.388812
0.131440
-0.254434
-0.345011
0.611448
0.363235
-0.152992
0.109636
-0.084698
0.306418
0.524486
0.278525
0.187370
0.652668
0.037364
0.099175
0.271609
-0.430810
0.377479
-0.363733
0.049731
-0.616286
-0.782883
0.344131
-0.238566
-0.185871
-0.320097
-0.107924
0.397734
0.388415
0.289540
-0.390667
0.459771
-0.345622
-0.533525
-0.172583
-0.024437
-0.481087
0.298307
0.035568
-0.383198
-0.179402
-0.209463
0.481994
0.365970
-0.315091
-0.375136
0.206950
-0.234894
0.329134
0.079542
-0.396756
-0.407692
0.276287
-0.260791
0.030082
-0.257568
0.213355
0.011490
-0.100285
0.462077
0.072669
0.090703
-0.131463
-0.207584
-0.245674
-0.326616
-0.449351
0.090164
-0.441192
0.374007
0.570505
-0.108801
-0.526699
-0.186725
0.241292
-0.235733
-0.080198
0.705093
-0.471551
0.352912
0.196998
-0.394817
-0.019411
-0.161274
-0.545193
-0.154915
-0.360784
-0.158922
-0.401318
0.425889
0.196980
0.337899
0.220256
-0.249214
0.547000
0.382668
-0.150294
-0.194118
0.165126
0.099649
-0.515491
0.353427
0.447195
-0.140727
0.188060
-0.495721
0.116555
0.023030
0.213385
-0.497960
0.566917
0.098641
-0.152035
-0.208596
0.264444
-0.239589
0.335112
0.216751
0.406575
-0.058361
0.125849
0.044151
0.342985
0.082395
-0.079040
-0.204683
0.125867
0.128946
0.297506
0.075359
0.016764
0.439508
-0.217009
0.525825
-0.226885
-0.013362
-0.038360
-0.345743
0.260822
-0.273203
0.119622
0.001140
0.557222
-0.381406
-0.299429
0.210612
-0.320518
0.567558
-0.336530
0.354041
-0.134932
-0.403098
0.140941
0.279530
-0.086254
0.068274
0.408121
-0.157716
-0.534067
0.099458
0.344512
-0.238548
0.558829
-0.511257
-0.547384
-0.227606
-0.043553
0.220725
0.198125
-0.110701
0.203280
-0.088565
-0.152626
0.314667
0.188321
-0.573091
0.113565
-0.001519
-0.125075
0.299561
-0.199193
0.460958
-0.608627
-0.540609
0.423281
0.383051
-0.334501
-0.245070
-0.232371
-0.430518
-0.430577
-0.134682
0.212383
-0.360296
0.139429
0.415106
0.267989
0.263833
-0.148349
0.409354
0.256858
-0.059134
-0.383545
0.282827
0.175314
0.010227
0.056594
0.176503
-0.466910
-0.203422
0.592419
0.006548
0.297285
-0.707187
0.133868
0.034593
0.165306
0.340597
0.011980
0.565342
0.068333
0.371668
-0.060589
-0.047454
-0.306551
-0.097569
-0.075280
-0.378429
-0.107013
0.599217
-0.494735
-0.669357
-0.258853
-0.000360
0.671791
-0.248212
0.313898
-0.350746
-0.389765
-0.143905
0.336346
-0.089900
0.146151
0.105242
0.070369
0.096966
0.227207
0.065236
-0.243587
-0.291118
-0.610436
0.294014
-0.612091
-0.135733
0.266899
-0.438339
-0.181774
0.332267
-0.676160
0.010901
-0.488796
-0.180260
0.351345
0.120699
-0.472258
-0.282304
0.248527
-0.239755
0.091044
0.572092
-0.378023
0.611760
0.401935
-0.138931
0.353914
-0.120638
-0.329281
0.135958
0.822433
0.700972
-0.489552
0.389814
-0.067290
-0.302410
-0.225263
0.073828
0.190201
-0.231464
-0.021289
-0.148320
-0.414543
-0.097743
-0.159052
-0.199357
-0.050571
0.289454
0.257322
