-0.380619
0.404736
-0.102467
0.227798
-0.347764
-0.258508
-0.073525
-0.185170
0.211994
0.417316
-0.016090
0.257107
-0.282468
-0.085812
-0.381780
0.365780
-0.173352
-0.058997
-0.295492
0.004066
-0.173911
0.314640
0.245015
0.478682
0.341720
-0.174366
0.522658
-0.266434
-0.054524
0.507703
0.293742
-0.296419
0.214982
-0.118659
0.197348
0.233461
0.525531
-0.063282
-0.207137
0.314447
0.114166
-0.120978
0.197735
-0.173461
-0.295915
0.199380
0.458407
-0.125065
0.374058
-0.231442
-0.013460
-0.194516
-0.283627
0.592737
0.084650
0.184742
0.302637
0.108639
-0.347698
0.419765
0.243210
-0.307928
0.064165
0.282888
-0.056176
0.151870
-0.279047
-0.534047
0.146145
-0.593976
-0.104127
-0.359570
0.174457
0.443476
0.496805
0.371975
0.139757
-0.295355
0.498865
-0.516879
0.052585
-0.270121
-0.195254
0.427423
-0.284703
0.268268
-0.415946
0.261323
-0.277634
-0.578754
0.289589
0.625606
0.351131
0.402659
0.168171
0.010413
0.269359
-0.305479
-0.276346
0.407838
-0.187272
0.239496
-0.049556
0.197321
0.464729
0.022630
0.450918
-0.469686
0.063288
0.248431
0.187281
0.459773
0.319825
-0.143933
0.367490
-0.418318
0.074489
0.100108
-0.154222
-0.329775
-0.458133
-0.165779
-0.151281
-0.196271
-0.824995
0.344732
-0.193364
0.157133
0.023936
0.111544
0.640910
-0.288062
0.240418
0.167748
-0.281770
-0.686065
0.486625
-0.399358
0.647892
-0.544164
0.366856
0.104874
-0.335464
0.009964
-0.074593
0.277699
-0.264118
-0.582517
0.514405
0.452545
0.006651
0.296882
0.044566
-0.076744
0.058579
-0.494594
-0.127557
0.390101
0.306943
-0.538142
-0.446550
0.024448
0.292985
-0.213311
0.151102
0.523432
-0.337881
-0.158000
-0.203137
0.051575
0.066527
0.018579
0.047647
-0.327242
0.348112
-0.085630
-0.043491
0.300825
-0.154498
0.261994
-0.139185
-0.173130
-0.284401
-0.376049
-0.331666
-0.197794
0.376691
0.294555
-0.176945
0.199807
-0.337169
0.449041
0.026835
-0.362290
0.245705
-0.571103
-0.088472
0.212413
-0.286055
-0.506586
-0.503239
-0.341535
0.468836
-0.297984
-0.349144
0.395436
-0.134530
-0.237825
0.416820
-0.066948
0.214693
-0.180274
0.151544
0.100699
0.478633
0.326048
0.428146
0.107526
-0.109786
0.523664
0.044059
-0.500718
0.604071
0.257148
-0.096220
0.855354
-0.049996
-0.158427
0.138220
-0.199188
-0.382108
-0.631108
0.148260
-0.219816
0.156858
0.415197
-0.183626
0.368177
-0.026264
-0.485946
0.428105
-0.445348
-0.325020
0.207854
-0.408612
0.538796
0.608104
0.645953
0.489130
-0.138817
-0.196899
-0.011912
0.204319
-0.040881
-0.141946
0.273078
-0.199153
-0.011853
-0.148487
-0.414135
0.435242
0.011723
-0.212981
-0.565182
0.133840
0.104117
-0.520382
0.515406
-0.415542
-0.402570
0.522926
-0.018943
0.406727
0.502073
-0.531316
0.462827
-0.420476
0.072442
-0.320566
-0.378315
0.556485
-0.442621
-0.439569
0.377589
0.202179
-0.420568
-0.097276
-0.306915
0.408347
0.450862
-0.601053
-0.333815
0.361005
0.196376
-0.495438
-0.008727
0.571406
0.086731
0.501645
-0.510344
0.115357
0.462738
0.308571
0.049044
0.415390
-0.342369
0.571974
-0.434284
-0.532471
0.421783
-0.723835
-0.230735
0.126095
-0.052317
0.292559
-0.721947
-0.062001
0.234305
0.220545
0.482298
0.347609
0.056339
-0.410878
-0.123770
0.197589
0.712841
-0.359800
-0.350348
-0.723733
0.226334
0.126038
-0.058332
0.061290
0.432196
-0.099053
0.197293
-0.232259
0.521644
-0.211014
0.073602
-0.296628
-0.708306
0.572501
0.153400
-0.059662
0.380975
0.070478
0.285695
-0.443440
-0.289221
-0.383777
-0.259000
-0.077813
-0.224394
0.247930
-0.207852
-0.112233
-0.019414
-0.378296
0.118573
-0.178446
0.061562
-0.421226
0.429615
0.486509
-0.067620
0.094239
0.140847
0.414725
-0.026345
-0.657721
-0.552392
0.052073
0.475471
0.702170
-0.237928
-0.485160
0.330578
-0.419728
0.202729
0.181439
-0.184616
-0.179033
0.102263
-0.418833
0.294385
-0.131848
-0.277081
0.196034
0.512917
0.248018
0.083167
-0.311286
0.415527
0.603353
-0.157644
0.237106
-0.113463
0.185835
0.228031
0.044704
-0.065681
-0.454527
-0.111928
-0.120235
-0.486818
0.039481
-0.144594
0.329741
0.432581
0.011213
-0.364878
-0.154341
0.494278
-0.287923
-0.225453
0.124901
0.427208
-0.331238
-0.710016
0.357574
0.398407
0.362828
-0.153776
0.668385
0.245086
0.047795
-0.107666
0.025297
0.105967
0.149480
-0.035980
-0.603299
0.409130
0.220548
0.082140
-0.111547
0.446668
0.384518
0.267366
-0.324433
0.426408
-0.614603
-0.439896
0.405343
-0.159995
0.113025
0.054653
0.512632
0.505366
0.129336
-0.044715
0.387901
-0.122918
0.018982
0.368609
0.292406
-0.372148
0.073281
0.225104
0.207848
0.000137
0.183310
0.552709
-0.149477
-0.357834
0.361099
-0.160515
0.603497
-0.230456
0.009177
0.140992
0.515812
0.253621
-0.136369
-0.488734
0.066030
0.285351
0.355208
-0.114196
0.233257
-0.642704
-0.189651
0.033333
-0.188793
-0.496191
0.048057
-0.029414
0.102682
-0.102114
-0.319263
-0.280958
-0.189745
-0.166915
0.081806
0.691530
0.284031
0.211238
-0.300699
-0.255596
0.511331
-0.529413
0.368393
-0.034932
-0.385063
-0.156381
-0.547639
-0.274272
-0.243404
0.034896
0.695243
-0.190487
-0.222085
0.089436
-0.282358
0.539937
0.164084
-0.202311
-0.419526
0.196642
0.203580
0.306930
-0.338696
0.568010
0.109492
0.217318
0.539690
0.098662
0.134703
-0.278270
0.127575
-0.008859
0.699479
-0.186409
-0.057220
0.496172
-0.164599
0.281936
-0.110862
-0.616286
0.160355
0.468543
-0.087971
0.454810
-0.414385
0.045273
-0.525399
-0.317331
0.040138
-0.289378
0.097978
-0.341860
0.322199
-0.501302
0.176118
-0.599649
0.526894
0.550428
-0.218612
-0.305986
0.263161
0.422938
-0.417159
0.251821
0.027302
0.169760
-0.252311
-0.371850
-0.104657
-0.603213
-0.082524
0.292149
-0.478033
-0.050559
0.250691
-0.123093
0.279754
-0.138899
-0.539518
0.284313
0.046315
0.565918
0.362440
-0.074738
-0.450116
0.241854
0.031950
-0.618545
-0.140857
0.534994
0.244438
0.315491
-0.095556
-0.416385
-0.020271
0.070360
0.234885
0.263738
0.264733
-0.322297
-0.135450
0.300830
-0.398443
0.240761
-0.111567
-0.477970
0.480515
-0.006381
0.153430
0.251361
-0.426780
0.275964
-0.392653
0.071041
0.351246
-0.147206
-0.436685
0.353012
-0.578798
-0.283570
-0.307807
-0.181941
-0.125701
0.387114
-0.210721
0.354650
-0.110501
0.361680
-0.527463
-0.166856
-0.186173
-0.298238
0.208392
0.138937
-0.114181
0.199552
0.209869
-0.063575
-0.210165
0.217076
-0.702746
0.059196
-0.376244
-0.082619
0.081440
-0.009516
0.379247
-0.032106
0.186007
-0.421463
0.303803
0.110768
-0.197658
0.332217
0.434829
-0.611603
-0.166572
0.475637
-0.532459
-0.264250
-0.505453
-0.758052
0.071040
0.285622
-0.330233
-0.320518
0.599524
0.095459
-0.432448
-0.147238
-0.644002
-0.053518
-0.122124
-0.157863
-0.116119
0.086733
-0.213998
-0.581229
0.294002
0.454201
-0.262383
-0.245552
-0.528232
-0.575556
0.081062
-0.572676
0.186104
-0.424852
-0.202623
-0.388478
0.031832
0.065666
-0.035536
-0.302852
-0.477397
-0.275299
-0.006482
-0.290433
0.029007
0.592426
0.291021
0.411993
0.007270
-0.528146
-0.530501
-0.445486
-0.248280
0.308784
-0.380124
0.233929
-0.062536
0.454552
0.109412
-0.005786
-0.205278
-0.252190
0.569446
0.227802
0.371667
-0.521882
0.275232
0.174747
-0.384385
0.374127
-0.130871
-0.226122
-0.019396
0.473258
0.107529
0.519670
0.304230
-0.357774
0.355705
-0.071928
0.135271
-0.375962
0.068673
0.143151
0.118132
-0.133360
-0.335723
-0.291038
-0.103550
0.222389
-0.137329
0.640725
-0.204276
-0.095541
0.635114
-0.216524
0.308206
0.485626
-0.629815
-0.447474
-0.123692
-0.062481
-0.445606
-0.389765
-0.186515
0.057154
0.254682
0.191157
0.525530
0.003458
0.395598
-0.231042
0.013694
0.376336
0.753263
-0.004932
0.179952
0.352247
-0.294249
0.523983
-0.100438
0.729289
-0.352371
-0.389916
-0.092235
0.209642
-0.258104
-0.482486
0.151458
-0.224944
-0.294912
-0.233290
0.314860
0.696804
-0.184331
-0.661246
0.510529
-0.399701
-0.308731
0.432444
-0.043164
0.116479
0.380500
-0.262789
0.110645
0.271345
-0.284943
-0.309135
0.164455
-0.199003
-0.529598
0.118531
-0.184041
0.116802
-0.972808
-0.475885
-0.093946
0.252273
0.254672
-0.059407
0.262151
0.169450
