0.174533
-0.223113
-0.393308
-0.048469
-0.212394
0.537312
0.603552
0.567346
0.488747
-0.083335
0.140136
-0.612344
-0.015628
-0.462867
-0.597800
0.082075
-0.148431
-0.157841
0.049553
-0.360686
-0.210753
-0.187689
-0.566236
-0.037696
0.277265
0.275388
0.098452
0.045137
-0.120175
0.245204
0.057038
-0.540151
-0.371888
-0.220645
-0.165848
0.406936
0.145204
0.186279
-0.040391
0.057277
0.189545
-0.033237
-0.521520
-0.022632
-0.467030
-0.017958
-0.078568
-0.551516
0.005735
0.381358
0.257543
0.024026
0.035999
0.022578
0.023376
-0.366346
0.054788
-0.018207
0.010115
0.462721
0.332987
-0.109757
0.231000
0.613301
0.140243
0.428448
-0.479401
-0.208912
0.488502
-0.338689
0.161743
0.194322
0.215081
-0.297951
0.325352
0.120016
-0.131384
0.089567
0.226814
-0.356229
-0.200504
0.194905
-0.208574
-0.286722
-0.353734
0.188094
0.452776
-0.116873
-0.107577
-0.379731
-0.008427
-0.172371
-0.423020
0.319957
-0.598154
-0.229091
0.077951
0.755369
-0.202315
0.402944
0.591741
-0.249947
0.300245
0.242208
-0.431984
0.191392
-0.098279
-0.268669
0.415510
-0.215575
0.451417
0.143131
0.007953
-0.258725
-0.039370
0.120392
0.260782
0.407756
0.088427
0.397671
0.218904
0.377406
0.375236
0.674032
0.283520
-0.208091
-0.124818
0.121259
0.599640
0.037337
0.537081
-0.691154
0.196387
0.244215
0.313346
0.112882
0.422810
0.254700
-0.087956
0.210852
0.146775
-0.124298
0.387276
0.053376
-0.188374
0.040598
-0.175490
0.049376
0.514405
0.346570
-0.314915
-0.491600
0.151401
0.090078
0.165653
0.645907
-0.213197
0.050687
0.060684
-0.300305
-0.161305
-0.066515
0.621204
0.494062
0.216404
-0.034964
0.008474
-0.024147
-0.264988
0.206990
0.350982
0.518543
-0.054364
-0.222867
0.197078
-0.142668
0.406511
-0.057357
-0.130426
-0.047533
0.023084
-0.153305
-0.119536
-0.291384
-0.126278
-0.402978
0.317054
-0.272616
-0.014045
-0.450497
0.097292
0.033861
-0.171389
-0.151830
-0.268787
-0.297765
-0.304929
0.153199
-0.229205
0.101698
-0.035484
0.659561
-0.085524
-0.037088
-0.145734
0.449707
0.132567
-0.308366
-0.533804
0.314564
0.140882
-0.274162
0.617596
-0.154996
0.150982
0.395784
0.024498
-0.156887
0.126252
0.267136
-0.222905
-0.089067
-0.476867
-0.166055
0.260500
0.198857
0.618525
-0.361417
0.382929
-0.272268
-0.100226
-0.374425
0.082474
0.158677
-0.483734
0.108029
0.077820
-0.418493
-0.488846
-0.173318
0.209405
0.042315
0.149316
0.223800
-0.648974
0.372055
0.414399
-0.461584
0.173467
0.165552
0.297320
-0.454920
0.197730
0.151750
0.161268
0.095974
-0.074652
0.373640
-0.047179
-0.556107
0.398266
-0.784984
0.093375
-0.096440
0.523626
0.154006
-0.124671
0.338587
-0.214005
0.188990
-0.517940
0.551713
0.452493
0.038144
0.202291
0.555024
0.085967
-0.058120
0.373187
-0.395481
0.404899
-0.357473
-0.358923
0.465098
-0.479114
0.061875
0.373461
-0.432383
-0.385761
-0.220491
-0.516705
-0.227337
0.304577
-0.707996
0.161645
-0.019473
-0.142265
-0.059214
-0.501607
0.132555
-0.480069
-0.114575
0.214903
-0.491373
-0.185103
-0.434037
-0.170879
0.299000
-0.188205
-0.406789
-0.277953
0.331826
-0.337402
-0.292361
0.480299
-0.417357
-0.413301
0.094022
0.117390
-0.270173
-0.066630
0.162837
-0.015570
-0.089165
-0.570681
0.121938
-0.134712
-0.485675
-0.325278
-0.016236
-0.320677
-0.069766
-0.486094
-0.540061
0.186394
-0.468376
-0.514573
-0.428631
-0.427888
0.475090
0.146874
0.178621
-0.301096
0.288013
-0.283313
-0.386747
-0.460785
0.014148
0.243566
-0.414414
-0.327663
-0.674543
0.457088
-0.408609
0.409116
-0.238959
0.431304
0.286687
-0.420514
0.064092
0.298439
0.130986
-0.062960
0.093973
0.358444
-0.083678
0.559250
-0.472418
0.089459
0.043135
0.366368
-0.542081
-0.357093
-0.420677
0.047956
-0.047926
0.324064
-0.045795
-0.053558
0.397321
0.141910
0.009869
-0.129312
0.009866
-0.407102
0.002849
0.179023
-0.246892
0.101650
-0.093637
0.061466
-0.005415
0.393501
-0.116313
0.035995
-0.284535
0.439051
0.207174
-0.033390
-0.041426
-0.353013
-0.355882
-0.212534
-0.072696
0.708478
-0.088551
0.320223
-0.251216
-0.082488
-0.374493
-0.468272
-0.347363
-0.201519
0.700445
0.317850
-0.278425
0.211788
0.278642
-0.338074
-0.059255
-0.152535
0.395380
0.009921
0.096921
0.329990
0.086763
0.046293
0.039335
-0.206390
0.149276
0.239516
0.370817
-0.432795
-0.675370
0.128758
-0.100463
0.107266
-0.365513
-0.538652
0.270964
-0.181843
0.319822
0.178760
0.659413
-0.264109
0.456324
0.268645
0.180149
-0.552922
-0.329137
0.286486
0.400123
0.187638
0.045502
-0.291001
-0.232114
0.405826
0.186403
0.382992
-0.519355
0.366673
-0.783679
0.125966
0.517558
0.353251
-0.383341
-0.235073
0.375787
-0.329642
-0.450332
-0.417464
-0.180187
-0.139797
0.462357
-0.537756
0.311302
0.267970
-0.276751
0.247859
-0.056542
-0.564698
0.308875
-0.018902
0.088821
0.432528
0.345789
0.423930
0.092480
0.016769
-0.524907
-0.222878
0.302848
0.401149
0.293437
0.251011
-0.068958
0.394774
-0.556352
-0.444515
-0.158875
0.062735
0.507111
-0.243231
-0.001137
-0.475543
-0.214221
-0.545721
-0.114037
0.380739
-0.295178
-0.189921
0.136771
0.101692
0.471404
-0.301785
-0.061961
0.632630
-0.249909
0.313177
0.120181
0.358983
0.577117
0.632300
0.240469
-0.552596
0.164851
0.388728
0.045756
0.243845
0.107276
0.278395
-0.458599
0.191811
-0.299740
-0.577524
0.126210
0.460135
-0.309278
0.049731
-0.237598
-0.299943
-0.333276
0.421810
0.406595
-0.080849
-0.217735
0.426353
-0.255534
-0.363208
-0.493938
0.294258
-0.399257
-0.372302
-0.133129
-0.184643
0.314209
0.223700
0.374408
-0.348727
-0.790231
0.437405
0.049147
0.076021
-0.114855
-0.482269
-0.538803
-0.131849
-0.247284
-0.245615
0.364129
-0.328240
0.194172
0.195693
-0.070545
0.442402
-0.281748
0.128414
-0.489390
0.250685
-0.071115
0.391641
0.565918
-0.485194
-0.186485
0.445364
-0.310663
-0.044553
0.590142
0.172752
0.469232
-0.067387
-0.272631
0.431916
-0.302216
-0.385872
-0.858780
0.406100
-0.202256
-0.145021
0.393112
0.261766
0.440104
-0.002236
0.069335
-0.088273
0.552313
-0.726531
0.008800
0.346461
-0.360173
0.315359
0.191256
0.174140
-0.312523
-0.373451
-0.429653
-0.258043
0.366607
-0.301281
0.189400
0.369648
0.315571
0.073364
-0.097637
-0.178761
0.116555
0.636600
-0.643912
0.163905
-0.629468
-0.086121
0.417466
0.058263
0.309570
0.470293
-0.185557
-0.110550
-0.105729
0.062787
-0.607361
-0.230355
-0.288359
-0.674903
0.682052
0.500360
0.514306
-0.105560
0.273696
0.505831
0.248480
0.279560
-0.133532
-0.329604
0.130303
0.358971
0.652068
0.380102
-0.590149
0.387484
0.069494
0.574984
-0.508968
-0.391671
0.391619
-0.330233
0.148424
0.744847
0.241708
0.164346
-0.679401
0.257103
-0.040446
-0.149117
0.536246
-0.135535
-0.251018
0.351505
0.395160
-0.236517
0.032482
0.490287
-0.365219
0.252790
0.072999
-0.106240
-0.408599
-0.142245
-0.428033
0.356311
-0.235423
-0.140794
0.073897
-0.209488
0.482074
0.122978
0.411554
0.415205
-0.420825
0.259841
-0.490140
0.400635
0.082644
-0.588298
-0.456067
0.162308
0.052563
-0.956825
-0.530206
-0.461970
-0.536482
0.009004
-0.688567
-0.270339
-0.220440
-0.195076
-0.664529
0.052054
-0.530595
0.406419
0.264676
-0.514729
0.244388
-0.050630
-0.112157
0.041483
-0.246663
0.440161
-0.439454
-0.011637
-0.266347
0.220302
-0.317901
0.276500
-0.372144
-0.363490
-0.353325
-0.149170
0.269308
-0.593783
0.053071
0.429701
0.570372
0.342304
0.533753
0.372604
0.578024
0.452431
0.026756
0.542802
0.555926
-0.663514
0.361199
-0.597467
0.073625
-0.171501
0.091505
0.236508
0.163035
-0.465503
0.277512
0.106579
0.414649
-0.452782
-0.377990
-0.337359
-0.049594
-0.198040
-0.370353
0.647643
-0.184825
-0.221992
0.001911
-0.233256
0.400937
0.298950
-0.676401
0.242411
-0.028090
-0.091187
-0.437662
0.930191
-0.399315
-0.380369
0.399519
-0.252694
-0.040665
0.040944
0.137282
-0.436562
-0.341360
0.279097
-0.297300
-0.221570
0.281573
-0.589777
-0.004017
0.489423
-0.380139
-0.342170
-0.226907
0.326814
-0.292420
0.566036
-0.692281
-0.671747
-0.050620
-0.294857
0.444559
-0.305856
0.056403
-0.182342
0.549155
0.515444
-0.181755
-0.090402
0.313977
