0.234654
-0.446864
-0.267533
-0.563292
-0.328404
0.105756
0.219232
-0.230336
0.488286
0.033928
0.272757
-0.327259
-0.434546
-0.019374
0.067966
0.335476
0.455084
0.625021
0.500061
-0.299954
0.350630
-0.131757
0.101414
-0.374158
-0.450471
-0.392033
-0.021820
-0.223483
0.536805
-0.058158
0.686389
-0.045416
-0.773397
-0.499827
0.194013
0.151561
0.514881
-0.127563
-0.090831
0.124735
-0.231897
-0.405998
0.205215
0.012257
-0.573974
-0.346026
-0.139559
0.354419
0.010248
0.489172
-0.075618
-0.055861
0.194920
-0.446353
0.340884
0.436881
0.252114
-0.219884
-0.471283
-0.573743
0.271797
-0.363785
0.369061
-0.185105
0.475428
0.351126
0.319163
0.309250
-0.192775
-0.337215
-0.064292
0.168046
-0.175122
0.046746
0.295239
0.215354
-0.143199
0.060167
-0.160896
0.216815
-0.082006
0.194905
-0.165403
0.353821
-0.089369
-0.328113
-0.496243
0.436363
-0.201896
0.393679
-0.339684
0.192107
-0.403933
0.188605
0.094804
-0.502944
0.324963
-0.117902
0.571070
0.174357
0.490701
0.641508
0.415160
-0.013268
-0.096707
-0.325906
-0.267705
-0.275095
0.105948
-0.507146
-0.030728
0.152773
-0.542912
-0.590812
0.214089
-0.443833
0.354586
-0.226959
0.012726
-0.602981
0.492144
-0.318954
0.334999
-0.577739
-0.010528
-0.081016
-0.088009
0.337436
-0.136039
-0.321857
-0.521536
-0.427728
0.000816
-0.416410
0.347979
0.470056
-0.051413
-0.391850
-0.348878
-0.435533
0.015532
-0.050992
-0.450258
-0.556434
0.147287
0.004069
-0.332198
0.141246
0.509469
0.163694
-0.109151
-0.124370
0.109076
-0.469808
-0.174927
0.760995
0.269896
0.163801
-0.103867
-0.248909
0.275566
-0.411041
0.609359
0.420379
0.233828
0.458830
0.246568
-0.578127
0.147958
0.015425
0.163963
0.458377
0.010499
0.586915
0.095288
0.128466
0.216887
-0.046339
0.009886
0.013267
-0.176832
-0.102244
0.072944
0.638560
-0.197401
0.428130
0.509165
0.020725
-0.059702
0.190040
0.177695
0.526248
-0.580512
-0.036813
-0.304745
0.026515
0.162305
-0.646796
0.053780
0.598520
-0.252758
0.324955
0.241106
0.238937
-0.350868
-0.235115
-0.304388
-0.293149
0.115820
-0.133699
0.211382
-0.018078
0.205129
0.146051
0.317735
0.500613
-0.306959
-0.232837
0.442454
0.577562
-0.153517
-0.627120
0.483922
0.128427
-0.524731
-0.093329
0.534181
-0.444490
-0.105531
-0.357448
0.636705
0.119327
0.205853
-0.043964
0.291140
-0.607486
-0.171182
-0.174839
-0.563734
-0.186325
0.101701
-0.445098
-0.352408
-0.424164
-0.229642
0.277898
0.330129
0.175666
0.339662
0.072805
-0.444367
0.403667
0.463253
-0.058983
-0.291858
-0.571984
-0.344026
0.257908
-0.420389
0.526350
0.421033
-0.404075
0.333080
-0.104869
0.810417
0.021742
-0.580722
-0.450330
0.060141
-0.300310
-0.472301
0.286409
-0.486294
0.142868
0.445834
0.177312
0.088656
0.084107
0.070483
-0.273638
0.237467
0.353368
-0.191954
0.341070
0.457520
0.039134
0.202915
0.004923
0.084900
-0.452023
-0.339796
-0.388773
-0.391462
0.290701
0.113315
-0.175968
-0.376607
0.025428
-0.567798
0.103460
0.394777
0.016832
0.251642
-0.381278
-0.072140
-0.098067
-0.281506
0.593056
-0.310766
-0.479260
0.509882
0.067007
-0.394858
-0.006862
0.068821
-0.033309
0.046849
0.358280
-0.364391
-0.020179
0.168489
0.046291
-0.107774
0.017017
0.451992
-0.301103
0.270173
-0.541872
0.006951
0.488927
-0.340010
-0.250046
0.636330
0.347112
0.390264
-0.396968
-0.495597
-0.407759
-0.546371
0.429083
-0.058861
-0.095168
-0.108106
-0.269801
-0.067402
0.192447
0.481550
-0.109528
0.297964
0.340136
-0.490243
0.670164
0.107154
-0.170408
-0.029005
0.469266
0.400933
0.281777
0.017516
0.302779
-0.248510
0.454137
-0.236208
-0.304219
0.049997
0.487599
0.213755
0.285420
-0.154300
-0.049881
0.116002
0.247639
0.523180
0.408373
-0.119117
-0.281906
-0.574551
-0.316386
0.007032
0.286658
-0.149354
-0.288093
-0.126239
-0.393573
-0.243398
-0.069552
0.229919
-0.240045
-0.183280
0.619565
0.314563
0.085514
0.083722
-0.078856
0.198833
-0.453353
-0.024063
-0.428233
-0.214255
-0.216250
0.640686
-0.414804
-0.001066
-0.225966
-0.121720
0.487244
-0.230788
-0.243823
-0.365292
0.191956
0.102730
0.394003
-0.366279
0.335112
0.036000
-0.273337
0.056949
-0.202236
0.324743
-0.103637
0.567738
0.417423
0.056254
0.374336
0.060139
-0.050689
-0.413866
0.030436
-0.019568
-0.179943
0.073542
-0.343902
-0.470376
-0.623082
-0.058720
-0.311800
-0.159589
0.542610
-0.212705
-0.347798
0.568811
0.439766
0.119222
-0.376152
-0.089975
-0.372789
-0.014344
-0.359248
0.342811
-0.237371
0.024723
-0.154806
-0.112220
-0.434648
-0.162376
-0.038640
0.256259
0.077342
0.165120
0.378186
0.377777
-0.336315
-0.032866
-0.395476
-0.582917
-0.592062
-0.022245
-0.253679
0.039505
0.246796
0.090410
0.329970
0.656270
0.384996
-0.526640
0.040890
0.343406
0.127526
-0.166437
-0.261656
-0.252101
0.109759
-0.414917
0.413331
0.363917
-0.304563
-0.096129
0.154880
-0.013602
-0.427303
-0.114188
-0.304033
-0.564014
-0.149666
0.318906
-0.027804
0.414874
-0.345911
0.175831
0.726222
-0.450132
-0.107088
-0.505167
-0.266131
-0.472685
-0.378689
-0.459411
-0.447539
0.255479
0.164789
0.607190
0.256565
-0.803191
-0.138634
0.194045
0.048580
-0.599706
0.140305
-0.368433
-0.138264
-0.083676
0.126328
0.404710
0.568184
-0.424794
-0.101697
0.397636
0.588444
-0.453580
0.223688
0.432838
-0.071989
0.286596
0.424785
0.123344
-0.013616
0.278977
0.448811
-0.135984
0.427545
0.226347
0.482506
-0.539442
-0.764930
0.492031
-0.323363
-0.619635
-0.295435
-0.379903
-0.542409
-0.025103
0.372587
0.326804
-0.356372
-0.157683
-0.319830
-0.331945
0.670060
0.646141
-0.507915
-0.209463
-0.352401
-0.162488
0.027303
-0.482269
-0.141725
-0.487742
-0.227425
-0.212028
0.232768
-0.209852
-0.007732
-0.343395
-0.124417
0.315922
0.496693
0.359078
0.219817
0.408649
0.113216
0.148917
0.577680
-0.144265
-0.070263
-0.326616
-0.390736
0.363540
0.328414
0.265027
0.301589
-0.170651
0.417496
0.405206
0.195583
0.203984
-0.369023
-0.533709
-0.297102
-0.160644
0.143511
-0.176166
-0.509274
-0.163332
0.495951
0.020270
-0.398163
-0.227242
0.431211
-0.016473
-0.567842
-0.337191
0.453803
-0.131444
0.485083
0.238800
-0.149958
0.599957
0.088546
0.128803
0.334881
-0.403521
0.260627
0.444774
0.158668
0.517079
-0.489926
0.023030
0.397164
-0.570700
0.192636
-0.100692
-0.258148
-0.153923
-0.316601
-0.908559
0.074777
0.103368
0.372201
-0.309898
-0.324544
0.482737
0.359977
0.371291
0.598275
-0.625235
-0.183409
0.385057
-0.263921
0.502133
0.561660
0.360872
-0.303370
0.593666
-0.189099
0.404203
0.311780
-0.309244
-0.368104
-0.580910
-0.062114
0.536597
-0.129258
0.195462
-0.384358
-0.259064
0.489098
-0.390207
-0.295235
-0.230496
-0.196601
-0.559430
0.212436
0.411261
0.107709
-0.037271
0.029529
0.612727
0.369673
0.184385
0.279289
0.095381
0.721324
-0.693324
0.499794
-0.182061
0.115337
0.008630
0.261722
0.130472
0.266827
-0.134611
-0.159857
0.387454
-0.603276
-0.573091
0.446496
-0.768708
0.511797
-0.173822
-0.222993
0.107786
0.016335
-0.158126
0.067464
-0.104287
-0.012537
-0.287080
-0.038584
0.191157
0.409502
0.385852
-0.002712
0.020696
-0.747483
-0.038363
-0.397312
0.160998
-0.225697
0.600906
0.388471
-0.173644
0.232994
-0.318658
0.053158
0.581777
-0.164009
-0.214483
-0.466910
0.012345
0.463015
-0.016526
0.314489
0.455224
-0.270036
0.001386
0.410643
-0.220620
-0.506204
0.565342
-0.275330
-0.166989
-0.049382
-0.209605
0.558676
-0.585481
0.604101
-0.427978
-0.322506
-0.458447
0.386500
-0.203103
0.319501
0.379705
0.207118
-0.187819
0.140853
-0.544100
-0.202060
-0.000005
-0.208532
-0.176648
-0.288338
-0.103658
-0.472581
-0.293978
-0.005728
-0.178328
0.289648
0.496767
-0.245150
-0.290803
0.418700
-0.118250
0.262800
-0.114325
0.062735
0.231037
0.311305
0.010901
-0.284219
0.031449
0.190221
0.207723
-0.549730
0.019426
0.406294
-0.190567
-0.427043
-0.241587
-0.642442
0.566265
-0.357114
-0.256646
0.210669
-0.743901
-0.176704
0.418482
0.822433
0.700972
-0.343145
-0.122747
-0.115442
0.694677
-0.197888
0.286533
-0.170926
0.519183
-0.570676
-0.015909
-0.533739
-0.460665
0.105301
-0.071398
-0.185088
0.096492
-0.710714
