0.229001
0.375711
-0.010135
0.119223
0.459069
-0.448675
-0.074707
-0.082132
-0.202314
0.411851
-0.222337
0.237038
-0.137192
-0.011419
0.441233
0.093051
-0.423417
0.430099
-0.221365
0.368421
-0.252887
0.638843
-0.541167
0.440815
0.245450
-0.074718
0.068487
-0.015586
-0.270340
0.264893
-0.396367
-0.199082
-0.461759
0.520675
0.109945
0.126038
0.304995
0.506138
-0.710646
0.028523
-0.033959
-0.427136
0.197735
-0.013162
0.379593
0.141481
-0.039925
-0.238181
0.083897
-0.280641
-0.013460
0.087749
-0.255493
0.635570
-0.277566
0.157668
0.076040
0.686220
-0.316135
0.021584
-0.192737
-0.353409
-0.234708
0.672182
-0.081536
0.198722
0.181196
-0.268262
-0.349712
-0.366862
0.633784
-0.267415
-0.312801
0.443476
-0.144518
0.376485
0.040241
0.010413
0.281420
-0.410389
0.014777
-0.294313
-0.208574
0.121821
0.540435
0.101073
-0.390807
0.565477
-0.251535
-0.615771
-0.049448
-0.172371
-0.287771
-0.022425
0.168171
-0.469741
0.506006
-0.603604
-0.153501
-0.185812
0.661200
0.290787
-0.210644
-0.114726
-0.032486
0.657004
-0.090179
0.250277
0.426026
0.141815
-0.173303
0.494031
0.290073
0.678971
-0.176235
-0.058979
0.141417
0.407756
-0.063316
0.222726
-0.172121
0.127546
-0.154761
-0.050436
0.469010
0.206102
-0.310872
0.433166
0.098864
-0.396834
-0.092309
-0.201583
0.214152
0.230075
-0.200981
-0.504038
-0.191206
-0.185235
0.593513
0.253905
0.161027
0.245054
0.050507
0.127772
-0.674078
0.753586
-0.135586
-0.391043
0.401158
0.350438
-0.090522
-0.088255
-0.013457
-0.079462
0.058579
0.797925
0.246995
-0.109468
0.279716
-0.577701
-0.417825
-0.108613
0.049567
0.015757
0.286687
0.130723
-0.089876
0.108159
-0.437059
0.015425
-0.290186
0.412220
0.036436
0.489138
0.351356
-0.189060
-0.572815
0.253577
-0.106640
0.417842
0.268015
-0.075305
-0.439794
-0.565400
-0.598820
-0.382440
0.376691
-0.303204
-0.180238
-0.235763
-0.245112
0.023514
-0.341286
0.572578
0.268016
0.386322
-0.176035
0.130452
-0.312351
0.106404
0.422143
0.414239
0.490091
0.064753
-0.478331
0.222970
-0.267633
-0.230126
-0.071483
-0.161864
0.413335
0.366380
0.047439
-0.320967
0.150982
-0.256438
-0.508985
0.017774
-0.104369
0.561551
0.272327
-0.051970
-0.488811
0.457774
0.158838
0.592847
0.561416
-0.227090
-0.146763
0.089729
-0.119181
0.419209
0.163636
0.232351
-0.384482
0.339766
0.258636
-0.418493
0.213446
-0.041147
-0.560664
-0.456510
-0.144264
0.223800
0.751685
0.372055
0.115039
-0.300284
0.319153
0.439654
-0.077753
-0.055518
0.206033
-0.491380
0.077784
0.246755
0.139259
-0.213322
-0.371677
-0.208829
-0.123297
0.075838
-0.255876
-0.259506
-0.030885
-0.019280
0.051530
0.458050
0.275168
-0.116139
0.228061
0.409862
0.438933
-0.341856
0.488368
-0.665418
-0.236083
0.155906
-0.081460
0.491405
0.047520
-0.263186
-0.030511
0.224384
-0.317200
-0.517497
-0.097276
0.112392
0.312699
0.081462
-0.756733
-0.093939
0.351194
0.052694
0.390503
-0.031750
-0.586828
-0.067885
0.298913
0.069487
0.151694
0.253154
-0.032435
-0.351071
0.128725
0.408767
-0.394679
0.222015
0.655055
0.036491
0.428028
-0.223030
0.228175
-0.549044
0.165889
-0.247428
0.454358
-0.574753
0.062008
0.208225
0.440314
0.583250
-0.317998
0.054030
-0.479884
0.242324
-0.042480
0.053633
0.194567
0.496377
-0.260534
-0.189538
0.110832
-0.304154
0.125773
-0.334866
-0.060730
0.191185
0.158511
-0.376984
-0.077044
-0.162359
0.226079
-0.024908
0.399264
-0.571455
-0.175714
-0.310151
-0.152964
0.232917
-0.262453
-0.666074
-0.394442
-0.001814
-0.241537
0.567992
0.222967
0.076949
-0.362583
0.218995
-0.014416
0.020607
-0.413565
0.093973
-0.266266
0.332886
0.005106
-0.638411
0.414725
-0.094708
-0.559452
-0.602851
0.390367
0.521214
0.244585
-0.277125
0.114009
0.224649
-0.185248
0.275529
0.183147
-0.602801
0.108817
0.772825
0.304580
0.454546
-0.252685
-0.238630
0.160572
0.115525
-0.118806
-0.338246
0.280883
-0.046826
0.517251
-0.521812
0.370853
0.012271
0.185835
-0.321008
0.417957
-0.291663
0.151298
0.227583
-0.070761
0.162223
0.503192
-0.162618
0.390971
0.432581
-0.159695
0.036870
0.335005
0.256477
0.189407
-0.122578
-0.151845
0.173743
-0.178572
-0.423789
0.069030
-0.108963
-0.376328
0.594592
0.338799
0.086763
-0.371030
0.039335
0.396659
0.052101
0.454508
0.112663
-0.344650
0.155506
0.305834
-0.038923
-0.022303
0.481743
-0.090395
-0.005544
0.020665
0.319822
0.310394
0.441945
0.029071
-0.093633
0.193954
0.180149
0.203639
-0.521116
-0.292676
-0.200868
0.312862
-0.638320
-0.073992
0.376557
0.243033
0.247585
-0.302191
0.225104
-0.025084
0.143758
0.229425
0.093079
-0.440516
-0.357834
-0.041927
0.325054
0.304251
-0.359373
0.309563
-0.005762
0.683905
-0.024075
0.166673
0.231884
0.180289
0.884044
0.410836
-0.090633
0.242671
0.284144
-0.396334
0.154254
0.302020
0.508203
0.333636
-0.559927
-0.084466
-0.394382
0.228911
0.151711
-0.225526
-0.285575
-0.455393
0.046366
-0.475901
0.036047
0.257324
-0.249394
0.017421
0.172101
0.501833
0.357558
0.649363
-0.472470
-0.494911
-0.222516
0.154848
0.100410
0.052509
-0.225717
-0.045038
-0.519634
-0.486324
-0.452882
0.164084
0.209146
-0.575536
0.145690
0.506126
0.090884
-0.060097
0.275560
0.164257
0.022057
-0.106256
0.240667
0.243845
-0.397209
-0.300898
-0.069698
-0.110735
0.140547
0.151944
0.466020
0.477794
0.049560
-0.045572
-0.530406
0.217997
0.344131
0.117732
0.359351
-0.320097
0.523498
-0.608757
0.350002
0.380257
0.142794
-0.045416
-0.263863
-0.136994
-0.346303
-0.547418
-0.161873
0.223700
0.023323
-0.439693
-0.280092
0.445869
0.473054
-0.161471
-0.315091
-0.467028
0.189604
-0.171855
0.329134
0.126384
-0.181610
-0.242814
0.181169
0.208910
0.077225
0.454927
0.058874
0.050006
-0.085300
-0.488029
-0.370247
0.111954
-0.325951
0.549250
0.514779
-0.311433
-0.407150
-0.117860
0.321198
-0.287413
0.379093
0.486200
-0.544368
0.228434
-0.491347
-0.239474
0.482258
-0.094180
-0.416290
-0.167909
0.295290
-0.403360
-0.059510
-0.293362
0.261552
0.196032
0.233848
0.096423
-0.372342
0.536762
0.482278
-0.151059
-0.033923
-0.065924
0.036605
0.220363
-0.407940
-0.267696
-0.047563
-0.301281
-0.551169
-0.482805
-0.510735
-0.476164
0.048342
-0.302112
0.116555
-0.106886
-0.125361
0.163905
0.091310
0.098641
0.228522
0.009570
-0.482106
-0.222713
-0.427412
-0.142766
0.540974
-0.130097
0.305208
0.204498
0.317110
-0.639006
0.053735
-0.426864
-0.398861
0.385057
-0.188082
0.071001
0.248480
0.231436
-0.000787
-0.102680
-0.695942
0.462423
0.709279
-0.166572
0.218147
0.268226
-0.043865
-0.341758
-0.096179
-0.456864
-0.243858
-0.220354
-0.337626
0.791030
0.161057
0.189739
0.066640
-0.515928
0.312632
0.127144
-0.216380
0.141726
0.567929
-0.018685
0.353503
0.182693
0.372220
-0.258597
0.158241
-0.383056
0.473455
-0.118114
-0.436081
-0.358739
-0.251575
0.114019
-0.082053
-0.324693
0.027744
-0.612163
0.023696
-0.046681
0.291348
0.136501
-0.290433
0.519571
-0.300108
0.263196
-0.322424
-0.019518
0.199696
0.419339
-0.221010
-0.007441
-0.043779
0.128820
-0.583393
0.563334
0.148810
-0.185640
-0.579424
0.051421
0.021286
-0.573283
-0.447141
0.195301
-0.521882
0.283489
0.240135
0.255176
0.283760
-0.130871
-0.248477
-0.171639
-0.519259
0.426382
0.077267
0.321339
-0.408243
0.275018
0.108469
0.393338
0.435231
-0.179729
0.054868
-0.066036
-0.415924
0.035591
0.466479
-0.111550
-0.100014
0.029225
0.086827
0.391423
-0.095541
0.526705
-0.103345
0.308206
0.303364
-0.629815
-0.446097
-0.387522
-0.143061
-0.415076
-0.478278
0.001205
-0.297850
-0.193469
-0.237732
-0.298229
-0.161746
-0.455364
0.260390
0.113262
-0.061542
-0.195480
-0.116850
-0.022849
-0.200451
-0.193649
-0.378295
0.275290
-0.235129
0.306494
0.009913
-0.493115
-0.609083
-0.152866
-0.411362
-0.281767
-0.114919
0.052103
0.083377
-0.163160
0.246916
-0.134609
-0.244779
0.223046
-0.311033
-0.070856
-0.121642
-0.531271
0.398448
0.205855
0.736974
-0.028828
-0.489552
0.329413
0.520735
-0.220454
0.418342
0.255435
0.340713
-0.266499
0.455571
-0.209134
0.438738
-0.093946
0.373155
-0.042483
0.186889
0.043166
-0.438597
