-0.182906
-0.085626
-0.073295
0.207463
-0.235531
0.005227
0.291207
0.301693
0.451241
-0.140823
0.134602
-0.436629
-0.073563
0.413886
0.225466
-0.316919
0.088649
-0.058997
0.177010
-0.611368
0.326345
0.400343
0.024149
0.063331
-0.424886
0.139705
-0.448387
-0.234471
-0.047819
0.046736
0.363232
-0.353570
-0.496690
0.002766
0.239973
-0.611310
-0.487391
0.089059
-0.081485
-0.240473
0.060799
-0.000407
-0.369557
-0.081837
0.080127
0.049318
-0.218380
0.004105
0.002218
0.332062
0.273179
-0.429306
-0.487368
-0.401171
0.168480
0.470825
-0.066950
0.083445
0.266841
-0.305303
-0.359152
0.136487
0.252501
0.592162
0.261030
0.384636
-0.479401
0.372774
-0.244831
-0.243611
-0.136039
0.310807
0.170583
-0.282553
0.374992
-0.170455
-0.614854
0.231262
-0.425204
-0.250718
-0.161752
-0.468744
-0.578425
-0.310555
0.007698
-0.359148
0.242921
-0.174790
-0.205659
0.393531
-0.292247
-0.239038
-0.575101
-0.360766
-0.169760
0.497746
-0.478679
-0.587203
-0.047310
0.283331
0.701056
-0.386353
0.015417
0.002265
0.318534
-0.120127
0.134355
0.143343
0.132572
-0.171733
0.197456
0.219198
-0.120668
-0.485233
0.398311
-0.187700
-0.135421
0.124937
-0.024827
0.717625
-0.463597
0.142028
-0.291724
-0.294078
-0.163024
-0.113619
0.019813
-0.107455
0.014250
0.116295
0.547131
0.147298
0.133359
0.277262
-0.500350
0.293302
-0.516035
0.254700
-0.364499
-0.662072
0.009200
-0.466811
-0.216421
-0.029394
-0.615898
-0.286988
0.550235
-0.233904
-0.082650
0.231128
-0.144337
-0.453458
-0.125198
-0.151762
0.063691
0.094109
0.059592
0.172672
-0.272869
-0.360223
0.106786
0.223186
0.602733
-0.335092
0.065035
0.018754
-0.104185
0.099260
0.233420
-0.283505
0.198285
0.452138
0.149194
-0.318618
0.121792
-0.369066
-0.195954
0.113419
0.076217
0.017836
-0.240233
0.268854
0.084145
0.189873
0.322997
0.130263
0.416750
0.216171
0.064687
0.289661
0.482263
-0.167979
-0.163931
-0.468124
0.307196
0.051134
0.478134
-0.512424
-0.302045
0.211838
-0.042414
0.551702
0.732955
0.318745
0.192385
0.726308
0.121949
-0.172902
-0.464130
-0.242694
-0.334695
-0.123057
0.262443
-0.249055
0.319529
0.301570
0.158862
-0.244769
-0.320390
0.019500
-0.243700
0.311067
0.626314
-0.447090
0.411610
0.439626
-0.375424
-0.564564
-0.184753
-0.203322
-0.170089
-0.117178
-0.197201
-0.033101
0.323818
0.094571
-0.004030
0.155509
-0.394321
-0.320308
-0.564476
-0.340899
0.180498
0.258341
-0.573368
-0.017486
0.450871
0.078297
0.278611
0.129741
0.634855
0.002638
0.179442
0.211262
-0.192831
-0.083806
0.398011
-0.351884
0.222065
0.204144
0.525885
-0.490388
0.032985
0.404955
-0.046721
0.084220
-0.061925
0.437613
0.084697
-0.224110
-0.270135
0.704153
-0.197517
0.017227
-0.260606
0.208958
0.153650
-0.257644
-0.271768
-0.101784
0.383167
-0.291809
-0.035669
-0.010003
-0.290657
0.207106
-0.228230
-0.331253
-0.433520
0.366361
0.027463
0.176440
-0.328841
-0.351724
0.057921
0.412952
0.196873
-0.136531
0.360444
0.324157
0.449492
-0.086008
0.258394
0.094924
-0.341514
-0.460174
-0.409147
-0.178543
-0.085845
0.540064
0.014385
-0.603467
-0.702184
-0.579364
-0.321170
-0.555980
-0.620698
-0.334399
0.058853
0.233541
0.010836
-0.015031
-0.166998
0.216061
0.346669
-0.173510
-0.068631
0.017684
-0.396259
-0.148420
0.275204
-0.575826
0.185460
-0.652176
-0.044415
0.235452
-0.585480
0.284135
-0.473676
-0.184633
0.093591
-0.131426
-0.347193
0.077493
0.048802
-0.298425
0.062435
0.434060
-0.296803
0.314292
0.312169
0.211776
0.370867
0.288419
-0.529729
-0.146279
-0.308070
0.266755
-0.332000
-0.431119
-0.221950
0.275192
-0.006918
-0.207306
0.326770
0.149014
-0.440031
-0.079254
-0.397550
-0.402141
0.487754
-0.289917
-0.643325
-0.377516
0.488933
0.489529
-0.707484
0.019396
-0.044190
0.284313
-0.173560
-0.262702
-0.067747
0.490543
-0.243366
-0.113843
-0.043303
-0.257849
0.100174
0.336125
0.114584
-0.207322
0.179061
0.098673
-0.386950
0.466103
0.190478
0.254338
-0.149688
0.303192
0.204641
-0.434300
-0.055995
0.260329
-0.064603
0.570833
0.424423
-0.354403
0.348175
0.346318
-0.353648
-0.392114
-0.279488
0.538753
-0.615024
0.189869
0.152957
-0.069115
0.568564
-0.319576
0.178587
0.222673
0.285879
0.051896
0.361243
0.011247
0.398246
-0.381590
0.424003
0.240900
0.261391
0.324304
-0.465009
-0.425462
-0.417736
-0.291541
-0.291723
0.495911
0.102048
-0.389975
0.573299
0.208218
-0.031525
-0.177976
0.465889
-0.142352
-0.049701
-0.437065
0.178653
-0.441208
0.409630
-0.146680
0.275230
0.157030
-0.060594
-0.165046
-0.201148
0.223912
0.938731
0.281534
0.314843
-0.140461
0.533781
-0.189727
-0.351213
-0.386057
-0.029326
-0.144154
0.509797
-0.377161
-0.294072
-0.031959
0.308705
-0.177798
0.397381
0.096110
0.069837
0.181099
-0.225275
0.083488
-0.420697
-0.027900
0.457659
0.416437
-0.187850
-0.147812
0.489210
-0.170328
-0.106858
-0.228677
0.057098
-0.283231
0.600506
-0.239984
-0.275491
0.488517
-0.187138
-0.192615
0.284770
-0.170614
0.200069
-0.278437
-0.287632
-0.392750
0.675662
-0.416474
0.534590
-0.421666
0.214455
0.419937
0.386107
-0.294975
-0.594058
-0.354790
0.094106
0.223860
0.045325
0.209146
-0.209145
0.001166
0.460848
0.397227
-0.465301
0.005673
-0.569575
0.619627
-0.126109
0.426175
0.389710
-0.239197
0.329334
0.035093
0.113088
-0.250743
0.281702
0.299546
-0.062662
-0.208349
0.255267
-0.423385
-0.053417
-0.466016
-0.083052
-0.747613
0.179847
-0.333763
-0.133469
-0.208435
0.351722
-0.398311
0.328554
0.439402
-0.358763
-0.212539
0.565117
-0.395195
0.370642
-0.100026
-0.322303
-0.278358
0.563548
0.271353
0.130885
0.102192
-0.459111
0.276126
-0.394990
-0.185285
0.104363
-0.150004
-0.273105
0.622411
-0.462273
0.077225
-0.316251
0.008597
-0.053376
-0.313281
0.460634
-0.592860
0.009588
-0.234535
0.137690
0.407754
-0.242914
-0.208398
-0.034696
-0.136265
0.074698
-0.351137
0.459071
0.069325
-0.243110
-0.067562
0.549934
-0.236926
-0.156044
-0.546656
-0.118047
0.444415
-0.393291
0.194539
0.512932
-0.400818
-0.145740
-0.188100
-0.121792
0.076534
0.044856
-0.527933
-0.194722
0.369290
0.337970
-0.001602
0.225133
-0.033947
-0.358043
-0.122241
0.146776
0.031145
-0.369931
0.571911
-0.145088
0.067536
0.183713
-0.051693
0.076112
0.218069
-0.383067
-0.052088
-0.020598
0.038143
-0.332087
-0.351048
-0.271929
-0.337874
-0.187665
-0.101254
0.322012
-0.616933
0.101426
-0.014746
0.249424
-0.494626
0.191396
-0.561069
0.323954
0.206674
0.250716
0.267169
0.184369
-0.008173
0.437563
0.164105
-0.131733
0.280878
0.190806
-0.108241
-0.346803
-0.129589
-0.526893
0.070716
-0.013155
-0.514080
-0.485626
0.125664
-0.634660
-0.457840
0.027541
0.283652
-0.133305
0.385673
-0.141448
0.215592
0.450878
0.462091
0.031596
-0.157673
0.209348
-0.493087
-0.516552
0.692762
-0.356271
0.397839
-0.332201
-0.164333
-0.177349
0.531864
0.150592
0.155286
-0.626952
-0.289204
0.018061
0.406690
0.315584
-0.419498
0.292948
-0.282111
-0.521437
0.300431
0.195129
0.127666
0.102221
-0.240911
0.278629
0.094996
-0.036659
-0.248865
-0.484407
0.089386
-0.027839
-0.461107
0.032093
-0.309667
-0.249454
0.115325
0.177036
-0.254663
0.569344
-0.490679
0.238327
-0.273140
-0.112488
-0.176410
-0.029840
-0.255399
-0.233289
0.444366
-0.188155
0.362231
0.032806
0.033718
0.241971
0.471456
0.194313
0.077478
0.203122
0.305703
-0.342006
-0.412209
-0.163612
0.134212
0.169358
0.176668
0.139568
-0.028090
0.254444
-0.126451
-0.452622
-0.175128
0.560064
-0.308015
0.243774
0.670057
0.103934
0.376568
-0.584042
-0.385461
-0.085510
-0.331447
-0.088918
0.246394
-0.111000
-0.147707
0.226052
-0.092753
-0.346299
0.567623
-0.119541
-0.378583
0.421441
-0.144290
-0.395939
-0.323479
-0.074254
0.704383
0.250708
-0.146631
-0.646366
0.358174
0.062390
-0.437128
0.188890
0.564841
0.532579
-0.245588
-0.316022
0.189427
0.066449
-0.093557
-0.454717
-0.310597
-0.115486
-0.180546
0.048541
0.571462
0.303081
0.502783
0.286897
-0.431552
0.062430
0.021905
-0.019838
-0.413895
0.148089
0.120159
-0.191539
0.138819
0.448779
-0.004466
-0.353309
0.181770
-0.356002
0.233394
-0.260764
0.424982
