-0.324875
0.004789
-0.414437
-0.625545
-0.224403
-0.149408
0.270530
-0.082132
-0.302904
0.419762
-0.413017
-0.284421
-0.320361
0.170592
-0.477702
0.335476
0.049987
-0.015835
0.517695
-0.223040
-0.028414
-0.455882
-0.063433
0.715085
0.211927
0.435226
0.762497
-0.313002
0.582386
-0.395992
-0.079464
-0.455362
-0.333856
-0.374697
0.028373
-0.065829
-0.169952
0.542567
0.030219
0.224219
-0.095077
0.163164
0.262592
0.309402
0.223561
0.197561
0.239467
0.676294
-0.173458
0.295018
0.120602
0.579432
0.391449
0.022498
-0.052603
0.516925
-0.631121
0.047698
0.207348
0.211131
-0.356102
0.486806
-0.234708
0.678069
-0.237708
-0.109680
0.546879
0.124682
-0.336518
-0.366862
0.119589
-0.130609
0.288452
-0.284231
-0.149969
0.222121
0.262665
-0.067551
0.021971
-0.248952
0.098273
-0.294313
-0.280447
0.468960
0.066017
0.284639
0.182872
0.354113
-0.212996
0.124518
-0.251773
0.262123
0.132520
-0.537508
-0.371547
0.077866
-0.074282
-0.215636
0.138191
-0.185812
-0.525466
0.412744
0.457593
-0.088843
-0.118406
-0.225891
0.523281
0.351958
-0.389342
0.500142
0.378833
-0.346417
0.169681
-0.143933
-0.178537
0.012760
0.528545
-0.275041
0.197117
-0.435343
-0.172121
0.095122
0.116999
-0.546171
-0.050502
0.443225
0.008409
0.225793
0.376584
0.388606
-0.049967
-0.118160
-0.021020
-0.241330
-0.200981
-0.370247
-0.067650
-0.434365
0.251043
0.151138
-0.606205
-0.252359
0.013936
0.123398
0.065541
-0.239141
-0.330407
-0.472586
0.151910
0.530196
-0.120825
0.377913
0.130837
0.481944
-0.251750
-0.647040
0.161112
0.069783
0.170709
-0.472514
0.018130
0.416712
0.686688
-0.104454
0.235334
0.070677
-0.238830
-0.115235
-0.210014
-0.354857
-0.340501
-0.008120
0.132129
-0.177528
-0.454339
-0.189060
-0.522766
0.098798
-0.076630
0.417842
-0.193170
-0.136698
0.310560
-0.565400
-0.110190
-0.384506
0.085040
-0.403538
0.410929
0.211346
-0.415972
0.485711
-0.207516
-0.186757
-0.194302
-0.368031
0.085132
-0.552720
-0.259761
-0.031107
0.568873
0.221414
-0.507354
0.064753
0.127209
-0.076312
-0.304388
-0.248121
0.431553
0.165912
0.161814
-0.114112
-0.169238
-0.054815
0.408144
0.225879
0.284681
-0.076497
-0.114103
0.531870
-0.363515
0.059670
-0.493334
-0.000478
-0.015197
0.536239
0.480667
-0.524654
-0.294900
0.084956
-0.358644
0.345849
-0.163282
-0.364573
-0.391263
0.339766
0.258636
-0.469368
-0.085771
-0.187823
0.185820
-0.135372
0.391433
0.223326
0.751685
0.065438
-0.306176
0.129951
0.077594
0.072805
0.514609
0.486306
0.220558
-0.166735
-0.517459
-0.360732
0.076775
0.320408
0.487292
0.346132
0.319898
-0.518617
-0.452530
-0.330964
0.176424
-0.347519
-0.342377
0.557876
-0.428072
-0.211768
0.129070
-0.335713
0.314337
-0.441053
0.383286
-0.137663
-0.216351
0.059027
0.011823
-0.090591
0.072162
0.049216
-0.163327
0.207458
0.237530
0.491981
0.172545
0.540833
0.256108
-0.171480
-0.051307
-0.375530
-0.346799
0.381606
0.355796
-0.019927
-0.184482
-0.034398
0.153233
0.077798
0.416725
0.144035
0.289025
0.038103
0.361470
0.160274
-0.394679
-0.667924
-0.419731
0.582762
-0.340219
0.018647
-0.638316
-0.179251
0.349921
-0.308425
0.074322
-0.115319
-0.364391
0.171302
-0.138329
0.380701
0.025735
0.238952
-0.577862
0.238018
0.240467
-0.195825
0.807327
-0.188487
-0.340010
-0.206143
-0.065796
-0.349562
0.476655
-0.334866
-0.295886
0.464458
0.256064
0.073602
-0.045266
-0.493051
0.234717
0.532307
0.399264
0.356884
0.245848
-0.184203
-0.404257
0.209111
-0.262453
0.627943
-0.244119
-0.427131
-0.084179
0.441105
-0.349884
-0.165838
0.066231
0.203640
-0.248510
-0.240970
-0.197730
-0.304219
0.336953
-0.231651
0.190410
-0.114178
-0.354862
-0.170638
0.023877
0.218240
-0.082963
-0.603524
-0.143273
0.031889
0.114009
0.224649
0.042931
0.557982
-0.045120
-0.376466
-0.217177
-0.347328
-0.259968
-0.164820
-0.289448
-0.346626
-0.494387
0.226514
-0.302143
-0.101175
0.331833
0.748781
0.517251
-0.383055
0.260302
0.429062
0.316350
0.074473
-0.367067
0.411872
0.151298
0.227583
-0.133038
-0.561325
0.503192
0.058887
-0.371015
0.683512
-0.159695
-0.056768
0.013629
0.349368
-0.026736
-0.019626
0.467530
0.481660
-0.176137
0.355382
0.314564
-0.045808
-0.376328
-0.113122
0.300581
-0.362808
0.206118
-0.426959
-0.210646
-0.124275
0.272263
-0.084615
-0.579667
-0.552188
-0.193319
-0.700741
-0.146053
0.629439
-0.667371
-0.150461
0.230610
0.424472
0.149981
-0.411615
-0.094188
-0.030109
-0.160464
-0.557792
-0.504408
-0.562914
0.196375
0.083822
0.056372
-0.638320
0.411581
-0.233405
-0.031279
-0.058418
-0.302191
0.181196
0.317902
-0.331453
-0.112905
0.792632
0.417001
0.086080
-0.041927
-0.284252
0.209975
-0.471553
-0.408122
-0.517628
0.683905
-0.204710
0.103935
-0.165988
0.292234
0.053211
-0.235486
0.154552
0.321539
-0.254791
-0.109521
0.110665
-0.514237
-0.184897
0.442507
-0.480532
0.061198
-0.074074
0.129367
0.153500
-0.225085
-0.026579
-0.597226
0.534758
-0.481198
-0.249668
0.138158
-0.405695
0.017421
0.461177
-0.475606
0.016234
0.889683
0.446815
0.266478
-0.274272
0.160911
0.034896
0.079247
-0.024001
0.514566
-0.195455
-0.176552
0.649091
-0.001400
-0.262283
0.229613
0.268597
0.266222
-0.108185
0.335028
0.496152
-0.502087
-0.430181
-0.166156
0.588444
0.019262
0.097096
0.494818
0.473339
0.190830
-0.393694
0.357106
-0.036976
-0.292983
-0.282664
0.078651
-0.283850
-0.103850
-0.632706
0.275432
0.019609
-0.032967
0.496515
0.391040
0.360523
0.610036
-0.236014
0.038377
-0.456071
0.017311
-0.284240
0.140083
-0.510538
0.069848
0.680970
0.490958
0.087707
-0.057578
0.338231
-0.506468
-0.145292
0.232274
0.223578
0.206979
-0.006167
-0.688978
0.222344
-0.254962
-0.315810
-0.335642
0.023254
0.445638
0.089429
0.103074
-0.178546
-0.134510
-0.591391
-0.181107
-0.508708
0.450189
-0.000091
-0.261737
0.349053
-0.474613
-0.366757
0.265027
-0.334347
0.036164
0.543278
-0.325633
-0.491347
0.271612
-0.003097
-0.105040
-0.161155
-0.079453
-0.322297
-0.074156
0.361569
-0.348413
0.442123
-0.382842
-0.436980
-0.714770
-0.147438
-0.031710
-0.391147
0.248346
0.243967
-0.597709
-0.033979
-0.211924
-0.109935
0.091681
0.275028
-0.070458
0.334881
-0.371720
-0.510735
-0.476164
-0.529890
0.517079
0.522047
-0.180135
0.527577
0.018650
-0.178755
-0.278257
0.024882
-0.208596
-0.482106
-0.908559
0.632018
-0.105185
-0.122302
-0.525366
0.268562
0.482737
-0.211460
-0.582077
0.491177
0.311714
0.212547
0.042327
-0.216748
0.183673
-0.458302
0.101422
-0.046281
0.626433
-0.398117
-0.331006
-0.278331
-0.067113
-0.479356
-0.556771
0.759625
0.232451
0.379736
-0.327267
-0.157104
0.054789
0.006867
0.727210
-0.209842
-0.398758
0.312144
-0.556138
-0.129154
-0.016151
0.173332
0.405551
0.115734
-0.018685
-0.037966
-0.356077
0.372220
-0.435800
-0.201717
-0.835099
0.117634
-0.351877
-0.402241
0.056723
0.361765
0.076989
0.195784
-0.185560
-0.143981
0.291750
0.082157
-0.103737
-0.068660
0.227421
0.000268
-0.188301
-0.222993
-0.231350
-0.365091
0.361729
0.518228
0.204463
-0.098618
0.164947
0.206990
0.148489
0.358238
0.563334
0.323090
-0.163842
0.290698
-0.018749
0.537650
0.087012
0.162235
0.376009
-0.473125
0.000913
0.205427
-0.301566
0.061045
0.549484
-0.023087
-0.030090
0.497595
0.241940
0.542148
0.284756
-0.170914
-0.023256
-0.139545
0.187540
0.039141
-0.179729
-0.298093
0.220525
-0.388698
-0.178150
-0.060710
-0.420102
0.447550
-0.564916
0.683035
0.588073
0.147516
-0.702348
-0.175128
-0.318838
0.315105
-0.119765
-0.507109
-0.223285
0.140853
-0.381027
-0.517694
0.012742
0.398012
-0.096738
-0.237732
0.248421
-0.576662
-0.260646
0.012327
-0.087529
-0.300324
-0.081202
-0.131586
0.243249
-0.674793
-0.251372
-0.602328
-0.223961
-0.148307
0.231037
0.267402
0.408498
-0.054306
0.800574
0.309899
0.269970
0.201385
-0.150635
-0.131616
-0.162879
0.246916
-0.204634
0.465150
0.250843
-0.264424
-0.161493
-0.087146
-0.706715
-0.063065
0.324438
-0.146464
0.043466
-0.155728
-0.298674
-0.156349
0.589926
0.334729
0.200089
0.051762
0.536511
-0.571115
0.447218
0.497329
-0.459631
0.011615
-0.217440
-0.446598
0.513334
0.367919
