0.011600
0.325793
-0.197147
-0.083589
-0.384118
-0.434982
0.195315
0.130035
-0.341932
-0.116598
-0.329733
-0.046888
-0.314865
-0.202663
-0.102547
-0.444111
0.010018
-0.009441
0.279033
0.087684
0.424677
0.124343
0.101707
-0.283635
-0.609377
0.297292
-0.031385
-0.326133
-0.179175
-0.103939
-0.057716
0.326739
-0.483562
-0.281326
-0.192527
0.372219
-0.262893
-0.218132
-0.058300
-0.097809
0.189629
0.346216
-0.081402
0.392151
0.143480
0.073021
-0.408795
-0.023484
-0.349124
-0.082685
0.060790
-0.362069
-0.008650
-0.382647
-0.115683
0.606592
0.116832
0.051499
0.311186
-0.418207
-0.192737
-0.437014
0.277658
-0.170369
-0.162048
-0.575498
-0.259909
-0.532405
0.100496
-0.395753
0.108027
-0.363118
0.097610
-0.385729
0.438811
0.286049
-0.374022
0.201581
-0.330951
-0.404124
-0.202744
-0.623740
-0.538859
-0.457657
-0.708860
0.056798
0.002446
0.768937
-0.679205
0.258291
-0.124276
0.079082
-0.352806
-0.086654
-0.554300
-0.245376
0.123423
-0.097833
0.438945
0.456503
-0.058473
0.235840
-0.041981
0.020135
0.009648
-0.067109
0.161191
0.388559
0.115371
0.183380
-0.077855
0.247220
0.010842
0.288595
0.154545
-0.151319
0.274811
0.369124
0.180719
-0.488438
0.429809
-0.393533
-0.281269
-0.328079
-0.663539
-0.242473
0.319779
0.112469
0.098864
-0.423019
0.596902
-0.267369
0.077525
0.201726
-0.488102
0.692349
0.278496
-0.756813
-0.162101
-0.015698
-0.705972
-0.155315
-0.065342
0.366252
-0.124859
-0.168227
-0.343329
0.111606
0.305764
-0.365702
0.268449
-0.465622
-0.109130
0.516609
-0.486664
-0.119273
-0.508052
0.232586
-0.028064
-0.355374
0.142244
0.103746
0.498581
-0.048140
0.381077
-0.137292
0.028349
-0.074686
-0.286631
0.352146
0.246160
0.333412
-0.400286
0.435271
0.283810
-0.079142
-0.067851
-0.118460
0.184297
-0.263093
-0.141169
0.201665
-0.321278
0.625551
0.509009
0.074026
0.173415
-0.543221
0.015038
0.212472
-0.337169
-0.125108
-0.456334
-0.293047
0.123571
0.090103
0.184186
0.021047
0.108879
0.205417
0.289714
0.463359
0.119738
0.166241
-0.309803
-0.160202
0.187588
-0.375336
-0.217663
0.256441
-0.416670
-0.294120
-0.176705
0.156574
0.458524
-0.634834
-0.000989
0.034674
0.059056
-0.284793
0.223525
-0.103086
0.506820
0.093644
0.198078
-0.125280
-0.380644
0.080560
-0.255771
0.144979
-0.321045
0.187729
0.281576
-0.263735
0.578825
-0.516917
-0.124776
-0.127900
-0.534901
-0.297144
-0.506549
-0.017054
-0.630046
0.044455
-0.606173
0.194062
-0.145852
-0.297979
-0.369295
0.100985
-0.411533
0.319245
-0.068343
-0.114883
0.239557
-0.595082
0.299419
0.190983
0.444578
0.202852
-0.069947
-0.537343
0.599687
-0.223128
0.172659
-0.167613
0.299115
0.371122
0.353830
0.327095
0.289079
-0.528908
-0.231060
-0.122361
-0.210129
0.288049
0.148359
0.446293
0.066047
0.051183
0.328627
0.151504
-0.338896
-0.056560
0.053493
0.174968
-0.571849
0.372693
0.414549
-0.087704
0.370491
-0.494217
-0.322444
-0.471471
-0.185004
-0.093511
0.280033
-0.111215
0.303654
-0.093495
0.309372
-0.047636
-0.428582
0.169573
0.387232
-0.364433
-0.189733
0.002753
0.037245
0.384851
-0.112584
-0.589153
0.301420
0.029943
-0.450583
-0.325619
-0.084509
0.032733
0.319825
0.276378
-0.132466
0.402944
-0.681270
0.216469
-0.515740
-0.194505
-0.297818
0.244474
-0.173537
-0.130070
0.244987
-0.242548
0.154537
-0.508815
-0.010662
-0.054080
0.358929
0.118710
0.067751
0.077143
-0.557194
0.186238
0.018998
-0.056686
-0.012992
-0.418494
0.372107
-0.037001
-0.456218
0.232640
-0.310375
0.628504
-0.415492
-0.143048
0.286487
0.197994
-0.173386
-0.076560
0.076688
-0.339520
-0.033073
-0.341985
0.142086
-0.187803
-0.274850
0.463999
0.115164
-0.367789
0.181577
-0.476003
0.095138
0.453419
0.493170
0.070665
-0.170067
-0.319837
-0.302456
-0.221301
0.124256
-0.088600
0.094957
0.320066
-0.075939
0.453557
-0.348352
0.427539
0.145388
-0.393574
-0.319937
-0.222798
-0.262506
0.132919
0.306070
0.447788
0.299328
0.458334
-0.414699
0.023479
0.382287
-0.586866
-0.220917
-0.414088
0.433549
0.166642
-0.230772
0.083362
-0.100065
-0.359552
-0.004705
0.269061
-0.267360
0.188875
-0.147404
0.588042
-0.471598
-0.233581
-0.033856
0.251595
-0.332249
0.426124
0.127671
-0.180894
0.359304
-0.013013
-0.137221
0.451549
0.451983
0.253941
0.250320
-0.110153
0.316820
0.311376
0.218905
-0.113029
0.384844
-0.052701
-0.491896
-0.344406
-0.004171
-0.379914
-0.154123
0.542600
0.347325
-0.413013
-0.111238
0.044409
-0.312336
-0.226094
0.197861
0.093104
-0.247859
-0.265595
-0.369105
-0.478930
-0.617900
0.221597
-0.429177
-0.630286
0.123221
-0.111261
0.569637
0.145465
0.177457
-0.300971
-0.409750
0.033311
0.057049
-0.081043
0.325436
-0.416839
-0.260065
-0.080556
-0.229813
-0.386450
0.270944
-0.108011
-0.152645
0.237420
0.565484
-0.122072
-0.459362
-0.273518
-0.529678
0.388456
0.356052
-0.065745
-0.226623
-0.563817
0.316805
0.204619
0.225368
-0.068584
0.156460
-0.116444
-0.358885
-0.087517
-0.374593
-0.018853
-0.100168
-0.297263
-0.632534
0.058078
0.404410
-0.311382
0.461437
-0.346317
-0.377187
0.024330
0.353774
0.216702
-0.471029
-0.431312
-0.447486
-0.012090
0.584044
0.153791
0.113843
-0.457116
-0.421840
-0.318420
-0.289607
-0.001821
0.264934
0.346275
0.240338
0.254356
0.267869
0.432275
0.296581
0.229113
-0.442014
0.331482
-0.318505
0.027473
0.357439
-0.269057
0.095863
0.265480
-0.038479
-0.350184
-0.226914
-0.487253
0.348258
0.104517
-0.175935
0.162820
-0.133891
-0.270930
0.192073
-0.137667
-0.047630
0.355677
-0.006111
-0.033630
0.031687
-0.360890
0.346737
-0.679684
0.427761
-0.273898
-0.344797
0.423616
-0.124504
0.354752
-0.440613
-0.266937
0.195331
-0.055645
-0.334394
-0.523588
0.323541
0.321318
0.298111
0.048050
-0.036108
0.089040
-0.058949
0.525095
-0.132382
0.267241
0.043687
-0.268084
-0.197925
0.097804
-0.330020
-0.159425
0.254122
0.448047
-0.001060
0.499332
0.621913
0.343031
0.285699
-0.023327
0.075361
0.418383
-0.095226
-0.005359
0.385957
0.237827
-0.277613
0.328926
0.461284
0.715831
0.197447
-0.406589
-0.086989
0.380160
0.000286
-0.276634
-0.234237
-0.012075
-0.177176
-0.079596
-0.256664
-0.311918
0.476527
0.161673
0.024558
0.323571
0.553074
0.042064
0.308668
-0.032021
-0.530844
-0.118224
-0.044153
-0.092321
-0.175304
-0.259001
-0.045434
-0.044505
0.301729
0.518410
-0.092323
0.009120
-0.102754
0.462255
0.030373
0.021947
0.136334
0.157695
0.212687
0.540321
-0.045492
-0.014764
0.389830
0.085353
0.441761
0.314909
0.255615
-0.125382
-0.041607
-0.099518
-0.509041
0.613408
0.303977
0.061852
-0.441675
-0.071508
-0.153908
0.305313
0.128513
0.278137
0.095040
0.127645
-0.355332
-0.257763
-0.469836
0.453827
0.047517
0.190165
-0.057884
0.181050
0.327064
0.463695
0.042518
-0.018400
0.036414
-0.144866
0.384111
0.655824
-0.855861
0.226438
0.058561
0.189787
0.462079
-0.411651
0.449215
0.383962
-0.162676
-0.063492
-0.060516
-0.167126
0.467844
0.272906
-0.027525
-0.181808
-0.336765
-0.358635
0.009302
0.273577
0.469459
0.089970
-0.442623
-0.003717
0.313107
-0.333567
0.050458
-0.095162
0.076500
0.305416
0.267289
0.455340
-0.668085
-0.293058
-0.527375
0.029555
0.614906
-0.425545
0.363467
-0.001976
0.325793
0.151671
0.233522
-0.436543
0.440161
0.098661
-0.470338
0.708167
0.120602
-0.059570
-0.109286
0.247538
0.088567
0.388482
0.208653
0.133519
0.023727
0.073200
0.011792
-0.534925
0.206171
0.533826
-0.159880
-0.381560
0.438763
0.338602
-0.265124
-0.465224
0.783140
0.550487
-0.866098
0.705246
-0.020782
0.303672
0.171178
0.516899
-0.075819
-0.334332
-0.063684
0.013947
0.193615
-0.260920
0.459624
-0.010500
0.041454
0.055555
0.574302
-0.305502
0.235259
-0.615634
-0.061104
-0.370643
-0.259170
-0.044350
-0.240763
-0.332941
-0.047132
-0.412730
-0.032086
0.514647
0.362493
-0.431919
-0.515772
0.003724
0.400800
0.137282
-0.085190
0.028972
-0.207782
0.062619
-0.293283
0.420023
-0.215081
-0.084839
-0.308024
0.010416
-0.257577
-0.642987
0.272139
0.332461
-0.182518
-0.302900
0.345999
0.049231
-0.469336
-0.038663
-0.037783
-0.057693
-0.135547
0.068337
0.557255
0.257716
-0.027983
0.427890
