-0.019858
-0.061965
-0.526956
-0.013025
0.391304
0.520234
-0.570256
0.103898
-0.192996
-0.096388
0.225065
0.034623
-0.496894
-0.391548
-0.064357
-0.367331
-0.357308
0.500470
0.227579
0.087684
0.192574
-0.286257
-0.307746
0.557376
0.183894
-0.342109
0.784285
-0.187601
0.036698
-0.435585
0.255828
-0.134636
-0.357476
-0.281326
0.098180
0.405072
-0.356500
0.361866
0.032175
0.167215
0.088212
-0.056331
-0.209586
-0.307099
-0.704236
0.380837
0.218645
-0.329744
-0.073349
-0.416087
-0.282733
0.528894
0.263352
-0.314236
0.081287
-0.096717
-0.139952
0.007351
0.263740
0.197774
0.074894
0.441928
0.228204
-0.029253
-0.446327
-0.385464
-0.576896
-0.046821
0.378884
0.075123
0.046245
0.295950
-0.465952
-0.285189
0.475727
-0.291766
-0.214400
-0.284958
0.153513
-0.378054
0.159837
0.244153
-0.570724
-0.423116
-0.363664
-0.553846
0.478642
0.150629
0.280543
0.526208
-0.100244
0.320231
-0.049478
0.366417
0.196273
0.296068
-0.077118
-0.409114
-0.607634
-0.185370
0.605773
0.365416
0.033067
0.285552
-0.212967
-0.402495
0.477903
0.136566
0.736924
-0.357960
-0.031750
-0.666420
0.105692
0.025542
0.325247
0.323555
0.224289
0.011732
-0.131211
-0.120747
-0.406718
0.346601
-0.529470
-0.242562
0.338773
0.068420
-0.005030
-0.381462
-0.359127
-0.108804
0.125932
0.069743
0.233931
0.279213
0.123086
-0.463463
-0.230557
-0.350620
0.388232
0.553438
0.219756
-0.160089
-0.593040
0.039379
-0.576975
-0.093288
-0.480922
0.119425
-0.290149
0.172865
0.290167
-0.301067
0.196322
0.090078
-0.262982
-0.303480
-0.244140
-0.334428
0.373435
-0.435023
-0.815454
-0.013097
0.571672
-0.511229
0.382349
0.500795
-0.080566
0.465370
-0.361569
-0.580761
-0.080612
-0.349649
0.059973
-0.039555
0.315933
0.513023
-0.285313
-0.062102
-0.076630
0.369539
-0.181681
-0.595878
-0.393743
0.124457
-0.128943
0.150248
0.461144
0.195043
-0.094581
0.111439
0.524795
-0.162744
0.125253
-0.198469
0.073561
0.149383
-0.310352
0.069822
0.510025
-0.285432
0.059448
0.085414
0.498611
0.286013
0.280471
0.199203
-0.474717
-0.518186
0.031724
0.124544
0.280959
0.421939
0.617596
0.295929
0.497368
0.288013
-0.076449
-0.481183
-0.125031
0.229437
0.535008
-0.047160
-0.392225
0.068631
-0.261946
0.170848
0.687580
-0.175121
0.286576
-0.067323
0.494774
0.399838
0.248221
0.105042
-0.497552
0.054935
0.270946
0.030020
-0.567331
0.112516
0.539385
-0.379220
0.218362
0.052673
-0.408612
0.135659
-0.035014
-0.444219
0.389279
-0.330791
-0.299180
0.454484
-0.560358
0.316538
0.419803
-0.346598
-0.258444
0.458510
-0.262378
0.334228
0.013656
0.499457
-0.313727
0.659335
0.372218
-0.022973
-0.636721
0.436706
-0.396770
-0.458759
-0.220975
-0.477506
0.154986
-0.049162
0.583894
0.652920
-0.205775
0.011819
-0.715786
0.064482
0.245130
0.383990
0.541896
0.520149
-0.001063
0.437839
-0.010613
-0.196602
0.294433
-0.208635
-0.502669
-0.227337
-0.563712
-0.262293
0.179946
-0.209427
0.579072
-0.549208
-0.580634
0.342747
0.320919
0.363993
0.563497
0.425912
0.142350
-0.327227
-0.445645
0.215806
-0.275108
-0.680450
0.124439
-0.690420
-0.286917
-0.208706
0.048437
-0.315058
0.390056
0.579966
-0.357117
0.057974
-0.163070
0.447096
-0.386453
-0.665142
-0.006548
-0.126704
0.406934
-0.197952
-0.144021
-0.363508
0.131530
-0.017633
0.011890
0.266105
-0.040749
-0.046300
-0.412463
0.393887
-0.171636
-0.208085
0.252277
0.237477
0.383676
0.472310
0.075644
-0.170514
-0.183112
-0.553312
-0.553427
-0.096379
-0.346373
0.568199
-0.355573
-0.060910
0.554543
-0.145690
-0.042875
0.255998
-0.178450
-0.151074
-0.196282
0.313759
0.248304
-0.033250
-0.556781
-0.054897
0.319930
0.465758
-0.063218
-0.062353
0.628994
0.265144
-0.303272
-0.201420
0.112945
-0.196295
0.264980
-0.254873
-0.599981
0.037193
0.181439
-0.237368
-0.119931
0.121258
-0.133442
-0.245193
0.189435
-0.291934
0.049076
0.062947
0.073087
-0.516447
-0.346950
0.362861
0.385722
-0.479025
0.568267
-0.181976
-0.198527
0.399341
-0.226904
-0.414088
-0.306056
0.361213
0.108466
-0.529120
0.381076
0.207906
0.031048
0.438209
-0.417786
0.601388
0.385836
0.117913
0.145163
0.208639
0.226320
-0.182878
-0.354964
0.293574
-0.073908
0.100427
0.065298
0.453589
0.208931
0.051900
0.464984
-0.033734
-0.211616
-0.266809
0.502264
0.349214
-0.068205
-0.240020
-0.239735
0.140133
0.072383
-0.146577
-0.045159
0.076736
0.543416
0.465578
0.058718
0.722893
0.403342
0.453019
0.078797
-0.678488
0.350198
0.279662
0.220449
-0.404757
0.393731
0.290604
0.394483
0.232336
-0.232586
0.209720
-0.025898
-0.059198
-0.283750
-0.331090
-0.274688
-0.173848
-0.576452
-0.252819
-0.086224
-0.280579
-0.623093
-0.348518
0.164902
0.145401
0.350631
-0.355588
-0.025689
-0.314734
-0.372866
0.118869
-0.655081
-0.077069
-0.119084
0.221308
-0.586940
0.120405
-0.311406
-0.517646
-0.415819
0.125292
0.632652
-0.179813
-0.437360
-0.295410
0.218700
-0.013673
-0.221583
-0.155390
0.016929
0.341027
-0.601683
0.143912
-0.020897
0.314518
-0.131448
-0.469280
-0.465861
-0.022238
-0.148627
-0.125587
0.127713
-0.396770
-0.117560
-0.040765
-0.237598
0.039323
-0.404049
-0.543394
-0.451459
0.200155
-0.145883
0.517051
0.358983
0.044715
0.120405
-0.543887
0.204275
0.320660
0.780401
0.662200
-0.138091
0.061031
0.181044
-0.151522
-0.107642
0.392692
0.566135
0.223886
-0.466904
-0.291807
0.014527
-0.170092
-0.394616
0.593560
0.138334
-0.715986
-0.231786
0.086838
-0.392900
0.353017
-0.617610
0.259675
-0.482897
0.246392
0.430957
-0.194243
-0.118015
-0.037053
-0.093089
-0.107121
-0.524339
-0.382015
-0.381682
-0.053533
-0.072597
0.245917
0.372099
0.205687
0.463944
-0.142344
-0.271985
0.181918
-0.032354
-0.228859
0.224795
0.116597
0.155587
-0.209387
-0.073070
0.030868
-0.290881
-0.239964
0.325413
-0.123287
0.232642
-0.011955
-0.469693
-0.168215
-0.451477
-0.372807
0.237974
-0.148987
0.296463
-0.115481
-0.291574
0.739538
0.075361
-0.534971
0.370644
0.438890
0.393919
0.164615
0.193870
-0.306516
-0.546400
0.041809
0.134678
0.147813
-0.756380
-0.168947
0.119356
0.326091
0.484112
0.010775
-0.055032
0.390138
-0.455277
-0.461279
0.625374
-0.417817
0.435837
0.027762
0.436032
-0.030428
-0.371905
0.070527
-0.083315
0.443492
-0.360642
-0.024829
0.397837
-0.046240
-0.092539
-0.339115
0.191610
0.150685
-0.487452
-0.266449
-0.574197
0.045170
-0.405706
0.136296
0.177210
0.103429
-0.055452
-0.591421
0.546057
0.424999
0.468223
0.308930
0.285773
-0.494682
0.334635
0.088428
-0.252179
-0.602600
-0.393079
0.581326
0.037701
-0.156787
0.193707
-0.102220
0.255406
-0.024224
-0.210229
0.502736
0.291537
-0.150601
0.113771
0.037094
0.354041
0.035415
-0.117894
-0.639927
-0.294220
-0.509875
0.247679
-0.128156
-0.180867
-0.074900
0.266338
-0.521988
-0.191574
-0.443785
-0.466995
-0.361035
0.337456
-0.434224
-0.553877
0.569620
0.257112
0.323485
-0.181474
-0.170016
-0.619667
-0.693774
-0.106666
0.183454
0.497042
-0.290433
0.512528
0.491909
-0.182153
0.167900
0.071663
-0.007406
-0.068715
0.007157
-0.125400
-0.224811
0.338979
0.134897
-0.223841
0.315860
0.292506
-0.032155
-0.624960
0.519837
0.304443
-0.369682
0.272208
-0.610776
-0.156856
0.325347
0.321068
0.361394
-0.492610
0.131706
0.259762
0.044687
0.289533
-0.122507
0.067910
0.438620
0.368385
-0.290059
-0.129388
0.095919
0.141034
0.518638
0.336319
-0.208263
-0.061261
-0.131428
0.057317
0.085722
-0.482968
-0.390095
0.499080
0.170446
-0.461084
-0.215263
0.033998
-0.102175
0.085259
0.399903
-0.221695
0.011218
-0.646609
-0.567658
-0.465503
0.291036
-0.156720
-0.025920
-0.078228
-0.238681
0.487450
-0.038592
0.006458
0.641240
0.109400
0.057255
0.206800
-0.525084
-0.665697
0.264646
-0.076137
-0.523404
-0.249393
-0.440665
-0.440811
0.315811
-0.157213
0.400604
0.578306
0.553219
-0.595528
0.102392
-0.229664
0.356671
0.185092
-0.206529
0.082154
-0.310597
-0.104221
-0.446499
0.147434
-0.290436
0.466032
0.220897
-0.323469
-0.647842
0.061754
-0.612590
0.353674
-0.379955
-0.381621
0.013342
0.423851
0.456309
0.395615
0.232763
-0.001648
0.174814
-0.614577
-0.105863
-0.004589
0.565558
