0.277294
0.375711
-0.010135
0.103562
-0.391949
-0.463371
0.341380
0.182833
-0.202314
0.338223
-0.183683
-0.268541
-0.137192
-0.548075
-0.477959
0.093051
-0.150477
-0.113797
0.000824
-0.129039
0.188099
0.588065
-0.483148
0.075243
-0.379922
0.275388
-0.039397
-0.436611
-0.149689
0.094870
0.284826
-0.223045
-0.341844
0.589950
0.173949
0.150463
0.525531
-0.251852
0.446841
0.057277
0.285062
0.227075
-0.044259
-0.216698
0.379593
0.141481
0.445867
-0.551516
0.006067
-0.255911
0.066509
-0.009695
-0.255493
0.635151
-0.301639
0.245149
0.054788
0.686220
-0.316135
0.462721
-0.192737
-0.269059
-0.592719
-0.231715
0.009349
0.198722
0.241532
-0.268262
0.049876
-0.269045
0.007337
-0.434988
-0.098232
0.478473
0.325722
-0.385707
-0.126600
-0.254514
0.281420
-0.348050
0.014777
0.429802
-0.208574
0.121821
-0.101236
0.232503
-0.449738
-0.038991
-0.151830
0.294472
-0.049448
-0.172371
0.199876
-0.368140
0.154078
0.035411
0.420958
-0.603604
-0.077140
0.128987
0.661200
0.290787
0.141532
-0.114726
0.069497
0.657004
-0.090179
-0.566406
-0.013822
0.127060
-0.163242
0.494031
0.257316
0.277465
-0.138908
-0.014893
0.035389
0.407756
0.175207
0.244754
0.218904
-0.117026
-0.007841
-0.075320
-0.184025
0.183446
-0.248411
-0.049963
0.106764
-0.319947
0.272101
0.351514
0.296174
0.290699
0.039879
-0.235076
-0.487830
-0.191405
0.511081
0.082594
-0.298751
0.245054
0.050507
0.206046
-0.698109
0.102781
-0.135586
-0.437466
0.514405
0.360522
-0.429630
-0.269251
0.067680
-0.058009
0.031363
-0.447991
-0.101081
-0.077031
-0.104216
-0.355374
-0.457443
-0.043351
-0.199536
0.015757
0.286687
0.523432
0.239109
-0.510180
-0.625576
-0.238833
-0.208879
0.412220
0.176545
0.063079
0.331546
-0.295517
0.434307
0.156245
-0.106640
-0.047533
0.236329
0.021074
-0.375046
0.178668
0.349831
-0.588867
0.376691
-0.303204
-0.265569
-0.235763
-0.317817
0.023514
-0.329875
0.683870
0.500306
-0.502336
-0.052642
0.130452
-0.205027
-0.314447
0.399501
-0.082444
0.445053
0.031783
-0.120360
-0.162832
-0.228294
-0.241888
-0.071483
-0.278886
0.413335
0.403981
-0.233356
-0.301680
0.004064
0.170269
-0.508985
-0.013581
-0.008331
0.538654
-0.356373
0.000854
0.750549
0.378273
0.158838
0.348842
0.198660
-0.174948
-0.182646
0.089729
-0.476612
0.419209
0.163636
0.295224
-0.203216
0.180053
0.270946
-0.482880
-0.664453
0.396076
-0.560664
-0.524704
-0.090100
0.226451
-0.342755
0.372055
0.115039
-0.551261
0.384767
0.494785
-0.032958
-0.011770
0.035395
-0.480284
-0.472818
0.368693
0.139259
-0.306427
0.253828
-0.290762
0.555409
0.106966
-0.203730
-0.590476
0.446298
-0.379560
0.110915
0.507461
0.275168
-0.241903
0.228061
-0.344192
0.348022
-0.374355
0.409134
-0.054574
-0.171550
0.176725
0.541662
-0.030444
-0.331196
-0.263186
0.020765
0.136016
-0.279583
-0.296180
0.320872
0.112392
0.435624
0.081462
-0.756733
-0.090520
0.381266
0.073201
0.390503
0.003493
-0.264994
-0.046546
0.298913
-0.044335
0.169562
0.250083
-0.032435
0.150580
0.131163
0.408767
-0.491535
0.222015
0.530569
-0.257538
0.435126
-0.230758
0.228175
-0.549044
0.172016
-0.422733
0.454358
-0.264723
0.369091
0.418431
0.548750
0.234525
-0.242480
0.054030
-0.570681
0.201551
0.703057
-0.558943
0.152535
0.434087
0.122237
-0.158669
-0.024204
-0.304154
0.427937
-0.468376
-0.060730
-0.370564
0.343422
0.578924
0.343615
-0.110345
0.507892
0.008994
0.015816
-0.571455
-0.030739
-0.166519
-0.688334
-0.028536
-0.327663
-0.673595
0.517939
-0.242858
0.075955
0.567992
0.266399
0.074347
-0.309962
0.064180
0.027637
-0.047589
0.109940
0.093973
-0.327326
-0.045280
0.064753
0.343565
-0.272278
0.163042
0.165505
-0.602851
-0.288678
0.521214
-0.084415
-0.297158
0.345244
-0.047436
-0.144540
0.150238
-0.110542
-0.420070
-0.187753
0.605711
-0.400031
0.490709
-0.235139
0.255344
0.049797
-0.655639
0.087522
-0.097202
0.280883
-0.630878
-0.156519
-0.077944
0.370853
0.207174
0.185835
-0.067197
0.336012
-0.448558
-0.203642
0.049460
-0.232847
0.162223
0.296329
-0.204402
0.306165
0.432581
0.090309
0.031239
-0.308037
0.550867
0.189407
-0.336214
-0.157604
-0.332794
-0.264479
-0.124509
0.060435
-0.088714
-0.280709
0.594592
0.452319
0.086763
-0.350775
0.039335
0.558121
-0.146506
0.395835
0.112663
-0.344650
-0.360503
0.315746
-0.038923
-0.167518
-0.365513
0.082814
0.270964
0.090427
0.319822
0.310394
-0.284694
-0.264109
-0.208034
0.055142
0.180149
0.155985
-0.521116
-0.292676
-0.085873
0.044959
0.474505
0.211786
0.051760
-0.033264
0.247585
-0.538637
0.225104
-0.025084
-0.248640
-0.159686
0.425866
-0.376121
-0.357834
-0.144794
0.235238
0.237026
-0.450332
-0.093474
-0.080544
-0.139797
-0.024075
0.305145
0.146810
0.128683
0.264706
0.269947
-0.090633
0.296752
0.063877
-0.348925
0.154254
0.309578
0.508203
0.512352
0.023065
-0.084466
-0.390032
0.263240
0.460578
-0.278625
-0.123159
0.180688
-0.072565
0.224225
-0.385937
0.242993
-0.249394
0.089465
0.284709
0.573817
-0.125524
0.726666
-0.472395
0.381630
-0.028969
0.154848
0.021206
0.030018
0.136771
-0.015527
0.352631
-0.473695
-0.514341
0.516489
0.209146
-0.639946
0.145690
0.587735
-0.350975
0.122134
0.240469
-0.131029
0.217318
-0.106256
0.316610
0.243845
-0.397209
0.187370
-0.069698
0.147202
0.140547
0.310432
-0.333025
0.399351
0.281696
0.137528
-0.616286
0.446908
0.344131
-0.245452
0.369320
-0.320097
-0.012067
-0.417903
-0.159231
-0.249535
0.667131
-0.625948
-0.276297
0.354660
-0.348636
-0.601931
0.099031
0.223700
0.058423
-0.383981
-0.280092
-0.224140
0.055937
0.305175
-0.046472
-0.539304
0.206950
-0.080484
0.270337
0.392353
0.107352
0.581880
0.181169
-0.185388
0.179344
-0.128427
0.172841
-0.200893
-0.091006
0.192296
-0.397746
0.146779
0.415265
0.522316
0.514779
-0.462772
-0.386983
-0.044553
0.321198
-0.318919
-0.282277
0.301665
-0.361731
-0.316599
0.040730
0.118900
0.129290
0.189625
-0.402696
-0.094100
0.295290
-0.394817
0.211735
-0.309922
0.332588
0.257233
0.148104
0.431467
0.017872
0.464429
-0.371594
-0.401987
-0.420631
-0.065924
0.443445
0.220363
-0.319959
-0.220042
-0.051578
-0.147441
-0.521245
0.432940
-0.344546
-0.476164
-0.184433
-0.212080
0.116555
0.601020
0.338326
0.379392
0.091310
0.098641
0.228522
0.009570
0.150251
-0.428530
-0.427412
-0.142766
-0.253175
-0.130097
0.206551
0.127123
0.317110
-0.639006
0.053735
-0.520002
-0.343257
0.419917
0.569362
0.095342
0.248480
0.260089
-0.667778
0.033478
-0.622123
0.038431
0.642176
-0.166572
0.232681
-0.362104
0.085934
-0.268743
-0.326113
-0.391671
0.391619
-0.330233
-0.404539
0.744847
0.079573
0.063155
0.370420
-0.515928
-0.191094
0.313006
-0.269994
0.141726
0.407860
0.351505
0.147428
-0.062646
-0.015259
-0.147224
0.093632
-0.460943
0.457703
-0.496848
-0.436081
-0.411206
0.347600
0.356311
0.028020
-0.396729
0.067303
-0.591064
0.373032
0.477533
0.277573
-0.114782
0.455161
0.430125
-0.300108
-0.376934
-0.765502
0.375990
0.143655
0.452608
0.126732
-0.575955
-0.481495
0.408491
0.251965
0.000612
0.060118
-0.270339
-0.220440
0.108873
0.021286
-0.592162
-0.529105
0.477771
0.128012
0.086779
-0.018193
0.010735
0.375475
-0.068946
-0.246663
-0.171639
-0.557575
-0.044998
-0.003812
-0.037805
-0.317901
0.005802
0.191571
-0.508006
0.478938
0.049078
0.054868
-0.066036
0.053071
-0.048551
-0.021297
-0.635890
-0.171892
0.595817
0.130764
-0.189119
0.193177
-0.001605
-0.090955
-0.115769
0.131754
-0.498173
0.493163
-0.436774
-0.143061
-0.470090
-0.273656
0.460324
-0.353403
0.550453
0.147699
-0.209681
-0.206670
-0.392095
0.226313
0.113262
-0.016162
-0.499760
0.270217
-0.106153
-0.200451
0.311844
-0.378295
0.245577
-0.235129
-0.440498
-0.054293
-0.493115
-0.356486
-0.152866
-0.371570
-0.380369
0.196908
-0.169379
0.083377
-0.343229
-0.110148
-0.210101
0.197578
-0.155468
-0.332906
-0.212695
-0.150339
-0.531271
0.457314
0.394380
0.736974
0.049710
-0.484308
0.106548
-0.085281
0.256554
-0.508651
-0.244600
0.340713
0.416596
0.469436
0.601329
-0.321912
-0.093946
0.299691
-0.089020
0.181449
-0.095416
0.367919
