-0.260173
-0.513634
-0.273078
0.311846
-0.203266
-0.482060
-0.052701
0.152919
-0.252407
0.112632
0.076712
0.219362
-0.044288
-0.368113
0.395484
0.015690
-0.547779
-0.511039
-0.370218
-0.079273
0.012888
0.410785
0.018042
0.431482
0.198162
-0.212634
0.772629
-0.523274
-0.012961
-0.019172
0.098186
-0.010882
-0.484911
0.051989
0.345702
-0.490005
0.366959
0.201679
-0.444557
0.390738
0.135044
-0.201660
-0.296324
-0.307099
-0.344669
-0.416704
0.273727
0.188239
-0.122491
0.657998
-0.192650
-0.168012
-0.182483
-0.278771
-0.071998
-0.328343
0.100001
-0.406399
-0.083194
-0.396102
-0.030776
-0.534310
0.275267
-0.217691
-0.440206
0.229203
0.238677
-0.519075
0.061168
-0.337215
0.183054
0.378277
0.270171
0.373040
-0.211785
0.104439
-0.271397
-0.093658
0.140880
-0.447104
0.080339
0.599620
-0.458819
0.734335
0.339490
0.188947
0.013595
0.195240
-0.251356
-0.129933
-0.079683
0.135070
0.120969
-0.245178
0.372870
0.554938
0.081136
-0.251253
0.283718
0.007266
0.357133
-0.396416
0.053250
-0.112423
-0.168082
0.258820
0.546445
-0.365168
0.367283
-0.336757
0.401413
0.364664
0.388016
-0.185304
-0.379858
-0.424047
0.355943
-0.226959
-0.090284
0.240443
-0.394234
0.601203
-0.304795
0.305903
0.205005
0.398069
-0.053843
-0.399320
-0.207310
-0.535340
-0.072409
-0.742907
0.305357
0.163226
0.921595
0.266934
-0.021797
-0.341783
-0.301580
0.540363
0.284794
0.672800
-0.121921
0.004835
-0.160700
0.234699
-0.332910
-0.277605
0.470836
-0.440568
0.149634
-0.153420
0.295673
0.142410
-0.307339
-0.120705
-0.238066
-0.277011
0.471752
-0.203026
0.201672
0.045582
0.537448
-0.276307
0.240306
0.052221
-0.405191
-0.409195
-0.259537
-0.401751
-0.317754
-0.414024
0.224998
-0.394110
0.519023
-0.260294
-0.554227
-0.118533
-0.024345
-0.007043
0.412856
-0.312519
0.046996
0.478605
-0.446540
-0.116311
0.091353
-0.337834
-0.099140
0.166095
-0.075064
-0.186020
0.223605
-0.584936
0.038271
-0.328319
-0.231860
-0.757653
-0.617901
0.568912
-0.071091
0.204543
-0.577716
-0.031403
0.589400
0.030506
0.391301
0.014190
0.219468
0.052638
0.242461
0.237650
0.484520
0.339634
-0.377155
0.342297
-0.424797
0.296435
0.109182
0.282917
-0.113980
-0.049068
0.105122
-0.558133
0.634788
0.367455
0.627509
-0.092242
0.019762
0.249835
-0.383378
0.332505
0.339098
0.261979
-0.005136
0.310813
0.107951
-0.009338
0.217007
0.053558
-0.526415
0.077635
-0.151744
0.162399
-0.413396
0.319441
-0.292803
-0.198524
0.045307
-0.403835
0.186027
0.002436
-0.650091
-0.087480
-0.253216
-0.124819
0.398954
0.627202
-0.207915
0.606633
0.371578
-0.381062
-0.014252
0.166942
0.143993
0.178738
-0.252761
0.511949
-0.339489
-0.102199
0.434787
-0.313345
0.477169
-0.064231
0.267089
0.374050
-0.111069
-0.144905
-0.131242
-0.282066
0.200139
0.276668
0.458121
-0.036368
0.112059
-0.252648
-0.100192
-0.039174
-0.213544
-0.108673
-0.461787
0.247263
0.334564
0.557170
0.464243
-0.370372
-0.400653
-0.117409
0.508638
-0.306372
0.165818
-0.111785
-0.580093
0.777677
-0.069935
0.144223
0.335869
0.353834
0.122840
-0.757537
0.093678
-0.090357
0.083829
-0.056077
0.344008
0.160372
-0.682528
-0.186003
0.455102
-0.180929
-0.020006
0.279001
-0.134218
0.000031
-0.638214
0.105706
-0.217599
0.043887
-0.053397
-0.044727
0.166394
-0.012236
-0.215772
-0.282712
-0.047506
-0.187107
-0.394728
0.004251
-0.339740
0.001059
0.315829
-0.023725
-0.307872
0.022660
0.024740
0.352718
0.120623
-0.276979
-0.492757
0.346488
-0.282207
0.137616
0.511994
0.333546
0.167603
0.331613
-0.480809
0.057716
0.082159
-0.127321
-0.192699
-0.201371
-0.151899
0.379158
-0.512126
-0.174531
0.094239
-0.390087
-0.047485
0.161382
-0.245544
0.091033
0.382396
-0.581972
-0.459227
-0.459633
-0.235324
-0.394035
0.078239
0.119414
0.296011
-0.154251
0.072003
-0.538442
-0.524971
0.002789
-0.106915
0.612321
0.487896
-0.023182
-0.281899
-0.039916
0.063909
-0.012157
-0.336152
-0.628327
-0.128271
0.394750
-0.284601
-0.550430
-0.622410
-0.161738
-0.289875
-0.116228
-0.055638
0.382029
0.362353
-0.337339
-0.236278
0.489237
0.055571
0.309128
0.000769
0.486656
-0.191910
-0.313374
-0.336078
0.364078
0.187957
0.053389
0.421687
-0.025334
-0.089998
-0.194286
0.284994
0.023023
-0.017019
-0.312257
-0.036413
0.178456
0.034128
-0.331995
-0.155352
-0.378213
0.442113
-0.047797
-0.192368
-0.065920
-0.367924
0.212760
-0.217747
0.168386
0.114502
-0.243250
-0.109098
-0.142352
0.247396
0.100527
0.032643
-0.339101
-0.209421
-0.251950
0.421791
-0.099171
0.107557
0.016300
0.171327
-0.474719
0.283256
-0.126495
-0.556405
-0.080122
0.136920
-0.304465
-0.235390
-0.260791
-0.165972
0.317384
0.059971
-0.449671
-0.422934
0.364668
-0.287000
0.246767
0.365050
0.016641
0.447096
0.215207
-0.345729
-0.288503
0.413019
0.028428
-0.447641
-0.109469
-0.162452
-0.647080
-0.055541
-0.058560
-0.507945
-0.284857
0.076404
-0.032613
0.114256
0.134284
0.181813
-0.659126
0.366370
0.044561
-0.271843
-0.305868
-0.481255
-0.005453
-0.250385
-0.296289
0.169712
-0.321942
0.345651
0.068481
-0.381449
0.201006
-0.074538
0.001922
-0.303749
0.013297
-0.211425
0.083921
-0.273500
0.316193
0.191277
0.413707
0.278257
-0.253545
-0.122022
-0.242442
0.223160
0.002301
0.003097
0.554485
-0.418920
0.270266
-0.415897
0.259237
-0.003882
0.573729
0.166904
0.315328
-0.048148
-0.319889
0.034036
0.132876
-0.196233
0.539426
0.007447
0.498137
0.475619
0.098120
-0.044239
-0.297447
-0.216525
-0.407350
0.414081
0.032331
0.115566
0.460721
0.101717
-0.304681
0.424221
-0.255664
-0.402830
-0.122858
-0.337095
0.027424
0.494977
0.366009
-0.489457
-0.426432
-0.254478
-0.227425
-0.326927
0.377808
-0.149089
0.667724
0.274995
-0.298616
0.218296
-0.403023
0.075682
0.198140
0.346544
-0.240438
0.262673
0.197441
-0.000430
0.465489
-0.227790
-0.362090
0.047037
-0.056357
0.137479
-0.222220
0.353824
-0.172967
-0.184975
-0.081124
-0.290043
-0.120743
0.249011
0.021718
0.591230
0.107720
0.186800
-0.185418
-0.386309
-0.259275
0.202841
0.189468
-0.601033
0.330837
-0.008464
-0.642034
-0.314029
0.472992
0.197570
0.380244
0.141891
-0.327822
-0.428253
0.114134
0.268147
-0.629589
0.401278
0.599226
-0.097672
0.153296
0.265591
0.410655
-0.353647
0.173866
-0.152973
-0.216376
-0.077670
0.488235
-0.188773
0.290142
-0.487452
-0.259296
-0.610350
0.344500
0.066308
0.292160
-0.519837
-0.136533
0.390283
0.563563
0.103447
-0.335023
0.059785
0.132288
0.273643
0.126539
-0.339688
-0.233749
-0.139123
-0.499374
-0.404499
0.173514
-0.498562
-0.033362
0.790149
0.778477
-0.020911
-0.188187
0.131122
-0.155152
0.028415
-0.595462
0.384839
0.047560
0.071517
-0.249029
-0.223338
-0.116949
-0.007194
-0.428280
-0.382524
-0.156357
-0.112743
-0.104881
0.682302
0.276019
0.048962
0.504916
-0.338327
0.094075
-0.115691
-0.489143
0.235160
-0.661894
-0.024004
0.135084
-0.174667
0.230958
-0.235952
-0.215904
-0.391045
-0.253521
-0.377039
0.507363
0.174220
0.567568
0.633673
-0.029558
-0.024117
0.382433
0.858041
0.117236
0.334926
0.304773
0.429409
-0.321067
-0.437756
-0.078414
0.420186
-0.001065
0.572622
0.311799
0.207772
-0.401908
0.138617
-0.478546
0.369321
-0.068673
0.270323
0.604801
-0.456303
-0.439915
0.552713
0.199421
0.190432
0.205553
-0.317616
0.541301
-0.292974
0.517645
0.645132
0.226862
0.138680
0.528582
0.369314
0.120647
-0.292186
-0.082809
-0.156665
0.419082
0.172204
0.637493
-0.462041
0.445734
-0.452792
-0.219415
-0.039728
0.026848
-0.229593
0.163874
-0.197533
0.122686
-0.449069
-0.124411
-0.358998
0.307941
0.508423
-0.187028
0.195125
0.096658
0.447489
0.482892
-0.546376
0.404385
-0.033483
0.120334
0.421648
-0.346228
-0.335528
-0.176654
0.350002
-0.297983
0.164935
-0.236391
-0.123581
-0.365239
-0.079692
0.229640
0.411072
0.576802
-0.517143
-0.257422
0.182039
0.445703
0.095039
0.453797
0.030807
-0.430756
0.141920
0.035841
-0.169049
0.364747
-0.485793
0.005349
0.117451
0.769667
0.022904
-0.085719
0.370045
0.122987
0.157797
0.257002
-0.738232
0.247453
-0.502762
-0.397379
-0.039904
0.357245
-0.543040
0.521493
-0.178005
-0.269076
