0.060311
-0.143644
-0.490248
-0.629785
-0.075017
-0.222490
-0.088237
0.530882
0.339976
0.247823
0.028089
0.376634
0.014143
-0.228118
-0.013336
-0.154476
0.370895
-0.096445
-0.252418
0.527285
-0.344355
-0.439978
0.320532
-0.223681
0.250401
-0.028789
0.737370
0.526403
-0.179669
0.009249
0.687329
0.144611
-0.358172
-0.045681
-0.038317
-0.013969
0.251203
0.303268
0.518729
-0.679237
0.183303
-0.095464
-0.496011
0.188675
-0.447624
-0.102940
-0.173557
-0.302790
0.292851
0.489587
-0.243104
-0.248327
0.274416
0.127585
-0.107510
0.542315
0.518828
-0.471901
0.033293
-0.485936
0.086953
0.380892
0.487639
0.443562
0.312194
0.274807
-0.543015
-0.054448
0.212196
-0.194625
0.220648
-0.220565
0.108523
-0.381507
0.289535
-0.138841
-0.019867
0.060069
-0.211746
-0.274283
-0.217485
-0.441936
-0.079582
0.524473
0.578034
-0.359803
0.395212
0.449757
-0.155127
-0.128608
-0.188788
0.432738
0.201471
0.261811
0.180189
0.188616
-0.534424
0.780094
0.493650
-0.265967
-0.267375
0.095743
-0.166940
-0.177269
0.284600
-0.308837
-0.198762
0.309881
-0.132351
-0.263835
-0.073743
0.440320
-0.115478
-0.032189
0.106623
0.088270
0.450928
-0.145506
0.406381
-0.030904
0.301852
0.345439
-0.187750
-0.309100
-0.490896
0.043247
0.133282
-0.016464
0.101238
0.287633
-0.252152
-0.098374
-0.136560
-0.163732
0.274787
-0.276606
0.139025
-0.385633
0.513096
0.030945
-0.348839
-0.096158
-0.404961
0.131559
-0.007424
0.133904
-0.035027
-0.182929
0.383385
-0.300154
0.130577
-0.341180
0.477345
-0.239733
-0.212643
0.408364
-0.000531
-0.458548
0.167932
-0.107802
0.142244
-0.000384
0.633858
-0.261654
0.129101
-0.171676
-0.308243
0.496364
0.330971
0.313811
-0.455505
0.455026
-0.059184
-0.182286
0.318487
-0.362250
-0.631053
0.101047
-0.757023
-0.013388
0.530602
0.597543
-0.330847
-0.124955
0.080962
-0.146183
0.142352
-0.132509
0.489926
0.094651
-0.188000
-0.044422
-0.170561
-0.258432
0.266596
-0.317852
0.410896
-0.044475
0.149094
0.407979
-0.029817
-0.542687
-0.221421
0.224840
-0.320650
0.383619
-0.166365
-0.197233
-0.215934
0.357663
0.649393
-0.210487
-0.119409
0.473044
0.441698
-0.506792
0.427102
-0.383485
0.054035
-0.493625
-0.309270
0.128774
0.226864
0.122950
-0.064355
-0.057206
-0.595699
-0.082834
0.505468
-0.279101
-0.027053
-0.132399
-0.123799
0.105042
-0.417113
-0.038120
-0.019727
-0.267704
-0.208496
-0.233885
0.152123
0.114838
0.207092
-0.147069
-0.508374
0.116898
-0.046323
-0.263254
-0.414618
0.440957
0.400746
0.471063
0.086066
0.343354
0.217208
-0.535256
0.307797
0.454830
0.141793
-0.371748
0.366779
-0.668811
-0.172840
-0.368115
-0.228329
-0.408686
-0.261777
-0.546730
0.555633
0.357022
-0.045509
-0.491518
-0.277083
-0.471463
-0.440192
0.300163
0.402696
0.114353
0.005608
-0.085258
0.379618
0.192747
0.576964
0.249626
-0.453894
0.243118
-0.351819
-0.570477
0.312699
-0.094937
0.094480
-0.328423
0.164084
-0.010319
0.539699
0.031424
-0.086559
-0.458625
-0.286303
-0.134879
0.109946
-0.563808
-0.083944
0.245682
-0.175844
-0.108944
-0.270382
0.346819
0.110044
-0.249207
-0.211508
-0.070926
-0.391958
0.014021
-0.024688
-0.299401
-0.563190
-0.034336
0.056763
0.260864
0.283965
0.054592
0.488834
-0.437950
0.346953
0.655609
-0.249184
-0.117324
0.139493
0.163441
0.272469
0.407979
0.320727
-0.010581
0.339145
0.037460
-0.396278
-0.131876
0.121417
0.067497
0.424813
0.543640
-0.190379
-0.061176
-0.487298
0.040239
-0.006194
-0.199636
0.059292
0.130692
-0.543500
-0.385185
-0.375696
0.094180
-0.046371
0.135978
-0.218358
0.268309
0.560000
0.028263
0.071522
0.235573
-0.506369
-0.455636
0.501294
-0.755927
0.161978
-0.629029
0.105908
-0.328595
0.112957
-0.517616
-0.333595
-0.455286
0.124506
-0.065710
-0.217152
0.216554
0.061075
-0.196726
0.168806
-0.067992
0.031201
0.387280
0.066783
0.201743
-0.267319
-0.257776
-0.287980
0.618181
0.047772
-0.039418
-0.469741
0.446706
0.395062
-0.477339
0.139494
-0.497432
0.511122
-0.390325
0.250682
-0.425337
-0.039124
0.285848
0.532737
-0.585377
0.183501
-0.241644
0.349569
0.436185
0.205016
0.208935
-0.242317
-0.427112
0.165075
-0.017001
-0.159792
0.150093
-0.323321
-0.096547
0.032864
-0.187322
-0.171735
0.286418
0.741592
-0.070430
0.318328
-0.514410
0.019471
-0.152610
0.240939
0.198780
0.012406
-0.390530
-0.293281
-0.395734
0.111930
-0.133816
0.061233
-0.727348
0.436147
0.267759
-0.137080
0.736128
0.281282
-0.121052
-0.100477
-0.632771
0.229240
-0.009077
0.650732
0.177989
0.191144
-0.043895
0.388859
0.424942
-0.469046
0.123906
0.450993
-0.471269
0.536347
0.214527
-0.127895
0.316565
-0.482141
-0.127126
0.044594
-0.228623
0.018990
-0.463668
0.164929
-0.356801
-0.456881
0.491129
-0.473387
-0.341169
0.254678
0.403960
-0.023782
-0.114196
0.137573
-0.020972
0.053577
0.075157
-0.129439
0.097714
0.333636
-0.152420
-0.573802
0.165465
-0.601443
-0.579643
0.463514
-0.641465
0.731602
-0.226795
0.295594
0.246206
-0.175998
-0.145421
0.287280
0.268703
-0.110355
-0.246490
-0.520918
-0.251691
-0.646946
-0.431972
-0.277720
0.370703
0.715185
0.298444
-0.639756
0.400073
-0.098787
-0.156885
0.045325
-0.626115
-0.307701
0.215628
0.363210
0.411237
0.647459
-0.305357
0.288818
0.208384
0.103743
-0.371594
-0.587905
0.126627
0.161676
0.121566
-0.055993
-0.146527
0.300837
0.308070
-0.317434
-0.052559
0.035163
-0.193387
-0.533751
0.412510
-0.020926
0.439573
-0.267880
-0.442909
-0.228848
-0.130840
0.525705
-0.430262
0.475528
-0.639271
0.094146
-0.335291
0.662806
-0.303957
-0.295889
-0.456867
-0.080307
0.034495
-0.449927
0.293976
0.145606
0.333358
-0.518310
0.136375
-0.336657
-0.093324
-0.461154
0.311778
0.078677
0.165843
0.310959
-0.297224
0.409160
-0.340789
-0.338737
-0.217172
-0.101025
-0.169099
0.327754
-0.118765
-0.486926
-0.094536
-0.359067
0.284027
0.165430
-0.296290
0.375186
0.145422
0.561022
0.387829
-0.192136
0.356999
0.297874
0.571579
0.092621
-0.188139
-0.014368
-0.393123
0.202377
0.156662
0.166221
0.175971
-0.164880
0.249914
-0.797852
0.272044
0.888350
-0.473910
-0.377195
0.499875
0.510563
0.437527
0.145500
-0.373167
0.407819
0.126121
-0.189842
-0.436306
-0.247018
-0.267573
-0.254333
0.167443
0.160929
0.388376
0.487800
0.162697
-0.060905
-0.549589
-0.540740
0.125775
0.542266
-0.030175
-0.488595
0.183735
-0.113378
-0.041734
-0.016512
0.022325
-0.151769
-0.254131
0.585527
0.557261
-0.530665
0.247755
-0.014831
0.257930
0.183912
-0.030636
0.015298
0.710445
0.279504
-0.232222
-0.317979
0.411564
0.371093
0.457567
-0.422130
-0.262762
0.685266
-0.433316
0.012726
0.208941
-0.383069
-0.336214
0.596080
0.125976
0.066368
-0.569593
-0.343950
0.017429
-0.334112
-0.329653
-0.114679
0.081339
0.014313
-0.029604
-0.540912
-0.133116
-0.302617
0.058243
0.042911
0.240364
0.418489
0.151910
-0.355022
-0.286489
0.261752
-0.403489
-0.523349
0.341129
-0.150302
0.075487
-0.273167
0.312790
-0.316973
-0.162278
0.436754
0.616044
0.648157
0.468765
-0.476635
0.244740
-0.281669
-0.323786
0.393507
-0.240920
-0.264189
0.456464
-0.109660
0.354213
-0.043004
0.484483
-0.249454
-0.055496
0.490440
-0.469384
-0.276247
-0.483356
0.019251
-0.002067
-0.230748
0.142046
-0.079517
0.249718
-0.154607
-0.702361
-0.598197
-0.098493
0.115528
0.333134
0.237996
-0.300383
0.026743
0.221317
0.127302
0.394135
-0.311693
0.360010
-0.096773
-0.509404
-0.351716
0.295964
-0.317038
0.130047
0.438659
-0.045479
0.162513
0.682710
0.048508
0.296393
0.188058
-0.332146
-0.260077
0.435884
0.437487
-0.631737
-0.283474
0.336413
-0.169649
0.136654
-0.103658
0.109479
-0.405050
-0.026989
0.066741
0.285089
0.258885
-0.198552
-0.497155
0.398733
-0.214189
0.315151
-0.194934
0.155144
0.322107
0.009446
-0.500433
0.101529
0.081318
-0.008957
-0.146132
-0.180627
-0.142654
0.617621
-0.020969
-0.605368
0.063301
0.472238
0.331645
-0.434171
-0.169473
0.076818
0.048541
-0.361216
-0.179134
0.463310
-0.290199
-0.192570
0.399413
0.425072
-0.195228
-0.483992
0.088134
0.219656
0.425027
-0.176790
-0.210382
-0.099957
0.255992
0.615761
-0.182851
-0.090213
0.321852
-0.126462
