0.298240
-0.088874
-0.302832
0.047022
0.250805
0.090666
0.496537
-0.196957
-0.200230
0.320953
-0.041058
-0.249516
-0.496894
0.367496
-0.229363
0.204273
-0.156938
0.233084
-0.239122
-0.101080
0.512750
-0.133598
0.121321
0.441080
0.412287
-0.191603
0.480180
-0.057246
-0.049690
0.003762
-0.092793
-0.124209
-0.345669
-0.552610
-0.165848
-0.064721
-0.047778
0.546949
-0.223512
0.154794
0.109486
0.087057
0.072401
0.001009
0.233579
-0.401312
0.048829
-0.005116
-0.422897
-0.081949
0.491022
-0.273542
0.187064
-0.325362
-0.567815
0.332078
0.217585
-0.427505
-0.631590
0.151353
0.072673
-0.204026
-0.370024
0.776704
-0.118746
0.396187
-0.598424
0.048886
-0.277997
-0.292910
-0.231575
0.414477
0.174116
0.108312
0.441080
-0.372365
-0.058977
-0.189437
-0.048256
-0.373130
0.198014
-0.502378
-0.436531
0.670599
-0.483526
0.192184
-0.397264
-0.016129
0.162586
-0.012434
0.006598
-0.144364
0.353816
-0.250796
0.240714
-0.189426
0.249822
-0.547796
0.408008
0.402944
-0.079228
0.214891
0.273187
-0.139786
-0.034410
-0.324926
0.719233
-0.259036
0.262963
-0.312333
-0.035397
0.217991
-0.303961
0.630044
-0.243077
0.070095
0.243224
-0.258827
0.272447
0.284440
0.291106
-0.257703
0.005804
0.343185
0.053189
-0.066342
-0.261998
-0.061017
0.083935
-0.094671
-0.019515
0.240752
0.252716
0.221206
-0.494575
0.539612
-0.070891
0.082477
0.003016
-0.389329
-0.110053
-0.188804
-0.622151
-0.291133
-0.633600
0.265385
-0.165014
-0.370222
0.001327
-0.603787
-0.340479
-0.552874
0.581479
-0.310391
0.398679
0.541266
-0.221773
0.479167
0.292844
-0.106251
0.170296
0.046397
0.212365
-0.306181
0.446636
-0.709580
-0.542901
0.201113
-0.561036
-0.187021
0.305028
0.154741
0.029172
-0.101960
-0.526047
-0.487902
0.280998
0.029855
-0.106640
0.068299
-0.278592
-0.106235
-0.088886
-0.375696
-0.095920
-0.485491
0.133555
0.259736
-0.156802
-0.018972
0.135181
0.338261
-0.115012
-0.404515
-0.010138
-0.417508
-0.045146
-0.576844
-0.265526
-0.149568
0.577272
0.031666
0.603045
0.099384
-0.392193
-0.073300
0.317543
-0.052104
0.215157
0.162537
-0.046521
-0.149698
-0.168333
-0.114816
0.612852
0.028836
0.008971
0.117152
-0.086810
0.024850
0.040617
-0.157084
0.242183
0.292145
-0.458822
0.291263
0.200198
-0.128019
0.257178
0.082182
-0.147635
0.121792
0.263979
0.067505
0.514498
-0.034024
0.460582
-0.084983
0.276670
-0.155409
-0.439911
0.253642
0.414542
0.329380
-0.460848
0.035647
-0.302918
0.152427
-0.446213
-0.564244
0.363366
0.477965
-0.582326
0.360250
-0.432145
-0.520025
0.163906
0.348065
-0.031047
0.098090
0.043571
0.096457
0.374632
-0.510613
0.187975
-0.123010
-0.416473
0.528308
0.179229
0.407139
-0.033202
-0.531232
0.636065
0.522793
-0.396778
0.571329
-0.265498
-0.111813
-0.450782
-0.488931
-0.227417
0.291302
-0.042591
0.435649
-0.101786
-0.135406
-0.476927
-0.211078
-0.454018
-0.027982
0.373119
0.494675
0.498990
0.138609
0.201130
0.506643
-0.593216
-0.016577
-0.021171
0.466895
-0.296617
-0.539819
0.495165
0.549978
-0.544456
-0.090073
0.234205
-0.096283
-0.414105
0.294957
-0.349795
-0.233518
-0.236263
-0.079703
0.481529
-0.367838
0.328631
0.516839
0.095132
0.401861
0.129327
0.124642
-0.289778
-0.553602
-0.108572
-0.326205
0.212561
0.138133
-0.364864
-0.543713
0.276716
-0.048878
0.108425
0.116451
-0.124938
-0.340918
-0.047846
-0.235554
0.359081
0.085884
0.135445
-0.621198
-0.309379
0.343920
0.337604
-0.142058
0.066497
-0.165309
0.198698
0.420967
-0.356537
-0.580141
-0.604760
-0.268883
0.081654
0.089950
0.307732
0.341110
-0.002850
-0.293721
-0.133642
0.256405
0.089861
-0.154826
-0.517816
-0.066168
0.157578
-0.532607
0.572538
-0.383357
0.335558
-0.153373
-0.031417
0.488159
0.011231
0.009136
0.013189
0.222940
-0.007677
0.186946
0.078840
0.479957
0.332519
-0.401980
-0.205160
-0.001833
0.439249
-0.506708
0.051991
0.061088
0.012037
-0.065830
0.485520
0.131546
0.432901
0.204387
0.239520
-0.542311
0.496726
0.180822
0.170311
-0.224576
0.179130
-0.042160
-0.332585
0.293614
0.349323
-0.063726
0.256341
0.096618
0.375487
-0.275965
0.125315
0.018635
-0.000854
-0.013368
-0.157133
0.308273
-0.295321
0.188418
0.035241
0.563498
0.119032
0.543742
0.414069
-0.020198
-0.449649
-0.415787
0.295291
-0.206535
-0.043298
0.173030
-0.458774
-0.472642
-0.371057
0.054207
-0.260024
0.304158
-0.134654
-0.215440
-0.301491
0.584264
0.211407
-0.415706
-0.192363
-0.400485
0.279568
0.243629
0.532256
-0.312734
-0.085786
0.405827
0.350188
0.381525
-0.265044
0.400808
-0.382292
-0.021189
-0.243186
-0.258073
0.384931
0.250313
0.256975
0.283486
-0.577982
0.640391
-0.489759
-0.003365
-0.361744
-0.318531
0.319409
-0.439926
-0.273087
-0.328019
-0.060942
-0.088228
0.509522
0.094647
0.074081
-0.062683
-0.252101
0.154267
0.122602
0.060387
0.338241
0.459182
-0.239537
0.000031
0.499727
-0.227484
-0.255758
-0.629777
-0.040302
0.036349
0.334008
0.048168
0.245263
0.009430
-0.109059
-0.268231
-0.496525
-0.705606
-0.081491
-0.390568
0.052338
0.080798
-0.646946
-0.515238
0.076452
0.391937
-0.349345
0.190526
-0.416055
0.450271
-0.021306
-0.455876
0.447735
0.468587
0.115871
0.368782
0.356759
-0.014752
0.227763
0.399734
0.001696
0.502754
-0.469577
0.082054
-0.183913
-0.846295
-0.386862
-0.204427
-0.406865
-0.099667
0.139955
-0.511389
0.409944
-0.486011
0.036970
0.414725
0.028231
0.372573
0.072774
0.397867
-0.201448
0.079975
-0.382550
0.105823
-0.068711
0.037326
0.310508
-0.425831
-0.073948
-0.587459
-0.269133
-0.483158
0.201888
0.044278
0.718674
0.345720
0.274244
0.196948
-0.124504
0.209125
-0.333208
0.543236
-0.417442
-0.530437
-0.259825
0.197359
-0.303173
0.329361
0.212562
-0.188380
0.491735
-0.190819
-0.188867
0.225584
-0.408864
0.605061
0.021763
0.548626
-0.409818
0.503101
-0.296363
0.137358
0.846102
-0.461626
-0.257154
0.429852
-0.077723
-0.193600
-0.234223
-0.468387
-0.633048
-0.262693
-0.680060
-0.173012
-0.255931
0.233366
-0.340356
0.459696
-0.374201
0.383037
0.289651
0.242138
-0.312160
-0.175100
0.121909
0.426446
0.218345
0.426984
0.375124
-0.281801
0.305674
-0.394788
-0.574545
-0.102630
0.148387
0.349025
0.235591
0.036705
0.130894
-0.861864
0.340867
-0.198403
-0.392465
0.166969
0.164397
0.275600
-0.404524
-0.330923
-0.457859
0.511335
-0.075422
-0.204483
0.168809
-0.122793
0.183270
-0.024143
0.075242
0.501619
0.146262
-0.159662
-0.150077
-0.350091
-0.041162
0.354565
0.297558
-0.412531
0.189846
-0.235685
0.446307
-0.645586
-0.119068
0.182686
-0.208320
0.108318
-0.470433
-0.371495
0.450112
-0.081182
0.514245
-0.267761
-0.358061
0.097841
0.564235
0.215293
0.108399
-0.537536
0.178670
-0.464466
0.010969
0.633178
0.365786
0.599273
0.251788
0.015912
-0.142543
0.115319
0.472763
0.060699
0.018477
0.481194
0.255286
-0.247556
-0.323669
-0.548687
0.205145
-0.256523
0.058020
-0.106988
-0.001259
0.341864
0.308334
0.099701
-0.037576
0.049423
0.106476
0.439744
-0.163016
0.511212
-0.088933
0.286918
0.412997
-0.200267
-0.177277
-0.320069
0.048269
0.237558
-0.325951
0.005416
0.362703
0.413349
-0.038363
0.783162
0.467964
-0.533480
0.218874
-0.014490
-0.240742
-0.791294
0.274008
0.171972
0.137887
-0.129223
0.381597
-0.277887
-0.094587
0.504694
-0.146598
0.297695
-0.513858
-0.365948
-0.380211
-0.203509
0.126698
0.123996
-0.367741
0.259173
0.004678
0.533875
-0.161563
-0.125268
-0.027842
-0.183538
-0.430362
0.430130
-0.412254
-0.061278
0.526618
0.246241
-0.640848
0.059544
0.611481
0.154226
-0.386194
-0.041558
-0.282078
-0.175974
-0.142648
0.301492
0.005545
0.670474
0.327464
0.627099
0.066741
0.190044
-0.002522
0.299262
-0.319608
-0.165101
0.547440
0.541141
-0.379786
-0.594438
0.253378
-0.247705
-0.395164
-0.358530
0.387394
0.416667
0.286639
-0.217336
0.105627
-0.051237
-0.235055
0.445703
0.636006
0.527831
-0.116421
0.097689
-0.436162
0.442062
-0.184917
-0.122436
0.318629
0.580401
-0.133756
-0.652617
-0.277936
0.460852
0.232368
-0.030267
0.509492
0.162396
-0.570044
-0.679865
-0.367862
-0.570620
-0.163288
-0.158192
0.119420
0.052690
-0.356002
-0.250862
