-0.002035
0.001784
0.034892
0.104465
0.225243
0.005970
-0.178989
0.078366
-0.093401
-0.028041
-0.193523
-0.211701
0.148114
0.759719
-0.018183
0.225697
-0.156850
0.564588
0.315701
0.160182
-0.142293
0.154370
-0.002887
0.298348
0.031828
-0.454383
0.425651
0.328642
0.268084
-0.262446
0.070474
-0.269798
0.547318
0.288404
-0.319600
0.044158
0.423360
0.272780
-0.479999
-0.337646
0.395939
-0.427136
0.502342
0.275190
0.603394
-0.348727
0.175549
0.457704
0.220521
0.468094
-0.282733
-0.133524
-0.303367
-0.252527
0.176605
-0.367225
-0.144759
0.802233
0.067412
0.355110
-0.424646
-0.280048
0.160750
0.468107
0.286969
-0.413646
0.256363
-0.310609
-0.275510
-0.587879
-0.427209
0.465138
0.171301
0.290502
-0.089546
0.283841
-0.049110
-0.247367
0.007275
-0.370466
0.092822
0.284985
-0.331215
0.439913
-0.434042
-0.124102
0.303778
0.541667
-0.112925
-0.022105
-0.049908
-0.321358
-0.636851
0.290172
0.234817
-0.260334
0.295210
-0.680426
-0.368809
0.368632
0.494882
-0.143474
0.372231
-0.207849
-0.107782
-0.443108
0.274445
0.036862
0.312299
-0.063022
0.267351
0.033196
-0.322919
-0.278640
-0.107659
0.251063
0.143563
-0.135569
0.435493
-0.435536
0.076165
0.026423
-0.279255
-0.044426
0.302233
-0.346168
-0.147780
-0.452121
-0.439974
-0.210710
0.542281
0.136315
0.413297
-0.343410
-0.520837
-0.067712
-0.134734
-0.335064
0.239448
0.115866
-0.519902
-0.086550
-0.388493
-0.599666
-0.019703
0.234770
0.436485
-0.128421
0.162249
0.378956
0.152471
-0.355061
0.117388
-0.042539
-0.225102
-0.197940
0.207040
0.573531
0.022622
-0.325181
-0.126599
0.340980
0.705979
0.036612
-0.253074
0.343687
-0.255109
-0.292363
0.661869
0.263064
-0.065134
-0.082577
0.517420
-0.303037
-0.444455
-0.585477
-0.017714
-0.145183
-0.112198
0.108237
-0.188950
-0.326091
-0.220893
-0.009862
-0.265625
-0.030697
0.160029
0.289627
-0.077208
-0.120946
0.448570
0.076642
-0.263990
0.263814
-0.334508
-0.038828
-0.081862
0.495591
-0.462119
-0.648092
0.029221
0.121072
-0.019422
-0.079852
0.058386
-0.149088
0.224189
-0.450582
0.437426
-0.263670
0.168428
0.475575
0.596888
0.103718
0.103495
0.224728
0.063220
-0.214916
-0.006062
0.265236
-0.295753
-0.120927
0.312248
0.518474
-0.060290
0.142595
-0.493580
-0.524654
-0.310012
0.082772
-0.271882
0.346248
-0.187724
-0.143183
-0.378952
0.009771
-0.017018
-0.437628
-0.070847
-0.312445
-0.389065
0.062165
0.132889
-0.380721
0.386350
0.326114
-0.000717
0.258200
0.306557
-0.092504
0.570102
-0.265974
-0.227083
0.442532
-0.309933
0.120637
-0.001212
0.205301
-0.276120
-0.290762
0.512761
-0.624644
0.578921
-0.547501
0.516709
-0.374267
-0.205736
0.120612
0.342643
-0.601030
-0.510092
-0.463374
0.477638
-0.371398
0.252852
-0.464610
-0.178106
0.025871
-0.392259
-0.124132
0.403011
0.183360
0.539583
0.214610
0.006775
0.459467
-0.056854
-0.049911
-0.222644
0.202069
-0.572039
0.247195
-0.288657
-0.318589
0.324042
0.029442
0.519440
-0.610274
0.236070
-0.018230
0.196971
0.004458
-0.090108
0.248254
0.034302
-0.120224
0.226025
-0.171615
0.667062
0.420820
-0.227640
-0.039222
-0.505195
-0.179251
0.173543
-0.367209
-0.092920
-0.027043
-0.090235
0.145147
-0.199791
0.024193
0.033076
0.238952
-0.332294
-0.531893
-0.058933
-0.182690
-0.173537
-0.434395
0.197444
-0.064725
-0.258179
0.563133
0.179114
-0.669671
0.494966
0.039498
-0.381263
0.260456
0.155954
-0.061107
-0.199593
-0.011175
-0.137129
-0.164790
0.283889
-0.535292
-0.304579
0.415527
0.206425
-0.524678
0.408667
0.314969
-0.397095
-0.286582
0.240579
0.342091
-0.095969
0.176092
-0.192240
0.030467
0.034081
0.573812
-0.093496
-0.017625
0.027046
-0.336533
0.409601
0.015709
0.038654
0.307674
-0.776794
-0.515244
0.502851
0.101911
-0.710679
-0.029891
-0.177817
0.091939
-0.275618
0.233234
-0.249397
-0.393811
0.257526
-0.001833
0.007424
0.061590
-0.514327
-0.396210
-0.302143
0.146128
0.329216
0.283339
-0.083035
0.063227
-0.315492
0.369614
0.029930
0.510464
-0.460665
-0.104233
0.209398
0.367157
0.200057
0.082125
0.008647
-0.447990
0.080331
0.114416
0.310097
0.295987
-0.693276
0.013312
0.352616
0.447815
0.053809
-0.223215
0.071221
-0.117397
0.251944
-0.491845
0.044299
0.681564
0.230219
-0.410574
0.257349
-0.012077
-0.185411
0.076510
0.218682
0.059341
-0.537590
-0.084748
0.489552
-0.100463
0.406147
0.585249
-0.107237
0.142536
-0.326655
0.035766
0.108878
0.657123
0.070684
0.014519
0.131144
-0.371531
-0.504408
-0.044417
0.293690
-0.230716
-0.246107
-0.513205
-0.082268
-0.078755
0.291565
-0.035370
-0.101171
0.076446
0.637722
0.059328
0.074654
-0.027008
-0.238627
-0.411221
-0.043747
-0.156243
0.124037
-0.232121
0.297717
-0.591544
-0.169774
-0.072577
0.012746
-0.276284
-0.011607
0.328940
-0.232073
0.237692
-0.108306
0.551373
0.465937
0.238359
-0.445386
0.136489
-0.264883
0.015778
0.100940
0.170877
-0.321777
-0.291432
-0.217401
0.064766
0.243853
-0.206962
0.082948
0.110700
-0.062716
-0.431014
0.128255
-0.187831
-0.087896
0.269904
-0.099993
0.210299
-0.070243
0.016700
0.180310
-0.346452
0.224528
-0.452692
-0.230511
0.115206
-0.207873
-0.442609
0.203684
-0.280452
-0.368268
0.304720
-0.162252
0.044055
0.320965
0.017013
0.165163
0.106529
0.264920
0.054742
0.024654
0.100537
-0.322057
-0.296740
-0.728604
0.310501
0.357106
0.259240
0.472432
0.443744
0.108798
-0.012619
-0.188535
0.409471
0.059413
0.448603
0.051835
-0.102940
-0.399776
0.316454
-0.001081
-0.256445
0.061457
0.424507
0.017311
-0.018448
0.291169
-0.266954
-0.058439
0.317775
0.451400
-0.469261
-0.220860
0.219479
-0.556865
0.337847
0.124786
-0.261879
-0.227733
-0.380945
-0.290870
-0.265313
-0.354476
0.370562
0.321680
0.037145
-0.468551
-0.411792
-0.192162
-0.158331
-0.251505
-0.088265
0.000552
-0.288949
0.068993
0.460261
-0.207241
-0.285933
-0.018283
-0.440187
-0.231824
0.550923
0.459071
-1.008197
0.229454
0.302620
-0.387205
-0.655793
0.263237
-0.372525
0.067550
0.275064
-0.108673
0.382580
0.212046
0.637091
-0.418084
-0.298773
-0.722227
0.120715
-0.427820
0.490570
0.179744
0.506278
-0.483468
0.489563
0.167882
-0.231277
-0.326134
-0.294956
-0.396404
0.396168
-0.571039
0.645280
-0.359875
-0.134982
-0.642977
0.449666
0.282839
0.498097
-0.168940
-0.102086
0.202442
0.456552
-0.031589
0.489058
-0.186042
0.043510
-0.041938
0.369848
-0.456062
-0.067583
-0.615460
0.053845
0.108552
-0.157532
-0.139153
0.055312
0.336746
0.143291
-0.496040
0.215236
0.270281
-0.565332
0.598365
-0.026384
-0.013362
0.519185
-0.344425
-0.152775
-0.415175
0.852746
0.292222
0.074885
0.083367
0.215781
0.167548
0.168518
0.145477
-0.073712
-0.275119
-0.460027
-0.084234
0.113135
-0.142360
-0.325335
-0.057481
-0.025974
-0.127639
-0.111115
0.341270
0.222253
-0.386446
-0.282851
-0.602641
0.193178
-0.226829
-0.385362
0.278782
-0.134976
0.459235
0.414658
-0.214406
0.190144
0.108605
0.254145
0.007323
-0.119413
-0.433537
-0.049019
0.091418
-0.513217
0.290327
0.332717
-0.718023
0.218741
-0.149001
0.085978
-0.332776
0.160679
-0.352121
0.376065
-0.110316
0.216330
-0.319950
0.335125
-0.161965
-0.677684
0.347256
0.304306
0.236105
0.441152
-0.376332
0.022597
0.137312
-0.374142
-0.039776
0.286355
0.257044
-0.587112
0.043698
0.312469
0.345936
0.524580
-0.549262
0.422505
0.235618
-0.068744
0.314483
-0.212747
0.348981
-0.196149
-0.357213
-0.231631
-0.394746
-0.028880
-0.316866
-0.252370
0.413905
-0.198897
-0.692669
0.431523
-0.410232
0.263978
-0.290661
-0.456165
-0.621240
0.386420
-0.440394
-0.425233
0.626197
-0.442350
-0.271590
-0.656886
-0.065394
0.154294
-0.506184
0.110110
0.193490
-0.019230
0.277443
-0.255434
-0.358440
-0.282594
-0.289837
0.197146
-0.094573
0.142348
-0.238745
-0.669435
-0.062517
-0.283878
0.403147
0.186812
0.285330
0.174364
0.198165
-0.116914
-0.334810
-0.002418
0.638933
-0.193820
-0.217622
-0.022910
-0.034327
-0.119309
-0.065823
0.000126
0.196844
0.011066
-0.075197
-0.424967
0.125268
-0.188315
0.348250
-0.340857
0.530777
-0.112057
-0.382968
-0.038663
-0.111813
-0.298443
-0.263260
0.217459
-0.599042
0.127221
-0.098126
0.280367
