-0.467319
-0.552643
0.330755
-0.020805
0.211185
-0.373940
-0.068464
-0.330248
-0.172205
0.257468
-0.439571
-0.380066
-0.339111
-0.102636
-0.269628
0.335476
0.125674
0.004598
0.525620
-0.312566
-0.196558
-0.334528
-0.374525
0.355169
-0.442418
-0.101496
0.665538
0.039611
0.211847
-0.366381
0.028474
-0.295056
0.180379
-0.221937
0.504566
0.119200
-0.201139
-0.508663
-0.497179
0.251354
0.203353
0.113717
0.262592
0.369245
-0.062741
0.101519
-0.114521
-0.176591
0.734404
0.311918
0.043152
-0.183094
-0.253905
0.134412
-0.397384
0.516925
-0.559348
-0.219884
-0.359921
0.383166
0.071299
-0.599806
0.551676
-0.470423
-0.464256
0.266937
0.245952
-0.209250
0.188192
-0.083445
-0.251462
-0.402657
0.204262
0.300613
0.250582
0.206959
-0.355278
-0.067551
0.136424
-0.317153
-0.173398
-0.534892
-0.398747
-0.221908
-0.145283
0.188947
0.150879
0.081521
-0.102023
-0.076032
-0.479250
-0.107610
-0.302336
-0.459452
0.207558
-0.527743
-0.074282
-0.187259
0.208076
0.308223
-0.449718
0.283501
-0.049556
-0.393406
-0.305416
-0.268112
-0.334328
0.319939
-0.221226
0.172059
-0.019461
0.152773
0.263503
-0.252857
-0.111252
0.131015
0.547620
-0.347076
0.115499
-0.407020
-0.430028
-0.138369
0.051007
-0.159164
0.399506
0.443225
-0.433639
0.196287
0.445182
0.431368
0.283547
0.481966
0.012518
0.270061
-0.140368
0.223721
0.016699
0.243411
-0.440681
-0.544164
0.201504
-0.097169
-0.023256
0.200553
-0.161225
0.185802
-0.334572
-0.515674
0.189633
-0.173608
0.066767
-0.099859
0.249071
-0.137920
-0.215564
-0.462874
-0.274495
-0.208552
0.381509
-0.345883
-0.323295
-0.509726
0.686688
-0.237570
0.244781
-0.257173
-0.314023
-0.295631
-0.299769
0.302323
-0.251348
-0.078459
-0.032665
-0.359334
0.272429
0.094472
0.045597
-0.589148
-0.299400
-0.587161
0.065242
0.325194
0.165552
0.637908
0.273461
-0.295691
-0.005893
0.157269
0.308627
-0.451586
-0.415972
0.557242
0.333065
-0.097663
-0.391872
0.575264
0.096276
-0.568110
0.107574
-0.643828
0.169740
0.089448
-0.669118
-0.218165
0.156978
-0.504532
-0.304388
-0.190153
-0.455946
-0.164650
-0.344146
0.137885
-0.134149
-0.113849
0.497433
0.225879
0.268305
0.585443
0.411136
0.051738
-0.251704
0.034317
-0.448884
0.116191
-0.374579
-0.216761
0.429160
0.432909
-0.208508
-0.162745
-0.248063
0.391635
-0.177003
-0.382261
-0.355326
0.268817
-0.355277
-0.115904
-0.104315
-0.173318
0.149973
-0.061031
-0.284594
0.135103
0.751685
0.535714
0.048545
0.175666
-0.617865
-0.033563
0.007129
0.556620
0.227173
0.469618
-0.279503
0.228773
-0.765557
0.320408
0.483619
0.346132
0.435242
-0.253673
0.436462
-0.125514
-0.245517
0.084611
-0.536058
0.377319
-0.428072
-0.324178
0.129070
-0.261033
0.506455
0.019520
0.267089
0.392533
-0.201232
-0.015177
-0.209780
-0.090591
0.111620
0.311683
-0.191954
-0.018510
0.247158
0.040162
0.171629
-0.146220
-0.492473
-0.518290
-0.051928
-0.389660
-0.277999
0.344123
0.134500
-0.028055
-0.472516
0.068033
-0.297260
0.379772
-0.213879
-0.275241
-0.061313
-0.156988
-0.464762
-0.025520
0.483599
-0.191014
-0.207371
-0.600091
-0.378570
-0.056375
0.028109
-0.377907
-0.027229
-0.275565
0.097041
-0.193764
0.618115
0.212187
0.161594
0.343989
-0.228768
-0.044979
-0.372613
0.176227
0.119816
0.339701
0.705560
0.184180
0.316459
0.403095
0.142346
-0.096248
0.359026
-0.414321
0.370160
-0.336158
0.094336
0.073602
0.207500
-0.499691
0.234717
0.288013
-0.555910
-0.050432
0.147228
0.205959
0.161257
-0.423726
-0.490243
0.627943
0.009878
-0.396739
-0.206449
0.676665
-0.587062
-0.337849
0.237675
0.567447
-0.230732
0.691210
-0.152140
0.515038
0.198034
-0.037642
0.256807
-0.198956
0.130866
-0.075965
0.000643
0.371307
-0.155116
-0.209312
0.416645
0.100645
-0.721846
0.122520
0.083936
0.054802
-0.312862
-0.542102
-0.006666
-0.236038
0.066783
-0.064250
-0.289448
-0.240045
0.248442
0.031819
0.234768
-0.125227
0.331833
-0.238623
0.444405
0.366153
0.195266
-0.008611
-0.337630
0.225214
-0.300768
0.376112
-0.193682
0.318451
-0.169806
0.504228
0.349323
-0.277917
0.245628
0.601905
-0.262565
0.599561
0.013629
-0.697070
-0.287923
0.167846
0.051520
-0.343479
-0.176174
-0.215494
0.057431
-0.053319
-0.265807
0.409805
0.141776
-0.404474
-0.413866
-0.489030
-0.361459
-0.520705
0.265113
0.474693
-0.173277
-0.637841
0.061958
0.225457
-0.155275
-0.110903
0.159387
-0.552524
0.664754
0.372482
-0.425042
-0.392931
-0.197041
-0.392302
-0.434143
-0.484459
-0.522751
0.428291
0.103588
0.182359
-0.477196
-0.113106
0.345642
-0.200789
-0.205112
0.169536
-0.252767
0.234069
0.312526
-0.811857
-0.153446
0.241656
-0.209392
0.134735
-0.091635
-0.032274
0.526617
-0.302352
-0.017684
0.080225
0.642278
0.057378
0.063409
0.111416
0.328961
0.275234
-0.655081
0.463673
-0.188485
-0.642704
-0.097653
0.270060
-0.520904
-0.239287
0.205876
0.139059
-0.569021
0.078443
-0.590184
0.081975
0.571281
-0.149666
-0.259530
0.199169
0.109559
-0.257566
0.166027
-0.148326
-0.169025
-0.548203
-0.475606
-0.155712
0.209617
0.255015
0.383494
-0.290694
0.240720
0.032774
-0.150057
0.298444
-0.620895
-0.402769
-0.361887
0.519217
-0.214945
-0.475738
0.061310
-0.350952
-0.048311
0.079202
0.283115
0.481612
0.310658
0.463927
-0.209792
0.052526
-0.201065
0.097096
0.396773
0.525449
-0.089795
0.272984
0.354544
0.493698
0.261859
-0.299053
-0.056250
-0.283850
0.239537
-0.597119
0.079648
0.356867
0.208422
-0.079232
0.325365
0.267336
0.511117
0.203074
0.316593
0.370444
0.326804
-0.016387
0.206745
-0.014293
0.059383
0.591542
-0.396133
-0.462415
0.079809
0.294919
0.060417
0.288686
-0.345694
-0.212872
0.234165
-0.006167
0.009856
0.138392
-0.246826
0.410883
0.310959
-0.263055
0.283704
0.237327
0.049956
0.533037
0.621541
0.284313
-0.029484
0.538529
-0.092118
0.023237
-0.146489
0.291182
-0.415166
-0.232428
-0.059411
-0.383517
-0.025646
-0.059406
0.334482
0.251147
0.039944
-0.023219
-0.096675
-0.073284
0.448531
-0.322297
0.127702
0.236912
-0.428682
0.873053
-0.382842
-0.577135
-0.391188
-0.076799
-0.013991
0.303978
0.261916
0.249178
-0.620714
-0.062840
0.222217
-0.087904
0.090859
-0.439093
-0.112195
0.178060
-0.283453
-0.481817
-0.563569
0.109262
-0.073335
0.477249
0.751648
-0.498153
0.021636
-0.200105
-0.190653
-0.119534
0.127649
-0.069516
-0.268860
0.480170
0.483575
-0.122302
-0.041883
-0.160431
0.135633
-0.331914
0.344887
-0.510311
-0.506109
0.278707
0.027583
-0.106516
0.173581
-0.467899
-0.039284
-0.046281
-0.108847
-0.398117
0.157676
-0.347052
0.286690
-0.318895
-0.532459
-0.016820
0.443660
-0.362054
-0.268486
-0.096598
-0.220354
0.322817
0.171275
-0.272598
0.148167
0.032750
-0.644002
-0.107495
-0.326542
0.090991
0.258772
-0.052722
0.627499
-0.666695
0.036354
0.329087
-0.204713
0.556319
0.051446
0.266604
0.106776
-0.356375
0.013799
-0.437419
0.140185
-0.359677
0.264382
0.642015
-0.226884
0.142526
-0.101515
0.248704
0.179828
-0.538970
0.550323
-0.302414
-0.158269
-0.817573
0.466190
0.068968
0.351615
-0.133842
-0.171762
-0.301781
0.193107
-0.139591
-0.060630
-0.552999
0.227397
0.416887
-0.239611
-0.141868
0.087012
0.101805
0.383480
0.582866
-0.238514
0.195639
-0.353931
0.086011
-0.079892
-0.220191
0.130989
-0.225882
-0.013044
0.374342
-0.018251
-0.329197
-0.074425
-0.006682
-0.065739
0.277441
-0.464868
0.114478
0.344451
0.327593
-0.110552
0.460490
-0.485340
0.452014
-0.521533
-0.131916
-0.374097
0.198223
-0.458447
-0.099044
-0.412163
0.128058
-0.147153
-0.494825
-0.019327
-0.225696
-0.411068
-0.517694
-0.061200
-0.333873
-0.218474
-0.234108
0.362455
-0.002333
-0.370956
-0.229393
-0.067909
-0.225552
-0.272430
-0.107606
-0.484615
-0.526094
-0.199856
-0.602328
0.199429
0.235570
0.509148
0.267402
0.383034
-0.452237
0.026556
0.329201
0.241475
-0.658193
-0.373824
-0.105016
-0.385918
0.284667
0.226097
-0.752723
0.322653
0.127825
-0.298289
-0.061701
-0.839628
0.364747
0.324438
0.080354
-0.008189
-0.753778
-0.408049
-0.255118
-0.327562
-0.416608
0.283554
0.040172
-0.089779
-0.569803
-0.173419
0.428269
0.011243
-0.035900
0.207388
-0.161095
0.432680
0.416240
