0.370186
0.350494
-0.343575
0.450028
-0.468485
0.059555
0.052747
-0.078205
0.336928
0.102494
-0.053948
-0.466902
0.034352
-0.215375
-0.511057
-0.054548
0.001147
-0.526179
-0.358539
-0.453352
-0.597509
0.174700
0.017338
0.664055
-0.624320
0.510240
-0.035087
-0.057246
0.401598
0.208665
-0.307182
0.497320
-0.515259
-0.365296
0.073757
0.212819
-0.384480
0.487553
-0.203077
0.042115
0.054815
0.150419
0.546592
0.396379
0.137220
0.189935
0.458407
-0.327427
-0.393692
-0.109057
0.017750
-0.214907
0.219796
-0.104905
0.253462
-0.306202
0.019563
-0.450839
0.358769
-0.309853
-0.219936
-0.138504
0.269408
-0.322980
-0.204629
-0.396791
0.231133
-0.114491
0.179192
0.124304
0.101411
0.193959
0.356960
0.479256
0.355142
0.195496
0.532711
0.044004
0.361581
-0.271319
0.055617
-0.174495
-0.396438
-0.259328
-0.590246
0.146543
-0.319941
-0.576373
-0.104800
0.198731
0.271726
0.286142
0.087847
0.072153
0.110712
-0.444643
0.249822
0.095157
-0.722808
0.424327
-0.231980
-0.203094
-0.198656
-0.484636
0.038089
-0.052473
-0.230207
-0.317113
-0.296845
-0.042897
0.252878
0.532128
0.406495
-0.706947
-0.188225
0.482582
-0.010074
-0.406671
0.141682
0.477913
0.361582
0.367712
0.633309
-0.346459
0.167170
0.379117
0.031457
-0.539515
-0.097896
-0.487871
0.609351
-0.288062
0.171795
-0.087826
0.400578
-0.238548
0.068228
0.082477
-0.334774
-0.389329
-0.567859
-0.286003
-0.168790
-0.194618
-0.068554
0.320682
-0.113179
-0.548018
-0.109318
-0.516980
0.268585
-0.124709
0.088923
-0.027609
-0.286635
-0.139795
-0.418146
-0.023757
0.255647
-0.409519
-0.161716
-0.031240
0.526919
0.211256
0.067208
0.188181
-0.017430
-0.527167
-0.151252
0.490903
-0.168589
0.080782
-0.097780
-0.101960
0.329672
0.057197
0.193278
-0.312928
-0.096821
-0.109214
0.360872
-0.084529
-0.330847
-0.439079
0.431647
-0.376755
0.059261
0.339001
0.126668
0.286958
0.505572
0.419074
-0.378335
-0.101188
-0.112721
0.067969
0.408374
-0.166680
-0.278877
0.488119
0.445069
-0.049560
-0.415864
-0.313394
0.334817
-0.356864
0.049224
-0.361402
0.214987
0.256314
0.190130
-0.357598
-0.090847
-0.537512
0.196527
-0.345947
0.745124
0.117152
0.081075
0.709621
-0.539523
0.145949
0.373588
0.014935
-0.458822
-0.589782
-0.157192
-0.482453
0.228310
-0.277120
0.035767
0.458176
-0.236571
0.062917
0.640644
0.446515
-0.036553
-0.383516
-0.186956
0.449963
-0.471412
0.270347
-0.628439
0.138396
-0.394301
0.292894
-0.359123
-0.110923
-0.286389
0.368080
-0.152879
0.064839
0.589354
0.175774
-0.432145
0.273978
-0.422910
0.306699
-0.588821
-0.095451
0.803747
-0.112791
-0.045782
-0.287503
0.289531
-0.147510
-0.521809
0.066134
0.001513
-0.221277
-0.304691
0.227365
-0.497553
-0.149138
0.253279
-0.037827
0.020003
0.116468
0.453247
0.313416
-0.257017
0.067549
0.432551
-0.042094
0.667573
-0.420298
0.047013
0.202513
0.369759
0.084558
-0.414238
0.035640
0.351194
-0.265023
0.197505
-0.420078
0.484841
-0.420596
-0.354810
-0.179847
-0.023146
-0.482651
-0.338982
-0.017512
-0.261291
-0.274435
-0.360937
-0.357056
-0.414105
0.277070
0.195159
-0.017855
0.216781
-0.095293
0.582226
-0.156703
-0.004490
-0.098341
-0.010945
0.573561
-0.462353
-0.143075
-0.228101
-0.173916
-0.657193
-0.616063
0.225543
0.230749
-0.410721
-0.428159
0.238786
-0.282372
0.171937
0.469331
-0.129554
-0.441179
0.086295
0.420828
0.588228
0.206910
-0.542911
0.423805
0.052025
0.382836
0.092020
0.376829
-0.156571
-0.199414
-0.236881
-0.064469
0.543665
0.218909
-0.450158
0.160747
-0.319463
0.009646
-0.351357
0.466627
-0.438560
0.548959
-0.100951
-0.035877
0.291306
0.100303
0.262786
-0.077810
0.179170
-0.557866
0.196323
-0.040852
0.780836
0.297230
0.019664
0.181600
0.508421
-0.283789
0.404635
0.173517
0.097438
-0.537818
-0.054750
0.574222
-0.202368
-0.184011
0.237254
0.065133
-0.004671
0.208110
-0.744823
0.486915
0.118343
-0.250829
0.336121
-0.234436
0.561992
0.595689
-0.317367
-0.466234
0.491304
-0.461934
0.244106
-0.183083
-0.010041
-0.003724
-0.234539
0.373147
0.150528
-0.149901
-0.365292
0.440211
0.191505
0.003829
-0.077963
0.340929
-0.650347
-0.252286
0.201568
-0.165674
-0.183657
-0.308623
0.293971
0.076566
-0.198185
-0.607330
-0.191726
0.420502
-0.312931
-0.013100
-0.221017
0.148135
0.465377
0.302525
-0.337908
-0.358585
0.321877
-0.474115
-0.105835
-0.232527
0.055322
0.389032
-0.027984
0.190980
0.412158
0.317276
-0.293210
0.469112
-0.056093
-0.545580
0.477688
0.245742
0.122614
0.429261
0.379465
0.005909
-0.385881
0.116649
-0.635247
-0.394032
0.880214
0.253755
0.158521
-0.007259
0.240317
0.342074
0.243406
-0.489834
-0.126068
-0.550897
0.427281
-0.375349
0.378944
-0.114120
-0.417213
-0.185123
0.571953
-0.254321
-0.294011
-0.005692
-0.232073
0.199369
-0.524366
-0.646121
-0.177762
0.029542
-0.082188
-0.191932
0.538529
0.294472
0.290254
-0.234124
-0.485123
-0.629777
-0.046071
0.036349
0.173832
0.092198
-0.536187
-0.115102
-0.013304
0.513520
0.037964
0.465596
0.505036
0.626637
-0.562196
0.535936
-0.513263
0.193938
-0.304830
-0.299387
0.653477
0.183399
-0.384082
-0.056005
0.000682
0.062761
-0.215542
-0.310822
0.222256
0.406110
0.298768
0.252949
0.269114
0.530403
-0.021705
0.201676
-0.522736
0.432275
0.510486
0.067085
-0.704822
-0.111798
-0.318505
0.429706
0.279772
-0.373018
0.357176
-0.425435
0.009718
-0.199689
0.125498
0.115844
0.085232
0.273915
-0.155713
0.146137
-0.431742
-0.279983
-0.388407
0.113310
0.022869
0.307723
0.277659
-0.629684
-0.311919
-0.390504
-0.221268
-0.376046
-0.226514
-0.219035
0.400469
-0.029747
0.206810
0.055037
0.225377
0.457403
0.258810
-0.406750
-0.259825
-0.436199
0.001042
-0.119000
0.386383
0.491798
0.069674
0.621479
-0.010797
-0.212928
-0.727682
0.231112
0.128487
0.017269
0.238175
0.423734
-0.097209
0.390838
0.311940
-0.199254
0.145158
0.349844
-0.033838
-0.318428
0.187628
-0.950444
-0.678312
-0.005495
-0.135091
-0.021761
0.583797
-0.041970
-0.242402
0.327757
0.246249
0.490755
-0.417792
0.084551
-0.046560
-0.132786
0.880125
0.426446
-0.179022
0.076018
0.297850
-0.077786
-0.329808
0.322720
-0.082556
-0.286381
-0.210912
-0.469352
0.440420
-0.232482
0.340347
0.203217
-0.177749
0.002540
0.084457
0.448305
-0.495155
-0.150089
-0.214392
0.392004
0.253729
-0.510691
-0.123354
0.123185
-0.052364
-0.147073
0.272432
0.178742
-0.027342
0.479450
-0.185213
-0.166053
-0.127251
-0.431537
0.503638
0.415089
0.342139
0.126558
-0.296985
-0.363186
-0.111518
-0.484332
-0.021404
0.610584
0.397349
-0.302629
0.317450
0.057359
-0.471122
-0.018105
-0.360847
-0.559904
0.191456
-0.120698
-0.669839
-0.569934
0.141077
-0.040408
-0.347575
-0.185664
-0.224958
0.260557
0.427211
0.468504
0.293894
-0.086094
0.294002
0.115319
-0.049429
0.722956
-0.315076
0.197432
0.255286
0.242623
0.404161
-0.113896
0.205145
0.112667
0.382705
-0.122936
0.640585
0.473640
0.010956
-0.251949
0.090391
0.386641
-0.214765
-0.280099
0.524152
0.452297
0.274709
0.098670
-0.546888
0.254480
-0.149236
-0.338489
0.133806
-0.509197
-0.325951
0.106242
0.436118
0.441642
-0.160373
-0.036540
0.198946
-0.533480
0.215239
0.622601
-0.240742
0.338200
-0.126691
-0.320925
-0.526726
-0.000414
0.271504
0.456941
0.127208
-0.514909
0.501893
-0.093509
-0.368164
0.433395
0.123359
0.270778
0.353425
0.273289
-0.635788
-0.377462
-0.266866
0.593184
-0.431387
0.174564
0.364940
-0.290027
-0.430362
0.272930
-0.110761
0.264166
-0.458542
0.335641
-0.078679
0.374588
-0.074805
0.085072
-0.039511
0.307605
-0.423551
0.336906
-0.189538
0.128529
-0.321219
0.670474
0.130068
-0.056355
-0.023523
0.462150
-0.002522
0.038405
-0.402137
0.222005
-0.410471
-0.011887
-0.325476
-0.281476
0.605946
-0.326093
-0.078328
-0.268651
0.258381
-0.356891
0.204807
-0.515823
0.200016
-0.133111
0.114360
0.032884
-0.645472
0.143281
-0.004585
-0.298509
-0.332126
0.221135
-0.623822
-0.447309
0.224292
-0.138718
-0.206425
-0.575989
0.260087
0.209875
0.026873
0.015076
0.114054
0.038832
0.511979
0.017351
-0.403552
-0.478598
-0.176812
0.487176
0.654388
0.070151
-0.135393
0.369556
