0.370186
-0.478290
-0.347044
-0.227000
0.225243
-0.091554
-0.269680
-0.196957
0.336928
0.079818
-0.041058
-0.537107
-0.411121
0.362911
-0.350316
0.113695
0.179037
-0.526179
0.006503
-0.453352
0.445755
0.006161
-0.037008
0.367085
-0.493435
-0.420684
0.759516
-0.066192
0.347801
0.208665
-0.297101
-0.148830
-0.477451
-0.312762
-0.276418
-0.109535
-0.460717
-0.251488
0.007017
0.422192
0.054815
-0.370255
0.072401
0.396379
0.153488
0.287724
0.264887
-0.327427
0.228181
0.299844
0.136958
-0.214907
0.187064
-0.188857
0.079756
-0.139410
0.217585
-0.389177
0.359355
-0.309853
-0.388321
-0.359866
0.323589
-0.095493
0.325138
-0.388177
-0.521669
-0.114491
0.200802
-0.266803
0.099198
0.019034
0.174116
0.381322
0.355142
0.117757
0.573965
0.109942
-0.135928
-0.271319
0.078801
-0.502378
-0.396438
-0.401618
-0.562240
0.146543
-0.044009
-0.576373
-0.148501
0.078257
0.271726
0.259679
0.087847
0.072153
-0.441283
-0.514920
-0.273709
0.095157
-0.811618
0.402843
-0.431413
-0.203094
0.273187
-0.484636
-0.063540
-0.052473
0.066081
0.065344
-0.042778
-0.042897
-0.026660
0.476050
0.406495
-0.709054
-0.627681
0.070095
-0.125441
-0.147446
0.367216
0.477913
-0.354166
-0.326460
-0.117218
-0.346459
-0.556697
-0.066342
0.005691
0.368337
-0.014083
-0.487871
-0.653922
-0.457930
0.399990
0.085203
0.415981
-0.345618
0.288632
0.082477
-0.374616
-0.389329
0.084939
-0.104349
-0.264132
-0.291133
-0.367899
-0.115525
-0.131812
-0.548018
-0.090317
-0.516980
0.184151
-0.124709
0.120732
0.655542
0.179434
-0.139795
-0.416014
-0.185172
-0.537298
-0.409519
0.450744
-0.248676
0.271003
-0.441921
0.168618
0.313997
0.120131
0.133286
-0.145535
-0.187021
0.168981
-0.097618
-0.079901
-0.101960
-0.454339
-0.387004
0.627082
-0.244403
-0.106640
0.016142
-0.133479
0.840432
-0.370851
-0.485575
0.409554
0.303441
-0.215059
0.418633
0.217242
0.158772
0.351552
0.514324
-0.283081
-0.036813
-0.112721
0.067969
0.361951
-0.166680
-0.265526
0.250982
0.488702
-0.077243
-0.721047
0.484938
0.334817
-0.169920
-0.373858
-0.564787
0.156656
0.162537
0.190130
-0.315705
-0.056555
-0.114816
0.436934
-0.406036
0.656655
-0.037948
0.009830
0.630934
-0.088840
0.145949
0.335087
0.110667
-0.525085
-0.483820
-0.232239
-0.389103
0.257178
0.299478
0.149805
0.476706
-0.197201
-0.086471
-0.498131
0.328555
-0.036553
0.102822
-0.498783
0.521259
-0.602266
0.721594
0.720010
0.154143
0.468915
0.226387
0.560328
0.228566
-0.286389
0.440957
0.552586
0.243460
0.229610
0.265169
-0.432145
0.553906
-0.012901
0.242010
0.417998
0.067068
-0.180441
-0.293159
-0.019185
-0.510613
-0.030885
-0.123010
-0.521809
0.338560
0.001513
-0.451715
-0.205478
0.321589
0.049357
-0.112000
0.147872
-0.482601
-0.061156
0.128658
-0.218512
0.281413
0.520084
-0.426677
-0.339123
-0.103614
0.603237
-0.273151
0.729051
-0.127446
-0.556043
0.280740
-0.333760
0.382241
0.439907
0.458688
0.340107
-0.333257
0.475682
-0.160662
0.343423
0.091527
0.216122
-0.390713
-0.338982
0.375170
-0.511878
0.085663
-0.360937
0.120188
0.298057
-0.043495
0.255289
-0.044811
-0.341695
-0.079703
0.582226
-0.268432
-0.011417
-0.098341
0.058853
0.108530
-0.462353
0.458582
-0.526878
0.117892
-0.575610
-0.679125
-0.437786
0.248334
-0.410721
0.337124
0.464162
-0.297373
0.161381
0.418233
0.007126
0.271570
-0.459661
0.416907
-0.131810
-0.093690
0.260051
0.270728
-0.134226
0.343920
-0.621560
-0.553987
0.071884
0.461472
-0.334388
0.221973
0.574441
-0.591372
0.020421
0.245382
0.227373
0.222796
-0.351357
0.466627
0.109605
0.597949
-0.057919
0.028500
0.178743
0.500778
0.412658
-0.066168
0.315730
0.377673
-0.057802
-0.378024
0.714371
-0.127292
0.062604
0.380018
0.015892
-0.283789
-0.618538
-0.005081
-0.175577
-0.427126
-0.054750
0.574222
-0.042167
0.386989
0.237254
0.209481
-0.004671
0.208110
-0.539069
0.072249
0.106185
-0.252449
-0.569067
0.198810
0.508185
0.561378
-0.155832
0.362381
0.496726
-0.408933
0.239696
-0.224576
-0.142052
-0.003907
0.566795
0.155548
0.150528
0.578586
-0.365292
0.298959
-0.123582
0.452967
-0.078965
0.531213
-0.187617
-0.044278
0.009454
0.518591
-0.275581
-0.308623
0.288973
0.201309
0.079041
0.240858
0.372478
0.014986
-0.348625
-0.118334
-0.038086
0.262321
0.052577
0.216427
-0.524835
-0.060518
0.334818
0.054207
-0.021962
-0.179970
0.055322
0.427448
-0.347920
0.400946
-0.459935
0.700515
-0.319308
-0.038084
-0.056093
-0.489147
0.349371
0.245742
0.122614
0.331637
-0.477961
-0.134377
-0.265044
0.163819
-0.672217
-0.394032
0.017105
0.328835
0.470111
0.190456
0.152021
0.792632
-0.577982
-0.206739
-0.197403
-0.136665
0.303017
-0.635044
0.333182
-0.169766
0.813822
-0.204710
0.571953
-0.381650
0.182385
-0.017983
-0.068741
0.210122
-0.524366
-0.646121
-0.175282
0.060387
0.178313
-0.035079
0.484941
-0.078216
0.209499
-0.169162
-0.532051
-0.629777
-0.046071
0.110185
0.334008
0.453165
-0.375557
-0.093156
-0.067098
-0.247677
0.077325
0.465596
-0.202116
0.366896
-0.389054
0.535936
0.387357
0.265662
0.095005
0.464097
0.653477
-0.503255
-0.121936
0.454051
0.287374
-0.221346
-0.139341
-0.152073
-0.003312
0.355989
0.357264
0.177425
0.227763
0.530403
0.004741
0.252475
0.189413
0.608881
0.019262
-0.609103
-0.704822
-0.264258
0.299694
-0.154256
0.172935
-0.405211
0.409944
-0.460046
0.000540
-0.321283
0.171606
0.115844
-0.190723
0.397867
0.079007
-0.048944
-0.382550
0.335096
-0.453869
-0.540569
-0.072468
0.382547
0.264966
-0.656689
-0.311919
0.026371
-0.702836
-0.450409
-0.226514
-0.228048
0.400469
0.137999
0.215863
0.379963
0.089848
-0.031287
-0.239647
-0.223920
-0.259825
-0.436199
0.060806
-0.119000
0.394467
-0.225201
0.063663
0.621479
0.075199
0.419043
0.026307
0.295789
-0.362900
0.548626
0.238175
0.442954
-0.136617
0.382189
0.232361
-0.165070
0.127862
0.560187
0.318539
0.154835
0.187628
0.195583
-0.633048
-0.178108
-0.135091
0.563763
0.586809
0.233366
-0.242402
0.426032
0.245214
0.458586
-0.417792
-0.215308
-0.132206
0.040297
0.541020
0.551206
0.843306
0.115700
0.175912
-0.375895
-0.383371
-0.331443
-0.122244
-0.135574
-0.014605
0.349025
0.213253
-0.193119
0.051411
0.143413
0.078643
-0.198403
0.050472
0.516109
-0.441425
-0.021747
-0.030854
-0.108772
0.024981
-0.175570
-0.908559
0.038387
0.210120
0.219759
0.272432
0.162913
-0.395385
0.432623
-0.465524
-0.074405
-0.105539
0.070947
-0.112984
0.334174
0.342139
0.126558
0.270281
-0.229840
0.056635
0.193269
-0.443148
0.190325
-0.208320
-0.422230
-0.434563
0.495631
0.325831
-0.005749
-0.360847
-0.481531
0.191456
-0.202389
-0.511607
-0.592687
0.121191
-0.040408
-0.182281
-0.185664
-0.206429
0.358763
-0.107954
0.599273
0.274009
0.249585
-0.629123
-0.108444
0.209691
0.856670
-0.253572
-0.485988
0.255286
0.242623
-0.282789
-0.338253
0.205145
0.059660
-0.520525
-0.169630
0.615428
0.387267
0.010956
-0.251949
0.090391
0.429167
-0.353785
0.585768
0.552786
0.203329
-0.089452
-0.503745
0.494043
0.295726
-0.078127
-0.279958
0.133806
-0.428056
-0.258872
-0.294126
0.501672
0.572119
-0.406392
-0.137759
0.046176
-0.533480
0.599161
0.622601
-0.240742
0.033063
-0.126691
-0.272983
-0.503435
0.029823
0.472342
-0.254335
0.359372
-0.380988
-0.493978
0.341280
-0.428414
0.774929
0.194313
-0.251734
-0.273475
0.470615
-0.536269
-0.377462
0.106093
-0.436551
-0.428941
0.168002
-0.564916
0.187820
0.346968
0.106495
0.079648
0.454855
-0.458542
0.403968
-0.078679
0.503307
-0.147165
0.085072
0.228519
0.091071
-0.438842
0.322796
-0.289309
-0.224426
0.177597
-0.040116
0.120098
0.447063
-0.369954
-0.246431
-0.002522
-0.040680
-0.402137
-0.471970
0.111928
-0.135742
0.490386
-0.408212
0.505039
0.042449
-0.395164
-0.268651
-0.018020
-0.512625
-0.224549
-0.098961
-0.220654
-0.134634
-0.093798
0.057939
-0.131531
0.396106
-0.089961
-0.242535
-0.350006
0.254763
-0.412926
0.055137
-0.168851
0.111149
0.590582
-0.579732
0.277627
-0.106636
0.428770
-0.527679
-0.179444
-0.120964
-0.696054
-0.747215
-0.367862
-0.359028
-0.176812
0.101583
0.119420
-0.446598
-0.420752
-0.250862
