-0.272656
-0.026178
-0.054612
0.116601
-0.235531
-0.218614
0.046020
0.470874
-0.149235
0.391530
-0.077753
0.008558
-0.020829
-0.298915
0.084953
-0.177098
-0.248664
-0.017497
0.290683
-0.186105
-0.110825
-0.339086
-0.502232
-0.198663
-0.425421
-0.488998
-0.340589
0.081556
-0.270635
0.430999
-0.382007
0.209818
-0.081815
0.168162
0.017900
0.220405
0.132501
-0.120675
-0.192524
-0.074872
0.110789
0.218539
-0.308587
0.457036
0.477535
-0.072360
-0.218380
0.326045
0.287601
0.181477
-0.073842
0.601009
0.646970
0.127585
-0.112070
0.503298
0.140687
0.433707
-0.179006
0.496797
0.563113
0.136487
0.114259
-0.015585
0.237619
-0.285429
0.206232
-0.054448
-0.016302
-0.224906
0.394766
-0.400967
0.108523
-0.112238
0.106617
0.436958
0.328010
-0.034470
-0.116597
-0.253008
0.067074
0.288068
-0.081937
0.419252
0.219207
0.130587
0.276977
-0.291813
-0.262390
0.206616
0.254142
-0.307479
0.015640
-0.319370
0.353024
0.001016
-0.020179
0.240080
0.235936
-0.077479
-0.508477
-0.386353
0.019624
-0.177269
0.064732
-0.374571
0.593394
0.316018
-0.358845
-0.284498
0.204079
0.306868
-0.063606
0.199958
-0.722586
-0.124642
-0.047423
-0.405272
-0.130880
-0.399054
-0.172347
-0.241884
0.164649
-0.274782
0.129023
-0.059793
-0.140801
0.243550
0.530147
-0.259076
0.322372
-0.102774
0.026279
-0.589358
-0.581387
-0.363326
0.469938
-0.482685
0.606705
0.556712
-0.667146
0.465862
-0.159434
-0.090026
-0.295258
0.071970
0.446996
0.198828
0.289607
0.231128
-0.144337
0.146988
-0.102429
-0.156685
0.822522
0.509892
0.398553
-0.458548
0.032156
0.286630
0.167533
-0.100848
0.678600
-0.261654
0.071173
0.031871
0.012999
-0.317836
0.348944
-0.397657
0.008452
0.020052
0.165317
0.622771
0.340087
0.079175
-0.326312
0.141203
0.225433
-0.160644
-0.229017
0.268854
0.126928
-0.456056
0.192011
0.186390
-0.371872
-0.284642
0.445673
0.141293
0.333251
-0.505864
-0.175078
0.314775
0.106145
-0.328227
-0.382854
-0.045527
-0.275072
0.671654
0.419140
-0.356555
0.120054
-0.065003
0.186691
0.451157
-0.076622
-0.295984
0.524036
-0.346602
0.749910
-0.242241
-0.331335
0.386341
-0.118559
-0.173057
0.302841
-0.244769
-0.320390
0.382596
-0.526066
-0.500718
0.256499
-0.562570
-0.433734
-0.093329
0.371007
-0.477912
-0.242355
0.339500
-0.099975
-0.351083
-0.215308
0.161298
-0.296298
0.185018
0.399901
-0.458944
0.438257
-0.032099
-0.191958
-0.331618
0.022697
-0.436825
0.364416
0.242378
-0.478476
-0.386421
-0.525356
-0.008260
0.008341
0.107666
0.231488
0.467411
-0.210825
0.459992
0.307797
0.412922
-0.420389
-0.290762
0.268491
-0.019906
-0.384852
0.404955
0.015115
0.035423
-0.261777
-0.052895
0.008737
0.005162
0.419080
-0.256554
0.057053
-0.340825
-0.410869
0.552037
-0.032715
0.469947
0.463898
-0.459042
0.404355
0.245012
-0.035669
0.075307
-0.376391
0.103513
0.232544
-0.294892
-0.131359
-0.147243
-0.198213
0.555518
0.332914
0.314098
0.446696
0.482644
-0.414372
-0.180481
-0.021171
0.466895
0.449492
-0.366164
0.252513
0.245682
-0.341514
0.016210
-0.270382
-0.079286
-0.332162
-0.498209
-0.056699
-0.022697
0.369459
0.349420
-0.353827
-0.299401
0.047656
-0.637425
-0.272870
0.365748
-0.031627
-0.093116
0.437721
-0.197899
0.346953
-0.266682
0.219472
-0.284022
0.041311
-0.112274
0.189898
-0.325571
0.161841
0.419251
0.527932
0.183267
-0.305049
0.265783
0.436422
0.443189
-0.400771
0.543640
-0.302706
-0.122999
-0.579267
-0.065622
-0.156571
0.324723
-0.557437
-0.255892
-0.157045
-0.195078
0.009878
0.176978
-0.025797
-0.192546
0.067751
0.236590
0.461582
-0.248250
0.394653
-0.109957
-0.188312
0.149993
0.326770
0.373357
0.116982
-0.107118
0.308214
-0.282311
0.487754
0.267987
0.429749
-0.208777
-0.115592
0.043038
0.273999
0.269739
0.015871
0.215911
-0.116556
0.590866
0.192331
0.306432
0.119838
-0.013422
-0.020897
-0.107881
0.296795
0.029477
0.086407
-0.259926
-0.498057
-0.287777
-0.464114
-0.339745
-0.214871
0.387820
0.193203
-0.561497
0.016578
0.480935
0.036112
0.017268
-0.382508
0.115518
0.087984
-0.404958
0.348175
0.468464
0.059359
-0.100535
-0.076366
0.427896
-0.120426
-0.343266
0.220125
0.312330
-0.241564
0.493044
0.018326
-0.009437
0.141798
-0.218400
0.055356
-0.110711
0.281551
-0.499376
-0.230349
-0.328552
0.117791
0.251281
-0.269904
0.022714
-0.376102
-0.395734
-0.176076
-0.005564
0.142295
0.250105
-0.075973
0.315354
-0.138302
-0.174123
0.281282
-0.230621
0.022703
-0.104112
0.155985
-0.533600
0.139664
0.148778
0.536615
-0.158617
-0.226548
-0.172952
-0.055940
0.293996
0.528833
-0.314884
-0.185467
-0.095191
-0.087816
0.029886
-0.577982
-0.345088
0.384838
-0.168255
0.183778
-0.441686
0.378800
-0.536651
0.186807
0.080366
-0.135903
0.101534
0.230115
0.200604
-0.228165
-0.069457
-0.511085
-0.027900
-0.716200
-0.059370
0.482649
-0.753346
-0.229097
0.154559
-0.520827
-0.520275
-0.548002
0.181573
-0.091528
0.064991
-0.353239
0.061719
-0.312505
-0.201323
0.291105
0.380829
-0.395130
-0.005649
-0.115679
0.118259
-0.511244
0.547619
0.332302
-0.321653
0.214455
-0.269291
0.017098
-0.106460
-0.594058
0.348908
-0.228829
-0.316879
0.202735
0.176514
0.482609
-0.058921
-0.289695
-0.388096
0.440270
0.123403
0.310658
-0.295091
-0.464799
-0.371594
0.215336
-0.674769
-0.450663
0.374381
0.135514
-0.002482
0.182211
-0.434795
-0.259044
0.400148
0.035163
0.141738
-0.533751
0.369113
0.118919
-0.747613
-0.267880
-0.135545
-0.477064
-0.112362
0.351722
0.335865
0.298090
0.479165
0.050795
0.044336
0.096787
-0.071673
0.370642
-0.357947
0.263872
-0.218340
0.188285
0.012540
0.229693
-0.151784
-0.575848
0.190845
-0.336657
-0.210836
-0.128968
-0.381484
0.009373
-0.119284
-0.348323
-0.106964
-0.591764
0.123261
-0.338737
-0.221127
0.387665
0.215645
0.489305
-0.134947
-0.213944
0.478700
-0.356847
0.040204
-0.560998
0.391984
0.009200
-0.010203
-0.084805
-0.707588
-0.352283
-0.443290
-0.258847
0.698016
-0.430374
-0.298047
0.374121
0.300740
-0.175144
-0.092782
0.622043
0.198914
-0.009965
-0.248369
0.366075
-0.369696
-0.207784
-0.035871
0.367920
0.090879
-0.470720
0.359547
0.076341
-0.411198
0.598884
-0.303033
0.099649
0.305828
-0.278141
-0.142796
0.500476
0.167443
-0.556606
0.062856
-0.212301
0.218069
-0.383619
-0.114965
0.049202
-0.320288
0.230056
-0.278246
-0.594409
0.176348
-0.111475
0.230193
0.338927
-0.645222
-0.513434
-0.162581
-0.172998
-0.234714
0.577404
0.247755
0.442640
-0.200375
0.248828
0.518763
0.183087
0.446105
0.437563
-0.232222
0.021791
-0.576590
0.190806
-0.228644
-0.401769
0.610902
-0.210341
-0.268971
0.659413
-0.172377
-0.383069
-0.174911
-0.634660
0.063530
-0.265857
-0.243818
-0.447133
0.099187
0.002485
0.059980
0.450878
0.026319
-0.221826
0.430295
0.603153
-0.219040
-0.418160
0.047368
-0.356271
-0.209682
-0.417352
-0.317301
-0.056439
-0.455130
0.480075
-0.101209
-0.696536
-0.801083
-0.210925
0.063111
-0.543183
-0.191499
-0.025079
0.394395
-0.518701
-0.706713
-0.231350
-0.188137
0.018810
0.491808
0.340181
-0.159048
-0.132901
-0.514009
0.318349
-0.188521
0.137735
-0.620489
0.121213
0.097328
-0.293288
0.287448
0.723795
-0.110217
0.297357
-0.119511
-0.334818
-0.002067
0.283261
0.377102
-0.374640
0.038980
-0.233289
-0.273229
-0.411286
-0.031232
-0.060065
0.033718
0.208209
-0.368548
-0.413587
-0.130982
0.203122
-0.282090
-0.566299
-0.282496
0.174914
-0.577233
-0.102790
-0.480384
0.082567
-0.147140
0.499080
-0.165391
-0.502543
0.582868
-0.304590
0.067241
-0.536684
-0.293705
-0.354066
0.454597
0.449787
-0.227595
-0.223455
0.223180
0.183007
-0.051013
-0.011505
0.163970
-0.332562
-0.833715
0.119391
-0.274640
0.543720
0.009598
-0.333012
0.498249
-0.277888
-0.301134
-0.162261
0.083120
0.097701
-0.385182
0.093336
0.153010
0.332540
-0.686343
0.247093
0.343966
-0.684167
-0.008191
-0.178150
-0.559028
-0.017960
0.016120
-0.113638
0.288863
-0.046310
0.076818
0.016170
-0.228857
0.233774
0.049158
0.049624
-0.560299
0.301792
0.175765
-0.019838
-0.786955
0.416715
0.361343
-0.539057
0.145924
0.584461
0.394976
-0.045261
0.073242
-0.290367
-0.128253
-0.205997
0.395819
