-0.190610
-0.377500
-0.065241
-0.240804
-0.253025
0.077291
0.325716
0.445726
-0.189699
0.051623
0.268982
-0.451582
0.413204
0.461249
0.069859
0.561466
0.253042
-0.449276
0.261360
-0.035122
0.343149
-0.025368
-0.086012
-0.059502
-0.096284
0.264847
0.590390
-0.255323
-0.007311
0.394923
0.451033
-0.234509
-0.187931
-0.080073
0.108650
0.437142
-0.541649
0.273922
0.198434
-0.510989
0.323346
-0.026433
-0.352994
-0.198291
0.027072
-0.293698
-0.371567
0.262419
-0.207751
-0.529412
0.321489
-0.318146
-0.081528
0.286515
0.442995
-0.574833
-0.183047
-0.177348
0.192514
-0.350504
0.059559
-0.360781
-0.318823
-0.114853
-0.625672
0.108732
-0.477071
-0.457164
0.298095
-0.152003
0.516360
-0.256015
0.392175
0.104518
0.383858
0.195496
-0.347842
0.269239
-0.224746
-0.429252
-0.254709
0.276795
-0.490310
0.016688
-0.021247
-0.055389
-0.063972
-0.085719
0.036485
0.219419
0.354731
0.195944
-0.008655
0.044184
0.147397
0.521056
0.082274
0.755369
-0.687086
0.318762
-0.564251
-0.391537
0.163346
-0.198477
0.231878
0.064010
0.201869
0.020361
0.249125
0.012700
0.272672
0.279306
0.372588
-0.067396
0.060202
-0.064641
0.324773
-0.305703
-0.164783
0.681612
-0.494943
0.193941
-0.222651
0.257849
-0.355829
0.576706
-0.318764
0.050017
0.510204
-0.501985
0.447600
-0.855892
0.156634
0.376172
0.356278
-0.296977
-0.400837
0.144459
0.098702
0.024080
0.026975
-0.405535
-0.496939
-0.307399
0.168659
0.368504
0.524364
-0.477821
-0.504694
-0.043449
-0.194809
-0.226555
-0.077548
-0.273615
-0.381238
0.515459
0.065134
0.404696
0.561880
-0.285868
-0.434374
0.100596
0.688466
-0.170464
-0.152330
0.277510
-0.300378
-0.443484
0.261672
0.368147
0.280071
0.077445
0.010499
-0.286287
0.083369
-0.141265
-0.285313
-0.184590
0.071350
0.316709
0.530602
0.236996
0.101437
0.176153
-0.107014
-0.417889
0.035820
0.156662
-0.265424
-0.408786
0.415883
0.604767
-0.372114
-0.215159
0.010142
-0.005009
0.033815
0.180851
-0.106331
0.508475
0.341782
0.556416
-0.528199
-0.065003
-0.362410
-0.073670
0.171880
0.163295
0.239184
0.314564
-0.401511
-0.170247
0.479722
-0.305572
0.056374
0.148068
0.050389
-0.250382
0.697113
0.421025
-0.177079
0.140474
-0.376121
-0.628195
-0.168303
0.582113
-0.407238
-0.139589
0.055114
-0.057021
-0.072986
-0.470280
-0.386530
-0.375450
0.387079
-0.482225
-0.280627
-0.068467
-0.524385
-0.312946
-0.538613
0.108160
-0.365378
-0.220010
-0.464767
0.102454
0.290459
0.464793
-0.371085
0.480422
-0.219325
-0.343097
-0.135240
-0.413463
0.196451
0.441916
0.330244
0.532058
0.241937
0.428150
-0.015257
0.248074
-0.174863
-0.342687
0.471052
0.275069
-0.159125
0.079948
-0.046829
-0.314186
-0.391354
-0.391865
0.567314
0.463282
-0.332547
-0.244175
0.090683
0.531335
0.543694
-0.024498
-0.051322
-0.294350
-0.295277
0.143391
0.102156
-0.314914
-0.416231
0.030075
0.342630
-0.236653
-0.512991
-0.304619
0.127524
-0.016014
0.004125
0.009689
0.029683
-0.109310
0.378962
-0.049649
-0.184583
-0.541343
-0.460890
0.084831
-0.167355
0.076993
-0.336515
0.035230
-0.376619
0.546401
-0.075841
-0.191917
0.147439
-0.143846
-0.393498
0.154259
-0.166817
-0.603158
0.706891
0.369120
0.129327
-0.101073
-0.106281
0.616603
0.201841
-0.098791
0.624946
0.494136
-0.427331
-0.203894
0.232634
-0.345622
0.425302
0.228490
0.031005
0.301430
0.136885
0.273872
-0.347288
0.111174
0.155381
0.325911
0.486960
0.269376
-0.190600
0.308018
-0.098657
-0.166460
-0.189913
0.136051
-0.437920
-0.217696
0.068089
0.619587
0.001982
0.135978
-0.214339
0.266755
0.527625
-0.080469
-0.019397
0.402749
-0.175244
-0.447833
-0.556206
-0.398887
-0.426394
0.336452
0.261064
-0.674609
-0.134186
-0.371848
0.007403
0.534363
0.094457
0.043642
0.579871
-0.531450
-0.040372
0.346760
-0.167204
0.092953
-0.079107
-0.109660
-0.347257
-0.004177
-0.015296
-0.216417
0.035548
0.542916
0.091585
-0.018816
0.293900
0.746183
0.333444
-0.513561
-0.264314
0.560784
-0.181671
-0.494789
0.346603
-0.359619
-0.084561
0.210790
-0.100884
0.336981
-0.241933
-0.163756
-0.245348
0.166104
-0.390948
0.151563
0.637177
0.689027
-0.311127
0.009339
0.031343
0.244177
-0.447273
0.608395
-0.078917
-0.249114
-0.018950
-0.180038
-0.302273
-0.090798
-0.218471
-0.755497
0.721728
-0.203466
0.377702
0.177588
-0.410527
-0.637841
0.337254
0.085000
0.173497
-0.160189
0.329330
-0.481222
0.472432
0.003154
0.237405
-0.304976
0.240268
-0.144624
0.056744
-0.011659
0.351725
0.087698
0.133043
-0.076545
0.251252
-0.410609
0.260388
-0.369053
0.353948
0.420278
-0.268377
-0.275704
0.139157
-0.112141
-0.572394
0.278574
-0.140318
0.006639
-0.483634
-0.064088
-0.057608
-0.274181
0.145095
0.200883
0.586442
0.353099
-0.015147
0.132138
-0.147331
0.292103
-0.075523
0.401986
-0.326076
0.016625
0.027215
0.241824
-0.404023
0.260689
-0.029194
-0.144686
-0.334913
0.449263
0.155056
-0.425719
-0.413032
0.500793
-0.045845
-0.148310
0.326188
-0.059353
0.125253
-0.298340
-0.634088
0.416684
0.014595
0.462226
-0.491453
-0.159395
-0.213088
-0.191924
-0.426288
0.590142
0.695243
0.153312
-0.039755
0.079803
-0.458477
-0.457349
0.410276
-0.541697
0.511211
0.202949
-0.315711
0.371057
0.308039
-0.011894
0.129192
0.747971
-0.487082
0.213975
-0.112634
-0.325527
0.223484
-0.034222
-0.539888
0.387476
0.250224
0.130157
0.227465
0.631260
0.290009
0.001957
-0.610765
0.220921
0.615350
-0.037926
0.114732
0.462568
0.325365
-0.306575
0.027312
0.195519
-0.043592
0.446156
-0.574079
-0.111438
-0.149201
0.026371
-0.484664
0.211541
0.334709
-0.183156
-0.066268
0.173499
0.041272
-0.290667
0.126957
0.244498
-0.426566
-0.170937
0.607932
-0.000551
0.385667
-0.073051
-0.125050
0.023254
-0.158254
-0.094799
0.127750
-0.394104
0.502315
0.041911
0.046315
-0.170047
-0.568807
0.398566
-0.119807
-0.299065
-0.457723
-0.192267
0.443722
0.489190
-0.074803
0.358235
-0.160884
-0.616487
-0.485549
-0.462344
-0.096828
0.473817
0.132431
0.182235
-0.230466
0.610954
-0.356438
0.474717
-0.452398
-0.580421
-0.295436
-0.449285
0.144708
0.404597
0.104612
0.131155
-0.267947
-0.094309
0.137372
-0.429653
-0.539642
0.127808
-0.366515
-0.438361
-0.282937
0.058647
0.327907
0.021973
0.239777
0.208070
0.009728
0.407683
-0.347506
0.012483
0.391720
0.006111
0.258994
-0.351048
0.023971
0.476594
0.483575
0.287525
0.458298
-0.269721
0.375277
-0.129194
0.043096
0.427542
-0.332301
0.547062
0.529487
0.014409
-0.297679
0.026035
0.184224
0.197354
-0.032200
0.632480
0.019735
-0.321634
-0.385174
0.200503
0.309425
0.117540
-0.413360
-0.650918
0.123148
-0.301319
0.438507
-0.141058
0.216300
-0.044201
-0.009373
-0.387233
-0.022052
0.564336
0.361568
0.173771
0.003736
0.480922
-0.198750
-0.016692
-0.318332
0.225762
-0.282694
-0.109275
-0.577354
0.704088
-0.009168
-0.331818
0.516686
-0.396000
0.233953
-0.333081
-0.121943
-0.150857
0.055380
-0.030821
-0.274835
-0.081550
-0.388362
-0.044976
-0.425799
0.049548
0.485488
0.240122
-0.428030
0.423500
-0.293756
0.476267
-0.648463
0.204992
-0.699715
-0.455046
0.131790
0.040836
0.281605
-0.159154
0.270631
0.511053
0.257255
-0.826947
0.339680
0.170870
0.192111
0.180403
-0.233982
0.207997
0.277828
0.015145
0.177749
-0.001074
-0.043955
0.458076
0.284756
0.576735
0.236209
-0.209143
0.124172
-0.249184
-0.575726
0.055536
-0.598796
0.426081
-0.350295
0.207497
-0.446688
0.329257
-0.427152
-0.252625
-0.052172
0.478620
0.502674
0.106453
-0.396209
0.315197
0.175864
0.234068
-0.316318
0.254364
0.021848
-0.553826
0.065750
-0.109163
0.006948
-0.637877
-0.346769
-0.188276
-0.083958
0.252486
0.110186
0.370999
0.421472
-0.361849
-0.383881
0.313676
0.418613
-0.342703
0.119755
-0.095982
0.324096
-0.322756
-0.396416
-0.614940
-0.125258
-0.124806
0.542242
-0.618541
-0.077601
0.231606
-0.168464
-0.436022
-0.524465
0.100491
0.444984
-0.316869
-0.078731
0.281846
0.144181
-0.452253
0.322780
0.059671
0.101480
0.134219
-0.197725
0.077378
0.175290
-0.603108
-0.232953
0.302497
-0.286138
-0.399196
0.467555
-0.342367
-0.272496
0.049648
0.155017
-0.596480
-0.317178
0.195784
