-0.162713
-0.077206
0.034551
-0.025831
-0.384118
-0.230149
-0.235134
0.436978
-0.168405
-0.012767
0.200985
0.196524
-0.339720
-0.334479
-0.526158
0.135686
-0.089699
0.336449
-0.503644
0.458568
0.213605
0.136794
0.223528
-0.161072
0.039895
-0.377433
0.016460
-0.364436
-0.274286
-0.045389
0.367649
-0.108643
0.308060
0.118205
-0.128061
0.256962
0.375287
0.282610
0.213144
0.304949
-0.571898
-0.427136
-0.363858
0.448109
-0.286018
0.380837
0.279695
0.666991
0.345355
0.389905
0.474004
-0.301873
-0.182483
0.144002
-0.105442
0.530888
-0.407935
-0.187144
0.428192
0.273599
0.204311
-0.437110
-0.605325
0.391553
0.396721
0.316551
-0.636482
-0.464842
0.169938
-0.445102
0.491147
0.237030
0.512801
-0.291011
-0.026578
0.083038
0.124218
0.062280
0.372088
-0.684669
0.394173
0.253013
-0.694287
0.177380
0.303503
-0.124102
0.521100
0.516930
0.319866
0.226350
-0.008853
-0.280453
0.371889
0.358687
-0.031913
-0.583391
0.222286
0.164311
-0.353429
-0.119751
-0.432445
0.265087
-0.113087
-0.159926
0.490242
-0.435118
-0.332080
0.163263
-0.400622
-0.445024
-0.207464
0.071160
-0.071403
-0.159450
-0.202941
-0.000009
0.471654
-0.235193
0.078883
-0.246372
0.538919
0.123262
-0.592376
-0.361294
0.175506
-0.293847
0.144611
0.700294
0.050290
0.199685
-0.198269
-0.324553
0.171795
0.109830
-0.340607
-0.067712
-0.066924
-0.586176
0.339444
-0.169550
-0.016274
-0.373421
-0.593040
0.295014
0.312959
0.234770
0.347228
0.493600
0.378971
0.421419
-0.121242
-0.220789
0.057382
-0.252076
-0.259447
0.484273
-0.333473
0.099117
-0.274500
-0.401691
-0.497754
-0.046970
0.228766
-0.186297
-0.104440
-0.148586
0.246568
-0.406540
0.427488
0.352146
0.230298
0.296107
-0.369173
-0.177495
-0.452908
-0.675235
-0.764643
0.325752
0.454329
-0.285508
-0.088366
-0.057801
-0.575514
-0.478508
-0.265625
0.335351
-0.604798
0.623575
0.032444
-0.230369
0.528116
0.120510
-0.034361
-0.420781
0.136254
0.057274
-0.387374
-0.729183
-0.167818
-0.447994
-0.280029
-0.003671
-0.511575
-0.183978
-0.257055
-0.063479
0.357465
-0.616044
-0.086080
-0.035643
0.261012
0.395342
-0.746962
0.281522
-0.473295
-0.594341
-0.342711
-0.304172
-0.077207
-0.046466
0.588569
-0.765225
-0.538933
-0.741555
-0.317575
0.002307
0.145975
-0.197076
-0.294900
0.563217
0.727254
0.352835
0.257896
-0.166007
-0.548108
0.154127
-0.155816
-0.456433
-0.378734
-0.244863
-0.354223
-0.445348
-0.535218
-0.019089
0.190772
-0.352569
0.472438
-0.022579
0.213603
0.173313
0.527486
0.249082
-0.403544
0.275270
0.564187
-0.153781
0.395641
0.357580
-0.177569
0.473612
0.433305
-0.280337
-0.182848
0.154350
-0.283665
0.029642
0.105895
0.452088
-0.188674
0.068536
0.208438
0.064707
0.160214
-0.049162
0.490676
0.459596
0.091199
0.202561
0.005608
-0.217599
0.526883
0.396747
-0.300730
0.065312
0.577202
-0.248243
-0.428137
-0.224264
-0.410828
-0.214006
-0.259205
-0.085500
0.060062
-0.461352
0.055770
-0.093511
-0.307830
0.041799
-0.314522
0.055698
0.227769
0.243650
0.440164
-0.091445
-0.181022
0.643913
-0.248656
-0.171615
-0.589681
-0.690045
-0.237143
-0.617170
0.249993
0.187103
-0.313750
-0.611613
-0.322600
-0.318316
-0.268371
0.350584
-0.095098
0.089978
-0.012548
0.101902
-0.588969
-0.260422
0.318802
-0.421761
0.057783
-0.311157
0.157423
-0.000215
0.332087
-0.325788
0.293636
0.275892
-0.454512
-0.101337
-0.362653
-0.058368
0.245306
-0.285068
0.219772
0.456457
-0.260989
0.327544
0.547209
-0.535292
-0.518878
-0.150292
-0.034746
0.023481
0.481020
-0.026229
0.042067
0.351529
0.098907
0.341912
0.089752
0.176092
-0.196191
-0.177049
0.514623
-0.207614
-0.581862
-0.126711
0.240964
-0.169917
0.144860
-0.194747
-0.157884
0.173580
-0.149335
-0.563571
0.502851
-0.319837
-0.400274
0.074177
0.013225
-0.032326
-0.036449
0.083424
-0.038312
-0.224854
-0.415260
0.124020
0.089726
-0.457484
0.015666
-0.041240
0.276615
-0.447183
-0.506079
0.185406
-0.439022
-0.455836
0.237147
-0.497655
-0.185120
0.510464
-0.579066
-0.234230
-0.391071
-0.454190
0.341527
-0.103594
0.123756
0.008563
0.306165
0.302697
0.052851
-0.130941
-0.043991
0.238581
-0.133427
-0.401030
-0.108376
-0.089057
-0.338088
-0.545312
0.183422
0.294473
0.109498
0.044400
0.667482
-0.243570
-0.301840
0.030872
0.182249
-0.379989
-0.120705
0.021461
-0.325013
-0.479979
-0.158965
0.027487
0.496712
-0.115657
-0.079037
0.338916
0.059476
0.360042
-0.471769
-0.578546
-0.199601
0.044409
0.013048
-0.580445
-0.497879
0.183423
0.326376
-0.008771
0.470085
0.014117
-0.014440
-0.084825
-0.442478
0.305365
0.704663
-0.041324
0.371222
0.051465
0.404779
0.704328
-0.825172
0.504532
-0.427889
-0.258834
0.359464
0.022227
0.348873
0.191272
-0.276170
0.378252
0.078290
0.273240
0.176021
0.328940
-0.116754
-0.238021
-0.585251
-0.170518
-0.245043
0.249873
0.356052
-0.018375
0.121117
-0.295188
0.456407
0.030266
-0.490889
0.479311
0.615043
-0.051717
0.077992
0.717263
-0.092927
0.000181
-0.543839
-0.189310
-0.469377
-0.079717
0.177689
0.145205
0.331300
0.704050
-0.242165
-0.102556
0.160911
-0.330197
-0.590209
-0.453058
-0.460485
-0.023241
-0.555724
-0.026655
0.211010
-0.107110
-0.368268
0.140065
0.506126
0.044055
0.533250
0.052327
0.488718
0.251895
0.793080
0.119934
-0.241050
0.041926
-0.337251
0.001611
-0.509512
0.201561
0.072920
-0.283382
0.293554
-0.382233
0.482212
-0.170297
-0.103850
0.233891
0.096609
-0.344341
-0.209469
0.456744
0.295017
-0.127310
0.021291
-0.316847
-0.042410
-0.438397
0.140341
-0.645909
0.291169
-0.019765
-0.201687
-0.330725
-0.201275
0.217981
0.408214
0.009336
0.164351
0.083950
-0.515746
-0.346235
0.160777
0.014202
-0.619546
-0.309140
-0.004590
0.404460
0.036507
0.023715
-0.100981
-0.044136
-0.072408
-0.387038
-0.182473
-0.549271
0.364006
-0.045961
0.042700
0.080452
0.662882
-0.624356
-0.006525
-0.394505
0.668103
0.352818
0.126204
-0.673636
0.100025
0.437624
0.290012
-0.655793
0.107272
0.300783
0.475994
0.279494
-0.202312
0.387308
-0.309333
0.087434
0.007682
-0.191384
-0.134523
0.398174
0.572804
0.443595
0.234108
0.227615
0.304097
-0.050768
0.438675
-0.231387
-0.048436
0.294242
-0.154253
0.420629
0.467894
0.142116
-0.131879
-0.096684
-0.642977
0.364242
0.282839
0.470165
0.527825
-0.117202
0.276620
0.456552
0.178726
-0.234260
-0.513579
0.420802
0.494239
0.587166
-0.456062
-0.126132
0.057014
0.143768
0.236647
-0.105831
0.085753
-0.288129
-0.018413
-0.430113
-0.235412
-0.393983
-0.304054
-0.235685
0.613467
-0.407867
0.464269
-0.469652
0.209815
0.335216
0.032734
0.515429
0.351121
-0.621828
-0.510790
-0.313608
-0.000738
-0.260491
-0.623023
0.017625
-0.036922
-0.517429
0.038105
0.037808
-0.147594
0.139102
0.693171
-0.086128
-0.061021
0.020247
0.228521
0.422026
-0.386446
-0.594581
-0.122592
0.318660
-0.044376
-0.025915
-0.530985
-0.564037
0.043240
0.312249
-0.307668
-0.102823
0.117646
-0.030821
-0.121772
0.341598
-0.390461
-0.227215
-0.254237
-0.432597
0.630630
0.202549
-0.027634
-0.141021
-0.582620
0.069314
-0.111362
-0.272294
0.660577
-0.193292
-0.110316
0.155283
0.434756
0.130437
-0.773843
0.094040
0.470126
-0.363917
0.024420
0.410728
-0.254255
0.078167
-0.128443
-0.013391
-0.260177
0.173782
0.294870
-0.690167
-0.327531
-0.094569
-0.146598
0.327382
-0.272010
0.264941
-0.457883
0.258060
-0.402050
-0.223901
-0.263334
-0.249042
-0.357213
-0.231631
-0.438074
-0.576109
0.393050
-0.309768
0.499080
-0.198897
-0.538727
0.253847
-0.410232
-0.329076
-0.199482
0.312905
0.112138
-0.289494
-0.492505
-0.572460
-0.093633
-0.333873
0.149330
0.213168
0.130358
0.188494
-0.246061
0.086527
0.259510
0.193017
0.106577
0.299262
0.217677
-0.297697
0.144691
-0.351821
-0.262745
-0.059821
0.246929
0.068231
-0.340002
-0.456372
0.447642
0.260179
0.470486
0.347427
-0.540761
-0.028075
0.496386
0.242847
0.520841
-0.206529
-0.273248
0.089718
0.134341
-0.097320
-0.375664
0.056768
0.395026
0.220897
0.250715
-0.547929
0.202102
0.421095
-0.358604
-0.371051
0.084131
0.570192
0.385665
0.125742
-0.343021
-0.449242
0.033824
0.396554
-0.580032
-0.456769
-0.094605
0.392685
