0.163699
0.404931
0.002157
0.123300
-0.069840
-0.055057
-0.354016
-0.211758
-0.604940
-0.053544
0.176312
-0.001107
-0.458726
-0.554002
-0.217077
0.027512
-0.495423
-0.087636
-0.077341
-0.123732
0.380709
-0.286257
-0.293263
0.442184
-0.703990
-0.047538
-0.193118
-0.238117
0.011479
0.693019
0.006143
-0.394793
0.169431
-0.098899
-0.016792
0.237440
-0.206999
-0.231558
-0.075030
0.248566
0.087487
0.436459
-0.015347
0.202783
-0.044204
0.245496
0.212093
0.325893
-0.031333
0.415678
-0.041612
-0.075863
0.552075
-0.292329
-0.365170
0.489395
0.185184
-0.025982
-0.362910
-0.310764
-0.272632
-0.221703
0.502026
-0.086824
0.189070
-0.435767
0.094380
-0.522506
0.375877
-0.277274
-0.330159
0.300590
-0.008954
-0.391417
0.437997
-0.021894
-0.284802
0.257924
-0.121848
-0.378753
0.102587
-0.343225
-0.544640
0.451256
-0.343108
0.012241
-0.143572
0.525375
0.343293
0.403380
-0.227543
0.044037
-0.408494
-0.270111
-0.509585
0.006804
0.260517
0.399043
-0.545327
0.124500
0.006450
-0.436773
-0.001217
-0.300256
-0.190086
-0.375063
-0.220405
-0.704253
0.049321
0.255104
-0.238368
-0.576443
-0.011615
-0.120027
-0.232653
-0.032043
0.343275
0.358800
-0.296016
0.262496
-0.136766
-0.314667
0.073400
-0.217405
0.186428
0.102468
0.446783
-0.032197
0.446954
-0.377356
0.275542
0.771142
0.179345
0.309717
0.358893
0.307691
-0.165711
-0.004845
-0.350166
0.226601
0.201504
-0.556748
-0.167055
0.158832
-0.039723
-0.222451
0.488487
-0.413555
0.482652
0.140027
-0.316394
-0.273255
-0.419496
-0.329883
0.284880
0.264207
0.032844
-0.343066
-0.001925
-0.190090
-0.423260
-0.146810
0.329082
-0.291761
0.287215
-0.407000
0.012999
0.465370
0.255099
-0.174627
0.069729
-0.237013
0.134635
-0.133208
-0.355470
-0.299692
0.551365
-0.589148
0.407403
-0.373611
0.071898
0.246295
0.256352
0.178382
-0.590964
0.338878
-0.208940
-0.493716
-0.116191
-0.512324
0.215979
-0.207280
0.182934
-0.477142
-0.056342
0.498665
0.384900
-0.027592
-0.100995
0.276976
-0.042414
0.182369
-0.491418
-0.064408
0.159566
0.815140
-0.356381
-0.438534
0.321632
-0.113536
0.326609
0.329072
-0.144938
0.041229
-0.206083
0.064166
0.346584
-0.410405
0.233619
-0.112168
0.269638
-0.682956
0.569069
0.202295
0.372928
0.646191
-0.125212
-0.062682
-0.393714
0.132575
-0.072986
0.110146
0.304720
-0.313230
0.593092
-0.485721
0.426225
-0.284956
-0.370139
0.013146
0.409497
0.128916
-0.522026
-0.376032
0.418970
0.341762
0.048551
-0.124425
0.337953
-0.017811
-0.106573
-0.240744
-0.460885
0.296921
0.206812
-0.115056
-0.151332
0.257908
-0.546549
0.100392
-0.039893
0.411102
0.378300
-0.369111
-0.544184
0.090861
-0.186143
0.427999
-0.171308
0.079536
0.487417
0.059841
0.327822
-0.067855
0.124402
0.170877
0.230624
-0.127773
0.425991
0.047182
0.155499
0.446890
0.441062
-0.358843
-0.383296
0.005247
0.240013
-0.376490
0.395855
-0.407974
0.158025
0.525209
0.147823
0.273720
0.619962
0.019030
-0.288599
0.006755
-0.438907
0.148846
0.144307
-0.260379
0.489524
-0.640253
0.418845
0.685007
0.451271
0.139010
-0.123312
0.065642
-0.159252
0.049189
-0.478956
-0.000149
-0.206321
0.228387
0.362896
-0.210507
-0.198309
0.032951
0.138187
0.029297
-0.276427
-0.080342
-0.364239
-0.355041
0.405645
-0.242764
-0.468210
-0.274475
0.189898
-0.456638
-0.181004
0.157079
-0.107037
0.056256
-0.073378
0.417552
0.402572
0.337349
-0.345041
0.743937
-0.688925
0.561032
-0.127277
0.141418
0.285531
0.310468
-0.287829
-0.276215
-0.527407
-0.111418
-0.287526
0.467613
-0.025289
0.463373
-0.214913
0.377849
0.335444
-0.358726
-0.284694
-0.168619
0.038996
-0.120034
0.136786
-0.650348
0.002452
-0.129681
-0.065271
-0.039858
0.000844
0.393294
-0.536618
-0.205340
0.542363
0.190501
0.197986
0.238840
-0.135936
0.377031
-0.214124
-0.218831
-0.189579
-0.176704
-0.345953
-0.110476
0.036609
0.077711
0.028608
-0.214518
-0.074976
0.148429
0.084343
-0.044707
0.473758
-0.179971
-0.322335
0.142528
0.314914
0.149763
-0.275050
0.328477
0.251194
-0.013636
-0.447685
0.487244
0.155456
-0.259066
-0.144559
0.453826
-0.306580
-0.332960
0.643253
0.371843
-0.435065
0.080584
-0.085069
-0.230197
0.379133
0.098369
0.600753
0.065402
0.197046
0.305173
0.034945
0.006757
-0.227005
-0.403541
0.715139
-0.313732
0.317766
-0.089626
-0.838084
-0.367846
-0.126468
0.420268
0.472806
0.527585
0.111075
-0.216688
-0.200174
-0.051045
0.401372
0.617095
0.380425
-0.105522
0.268645
-0.062552
0.322488
-0.299896
-0.302338
0.332311
-0.250615
0.143319
0.420237
-0.299209
-0.562813
-0.096633
0.004190
0.421369
0.008263
-0.166409
0.197740
0.371530
-0.573734
0.082037
0.092128
-0.398455
0.262804
-0.343160
-0.335923
0.715242
-0.229813
-0.424347
0.115862
0.119928
-0.152609
0.393668
-0.025837
0.599077
-0.218476
0.179211
-0.013937
-0.044915
-0.289503
0.534896
-0.173333
0.080582
-0.451205
0.388864
0.277895
-0.181750
0.468900
-0.055141
0.234089
0.308070
-0.378085
-0.222314
0.121263
-0.452031
-0.503249
0.362943
0.170861
-0.338248
-0.101580
0.162414
-0.090894
-0.417529
0.471875
0.427361
0.397899
0.157638
-0.212591
0.220424
-0.283415
-0.228357
0.378995
0.073694
0.027250
0.093982
-0.328782
0.535919
-0.344368
0.301695
0.310658
0.685842
-0.328331
0.152793
0.083732
0.227845
-0.154513
-0.194908
0.398717
0.309321
-0.217275
0.461334
0.556805
0.269531
0.285500
-0.381709
-0.315922
-0.315564
-0.345534
-0.375402
0.181440
0.553497
0.437085
-0.216006
0.258848
-0.417832
0.316593
0.439677
0.334341
0.298551
-0.093061
-0.313794
0.105332
-0.269409
-0.315848
0.066491
-0.066268
-0.382797
-0.464315
0.462072
0.031314
0.599145
-0.523438
-0.244055
0.236436
0.232768
-0.221638
0.429335
0.214551
0.036344
0.241195
0.077541
-0.135142
-0.217172
0.440292
0.385047
0.752757
0.535386
-0.366814
0.508454
-0.590493
0.228538
0.140769
-0.711501
-0.626222
0.247096
0.469611
-0.410941
0.313147
-0.352005
0.049709
0.178223
0.065124
-0.350954
0.281932
0.305865
-0.055295
0.405683
-0.233973
0.618785
-0.417792
-0.318716
-0.892711
-0.239521
-0.092306
0.373746
-0.211603
0.604375
-0.129607
0.485083
-0.256093
-0.304900
-0.305685
-0.420464
0.069277
0.213091
0.062333
-0.133406
-0.034332
0.037744
0.151193
0.276368
0.071393
0.463210
-0.395404
-0.261627
0.098380
0.032729
0.121027
0.330018
0.249961
-0.102507
-0.468914
0.334615
0.105963
0.340643
0.135633
0.073173
0.678738
0.594657
0.262249
-0.487149
0.055662
0.169321
0.285773
-0.129114
0.081406
-0.600670
0.006920
-0.395734
-0.271146
0.022435
-0.629142
-0.225301
-0.342188
-0.002626
0.010105
-0.404633
-0.347364
0.422320
0.192454
0.570376
0.425751
-0.135851
0.242965
-0.514609
-0.201392
-0.124010
-0.385050
0.078961
0.184255
0.470277
-0.255587
0.436844
-0.110957
0.048009
0.146310
-0.381956
0.061012
-0.571564
0.013987
-0.474453
-0.381817
0.497866
0.305583
0.417919
-0.280797
0.552741
0.463851
0.073148
0.031326
-0.071034
0.247565
-0.061479
-0.100309
-0.649989
0.485488
0.536620
-0.044354
0.414270
0.244808
-0.017552
-0.290576
-0.142597
0.108288
0.354057
0.260432
-0.752784
0.422345
0.369379
0.662175
-0.624922
-0.119074
-0.040166
-0.436835
0.583250
-0.415610
-0.203331
0.078625
-0.325617
-0.367763
-0.080331
-0.233763
-0.070287
-0.092756
-0.079697
-0.336239
-0.140014
0.057541
0.075759
0.026743
0.371392
-0.221247
0.453661
-0.049989
-0.282496
-0.131909
-0.208673
0.294022
-0.340667
-0.633330
-0.188998
-0.382481
0.355886
-0.530253
-0.641423
-0.580653
-0.178282
-0.005503
-0.323997
-0.495765
0.092967
0.092827
-0.297114
-0.449899
0.311954
0.127367
-0.018729
-0.265919
-0.086818
0.057256
-0.255488
-0.419030
0.280739
0.106577
-0.176791
0.354826
0.093235
-0.630770
-0.181540
0.217688
0.294705
-0.267458
0.068231
0.279877
-0.203822
0.532585
-0.373141
0.052796
-0.205025
-0.475840
-0.496945
0.055062
0.498720
0.281971
-0.129224
0.245713
0.316518
-0.321059
0.353914
-0.839628
0.455397
-0.081540
0.800311
-0.100247
0.480896
0.351264
-0.180770
-0.397281
-0.692281
-0.384040
0.350758
-0.304969
-0.557530
-0.064606
-0.416291
-0.013968
-0.115027
-0.227615
-0.515535
-0.394432
0.209679
