-0.056953
-0.531657
-0.010135
-0.048962
-0.129342
0.511199
0.057602
0.201380
-0.241371
0.394938
-0.072130
0.086959
-0.234808
-0.548075
-0.481170
0.144033
-0.075643
0.542944
0.200865
-0.016178
0.074136
0.234590
-0.030975
0.787043
0.143742
0.205901
-0.087993
-0.409053
0.130067
-0.116499
0.234055
-0.172748
-0.353156
-0.272663
-0.553143
0.480623
-0.106054
-0.508663
-0.206609
0.185595
0.334491
0.137146
-0.381762
-0.281604
-0.461726
-0.450438
-0.039925
-0.698761
-0.073349
-0.280641
0.432810
0.446598
0.099276
-0.258388
0.157742
-0.375310
0.232254
0.163978
-0.316135
-0.369845
-0.262254
-0.338114
0.231000
0.544348
-0.511085
0.396187
-0.543015
-0.183928
0.314996
-0.122531
0.620901
0.382529
0.224910
0.048436
0.610137
-0.385707
-0.434445
-0.011291
0.141168
-0.446086
-0.056428
-0.200801
-0.522650
0.340491
0.036802
-0.316880
0.045422
-0.039409
0.258301
0.038043
-0.060367
0.165494
0.420559
0.041611
-0.046993
-0.090647
0.334960
-0.037580
0.187156
0.210549
-0.105720
-0.196554
0.010237
0.643157
0.066359
0.110825
-0.065976
0.590806
-0.211098
0.525192
-0.227658
-0.284611
0.395391
0.317993
-0.654104
0.131015
-0.023035
0.127153
-0.031179
-0.246372
0.099137
0.575458
0.026942
-0.346459
-0.023091
0.499444
-0.106702
0.341022
-0.249345
0.621526
0.195916
0.437550
0.320219
-0.343551
-0.657879
-0.577100
0.199163
-0.218134
0.041056
0.273615
0.654719
-0.096158
-0.630571
-0.166929
-0.051700
0.066110
-0.135586
-0.614735
0.549213
-0.602021
-0.218803
-0.414655
0.243248
0.109936
-0.468152
0.543156
-0.231130
-0.104441
0.362524
-0.318610
-0.377120
0.371292
0.491292
-0.184677
-0.116795
0.523432
0.380392
-0.341938
0.248362
-0.442540
0.170954
-0.499712
-0.162896
0.613011
0.053101
-0.295359
-0.824801
-0.277755
-0.174593
-0.077337
-0.129474
-0.593372
0.200319
0.331576
0.232062
0.169079
-0.237061
0.322451
-0.336225
0.083981
0.505974
0.403647
0.025891
-0.511404
0.361439
-0.059175
-0.052231
0.245484
-0.336342
-0.671674
0.290406
0.258772
0.445053
-0.247765
0.086164
0.042837
-0.194337
-0.215764
0.364448
-0.468933
-0.334950
0.322133
-0.349981
-0.089148
-0.353504
-0.256438
-0.236585
-0.204589
0.367688
0.232443
0.421497
0.000854
0.348887
0.166058
-0.432083
0.016688
0.237290
-0.428839
0.056989
0.132575
0.093439
0.131760
0.248221
-0.320706
0.519927
0.200607
0.288033
0.086908
-0.485394
0.396076
-0.554812
-0.176818
0.276075
0.375270
-0.509037
-0.175982
-0.214254
0.429394
0.231264
0.169307
-0.186566
0.418870
-0.261289
0.275756
0.475065
0.456414
-0.367495
0.154084
-0.260098
0.502848
0.569297
-0.046457
0.010369
0.507787
-0.178936
0.072078
-0.112234
0.454011
0.224762
-0.372846
-0.178681
-0.499640
-0.486294
-0.069930
0.041515
-0.605500
0.228045
0.362573
0.143595
0.215688
-0.061868
-0.343319
-0.230323
-0.234300
-0.257949
0.089559
0.346245
0.245936
0.446245
0.082403
-0.683041
-0.090520
0.230515
-0.396881
-0.256671
-0.043557
-0.507587
-0.033772
0.475658
-0.183579
0.324815
-0.605415
0.506967
0.164108
0.197052
-0.048503
-0.161870
0.176657
-0.009039
-0.277171
-0.066222
-0.043128
0.028109
0.211451
0.511003
-0.192598
-0.102052
-0.239745
0.618115
0.349471
-0.153260
-0.442376
-0.333000
0.349964
0.276195
-0.559042
-0.325183
-0.434217
-0.037994
0.488648
0.314459
-0.336957
0.110434
-0.073937
-0.004554
0.005393
-0.370239
-0.420733
-0.266195
-0.283218
0.243201
-0.064815
0.587915
-0.008119
-0.116720
0.257801
0.110572
0.487495
-0.350703
0.197837
0.543665
0.741015
0.466306
-0.163655
-0.433326
0.089950
0.284230
0.040531
0.129964
0.076736
-0.004470
0.694528
0.528837
0.081468
0.398553
-0.289752
0.038993
-0.369584
-0.117792
-0.219883
-0.017359
0.305374
-0.261842
-0.284574
0.034583
0.283547
-0.607835
-0.197608
-0.056015
-0.573930
-0.036449
-0.094262
-0.017052
-0.222762
-0.003273
-0.425691
0.318534
0.461805
-0.486966
0.091987
0.319345
-0.097202
-0.309111
-0.839517
0.292469
-0.231273
0.370853
0.420456
0.059506
0.283611
-0.135559
-0.037124
-0.306140
0.070765
-0.149000
-0.466285
0.231786
-0.216339
-0.369617
-0.040819
-0.331792
0.517385
0.439249
-0.539158
-0.208976
-0.419989
0.007529
0.030866
0.518547
-0.319793
0.013044
-0.137718
0.066705
0.000868
-0.518922
0.109706
-0.296250
-0.421691
-0.315894
0.253522
0.065688
0.112663
-0.407924
-0.597949
-0.317375
0.024441
-0.043912
-0.146577
-0.076161
-0.061863
-0.136311
0.462166
-0.338439
-0.525064
-0.203146
0.320447
-0.046570
0.034121
0.547731
0.141572
0.711398
-0.111481
0.307170
-0.081841
-0.338508
-0.169846
0.019749
0.068645
0.049852
0.286120
-0.218556
0.353186
0.276655
0.565257
-0.106184
-0.475191
-0.028795
-0.409495
0.268756
-0.358559
-0.589659
-0.528768
0.774767
0.105964
0.651790
0.471317
-0.087218
0.094620
0.332245
-0.170992
-0.432316
0.581784
0.152256
-0.004285
-0.210993
-0.488907
0.585540
-0.122688
-0.519010
0.225313
-0.214963
-0.147210
-0.040302
-0.394246
-0.538393
-0.144513
-0.491430
0.167662
0.061064
-0.104474
0.155321
-0.559484
-0.204518
-0.202377
0.350947
0.033232
0.381630
0.065879
0.342345
0.267876
0.052509
-0.270570
-0.248489
-0.501202
0.069802
-0.514341
0.469499
-0.425325
-0.517117
-0.660845
0.471684
-0.272643
0.019677
-0.165899
0.027437
0.551808
0.075637
-0.287354
0.356016
-0.513081
-0.043189
-0.177800
-0.588164
-0.044000
0.203390
-0.111505
-0.154251
-0.246411
-0.091966
-0.708138
-0.045672
0.344131
-0.064392
0.333129
-0.243151
-0.350209
0.166557
-0.403204
0.323833
0.291290
0.408905
-0.268462
0.235371
0.447336
-0.079134
-0.294174
0.046592
-0.098414
-0.174098
0.150972
-0.062724
0.125818
-0.445076
0.442894
-0.426252
-0.324207
-0.107635
-0.366018
0.481578
-0.219806
-0.439686
0.199299
0.285128
-0.121773
0.056812
0.409326
0.218878
0.480878
-0.006920
0.495804
-0.015265
0.515746
-0.410606
0.534621
-0.441911
0.332958
0.355274
0.423730
-0.446423
-0.187242
0.184247
-0.667320
0.228840
-0.147648
0.480036
-0.159290
0.294717
-0.017347
-0.103970
0.142028
0.594321
0.610302
0.307951
-0.448253
0.257233
0.148104
-0.237755
-0.341210
0.153257
0.404597
-0.391003
0.580599
0.195577
0.077338
0.255004
-0.247319
-0.226566
-0.280646
0.002899
0.481642
-0.447390
-0.108374
0.199045
-0.104065
0.203685
0.227886
0.078075
0.585387
0.534808
-0.082267
-0.613641
0.502820
-0.578213
-0.127740
0.005634
-0.401464
-0.240521
0.358875
-0.154576
-0.107962
-0.451238
-0.020710
-0.035769
0.317223
-0.520002
0.320405
0.234085
0.301277
0.456383
-0.221222
0.192665
-0.555845
0.530578
-0.645586
0.464269
0.163291
0.290124
0.408151
0.049161
0.593188
-0.545077
-0.088549
-0.042659
-0.060947
0.117904
0.426359
0.297185
0.036473
-0.373316
0.146213
0.273974
-0.600108
-0.017517
-0.201965
0.166346
0.456420
0.351505
0.050280
0.438750
0.416365
-0.296957
0.487923
-0.466995
0.470751
0.028913
-0.446768
-0.455407
-0.609579
0.374440
-0.315264
-0.221969
-0.191466
-0.272327
0.321705
-0.011692
0.291348
-0.122825
-0.146408
-0.380867
0.211129
0.475441
0.278893
0.473955
0.453562
0.434940
-0.464961
-0.638218
0.084097
0.460010
-0.259080
-0.060630
-0.465249
-0.270339
-0.195116
-0.153140
0.076059
0.304443
-0.119992
-0.081253
0.264193
-0.330501
-0.408900
0.090219
0.067663
-0.234261
-0.177193
-0.171639
-0.322465
0.135753
0.187883
0.016658
0.065094
0.006329
0.108469
-0.129388
0.053803
-0.432510
0.175392
0.189163
-0.376453
0.349077
-0.088044
0.168140
-0.100014
-0.587372
0.130764
0.351347
0.398093
0.381589
-0.090955
0.308206
0.102963
-0.162499
0.508532
-0.356006
0.111806
0.196852
-0.389765
-0.282078
0.336346
0.140518
-0.044965
-0.171014
0.103866
0.270620
0.361152
0.124793
-0.016162
-0.325644
-0.122072
0.322586
0.170608
0.561544
-0.338568
0.453843
-0.235129
-0.147626
0.330560
-0.088348
-0.311194
-0.152866
0.474637
0.282012
0.057739
-0.129620
-0.241705
-0.336329
0.390424
-0.408424
0.141606
-0.184096
0.115559
-0.181579
0.328361
-0.531271
-0.324097
0.132506
0.085591
0.234578
-0.318461
0.221434
-0.274568
0.412021
-0.196192
-0.397757
0.630186
0.283570
0.280155
0.462287
-0.342510
0.011243
-0.028963
0.123247
0.057269
0.391150
-0.484036
