0.296780
-0.230174
-0.560370
0.294525
-0.334203
0.065030
0.175060
0.282924
-0.533089
-0.077291
-0.176608
-0.126437
-0.409438
0.573992
-0.096662
-0.008786
0.318939
0.103565
0.226650
-0.091390
0.380709
-0.542650
0.024149
0.713444
-0.498317
0.374563
0.434629
-0.326517
-0.440505
0.303814
0.036387
-0.223045
-0.666212
0.118205
0.044043
0.434206
0.006711
-0.218305
0.095877
0.153178
-0.031017
-0.302059
-0.035324
-0.007869
0.394256
-0.468311
-0.396437
-0.170419
-0.255630
-0.080310
-0.319508
-0.107186
0.436543
0.111588
0.291733
-0.210996
-0.513531
-0.372709
-0.079249
0.459798
0.266514
-0.471260
0.210660
0.411871
0.543081
0.477906
-0.094036
-0.301944
-0.299493
-0.273881
0.074772
0.342978
-0.258487
-0.240816
0.135764
0.125416
-0.243401
0.272758
-0.041953
-0.558089
-0.377017
-0.173041
-0.572950
0.529388
-0.174179
0.299219
-0.211578
0.415277
0.630250
0.050206
0.343523
-0.045320
0.417421
0.210307
-0.614827
-0.253646
0.084710
-0.192542
-0.311382
-0.084308
-0.432445
-0.216323
0.114016
-0.036338
-0.247575
-0.402057
0.191305
-0.448462
0.205326
-0.457221
0.187281
0.119307
-0.365558
-0.006001
-0.207005
0.538769
0.334203
-0.233997
-0.096915
-0.128649
0.292674
0.296158
-0.279255
-0.100975
0.133118
-0.174983
0.233018
0.203323
0.556509
-0.281206
0.233750
0.077702
0.161007
-0.553517
-0.483066
-0.582420
-0.210315
0.170152
-0.125630
-0.068544
0.218253
-0.020961
-0.650711
-0.146641
-0.103606
0.133492
0.096963
0.307450
0.433996
-0.035200
0.339255
-0.146561
0.105173
-0.007454
0.457801
0.739068
-0.294673
0.124335
0.026922
-0.143288
0.156201
0.018754
0.586383
0.005270
0.418493
-0.512779
-0.360294
0.657250
-0.168397
-0.104854
-0.088791
-0.346878
-0.452129
-0.127960
-0.355470
-0.262006
0.602330
0.084441
0.456289
-0.642421
-0.074801
0.532769
-0.441825
-0.000980
-0.216908
-0.228814
-0.384673
0.202161
-0.163290
-0.083628
0.041665
-0.538194
-0.426628
-0.432819
-0.318350
-0.375534
0.295814
-0.502917
0.005415
-0.234623
0.624430
0.098904
0.591945
0.232679
-0.409034
-0.184951
-0.093774
0.163295
-0.204361
-0.588686
0.033898
0.427242
-0.129610
0.281522
0.285275
0.013752
0.456799
0.387499
-0.191746
-0.079695
-0.177079
0.505140
0.638798
-0.138767
0.284365
0.488009
-0.010033
-0.228560
-0.436181
-0.285423
0.529754
0.616040
-0.436441
0.082485
0.662277
0.492402
0.528725
-0.037867
0.321718
-0.303821
0.161815
0.428549
0.048102
-0.133471
-0.585733
-0.068636
-0.248133
-0.084795
-0.078646
0.106832
0.487324
0.319245
0.273052
-0.088549
0.042985
0.323743
-0.579065
-0.246361
0.108971
-0.219995
0.095830
0.102219
-0.482410
0.391034
-0.357568
-0.074354
-0.281333
0.181315
0.603159
-0.330929
0.349099
0.226054
0.375921
-0.279141
0.163384
0.634811
-0.143850
-0.302458
0.037294
0.054458
0.072554
0.503538
-0.495590
0.360738
0.202179
-0.449169
0.248026
-0.215760
0.547495
-0.191883
-0.266950
0.157027
0.217559
-0.404296
0.607595
-0.024823
0.070220
0.052044
-0.096210
0.388831
0.245053
-0.401218
-0.124903
0.084831
-0.511878
0.062293
0.424355
0.654350
0.121987
-0.311152
-0.047675
-0.526087
0.147439
-0.109264
-0.116201
-0.366274
0.038157
0.371239
0.289348
0.460145
0.648036
0.567413
0.105061
0.269099
-0.343462
-0.202630
0.050315
-0.211466
0.118504
0.112600
0.197036
-0.427034
0.090179
0.036937
-0.329147
-0.002839
-0.237181
0.284471
-0.352665
0.169332
0.285721
0.454203
-0.145263
-0.051608
0.039305
0.400329
0.203172
0.362262
-0.350703
0.136051
-0.563858
0.649543
0.488945
0.115022
0.309785
0.083000
-0.697787
0.444374
-0.005192
-0.209787
0.359943
0.292409
-0.408821
0.259467
0.202385
0.213920
0.055343
0.363235
0.055968
-0.674609
-0.620392
0.094353
-0.592808
-0.201420
0.088132
0.111557
-0.302456
0.315688
-0.234638
0.166402
-0.167819
0.096553
-0.593317
-0.098832
-0.441909
-0.069326
-0.201496
0.176056
0.056825
-0.535217
-0.153638
0.265613
0.709225
-0.101585
-0.212164
-0.492067
0.191885
0.477821
-0.265125
-0.558616
-0.167830
-0.590324
-0.032408
-0.112854
0.426004
-0.511077
-0.174706
-0.307813
0.068046
0.151626
0.170341
0.287759
0.233439
0.196677
-0.040492
0.145462
0.100300
0.244177
-0.385757
-0.362395
-0.039708
-0.103670
-0.112806
0.578839
0.866950
0.350195
0.160413
0.318384
0.114828
-0.056552
-0.044725
-0.129619
-0.862512
0.230143
-0.053188
0.364465
-0.007504
-0.328553
0.147683
-0.388582
-0.307211
0.575311
0.182524
0.644182
0.044125
-0.189311
0.315080
-0.001496
0.273816
-0.304371
0.222993
-0.070782
-0.112220
0.550889
0.251631
0.126513
-0.442856
0.171978
0.180365
0.578162
0.298532
-0.832655
0.206602
0.693900
-0.199484
-0.149362
-0.483634
-0.190291
0.121406
0.022227
-0.252741
-0.121062
-0.229813
-0.189087
0.782367
0.132138
0.507355
0.457313
-0.203450
0.346266
-0.062841
-0.539119
-0.493305
0.091529
0.004803
-0.325656
0.337078
-0.065577
0.456407
-0.171263
0.209741
-0.065286
0.128622
-0.105525
-0.176823
-0.445292
-0.572293
0.063651
-0.091457
0.571899
0.222105
-0.196159
0.059012
-0.328034
0.416873
-0.201732
-0.476369
0.655817
-0.045132
-0.288368
0.034531
0.201762
-0.514206
0.215575
-0.105594
0.085304
0.167499
0.008352
0.200543
-0.263151
0.481491
0.555647
0.122134
0.164541
0.390936
-0.302228
0.265920
0.222108
-0.115942
-0.503068
-0.283105
-0.075355
0.261910
0.261333
0.377612
-0.108111
0.229351
0.631260
0.482212
0.031668
-0.115800
-0.480047
0.430678
-0.344341
0.505646
-0.034391
0.242668
-0.223811
-0.298480
-0.597076
0.438257
-0.318223
-0.539881
-0.514365
0.306827
0.026371
0.331291
-0.306481
0.380776
-0.282312
0.388280
0.091435
0.071045
-0.121748
-0.557687
0.136375
-0.175569
-0.327280
-0.052858
0.105206
-0.414666
0.301636
0.227458
-0.026227
0.377828
-0.053500
-0.153735
-0.352460
-0.484968
-0.098013
0.413205
0.490989
-0.096278
0.478700
-0.434990
0.295962
-0.444764
-0.243476
-0.040394
0.067932
0.338179
0.309314
0.213081
0.503616
0.149395
-0.858780
0.219241
-0.002035
0.498292
0.092564
-0.194902
0.121681
-0.291258
0.724932
-0.129348
-0.063104
0.315996
-0.118267
-0.062249
0.089902
0.584207
-0.329152
-0.092211
-0.597555
0.252571
-0.149363
0.437527
-0.294272
0.054064
0.213091
-0.407356
-0.433920
-0.371904
-0.066493
-0.525217
0.324252
0.072629
-0.172148
-0.135796
-0.254802
-0.057159
-0.516594
0.015434
-0.076799
0.406676
0.012168
-0.167667
-0.224768
0.036587
0.186591
0.437991
0.125162
0.290440
0.244859
0.205641
0.089209
0.086133
0.385033
-0.391805
-0.019195
-0.514846
-0.052654
-0.024023
-0.222745
0.083202
0.079311
0.345237
-0.017488
0.016300
0.017395
0.063538
0.450644
0.409940
0.407208
0.288319
0.494683
0.127717
0.279578
-0.401986
-0.278875
-0.125946
0.155465
0.034988
-0.437005
0.247679
-0.246940
-0.046279
-0.061326
-0.040787
0.072935
0.391447
-0.168281
0.181470
-0.671787
-0.228041
-0.522857
-0.301323
0.685575
-0.291521
-0.298903
-0.032218
-0.281303
0.143824
0.165211
-0.189541
0.190886
0.497099
0.040841
-0.140085
0.023223
0.654275
0.443927
0.023272
-0.092144
0.244808
-0.087772
-0.585433
-0.284330
-0.552174
-0.539307
0.310133
0.434265
0.591417
0.447147
-0.479230
-0.730983
0.382033
-0.477070
0.112012
0.686804
-0.216066
-0.240514
-0.267381
-0.367848
0.586028
0.063007
0.440161
-0.199950
-0.163498
-0.071385
-0.145567
0.027465
0.191561
0.165440
0.015407
-0.344690
0.235511
0.444225
-0.101871
0.404449
-0.196781
0.643035
-0.009127
-0.023056
-0.509928
-0.144435
0.371211
0.431003
0.502674
0.575227
0.460656
-0.006522
0.541557
0.686446
0.144647
-0.077241
-0.450126
-0.340580
-0.444779
-0.333873
0.674601
-0.307543
-0.096148
0.168684
-0.002041
0.453926
-0.424517
-0.290618
0.550441
-0.310341
0.049522
0.049901
-0.563290
-0.565687
0.174055
-0.525665
0.536743
-0.451682
0.439329
-0.114529
0.610391
0.310954
0.609737
0.121891
0.033261
0.344067
-0.257168
0.298369
0.448841
0.219594
-0.059076
-0.348221
-0.281136
0.059781
-0.064440
-0.226332
-0.284435
-0.026838
-0.100247
0.574448
-0.246366
-0.145453
0.338506
0.052474
-0.152789
0.548018
-0.451839
-0.594366
-0.260778
0.204656
-0.465246
-0.456755
-0.634195
0.186726
-0.248444
-0.176799
