0.249233
-0.354259
0.019082
-0.227000
-0.102402
-0.052534
0.489249
0.212600
-0.205312
0.357500
0.329326
-0.064438
0.248676
-0.117514
-0.124228
0.376494
0.249475
0.216833
-0.332147
0.527285
-0.153551
-0.438696
-0.283881
-0.003059
0.300159
0.023532
-0.060056
0.101635
-0.268729
-0.093185
0.022586
0.056656
-0.295930
-0.044947
0.241238
0.155666
0.008883
0.328161
0.002585
0.394878
-0.309893
-0.238434
-0.334134
-0.388487
0.337186
0.108258
-0.519301
0.317581
-0.175471
-0.257180
-0.028536
-0.075863
-0.021740
0.382599
0.381047
0.475991
0.293805
0.272912
-0.054779
-0.363444
-0.227748
0.078075
0.556783
0.159525
-0.156055
0.208111
-0.665638
-0.389132
-0.336518
-0.266418
-0.029245
0.144935
0.161185
0.347453
-0.077782
-0.042160
-0.229148
0.416557
0.552785
-0.195065
0.624442
-0.061191
-0.369864
-0.346616
-0.284761
0.075143
0.136468
0.759575
-0.134564
-0.389990
-0.041682
-0.012309
-0.383896
-0.136444
0.295856
-0.452825
0.272644
-0.489680
-0.090859
0.386738
-0.104939
-0.014570
0.167441
-0.176976
-0.146422
0.207254
-0.154666
-0.285256
0.084156
-0.067120
-0.169745
0.205810
-0.010605
-0.098322
0.149371
0.121246
0.291770
0.212066
-0.528762
0.176482
-0.325918
0.599530
-0.328829
-0.316944
0.105153
0.255984
-0.388754
-0.079788
0.670019
0.321558
-0.151190
-0.409190
0.482720
0.195085
-0.231943
0.091424
0.065874
-0.291667
0.203896
0.614662
-0.606205
-0.617785
-0.241290
-0.540366
-0.695847
0.169703
-0.187753
-0.002026
-0.211827
-0.463982
0.164237
-0.258345
0.192197
-0.374955
-0.227627
0.743263
0.245243
-0.307185
-0.446715
-0.084257
0.039877
-0.134613
0.000546
-0.227331
0.056798
-0.585747
-0.319405
0.228663
0.386941
0.224842
-0.355054
0.425398
0.068103
-0.171751
0.170773
-0.339407
-0.250870
-0.212676
0.435853
0.064059
-0.134642
-0.092575
-0.213376
-0.254289
0.458775
0.425633
0.096170
-0.025646
0.313354
-0.256486
0.480269
0.498823
-0.193242
-0.098364
0.103320
-0.233151
-0.323339
-0.576308
-0.508343
0.227307
-0.297552
-0.240640
0.707430
-0.240411
0.060148
-0.630067
0.484344
-0.133551
-0.127142
0.181995
0.028038
0.445814
0.169457
-0.256711
-0.453779
-0.180144
0.320423
-0.215341
0.415747
0.521693
-0.012631
-0.031605
0.089909
-0.728000
0.035637
-0.031086
-0.645595
-0.338834
0.041321
-0.395520
-0.284873
-0.444620
0.244349
-0.238024
0.013699
-0.619154
0.655828
-0.133593
-0.619232
-0.320812
0.382624
-0.118676
0.053307
0.154338
-0.333093
-0.305506
-0.196927
-0.268636
-0.113951
0.154717
0.085947
0.396245
0.271483
0.000141
-0.182145
-0.379072
0.201881
0.527343
0.301698
0.258140
0.275702
0.194489
-0.215085
-0.401591
-0.508801
0.631766
-0.114508
0.431916
0.304029
0.307542
0.015379
0.166426
0.286619
0.112026
0.392828
-0.283788
-0.254706
0.401591
-0.164946
-0.092258
-0.232962
-0.023624
-0.068935
0.052166
0.023356
0.316284
-0.203082
-0.163473
-0.430821
-0.203308
-0.800776
-0.649217
-0.383126
-0.362554
0.003418
-0.162409
0.163353
-0.353939
0.111592
0.380700
0.498366
0.267341
0.410083
-0.389169
0.020014
-0.561346
0.369975
0.386690
0.005734
-0.438923
-0.050738
-0.027138
-0.471445
-0.076334
-0.503177
-0.357781
-0.532584
-0.162427
0.260928
0.329161
-0.509154
0.088905
-0.277240
0.456364
-0.102602
0.621127
-0.032758
0.320683
-0.551460
-0.152727
-0.282915
0.156079
-0.089314
-0.021267
-0.074209
0.037460
-0.213866
0.207195
0.292643
-0.235359
0.192296
-0.138935
0.318669
0.022258
-0.100094
0.458670
0.060367
-0.174156
-0.325221
-0.268316
-0.318741
-0.304645
-0.406168
0.077418
-0.086862
0.280836
0.344569
-0.211081
0.059753
0.027302
-0.289071
0.209336
0.237601
-0.006302
0.320519
0.360890
0.261637
-0.279239
0.192507
-0.140088
-0.128362
0.315121
-0.399701
-0.377516
0.480222
-0.315074
-0.486542
-0.094614
-0.108453
0.223400
-0.148137
-0.151435
0.130439
-0.515255
-0.151994
-0.310641
-0.219804
-0.423982
-0.020945
0.357547
0.063671
0.078208
0.001816
0.123383
-0.391342
-0.383009
0.216311
0.026940
-0.315680
-0.109325
-0.138935
-0.345182
-0.244676
0.352122
-0.221652
-0.345763
0.465320
-0.224263
-0.169819
0.198669
-0.123364
0.313772
-0.440845
0.401382
0.424095
-0.268214
0.175428
-0.259561
0.495073
-0.392997
-0.412193
-0.383278
0.101503
0.182529
0.382250
-0.109975
-0.563841
0.222927
-0.052025
-0.161352
-0.169960
-0.344681
-0.439027
0.467206
-0.547922
-0.004361
0.061303
0.389709
0.163293
-0.458207
0.240063
0.290003
-0.338350
-0.244414
-0.098820
-0.211364
0.404418
-0.550590
0.007161
0.042513
0.412432
0.100648
-0.166035
-0.122213
-0.169070
0.016300
-0.023196
0.209720
-0.321491
0.099888
-0.017741
-0.567252
-0.274688
0.051373
-0.576452
0.130169
-0.226367
-0.233168
-0.007483
0.373839
0.099328
0.098572
0.133117
-0.175892
0.113930
0.098243
0.529710
0.541124
0.011292
-0.243562
-0.524776
0.375437
0.070929
0.514497
-0.362679
0.607550
-0.117279
-0.210882
-0.562852
-0.383083
0.358781
-0.035151
0.363379
0.019006
-0.404805
0.128872
-0.029065
-0.594572
0.015655
-0.433844
-0.374817
0.260299
0.005897
0.087319
-0.628565
-0.263398
-0.279053
-0.299594
-0.171673
-0.169439
0.718119
-0.595645
-0.668880
0.521422
-0.438448
0.388675
0.474517
0.289828
-0.330043
0.207006
-0.145483
-0.184830
-0.467385
-0.196368
-0.435230
-0.070139
-0.245532
0.331512
-0.678556
-0.425793
0.052130
0.632829
-0.588164
0.037303
0.199097
-0.175222
-0.400445
-0.375683
0.273530
-0.272981
-0.780212
-0.066641
0.287129
0.064759
0.467010
0.143994
-0.484700
0.451973
-0.154594
0.144371
-0.052797
-0.527646
0.238839
-0.142008
0.249074
-0.322031
-0.258621
-0.425916
0.339411
0.283968
-0.125224
0.059630
0.400924
-0.212929
-0.545614
0.241918
-0.301244
-0.157091
0.236436
-0.186624
-0.016223
0.437486
0.300761
0.175012
0.115097
0.279907
-0.466904
-0.399165
-0.457711
-0.135681
-0.032032
-0.234535
-0.254076
-0.093896
-0.032010
0.284397
0.846102
-0.205755
0.303791
-0.143836
0.214119
0.468581
-0.247641
-0.107096
-0.006811
0.168148
-0.119940
0.297857
0.423791
-0.212305
-0.185512
0.371269
-0.208822
0.098104
-0.578044
-0.164089
-0.163175
-0.080534
0.081107
0.071959
-0.658917
0.586894
0.321207
0.550804
-0.468825
-0.390981
0.410872
0.083612
-0.669570
0.375570
0.451915
0.701193
0.040120
0.073650
0.231712
-0.008607
-0.329994
-0.220806
-0.634666
0.235118
-0.193986
0.402320
0.269635
-0.495881
-0.350715
0.330011
-0.370578
-0.041734
-0.362356
0.319828
0.066044
-0.253640
0.510141
0.588563
0.128179
0.459872
0.672579
-0.224929
0.197053
-0.475556
0.659515
0.335955
-0.007688
0.321982
0.351144
-0.299348
0.206937
0.115249
-0.235582
0.169640
0.277505
0.115292
0.623535
-0.186229
0.159663
0.212095
0.334752
-0.343274
-0.103933
-0.159766
-0.132494
-0.489598
-0.644261
0.525931
0.022698
-0.128156
0.331605
-0.015664
0.274721
0.012122
-0.074054
-0.355919
0.073624
-0.297886
0.092900
-0.420310
-0.316812
0.295937
-0.161690
0.508283
-0.163662
-0.294012
-0.226697
0.239921
-0.033561
-0.397979
0.083994
-0.098605
0.065616
-0.214919
-0.035507
0.235540
0.083280
0.296927
0.457163
-0.047065
-0.508082
-0.374676
-0.217387
-0.090039
-0.131085
-0.269817
0.465513
0.235925
-0.187454
0.184868
0.188291
0.222379
0.163964
0.228055
-0.389609
0.239521
-0.519269
0.259024
0.137887
0.390867
0.060672
-0.466910
-0.409911
0.009059
-0.110620
-0.279722
0.051716
0.227707
-0.035465
0.350700
0.115573
0.486474
-0.308322
0.264122
-0.090573
-0.300142
-0.446111
-0.384438
0.372604
-0.298716
0.128775
0.579331
0.363472
-0.531717
-0.622428
0.012962
0.188058
-0.075463
-0.291131
-0.429304
-0.638632
0.052557
-0.198906
-0.287226
-0.052636
-0.036886
0.605292
0.429332
0.104430
-0.092753
0.258357
-0.369755
-0.270258
-0.257371
0.359043
0.543298
0.080683
0.006610
0.343963
-0.372297
-0.441819
-0.309914
-0.495488
-0.222405
0.418153
-0.402302
0.248197
-0.870481
-0.635346
-0.241705
-0.072428
0.281908
0.252464
-0.217575
0.340534
-0.399701
-0.212441
-0.335101
-0.636365
-0.403729
0.000639
-0.684348
0.248307
-0.477963
0.213412
0.412566
-0.384562
-0.505647
-0.075145
0.079138
-0.202285
0.077300
-0.404820
0.265888
-0.175771
0.038618
0.044489
0.286675
0.142659
0.388595
