0.249233
-0.173837
-0.526956
-0.049641
0.039878
-0.218339
0.069286
0.131625
-0.084725
-0.096388
0.225065
-0.268442
-0.134856
0.529639
0.235846
0.487635
0.019309
-0.058857
0.033883
0.527285
-0.194042
0.233285
-0.020078
-0.299150
-0.408565
-0.061389
0.468435
-0.187601
-0.188494
-0.357466
0.336983
0.340897
-0.357476
-0.050499
0.241238
0.314419
-0.268344
-0.127502
-0.026987
0.334049
0.347427
0.015294
-0.200814
0.449494
0.045455
-0.174324
0.232832
0.386469
-0.205646
-0.518852
-0.280564
-0.078860
0.359054
0.337051
0.242436
-0.006184
0.357682
-0.058878
0.302243
-0.056092
0.074894
-0.055310
0.204421
-0.237279
0.432924
-0.099127
-0.249231
-0.134760
0.129162
-0.372014
-0.475328
0.295950
-0.465952
-0.285189
-0.130018
-0.211462
-0.203344
0.447175
-0.131039
-0.300654
-0.269542
0.075272
-0.284535
-0.260958
-0.177647
0.120763
0.185555
-0.361821
-0.020947
-0.363126
-0.180202
-0.557526
0.220164
-0.063036
0.022794
-0.583391
-0.219463
-0.181925
-0.509463
0.393867
-0.241742
0.504803
-0.216471
0.285552
0.233460
-0.062672
0.552020
0.050962
0.528795
0.449422
-0.244353
0.199508
-0.328185
-0.020266
-0.264758
0.267299
0.130872
0.225807
-0.040782
0.176482
-0.187218
0.059148
-0.239658
0.094254
-0.023210
0.493987
0.136675
-0.575312
-0.303785
0.063903
-0.289525
-0.678323
0.304798
-0.401001
-0.494521
-0.581410
-0.469283
0.112456
-0.267966
-0.389329
-0.627373
-0.617785
-0.336221
-0.602164
0.048352
0.227589
-0.021017
0.009352
-0.382900
-0.099478
-0.504982
-0.214496
0.491241
0.169842
-0.137688
-0.028736
0.005673
0.168407
-0.537298
-0.312351
0.084363
-0.086899
-0.214195
0.219968
-0.368028
0.174367
-0.080566
0.220347
0.152717
0.414011
-0.261415
-0.357111
0.329500
-0.087807
0.196887
0.079175
0.502672
-0.062102
0.322355
-0.160644
-0.161911
0.298885
0.066227
0.216486
0.342324
-0.407757
-0.399707
0.268775
0.029881
0.111439
0.441382
0.039647
-0.050291
-0.098364
-0.293025
0.363195
-0.310352
-0.372076
0.026461
-0.145952
0.130370
0.414239
-0.325150
0.286013
-0.132852
-0.630067
-0.394177
-0.530221
-0.127142
-0.174791
0.267246
0.344932
-0.459991
-0.352791
0.461428
-0.180144
0.118510
-0.286030
-0.125031
0.229437
-0.088840
0.159846
0.545138
-0.562570
0.483659
-0.014458
0.687580
-0.205988
-0.078796
0.256441
-0.396063
0.172620
0.248221
0.105042
-0.284900
0.308930
0.028491
-0.267116
-0.619232
0.044434
0.068705
-0.128749
0.274483
0.389158
-0.508439
0.135659
-0.196927
0.165773
-0.113951
0.039371
-0.460706
-0.346640
-0.594115
0.182438
-0.131948
0.474481
0.168741
0.458510
-0.476346
-0.004322
0.392803
0.588291
0.299181
0.641091
-0.283665
0.163881
0.166194
0.023586
0.366710
-0.196016
0.114515
0.166426
0.616163
0.180943
0.267067
0.457741
0.145710
0.055963
0.005608
0.047895
0.431311
0.382408
0.063313
-0.345678
-0.083741
-0.272519
-0.703711
-0.143436
0.296698
-0.150533
-0.535673
0.125224
-0.563712
-0.798659
0.502580
-0.116103
0.280033
-0.562025
-0.092177
-0.347878
-0.028366
-0.307692
-0.125452
0.294626
-0.007037
-0.158102
0.430676
0.259666
-0.020430
0.482820
-0.032745
-0.412604
-0.471445
-0.119476
0.802211
0.223703
-0.532584
-0.203560
-0.156373
0.287122
-0.084759
0.447096
-0.400317
0.088472
0.204987
0.121938
0.426687
-0.157969
-0.144021
-0.359469
0.298982
-0.320651
0.266830
-0.440722
0.053331
-0.393247
-0.439597
-0.133259
-0.164846
-0.397564
-0.710453
-0.065650
0.283820
0.036112
0.425479
0.270688
0.131920
-0.553312
-0.547983
-0.455157
-0.597770
0.236668
-0.589894
0.001708
-0.087859
0.221660
-0.134296
0.482591
-0.168002
-0.142019
0.133661
0.998582
0.248304
0.132379
0.300146
-0.004424
0.022104
-0.183703
-0.057802
-0.198778
0.029269
0.181548
0.420330
0.308779
0.020936
-0.088618
-0.264516
-0.210891
-0.036129
0.266221
-0.242898
-0.308147
-0.187753
-0.224854
0.131606
-0.310641
0.246046
0.162170
0.049076
0.396409
0.086407
0.132981
-0.188338
0.113424
-0.008051
0.184512
0.140727
-0.181976
0.278577
0.277360
-0.190533
-0.537422
-0.244676
0.212357
-0.019182
0.018920
-0.228716
0.328609
0.398600
0.277201
0.065156
0.520665
-0.107625
0.090762
-0.398235
-0.278213
-0.170704
0.158960
-0.354964
-0.392997
-0.157719
0.561860
-0.340018
0.346800
0.279619
-0.037846
-0.635197
-0.080414
0.380944
0.245122
0.502264
0.295851
-0.409851
0.155506
0.166908
-0.247315
-0.243152
0.071852
0.044418
0.014087
-0.305225
0.346364
0.131505
0.404817
0.509846
0.044409
0.484798
0.067585
-0.343540
-0.200851
0.204066
0.050130
0.014568
-0.573778
0.330558
-0.113708
0.243033
0.261512
-0.217124
0.267413
-0.310285
-0.842764
-0.159798
-0.175856
-0.576452
-0.644330
-0.585410
-0.216137
-0.211032
-0.439437
0.045085
-0.320612
-0.190767
0.592526
-0.144731
-0.124699
-0.381411
0.642500
-0.161407
0.374559
-0.296106
-0.122633
-0.177470
-0.223140
0.082458
-0.355416
-0.300243
0.088032
0.136934
-0.179813
-0.222878
-0.538719
-0.387783
0.293437
-0.515268
0.155727
0.025348
0.017009
0.118820
0.164490
-0.313267
-0.246131
0.493675
-0.045865
0.221155
-0.037872
-0.568268
-0.182338
-0.231949
0.712350
0.471834
0.447521
0.194524
0.437916
-0.337078
0.114099
0.331840
-0.107110
-0.145883
0.176189
0.414562
0.607746
0.599972
0.066883
0.204275
0.371819
0.518477
0.119388
0.525777
-0.654721
0.052130
-0.131306
-0.352668
0.008263
-0.577524
-0.175222
0.046392
-0.364623
0.281942
-0.284064
-0.057916
0.308153
0.044214
0.059289
0.467010
-0.172845
0.233160
0.041791
-0.430955
-0.148679
0.324721
0.083204
0.198863
-0.288304
0.635464
0.029636
-0.514234
0.145624
-0.496863
-0.272758
-0.255567
0.048065
-0.548715
-0.212929
0.518353
-0.355405
-0.381150
-0.176926
-0.271985
0.138392
-0.268998
0.163005
0.224795
0.091607
-0.338909
0.479385
0.403199
-0.263582
-0.287530
-0.190069
-0.093339
-0.109738
-0.027772
0.077886
-0.385541
-0.226654
0.010420
0.070247
-0.371157
-0.143836
0.296463
0.250779
0.492677
0.071617
0.379055
0.589372
0.370644
0.690882
0.397732
-0.166506
-0.196823
0.265200
-0.066308
0.098104
0.134678
0.281869
-0.710547
-0.212464
0.069355
0.555697
0.261972
0.105674
-0.396217
-0.197634
0.161400
-0.205077
-0.260132
0.224421
0.117630
0.431171
0.030949
-0.019925
-0.157747
0.125360
0.114232
0.168169
0.035349
-0.002480
0.360313
0.264666
0.044568
0.337466
0.212252
0.442867
-0.561941
0.009665
-0.574197
0.327952
0.493790
0.136296
-0.508463
0.426977
0.250153
-0.310922
-0.031846
0.508250
0.687378
0.012570
0.239698
0.112615
0.046953
-0.130727
-0.215456
-0.195513
-0.364195
-0.466833
-0.286923
0.071395
-0.435166
0.694926
0.277505
0.074757
-0.358743
0.406908
0.141937
0.383345
0.398997
0.079972
-0.112064
-0.690928
-0.039646
0.028601
0.209673
-0.025005
-0.079285
0.314943
0.073404
0.538687
0.049350
0.012122
-0.061461
0.263246
-0.199032
-0.155828
-0.055346
-0.467133
-0.553877
0.295937
-0.221761
0.388128
0.150885
-0.295725
0.837618
-0.091180
0.315584
0.299197
0.178970
-0.277235
-0.114391
0.595608
0.593089
0.235540
-0.473884
0.146983
-0.278164
-0.194709
-0.120169
0.176426
-0.334585
0.120264
-0.131085
-0.358642
0.423906
0.596509
0.455000
-0.085027
0.410867
0.396173
0.177440
-0.151042
-0.323145
0.171503
-0.119249
-0.385482
-0.435928
-0.213712
0.259762
-0.379384
-0.631425
-0.532783
-0.631290
0.172732
0.315015
-0.089054
0.321465
0.253858
0.481958
-0.212747
-0.400865
0.104993
-0.257670
-0.020617
-0.148466
-0.132097
0.120315
-0.181433
0.521879
-0.227706
-0.461084
0.031456
-0.223056
0.012962
-0.199482
-0.724825
-0.120662
-0.173664
0.171178
-0.579681
-0.382423
-0.333873
-0.048123
-0.136399
0.700908
0.383167
0.487450
-0.132525
-0.198040
-0.246431
-0.453008
-0.295988
0.294026
-0.014357
-0.151175
-0.033206
0.503703
-0.417913
-0.118334
0.509610
-0.090271
-0.179592
0.286037
-0.392156
0.283286
-0.196977
-0.121328
0.278079
0.417347
0.385456
-0.693324
0.590990
0.116353
-0.056614
-0.375404
0.608167
-0.573323
0.121056
0.651218
0.124906
-0.137828
0.200239
-0.374139
-0.060241
-0.183909
-0.280274
-0.591855
0.122285
-0.436864
0.077300
0.395615
0.304366
0.169943
-0.368420
0.154132
0.360391
-0.004589
-0.185336
