-0.114553
-0.077586
-0.273078
0.285491
-0.440463
-0.072798
-0.030494
-0.109623
-0.273239
0.261659
0.035368
-0.034009
0.173843
-0.436735
-0.051359
0.254926
0.265932
0.317377
-0.333419
0.377197
0.149206
-0.405884
0.320914
-0.194533
0.143742
0.251544
-0.039397
0.446805
-0.046044
-0.108469
0.242440
0.056952
-0.085686
0.176548
0.202165
-0.038422
0.020669
0.239637
-0.279374
0.207942
-0.200668
0.208006
-0.370892
0.378305
0.647148
-0.560693
-0.222497
0.165634
0.378652
0.451158
0.409066
-0.269950
0.022405
0.021828
0.353757
-0.162300
0.148243
-0.039419
-0.137460
0.320168
-0.265403
-0.297158
-0.206163
-0.410598
-0.481073
0.315633
-0.365915
0.314905
0.188221
-0.165045
-0.151648
0.239695
-0.151883
0.006722
-0.119786
0.115989
0.165032
0.062280
-0.147211
-0.348050
-0.126604
0.446624
0.439250
0.514420
-0.101236
-0.000005
0.327149
-0.193320
-0.303842
-0.387449
-0.022135
-0.175483
-0.445970
0.061893
0.435310
-0.269247
0.462307
-0.316834
-0.469838
0.368835
0.118297
0.298917
0.167441
0.095568
0.569389
-0.405116
0.444036
0.009736
-0.250378
-0.067211
0.395158
0.030303
-0.373380
-0.493276
-0.217028
-0.036523
0.247723
-0.069864
0.285423
0.160459
-0.709394
0.591902
-0.216648
-0.218532
-0.184025
-0.319307
0.059894
0.374131
0.548516
-0.415960
0.220351
0.475584
0.265102
0.153607
-0.131630
-0.336115
0.017742
0.458800
-0.107803
0.785429
0.216242
-0.620458
-0.287264
0.304935
-0.455596
0.195822
-0.332198
0.021381
0.540351
-0.426595
-0.148061
-0.243116
0.295657
-0.392291
-0.389157
-0.006891
-0.244873
-0.458548
-0.001925
-0.182093
0.221064
0.295581
0.402849
-0.004996
0.151744
0.223706
-0.574112
-0.046193
0.199777
-0.197930
0.021319
0.047510
-0.329492
0.061824
0.230603
-0.252086
0.387695
-0.329176
-0.411221
0.161296
0.486892
0.565296
0.005801
-0.359359
-0.155673
-0.065963
0.409883
0.184297
0.088534
-0.410347
-0.306484
-0.516587
-0.274197
-0.303693
-0.285587
-0.052041
-0.062641
0.171897
0.421449
-0.557536
0.686025
0.016975
0.192992
-0.097780
0.413040
-0.437377
0.362990
-0.273260
-0.612049
0.357663
0.478507
0.215807
-0.191460
-0.004981
0.780871
0.102825
0.072742
-0.405324
0.063980
-0.240363
-0.097120
0.595687
0.750549
-0.082085
-0.438390
0.053061
0.236274
0.090569
0.230810
0.021511
-0.539770
0.384389
0.360131
0.182080
-0.150587
0.137879
-0.133966
0.335324
-0.609493
0.478495
0.117622
0.104156
-0.575781
0.102768
-0.315700
0.098131
-0.463334
-0.366526
-0.252235
0.256619
-0.111385
-0.350867
0.288297
0.184900
0.476044
-0.045783
0.398011
0.556993
-0.420389
-0.438137
0.371578
0.045751
-0.154572
-0.399849
0.463829
-0.039791
-0.609617
0.328959
-0.126714
-0.011049
-0.416434
0.211459
0.286619
0.086540
-0.062903
-0.034457
0.098811
0.588844
0.088681
-0.209284
0.144253
0.181292
0.065909
0.341070
-0.210734
-0.615334
-0.122753
0.294868
0.716531
-0.274172
-0.263462
-0.341813
-0.076355
-0.383414
-0.436930
0.471161
-0.264994
-0.038754
0.136928
0.379377
0.414328
-0.592821
0.307331
0.084137
-0.264033
0.500069
-0.111334
-0.119595
-0.000133
0.476699
-0.047300
-0.004847
0.126860
0.066890
0.290448
0.259671
0.572561
-0.209688
0.023232
-0.103018
0.298353
0.111488
0.556358
-0.308226
0.440286
0.614976
0.703057
0.172863
-0.131323
-0.359762
0.148691
-0.421925
0.056163
0.019874
0.317456
-0.470718
-0.250171
-0.085810
-0.072686
-0.146977
-0.401445
-0.258628
-0.412585
0.223157
-0.623366
-0.696113
-0.203585
0.326630
-0.771091
0.394147
0.221456
0.137616
0.076494
-0.333363
-0.371693
-0.432197
0.167473
0.209109
-0.434036
-0.432468
-0.214578
0.592168
-0.024573
-0.074868
0.362666
0.256442
-0.737910
-0.196098
-0.203064
-0.215230
0.235595
0.230281
-0.015973
-0.352559
-0.176612
-0.223019
0.327001
0.321931
-0.120948
0.237195
-0.023882
-0.160173
0.359212
0.398408
0.187852
-0.271377
-0.105872
0.255344
0.400125
-0.565804
0.410086
0.046267
0.271287
0.433353
0.342731
0.503303
0.316299
0.379206
0.144693
-0.027436
-0.495925
-0.114555
-0.153600
0.501379
0.571042
0.044835
0.080659
-0.018941
-0.262458
0.583371
0.055571
0.099425
0.071071
0.549446
-0.173440
0.445046
0.004174
0.558567
-0.241564
0.090997
0.060435
0.141912
-0.171735
0.260733
-0.063030
-0.187605
0.328433
-0.681443
0.637053
0.280933
0.072245
0.115483
-0.114293
-0.451875
-0.293281
0.086033
-0.393820
0.522999
0.082312
0.369239
0.241384
0.387566
0.157868
0.730479
-0.309307
-0.080465
0.195436
-0.149290
-0.297810
-0.031806
-0.216136
0.195263
-0.155828
0.680756
-0.079773
-0.265515
0.017266
0.363642
-0.037481
0.442000
-0.383532
0.030962
-0.234658
-0.251922
0.481134
-0.087887
-0.165972
-0.156628
0.376692
0.536268
-0.250740
-0.448328
-0.539549
-0.299957
-0.260741
0.481620
0.445905
0.270790
-0.118305
-0.604503
-0.001817
0.172555
-0.430317
0.055863
-0.257043
-0.078406
0.222552
-0.237620
-0.039008
-0.329337
0.096620
0.460578
0.532323
0.162660
-0.402460
0.044023
0.354848
0.329452
-0.125736
-0.179700
-0.486980
0.484132
0.542106
-0.150267
-0.154077
-0.251691
0.089839
-0.274272
-0.272022
-0.301375
-0.355066
-0.014583
-0.171539
-0.018907
-0.481484
-0.189260
-0.405560
-0.159927
-0.306416
0.453023
0.238438
0.090691
-0.108924
0.136670
0.150040
0.050789
0.786473
0.335571
-0.558257
0.226954
0.085874
-0.152277
0.147202
-0.041817
0.436560
0.239507
-0.002964
0.266199
0.369077
-0.170605
0.394829
-0.557004
-0.268156
-0.269757
-0.146953
-0.192691
-0.220772
0.204948
0.148115
0.110226
-0.008730
-0.401590
-0.523306
0.310256
-0.150297
-0.082679
-0.151259
0.082280
0.436904
0.106832
-0.043226
-0.269162
-0.104767
0.275124
-0.354494
-0.119635
-0.409997
0.407608
-0.589651
-0.119559
-0.001558
0.195490
0.019695
0.370314
-0.280010
-0.304985
0.015521
-0.177438
0.268352
-0.402390
0.450109
0.415265
0.042181
0.372733
0.174761
-0.227970
-0.184433
-0.350964
0.172627
-0.089994
-0.168500
-0.248392
-0.232724
0.040730
-0.022927
0.302575
-0.503660
-0.135948
0.347061
0.152704
0.218753
-0.225466
0.463641
0.339022
0.212027
-0.026971
-0.220396
-0.153076
-0.300273
0.402553
-0.651748
0.358440
0.238409
-0.218452
0.039498
0.546033
-0.403502
0.036143
-0.233104
-0.038405
-0.001287
-0.051727
-0.007968
0.574027
0.234199
0.410655
0.086353
-0.526092
0.218247
0.237657
-0.174281
-0.414995
0.192893
0.051595
-0.176822
-0.428697
-0.086904
-0.012773
0.048481
-0.029935
0.375277
0.056890
-0.166822
0.467366
0.085753
-0.133546
0.513376
0.147247
0.167764
0.522712
-0.232268
-0.634317
-0.118990
-0.135789
-0.116417
-0.239435
-0.417675
-0.211741
-0.159912
-0.070751
-0.323875
-0.326113
-0.302370
0.361746
0.159663
0.182975
-0.235411
0.122079
0.417531
-0.222057
0.514453
-0.097048
0.185179
-0.400526
0.195840
-0.550982
0.644629
-0.106391
0.250554
-0.270458
0.156183
0.067376
0.062937
0.231785
0.024163
0.051366
0.332872
0.445632
-0.563429
0.109057
-0.025358
-0.179867
0.166285
0.155944
0.477533
-0.104596
0.421879
-0.134389
0.075986
-0.047872
0.524152
-0.029558
0.242599
0.019620
0.929646
-0.283886
-0.158513
-0.240920
0.548495
-0.492343
0.293719
0.430596
0.296868
-0.204399
-0.701047
-0.273553
0.346648
-0.127289
-0.007784
-0.048673
-0.368532
-0.482510
-0.307478
0.315575
0.379875
-0.027981
0.174272
-0.545949
-0.573938
-0.216172
0.196445
0.489871
0.199440
-0.081665
-0.005828
0.344422
0.153722
0.492596
-0.656518
-0.272845
0.397919
-0.010534
-0.157792
0.395911
-0.491088
0.254019
-0.166985
-0.092759
-0.539831
0.284766
-0.066401
-0.101280
0.364032
0.341921
-0.197533
0.216741
0.293360
0.035732
-0.213060
-0.181383
-0.399286
0.460814
0.277676
-0.398102
0.412384
-0.164568
0.420105
0.119658
-0.498316
0.175952
0.169435
-0.463919
-0.440709
-0.383319
-0.204255
-0.723639
-0.310441
-0.482841
-0.500433
-0.255199
0.121697
-0.003280
0.291525
0.360012
-0.349358
-0.404668
-0.334810
0.261737
-0.009454
-0.073234
-0.162847
-0.452950
0.047312
-0.043129
0.105426
-0.579768
-0.034417
-0.155426
-0.016994
-0.496946
0.023228
-0.222436
0.279918
0.355257
-0.244600
0.069668
-0.566823
0.157566
0.258461
-0.234306
-0.307099
0.330150
0.225681
-0.014792
-0.592009
0.211819
