-1.662445
1.687309
-1.791386
-1.209565
1.187572
-0.179298
-0.471525
-2.477187
2.117881
0.765848
0.731714
-1.892912
-4.668446
-2.246602
2.591055
-3.011024
0.488116
-2.189871
1.416713
1.728701
-0.717604
2.634840
1.479883
-1.602791
-2.169549
1.317042
3.302079
4.036084
0.780874
2.050534
0.998234
3.107593
-2.000036
-1.805230
1.413562
-1.219977
-4.495942
-1.862927
1.074976
0.735600
-0.734435
0.877342
1.836280
-1.565823
-3.806530
-1.949661
0.417612
-0.496039
-1.510247
-0.598705
0.425557
-1.233608
3.719381
2.220348
-2.187544
-0.486101
-0.449679
-0.655136
-2.586891
-1.178344
-1.889559
1.312741
1.617574
2.425505
1.604855
1.051759
4.031354
-0.105463
-3.942284
1.501869
2.284850
-0.014747
2.883446
0.305271
-0.791917
-2.265427
0.135926
0.591888
1.347217
-1.685025
0.852794
0.456252
-0.982090
-1.275701
1.089334
3.877303
-1.695227
1.058670
-0.662440
-2.827527
-0.541117
2.221955
-1.041242
-2.183649
-0.479900
0.677099
0.961208
2.381451
-0.154758
1.025484
-1.893825
-2.264872
2.457151
0.144226
-1.529732
-1.030317
1.721359
-0.555611
1.913945
3.453354
-3.018971
-2.866482
-0.375642
0.682380
-3.017988
-1.327903
0.994212
-3.576879
2.196516
-2.082036
-1.919492
-3.448343
-0.859878
1.576002
0.339148
0.313472
-2.179403
-2.600918
-1.791365
-1.860119
1.930205
-0.379835
2.018259
5.026088
-0.841910
-2.814756
-0.148204
-0.802303
-1.301315
2.327816
1.743586
-2.517065
-0.144792
1.806537
-0.604382
0.745057
5.457476
-0.734663
-0.080995
-1.920970
-0.795293
0.013449
-0.934100
2.935982
-3.783161
-0.966449
1.077297
2.421701
1.548252
-0.734978
-1.902902
-0.976071
-0.848207
1.653991
-0.679157
4.028686
3.962398
-3.679105
1.015829
3.875379
-0.612031
-0.329974
-1.141326
0.052231
-0.377829
0.021001
0.488633
0.205712
-0.884487
0.579571
-1.471919
0.708052
-0.444157
2.326366
-1.705518
2.433412
-3.885778
3.866182
-2.590367
-0.263650
-0.616455
0.754482
1.967496
1.073932
-1.104822
1.052084
-3.781599
1.159281
-2.455053
-2.787858
0.783427
2.039090
-0.186041
-0.858766
-4.610630
-1.241439
2.648352
3.513657
0.606563
-1.182839
1.637448
-0.796618
-2.701093
-0.192927
-1.008988
-0.190688
1.875567
0.534243
2.589151
-1.831922
-0.899866
-4.069702
3.816910
-1.340454
-0.909242
-0.089822
-4.819834
0.561262
-2.963806
-2.378886
-3.690236
0.344035
1.885016
0.002400
-0.028773
0.103103
-0.711439
-0.038194
-3.085780
0.961242
-0.485741
0.713424
0.444367
0.605681
-0.371736
2.321281
4.128876
-5.150806
3.877701
0.400218
-1.723935
-0.351770
-1.840373
1.371436
-2.437850
-1.216793
0.556334
1.450549
-2.257937
-2.241335
-2.217692
-1.283279
0.630930
-0.748444
4.950590
-1.401165
-0.301577
1.124887
0.433163
3.322355
-3.059813
0.620252
-2.121839
-1.366713
2.783730
-1.124721
-0.149643
3.928614
-1.358762
-0.091111
0.598990
-0.681702
0.183165
1.418008
1.341689
0.264141
2.142280
-1.512616
1.566788
0.418227
-0.301115
-2.731363
1.322959
3.599451
3.456669
0.991492
0.561616
-5.140575
-4.384251
2.033054
-0.070816
-0.897722
0.944812
0.498098
3.054948
-1.576297
-3.244571
-1.249789
-0.264265
-1.010460
5.636619
-3.820149
-2.655254
-0.752500
3.520151
3.029998
0.499972
-5.785298
4.231355
-4.146343
-1.476179
-0.262715
0.109645
-1.613126
1.227628
-0.117927
0.082539
2.253855
-3.108528
1.664397
-3.222816
-3.633016
-1.473176
-2.142279
0.901845
1.225963
0.288804
-5.334771
-0.564090
-2.614059
-0.632657
-1.256954
-0.071664
0.841919
4.683103
1.607623
0.151913
0.897164
-0.846735
-1.732723
1.239921
1.911793
-3.295641
-1.610474
-0.781722
2.779021
-0.869692
-3.416252
-2.063546
-0.476956
-0.081206
-0.986784
-2.712912
3.021105
0.109976
3.039657
0.572124
0.576445
5.936938
-0.355024
-0.911863
-0.314197
-1.324746
0.881794
-0.241044
3.298801
0.241844
-2.748208
1.302126
-0.288043
2.415243
-0.646950
-0.545893
-1.388604
-1.545380
-0.282518
5.875029
2.069939
2.480617
0.215317
-0.929022
3.146382
0.683139
2.903083
2.669786
-0.446699
-3.832537
0.120927
2.216426
3.863365
-1.717136
-0.590952
2.649425
-1.785752
1.771215
-3.226821
-0.103446
1.319082
4.193206
1.250173
-2.697621
0.142216
-0.571019
-2.815186
-1.483917
0.683038
2.045574
-3.081142
0.484228
1.475024
-0.316143
-4.292165
0.919988
2.197289
0.208749
-0.225197
2.032803
-1.919952
-1.326003
-0.785725
-2.288327
2.014553
2.085273
-0.679887
-2.944425
2.747606
4.631319
2.036861
0.144464
-3.461790
3.207089
0.682718
-0.455508
0.313541
0.831138
-2.101473
-1.848015
-1.519351
0.285436
3.478682
-1.881240
1.419881
-1.337870
2.826450
1.478583
-0.867553
0.551052
-0.736024
-2.507549
1.179867
0.348699
-3.907908
-1.437454
0.062151
0.289192
1.656719
-0.104653
1.405584
3.309133
0.209012
1.399597
-2.180902
-0.375673
-0.034753
1.486340
1.216517
-1.622954
0.967272
0.918972
0.258007
1.140306
-0.031817
2.332288
-1.754347
1.302516
-2.400735
-1.726556
-2.602710
-2.346091
-2.716865
-1.401742
-1.961400
-0.864448
-1.206367
1.104040
-0.936381
2.885300
2.363294
0.410542
-0.204185
1.263503
-1.311688
-0.245900
0.487067
1.181987
1.745769
-2.304101
0.776941
1.442507
0.727922
0.765662
-1.268119
-3.311143
-0.945578
-1.032303
0.706422
2.086613
0.947605
1.309439
1.569541
-1.640775
0.141235
2.980779
-1.021597
1.097506
2.081514
0.024446
-0.389897
-1.364558
3.441095
-3.953015
1.460895
0.862867
-0.885631
-0.130842
-1.379898
-2.768838
-4.350440
1.576766
1.083172
1.278163
2.400623
-0.177305
2.176658
-2.193883
2.036530
-1.031665
-3.029194
1.096583
-0.781088
-1.451093
-0.751038
-2.330501
1.194624
0.034246
-2.609055
0.047042
-1.446493
-0.299159
1.437411
2.241822
-4.093488
-1.373641
1.532126
1.382759
-1.835977
-2.261293
-0.429646
-0.067730
-0.935400
-1.071206
-0.532409
2.062640
-1.762477
1.272106
1.418164
0.884102
-0.839133
2.264089
2.346916
-1.536319
1.050699
1.330504
-0.993157
2.328837
1.356117
-1.723868
-1.339202
2.001360
0.972773
-1.764966
-2.262401
-0.502971
2.801602
-1.165423
0.560482
1.152104
-3.843993
-0.253312
1.453657
3.288912
-0.452035
-0.270904
3.087273
-1.849048
-0.257136
3.016939
1.273227
2.579714
1.881357
0.542336
3.914385
-1.198761
-2.596058
0.864304
-0.885298
0.569243
3.484001
2.383399
0.076131
2.599650
4.754447
2.841859
-0.656894
1.251934
1.755106
-0.973860
-3.585012
-0.520806
-1.038617
-1.740888
-1.541760
-2.452539
3.521860
3.141510
2.204707
1.738866
-3.078464
0.135771
-0.257472
0.166720
-1.785548
-0.552101
-0.099578
-0.854309
0.276790
1.074321
-1.586625
0.890092
-2.297940
0.546442
-1.029438
-1.277407
-0.312489
0.531292
-0.896490
-3.976072
4.326494
-0.178593
0.744919
-0.664748
1.172590
1.137203
0.499608
0.144779
-3.284397
1.327778
0.134798
-2.166001
3.484460
1.063586
1.679659
1.197333
-2.848392
1.602966
-1.009847
-1.741064
0.833721
-0.666162
-0.166285
3.807815
1.469432
0.133552
1.304988
0.368591
-1.967994
1.064571
-0.346378
-0.979560
0.400024
-0.775107
-0.322906
0.770997
0.481595
1.261890
2.253500
0.207227
-2.045006
-1.793768
-2.987191
-0.095251
-3.165644
2.023018
0.146874
1.355009
-1.551215
0.123518
-2.394008
0.515159
0.905421
-0.927958
-3.477964
-1.356202
0.778710
0.008881
-0.558738
0.297861
-1.353480
-0.131582
-2.457890
-1.302736
3.928235
1.593600
-0.376544
-0.565892
-0.928121
0.288903
1.007119
-1.657154
-1.784613
0.562895
2.311992
-0.903650
1.646320
2.410836
0.024312
0.293480
-0.671501
-1.883036
0.206002
-2.504363
-1.387136
-0.434602
-0.607195
-0.126749
-1.229435
-1.254663
0.304995
0.105330
-0.078869
2.117438
-1.334436
-2.356873
2.888078
2.690790
0.309908
1.487117
0.549025
0.396602
-1.052970
-1.511346
-1.684416
-1.506732
-0.432751
-1.760307
0.971526
-3.159879
-0.086049
3.350380
0.552392
-0.931895
