0.370873
0.104927
0.037272
-0.260587
-0.359007
-0.154689
0.135251
0.585110
-0.131317
0.288794
0.308388
-0.258136
-0.559690
0.169902
0.245268
0.505412
-0.014007
-0.436938
0.044791
-0.141276
0.318714
-0.147693
-0.088412
-0.203079
-0.766593
0.111160
0.546507
-0.388000
0.335609
0.211495
-0.056365
0.005301
0.265488
0.615959
0.153410
-0.104377
-0.234302
0.194889
0.091531
0.346031
0.090093
0.232336
-0.282719
0.007597
0.009718
-0.497575
-0.078429
0.028266
0.267373
0.216316
-0.267859
-0.209954
0.250252
-0.073718
0.491559
-0.319031
-0.244097
-0.004100
0.115414
-0.014393
0.163630
-0.418851
0.231000
-0.173697
0.399324
0.477906
-0.016185
0.064678
-0.397682
-0.185695
0.112966
-0.426923
-0.021112
0.413709
-0.241799
0.231190
0.386053
0.393785
-0.289675
-0.052986
-0.273349
-0.196739
-0.167801
-0.208010
-0.216994
0.225852
0.218899
0.085672
-0.095381
0.318629
-0.004989
-0.045320
-0.211336
-0.143480
0.273687
0.026416
0.070207
-0.371754
-0.156873
0.362798
0.761570
0.090878
0.285118
0.236278
0.317763
0.210970
-0.099081
-0.534324
0.295403
-0.144398
0.255323
0.427441
0.007953
-0.176907
0.284923
-0.113101
0.323453
-0.156083
-0.451020
-0.202839
-0.349945
0.229344
0.086366
0.027945
0.129717
0.148700
-0.417880
0.308943
0.678059
0.484105
-0.070359
0.691706
0.358156
-0.153729
0.082063
-0.727443
-0.228490
0.222065
0.376383
-0.137337
0.181258
0.217765
-0.529491
0.047471
-0.595711
0.574012
0.413613
-0.165079
-0.520029
0.228060
-0.184323
-0.450214
-0.470580
-0.022592
-0.440286
0.703292
-0.294535
-0.405264
0.000428
-0.195073
-0.286064
0.425175
0.526161
0.308166
0.453642
0.604840
0.031443
0.622144
-0.384219
-0.436298
0.161950
0.432612
-0.145310
-0.554865
0.671075
0.197144
-0.606507
0.415655
-0.229916
-0.068069
0.470060
-0.237061
0.135346
0.269595
-0.115817
-0.268805
0.253438
0.510467
0.426473
0.235257
-0.171678
-0.200315
-0.612429
-0.249535
0.425948
0.308486
-0.387374
0.239504
-0.299133
-0.533650
0.050123
0.150891
-0.142486
0.062766
-0.345372
-0.067038
0.420134
-0.557712
-0.146341
-0.035643
0.562737
-0.118415
-0.105993
-0.285922
-0.278751
-0.162395
-0.012262
-0.093899
0.322136
-0.247596
0.368739
0.448296
0.651616
-0.599755
0.010325
0.148819
-0.432671
-0.348221
-0.056818
-0.194393
0.203794
0.309687
-0.204958
0.068320
-0.480810
-0.371961
0.370762
0.087197
-0.451103
0.053558
-0.089542
-0.390119
-0.610987
0.460904
0.386350
0.509391
0.102358
-0.467023
0.341450
0.213128
-0.081470
0.564866
0.300517
0.476870
0.012157
-0.172282
-0.022101
-0.165414
0.625736
0.408487
0.360764
0.033683
0.257496
-0.320552
0.536105
0.453907
-0.075477
0.175026
-0.101813
0.139835
-0.033202
-0.261739
0.286619
-0.316921
0.364729
-0.462514
0.194226
-0.163596
0.042106
-0.381015
0.012078
0.221022
0.547477
0.248712
-0.383008
-0.065968
0.288670
-0.258567
0.449044
0.645846
-0.756733
-0.277545
0.517663
-0.561055
-0.030477
-0.157742
-0.142265
0.064871
-0.354810
0.281680
-0.629902
-0.299373
-0.037667
-0.337785
-0.268627
-0.274630
0.336314
0.413743
-0.397675
0.409213
-0.604564
-0.202641
-0.167783
-0.057340
0.000584
-0.242117
-0.540526
0.023271
0.580609
0.464568
0.036294
-0.007672
-0.160799
0.172247
-0.336682
0.301183
0.108864
0.646064
0.071615
-0.211772
-0.389039
0.063066
0.087179
-0.626350
-0.044079
0.306503
0.026613
0.408426
0.653274
0.122771
-0.339338
-0.259308
0.406933
0.419436
-0.639164
0.200752
-0.014348
-0.432172
-0.524535
-0.210038
-0.306209
-0.297624
0.109521
0.106033
-0.425784
-0.193892
0.318027
0.201181
-0.229389
0.219680
0.348917
0.390165
-0.313673
-0.163202
0.239522
-0.078705
0.169233
-0.324975
0.083858
0.140646
-0.018433
-0.619674
-0.053036
0.186133
0.349135
0.157215
-0.039962
-0.411630
0.464513
0.177006
-0.058399
0.379465
-0.169306
-0.119203
0.306495
0.405762
0.637724
-0.225772
-0.508395
0.575189
-0.176691
-0.112699
-0.439141
0.104159
0.299328
-0.400686
0.129019
0.380996
-0.073412
0.340937
0.044203
0.255003
-0.290680
0.042574
0.728568
-0.487486
0.030215
0.107043
0.213691
0.280237
-0.145644
0.302408
-0.038248
0.256997
0.239999
-0.255650
0.181912
-0.187632
-0.166921
-0.474043
0.093258
-0.116704
-0.336539
0.272245
0.196729
-0.500344
-0.083753
-0.297145
-0.260885
-0.546823
0.394188
-0.213760
-0.107491
-0.220701
-0.346674
-0.156057
-0.184167
0.379466
0.023121
-0.145653
0.094230
0.203992
-0.008542
-0.394702
-0.327766
-0.137234
0.252306
0.181937
-0.063105
-0.452023
-0.067352
0.133333
0.293905
-0.146445
-0.447568
0.325720
0.082347
0.308400
-0.217124
0.185018
0.466624
-0.104456
0.395601
-0.276090
-0.558874
-0.127238
-0.145035
0.336425
0.308582
0.039098
-0.651953
-0.095779
0.198681
0.221635
0.195947
-0.387048
0.131370
0.407807
-0.030679
-0.203920
-0.547253
-0.127699
0.323095
-0.034006
0.506999
-0.134232
0.348074
-0.054865
0.050017
0.284453
0.096620
-0.216545
-0.211397
-0.051536
0.201737
0.341351
-0.336496
-0.385933
-0.047004
0.761850
-0.487630
0.212405
0.559440
-0.077752
-0.474811
-0.158116
-0.070914
0.139245
-0.365623
-0.348377
-0.405881
0.153725
-0.159934
-0.434798
-0.132413
0.271796
-0.326025
-0.506055
-0.001409
-0.200108
-0.302860
0.300830
0.264934
-0.018026
-0.124043
0.075648
-0.211987
0.071765
0.174650
0.060282
0.274489
-0.133886
-0.532614
-0.052417
0.233467
-0.532848
-0.649508
0.050916
0.046458
-0.062713
0.138777
-0.344849
-0.255699
0.344778
-0.326318
-0.072240
-0.267792
-0.287644
-0.076643
0.644164
-0.197233
0.115033
0.308542
-0.170346
-0.054057
-0.006747
-0.276290
-0.630106
-0.301869
-0.109556
0.544244
0.384085
-0.066221
-0.195320
-0.546107
0.130861
0.016044
-0.108372
-0.348240
-0.023288
-0.135222
0.414222
-0.025587
-0.067466
0.218241
-0.460971
0.069385
0.010243
0.127306
-0.420435
0.113978
0.047124
0.060069
0.029791
0.147680
0.546487
-0.208387
-0.401786
0.049937
-0.089994
0.040099
0.376767
0.512075
0.578727
-0.574845
0.080170
0.120222
0.026202
-0.043200
0.217712
-0.109124
-0.327170
-0.360736
-0.227645
0.182510
-0.549354
-0.174311
-0.203178
0.202676
0.317570
0.774394
0.442536
-0.177176
-0.074442
0.407888
-0.348300
-0.051019
0.245212
-0.585599
0.504553
-0.529860
0.042064
-0.108380
0.260410
-0.428853
0.316791
-0.269238
-0.123393
-0.130913
0.089040
-0.115277
0.291598
-0.203446
-0.141580
-0.275529
-0.225158
0.126580
0.348315
-0.563576
-0.064856
0.375277
-0.136533
-0.095094
0.018059
0.297501
-0.031076
-0.019844
0.385309
0.470680
-0.015706
0.263777
0.071782
-0.238821
0.041064
-0.302983
-0.184135
0.189070
-0.342809
-0.235582
-0.216087
0.271032
0.229951
-0.293159
-0.203188
0.233626
0.047749
0.454456
-0.081502
-0.311773
-0.226828
-0.227653
-0.057478
-0.511736
0.748474
-0.088034
-0.180592
-0.052672
0.041289
-0.013172
-0.019966
-0.332701
-0.286032
-0.399766
0.218017
-0.010247
0.345232
0.467376
-0.365534
-0.382521
0.212328
-0.063886
0.171379
-0.337227
0.145692
0.034395
-0.401132
0.051409
-0.185105
0.196422
0.668399
0.729654
0.098297
-0.370830
-0.164317
0.506817
0.448324
0.021684
0.220918
0.066773
0.235120
0.066052
-0.720247
0.383568
-0.048804
-0.038363
-0.178882
0.010654
-0.349414
0.178850
0.581353
0.012130
0.031935
-0.095041
-0.034032
-0.000409
-0.004012
-0.271393
0.144097
-0.030163
0.504813
-0.171121
-0.037119
0.038506
-0.455830
-0.477147
-0.661669
0.192853
0.357191
-0.610202
0.253851
-0.083967
-0.027356
-0.015842
-0.491307
-0.199924
-0.474564
0.037072
0.409236
-0.489400
-0.242052
-0.572767
-0.291379
-0.595999
0.124062
0.029082
0.177719
0.238437
0.288650
-0.050847
-0.203067
0.581379
0.350238
-0.256001
-0.007162
-0.369330
-0.822012
-0.191149
0.454406
0.365140
-0.106797
-0.466679
0.373918
0.245330
-0.336067
-0.259170
-0.293250
-0.347565
0.216118
-0.149206
-0.177905
0.591888
-0.293465
0.176672
-0.651352
-0.202444
0.082824
0.348711
0.229369
-0.065690
0.111447
0.322653
0.288269
-0.155797
-0.069912
0.076176
-0.628963
-0.084835
-0.006295
-0.145959
-0.256301
0.549663
0.052675
0.479461
-0.091630
-0.710476
0.283365
-0.539057
-0.048516
0.499340
0.221875
0.461184
-0.011484
0.119420
-0.116939
-0.061608
0.317803
