0.461717
-0.281381
-0.493240
0.279654
-0.443072
-0.218339
0.142715
0.051504
0.365568
0.123669
0.123763
-0.317547
0.112291
0.395817
0.282757
-0.211142
-0.117029
-0.213391
0.019082
0.179250
0.240761
-0.043822
-0.006713
0.244379
-0.319017
-0.581536
0.751172
0.131386
0.036974
-0.270433
0.022778
0.526607
-0.536009
0.180258
-0.715009
0.094690
0.039302
0.282610
-0.047676
0.239947
0.035477
-0.689930
-0.173824
0.305836
-0.311442
-0.468311
-0.280902
-0.106380
-0.076678
0.031610
0.243025
-0.086484
0.443321
0.478976
0.180304
0.503039
0.067216
-0.406399
-0.347698
0.459798
0.133994
-0.359252
0.186900
-0.128362
-0.485141
0.324017
-0.678846
-0.090358
0.064615
-0.436432
-0.103068
0.422227
-0.081333
-0.576213
0.096191
-0.046857
-0.106468
0.447175
-0.066406
-0.609275
0.262596
0.075272
-0.495279
0.264821
-0.411611
0.107004
-0.359551
-0.151249
-0.214216
0.537423
-0.033247
-0.458056
0.411563
0.355010
0.150472
-0.260334
-0.020179
-0.367304
0.572215
0.080452
-0.482232
0.188358
-0.269065
0.264241
0.298175
0.517099
0.123796
0.065344
-0.040827
-0.414355
0.018161
-0.374134
-0.332974
0.348134
0.210136
-0.164349
0.209201
-0.443161
0.219116
-0.045471
-0.417513
-0.433489
-0.675118
0.044966
0.242315
0.505345
0.181170
0.109880
0.627660
0.116779
-0.683571
0.182456
0.091408
-0.401001
-0.343047
-0.551298
0.083734
-0.188062
0.540898
-0.159987
0.082120
-0.091901
0.302262
-0.512438
-0.092068
0.071970
0.459107
0.094358
-0.117996
-0.099478
0.146390
-0.193285
0.636821
-0.185526
0.521663
0.222109
0.068636
0.475654
-0.323563
-0.277064
0.040169
0.425175
0.758743
0.308166
-0.197141
0.346845
-0.407214
-0.406540
-0.223594
-0.600277
0.275097
0.543628
-0.136255
-0.406796
0.315090
0.216057
0.341513
0.407991
-0.005122
-0.369971
0.104907
0.022332
0.166709
0.258095
0.203982
0.124293
-0.629089
0.339001
0.294575
0.013423
0.508573
-0.684949
-0.150064
-0.222536
0.400924
0.608897
0.140961
-0.309306
-0.131447
-0.394844
0.081096
0.552172
-0.566423
-0.531485
0.373375
0.035319
-0.592558
-0.180461
0.354778
0.201777
0.236113
0.046620
0.071785
-0.305999
0.169396
0.321769
-0.263569
-0.076497
-0.109786
0.479071
-0.395338
-0.159688
0.186410
0.168442
0.362510
0.384190
0.672267
0.177935
0.055928
-0.459021
0.436194
0.404354
0.211059
0.127754
-0.392146
-0.033589
-0.014431
-0.206775
-0.482177
0.117145
0.096470
0.131921
0.143139
-0.029465
-0.174653
0.273927
0.381818
0.381223
0.486404
0.249426
0.127097
0.184517
0.125134
0.237926
0.042985
-0.115014
-0.273895
0.436645
-0.145509
0.404404
0.613415
-0.086183
0.251386
0.308272
0.437085
-0.377507
-0.055801
-0.264657
0.216184
0.114287
0.070743
0.361922
0.485780
-0.535084
-0.470235
0.495662
0.121658
-0.411679
-0.026370
-0.397411
0.143659
-0.390652
-0.013664
-0.380460
-0.069710
-0.484098
0.242559
-0.075638
0.220003
-0.294111
-0.463982
-0.446627
0.108529
-0.130334
-0.389946
0.038367
-0.711567
-0.009930
0.298913
-0.538126
0.200843
0.462738
0.001914
0.082404
-0.088640
0.013496
0.238172
0.054691
0.139555
0.052618
0.576664
0.095771
-0.007235
-0.034786
0.003140
0.062836
0.336830
0.003320
0.195434
0.287122
-0.162003
-0.066542
-0.370187
-0.532990
-0.465636
-0.110974
0.273675
-0.367698
-0.008888
-0.452256
0.221170
-0.366502
0.266830
0.533079
-0.086865
-0.500841
-0.514573
0.580712
-0.334702
0.150890
-0.196308
0.423805
0.438168
0.153400
-0.404507
-0.358392
-0.472575
-0.036304
0.284262
0.374280
-0.452058
0.809864
0.073225
-0.611381
-0.634557
0.276831
0.196475
-0.217290
-0.224727
0.237802
-0.297455
0.242788
-0.023740
-0.387310
0.487412
0.500395
0.089699
0.267804
0.220775
-0.097642
0.020517
0.505848
-0.028966
-0.311619
-0.079193
0.174989
-0.203350
0.079021
-0.085423
0.210398
0.024568
-0.579276
-0.208082
0.104589
-0.576717
0.029889
-0.013843
-0.134898
0.202146
-0.547237
-0.284776
-0.028851
-0.059993
0.322138
0.454394
0.058429
0.423836
0.396883
-0.045506
-0.068680
-0.193893
-0.224445
-0.350484
0.234242
0.429081
0.134962
0.017921
-0.417610
-0.216944
0.489686
0.191505
0.493050
0.550050
0.689027
-0.040492
-0.362933
-0.021919
-0.165674
0.484151
-0.299806
-0.045952
-0.079681
-0.220779
0.346800
0.034945
-0.023113
0.515422
0.223956
-0.531933
0.198842
0.422813
0.091198
-0.461909
0.347965
-0.468065
0.046488
-0.192301
0.272027
-0.096123
0.371835
-0.265994
0.552178
-0.438201
0.451255
-0.321642
0.135695
0.286242
0.127118
0.321916
-0.441208
0.230364
0.222843
0.182494
0.464247
-0.335228
0.237182
0.404854
0.383428
-0.129875
0.386014
-0.243849
0.421500
0.292371
0.220981
-0.528371
0.082601
-0.219669
-0.190291
0.449928
-0.364257
-0.076841
-0.171544
0.534973
0.064100
0.435946
0.420575
0.328961
0.200320
0.131872
-0.307135
0.103699
-0.142703
-0.021306
0.427653
0.394450
-0.263110
-0.285603
0.105134
-0.590489
0.121592
0.096262
0.272260
-0.348192
0.038585
-0.104361
-0.176817
0.036984
-0.097413
0.290243
-0.189903
-0.071579
0.032515
0.423045
-0.418765
-0.489255
-0.428082
-0.415508
0.188865
0.118426
0.759129
0.367083
0.154818
0.283133
0.692479
-0.105594
-0.425351
-0.486934
-0.369820
-0.121933
-0.353873
0.406807
0.459876
0.659544
-0.388474
-0.502998
0.270138
-0.333479
-0.067805
-0.050496
-0.572661
0.169621
-0.138927
0.067457
-0.145003
0.443179
-0.091616
0.175528
-0.341409
-0.088316
-0.232535
-0.165890
-0.653303
0.368278
0.202203
0.665021
-0.261238
-0.394584
-0.003842
-0.199977
-0.307830
0.010177
-0.454604
0.146387
-0.469487
0.546526
0.279095
-0.514234
0.560098
0.094867
-0.269038
-0.127747
0.176499
0.170892
0.322024
-0.254941
-0.337043
0.155995
-0.269101
-0.112458
0.524414
0.538078
-0.001743
0.098422
-0.069749
-0.075801
0.238923
0.042314
-0.330061
0.101519
0.457696
0.285055
-0.401999
-0.381467
0.318704
-0.384741
0.453678
-0.004625
-0.287067
0.035615
0.168829
0.425060
0.324110
0.196427
0.191716
0.179745
0.314646
0.175133
0.013858
0.241647
0.034275
0.166599
0.241448
-0.599714
0.098510
-0.066144
-0.365889
-0.444089
-0.421463
0.809992
-0.599416
-0.473897
0.347972
-0.122308
-0.190573
0.046782
-0.445668
-0.207277
0.179070
0.016891
-0.536289
-0.407356
-0.019925
-0.157747
0.071620
0.244283
0.228753
-0.057585
0.598671
0.164397
-0.213394
0.108821
0.015263
0.159754
0.646831
0.476780
0.039779
-0.147192
-0.082511
-0.027860
0.266306
0.567135
0.352936
-0.086816
-0.516598
0.190021
-0.136253
0.569939
0.438737
-0.030360
0.002147
0.046953
0.624059
0.535226
0.053245
-0.201330
0.438578
-0.166572
-0.158169
-0.436132
-0.189853
-0.193697
-0.470662
0.328594
-0.338941
-0.259064
-0.135072
-0.143244
-0.041746
-0.087189
-0.319286
0.190629
0.281886
0.099234
-0.469173
-0.217623
0.503036
0.127743
-0.010204
0.113293
0.126989
-0.347343
0.186596
0.041591
-0.174847
0.139388
-0.061783
0.421144
-0.099552
0.420638
0.340850
-0.130998
-0.219619
-0.522116
-0.432514
-0.136869
-0.191208
-0.099114
-0.111336
0.576228
0.528132
0.503448
0.235540
-0.451947
-0.009613
-0.110575
0.318307
-0.541152
-0.409217
-0.431161
-0.114120
0.098031
0.225451
-0.168265
-0.112513
-0.003611
-0.644191
0.103115
0.177201
-0.136464
-0.569914
-0.587427
0.218523
0.160888
0.246558
-0.075093
-0.158696
0.586731
-0.482865
0.419629
-0.034339
0.080217
0.352756
0.411264
0.045184
-0.332976
-0.209159
0.046865
0.235116
-0.246377
-0.515379
0.369946
-0.055555
-0.057233
-0.023056
-0.000342
0.148479
0.271522
0.090457
-0.001605
-0.501636
-0.503382
-0.391217
0.155647
0.405750
0.388973
-0.093428
-0.505125
0.189402
-0.096804
-0.597550
-0.363050
0.518356
0.480996
-0.576662
-0.263337
-0.132525
-0.023523
-0.358566
0.426756
-0.261255
0.292700
0.019383
-0.072619
0.605506
-0.043116
-0.806911
-0.175274
0.509610
0.346574
-0.256673
-0.036647
-0.190816
0.545699
0.157048
0.285277
0.000726
-0.359711
0.128409
-0.277319
-0.357328
-0.371590
0.139599
0.723616
-0.059834
-0.044825
0.295579
0.251100
0.466658
-0.022403
-0.433377
0.616644
-0.278771
0.283360
0.462603
-0.326280
-0.068465
0.146771
-0.159465
-0.017630
-0.566434
0.000534
0.177492
0.216058
-0.536715
-0.034978
0.319616
