0.022594
-0.077586
-0.259151
-0.088351
-0.358415
-0.027053
-0.088237
0.549409
-0.037787
0.211594
-0.233760
-0.323742
0.300928
-0.309959
0.299156
0.401118
0.040843
0.354177
-0.355822
0.501458
0.066281
-0.405884
-0.094918
-0.203122
-0.193855
0.080270
0.708425
0.490287
-0.149452
0.208528
0.655936
0.056952
-0.358172
-0.154664
0.487694
-0.097034
-0.102051
0.350818
0.481961
0.239821
-0.415893
-0.133724
-0.036317
-0.194882
-0.465019
0.053305
-0.222497
0.214895
-0.112618
0.469508
-0.228211
-0.058602
-0.095841
0.009990
0.340574
0.402330
0.171228
0.292901
0.024086
-0.382973
0.385637
-0.363785
-0.292876
-0.178460
-0.187885
0.208488
0.215256
0.025611
0.308023
-0.278434
-0.041717
-0.599857
0.108523
-0.398567
0.218348
0.215354
-0.058977
0.180184
-0.180641
-0.404497
-0.217526
-0.459882
0.422483
0.441747
-0.548604
-0.193405
0.327149
-0.396182
-0.128824
0.219419
-0.574847
0.484451
0.445695
-0.337971
0.482965
0.539176
-0.534424
-0.115957
0.733708
0.137813
-0.291893
0.131896
0.235359
0.295460
-0.189375
-0.324721
-0.185991
0.389351
-0.250378
-0.225153
-0.096223
0.030303
-0.011615
-0.421149
0.198316
0.088270
0.361966
-0.080857
0.338199
-0.030904
0.200025
0.398196
-0.293840
0.068211
0.314383
0.301131
0.037115
-0.016464
0.106764
0.259483
-0.252152
-0.032538
0.347067
0.153607
-0.341052
-0.465439
-0.134734
-0.637680
0.049821
-0.021695
0.773241
-0.519216
0.429264
-0.189328
0.298864
-0.161428
-0.475503
-0.230287
0.466211
0.235644
0.179207
-0.128379
0.516863
0.269847
-0.439506
0.408364
-0.306675
-0.458548
0.214117
-0.182093
-0.536059
0.023117
-0.319002
0.218531
0.267259
0.185215
-0.195263
0.175660
-0.075967
-0.079916
0.243147
0.125938
0.068103
-0.182286
0.211551
-0.302925
-0.740037
0.113482
0.085348
-0.317344
0.530602
0.565296
-0.330847
-0.201181
-0.050706
0.112600
0.255352
-0.075997
0.489926
0.089431
-0.188000
-0.021031
0.285747
-0.258432
0.260652
-0.056377
-0.231756
-0.610600
0.213496
-0.367012
-0.100017
-0.177780
0.198900
-0.169274
0.674559
0.494343
-0.160226
-0.541668
0.167901
0.357663
0.109517
-0.199327
0.140487
0.481954
0.441698
-0.506792
0.391349
-0.376807
-0.265341
0.556616
-0.205628
0.396624
0.157658
0.247455
-0.128923
0.650100
0.169462
-0.230918
0.102628
-0.279101
-0.032401
-0.255698
0.167511
0.352111
-0.479554
0.274018
0.070603
-0.310032
-0.368884
-0.140292
0.050115
0.040597
-0.136732
0.105546
-0.074678
0.358921
-0.662285
-0.208314
-0.252235
0.356648
-0.111385
-0.350867
0.288297
0.501056
0.227203
-0.124819
0.398011
0.483321
0.412564
-0.200716
0.251483
-0.339990
0.047282
-0.399849
-0.333640
-0.040503
0.148644
-0.012229
0.262812
0.022482
-0.109405
-0.416823
0.178047
-0.362047
-0.440192
-0.400310
0.569430
0.514207
0.005608
0.049693
0.220633
0.192302
0.591792
0.341070
-0.351872
0.268824
-0.303223
-0.570477
0.312699
-0.274172
-0.749495
0.780554
0.167447
-0.180963
-0.285272
-0.037971
-0.180164
0.194725
-0.302702
-0.219549
0.414328
0.299274
-0.217991
-0.316559
-0.235167
-0.246935
0.045345
0.386690
0.110044
-0.354233
0.090034
-0.004847
-0.721887
0.060588
-0.032051
-0.239873
0.091504
0.122273
0.313919
0.218756
0.217819
0.111488
-0.197310
-0.437950
0.279217
0.614976
-0.229916
-0.211466
0.530022
0.163441
0.101408
-0.022273
0.310298
-0.008859
-0.080778
-0.031855
-0.388040
-0.131876
-0.036085
-0.146977
0.008115
-0.059577
0.382124
0.424324
0.052299
-0.696113
0.517814
0.242404
-0.399358
-0.627241
-0.019250
-0.383497
-0.642009
0.389879
-0.143527
-0.128414
0.108171
0.106074
0.278573
0.073387
-0.084179
-0.306732
0.178094
0.183930
0.047628
-0.755927
0.086490
0.207463
0.284118
-0.215230
0.112957
-0.267642
0.061155
0.405611
-0.129141
-0.014498
-0.420267
0.180117
-0.544850
-0.007936
0.092131
-0.217846
0.031201
0.330106
-0.064568
0.221962
-0.152706
-0.356099
-0.417737
0.448843
-0.252377
-0.761156
0.401345
0.486818
0.560743
-0.385061
0.316299
0.215290
0.069427
-0.389937
-0.486838
-0.350084
-0.456665
0.401431
-0.067257
0.044835
0.152058
-0.131077
0.306165
0.583371
-0.183091
0.381779
-0.286709
-0.427112
-0.185081
0.445046
0.374655
-0.341505
-0.241564
-0.096547
0.342092
0.274647
-0.171735
0.311039
0.705693
-0.249159
0.462947
-0.300750
-0.064483
0.373643
0.084531
0.280133
-0.091366
-0.555339
-0.293281
0.437696
0.313091
-0.133816
0.976207
0.250219
0.609697
0.218072
-0.057563
0.771668
-0.194886
-0.121052
0.368011
-0.372870
0.192429
-0.441208
-0.296200
0.202202
0.041046
-0.382020
-0.162376
-0.205412
-0.469046
0.077672
-0.075549
0.280302
0.544698
-0.084369
-0.232198
0.106672
-0.577723
0.015161
0.014257
0.033137
0.325436
0.536268
0.144030
-0.443934
0.424551
-0.304675
0.212453
0.022593
0.257853
0.274086
-0.091274
0.030939
0.131008
0.094129
-0.608650
0.147756
0.619713
0.260689
0.257058
-0.274863
-0.019282
0.125605
-0.550851
0.072759
0.563050
-0.357984
0.073299
-0.056216
-0.090896
-0.470546
-0.175998
-0.152808
-0.447106
-0.445267
0.068955
0.499815
-0.520918
-0.251691
-0.563150
0.146634
-0.369400
-0.191391
-0.134536
-0.557522
-0.060980
0.346722
-0.206702
0.109275
0.404439
-0.428872
-0.288956
0.215628
0.238438
0.041055
0.122724
0.077761
0.150040
-0.079994
0.188921
0.672928
-0.572560
-0.526518
-0.426001
-0.161572
0.163031
-0.028850
0.300837
0.308070
-0.323263
-0.408663
-0.118168
0.149333
0.010501
-0.078264
-0.020926
0.439573
0.022029
-0.501465
-0.845853
0.014079
0.148115
-0.430262
-0.052797
-0.250419
0.200477
0.029004
-0.364710
-0.129652
-0.324306
-0.394848
0.158492
0.052938
-0.103495
0.293976
0.145606
-0.162068
-0.144368
-0.159478
-0.235283
-0.316988
-0.175434
0.238820
-0.001558
-0.331688
0.329410
-0.210220
-0.512649
-0.304664
-0.209118
-0.272323
0.440827
0.117364
0.408189
0.717989
-0.179565
0.482148
-0.357976
-0.432185
0.100422
-0.461626
0.375186
0.325832
0.199808
-0.437561
0.196736
0.332259
0.211685
-0.245443
0.092621
-0.158704
0.347061
-0.093062
0.153724
-0.012770
-0.293528
0.741148
-0.198704
0.324068
-0.725576
-0.145559
0.027481
-0.429647
0.176144
0.416719
0.293284
-0.239560
-0.216295
-0.385617
-0.030696
0.126121
-0.256422
-0.475910
0.432940
-0.267573
-0.254333
0.167443
-0.143869
-0.532226
0.324136
0.469157
-0.103748
-0.549589
0.268759
0.113066
0.631812
-0.041166
-0.260119
0.330011
0.192110
-0.041734
0.229106
0.184200
-0.151769
-0.023846
0.041050
0.557261
0.491625
0.188138
0.529786
0.123982
-0.006263
0.431250
0.082513
-0.396967
0.207608
-0.425193
0.026703
0.411564
0.429854
-0.292675
-0.594288
0.054479
0.658843
-0.360832
-0.372395
0.468352
0.056479
0.530456
0.290569
0.339663
0.164833
0.439479
-0.043938
0.477141
0.029938
-0.400526
0.134861
0.113481
-0.014627
0.443239
-0.497870
-0.716237
-0.260699
0.222850
-0.684576
-0.145205
0.330413
-0.674113
-0.100784
-0.332949
0.325023
0.029981
-0.221212
-0.024009
0.786425
0.005058
0.051681
0.252409
-0.240175
-0.003185
0.075986
-0.276618
-0.024285
0.323530
-0.425549
0.220375
-0.322949
-0.150395
-0.050269
-0.166706
0.191157
-0.492343
0.161721
-0.078414
0.200144
-0.037050
-0.784423
-0.027468
0.555891
-0.507111
-0.156901
-0.483356
-0.485068
-0.501963
0.185070
0.075966
0.355954
0.269199
-0.154607
0.352700
-0.573938
-0.216172
0.122672
0.003857
-0.506446
-0.393674
-0.548161
-0.235935
0.202930
-0.589474
-0.656518
-0.050586
0.367294
-0.492447
-0.356378
0.617041
-0.354870
-0.277329
-0.286526
0.188792
0.369424
-0.692940
0.075271
0.000566
-0.363672
-0.332146
-0.309724
-0.303096
-0.375327
-0.631737
-0.283474
-0.573848
0.581379
0.136654
-0.024990
-0.174125
0.186525
-0.512137
-0.311228
0.358219
0.201473
-0.281477
-0.375672
-0.463919
0.076111
0.699244
-0.273597
-0.687563
-0.352665
0.009446
-0.500433
-0.205036
-0.046617
-0.008957
0.292127
-0.108619
-0.353317
0.481296
-0.334810
-0.511962
-0.026248
-0.463378
-0.153807
-0.452265
-0.157578
0.576990
0.048541
-0.466527
-0.265829
-0.094755
-0.012646
-0.672060
0.399413
0.408473
0.255088
0.137170
0.122146
0.183785
-0.299630
-0.050925
-0.301665
-0.099957
-0.017484
0.032988
0.225681
-0.092914
0.334823
0.231494
