0.184281
-0.066186
0.011253
0.229132
-0.225721
0.149058
0.378251
0.241715
-0.349765
0.369158
-0.089959
-0.269847
-0.186530
0.413623
-0.571736
0.211654
-0.168866
-0.466588
0.156599
-0.676479
-0.578353
0.326171
0.047374
0.713444
-0.756503
0.423918
0.214152
0.476375
-0.054416
0.510038
0.109077
0.075167
-0.337562
-0.408159
-0.343872
0.181894
0.006711
0.367669
0.146788
-0.187447
0.244771
-0.346019
-0.223464
0.151058
0.394256
-0.496533
0.434700
0.119651
0.115060
0.022382
-0.304550
0.436672
0.038976
-0.414035
0.291733
-0.469330
0.336254
0.238882
0.097085
0.184485
0.215074
0.130884
0.154660
0.399681
0.443274
-0.316794
-0.006801
-0.472557
0.290722
-0.273881
-0.369530
-0.128917
0.251541
0.108312
0.292877
0.222121
0.211768
0.058236
-0.191663
-0.197368
-0.124083
0.304231
-0.643429
-0.185475
-0.298914
-0.422942
-0.046603
-0.183181
-0.020947
0.137381
-0.195159
0.262123
-0.401103
-0.212699
0.768208
-0.419184
0.222286
0.338711
0.285332
-0.157197
0.605520
0.298979
0.238194
0.574485
0.214395
-0.229486
-0.557666
0.115255
-0.089743
-0.397594
0.041036
-0.277161
-0.352689
-0.354838
0.058047
0.113057
0.291804
0.526798
-0.164783
-0.321600
0.288975
0.096467
-0.358692
-0.127160
-0.190707
0.332542
-0.102684
0.109405
0.399319
-0.260834
0.166495
-0.058768
0.216399
0.279213
0.259070
-0.582420
0.175704
-0.357010
0.090502
0.233093
0.156616
-0.132169
0.173734
-0.612554
0.516789
-0.573319
0.027700
0.632004
-0.330658
-0.164510
-0.320713
-0.367862
-0.433840
0.116841
-0.449296
-0.421551
-0.127557
-0.202861
0.362524
-0.143288
-0.704956
0.310472
0.118359
0.450226
-0.307554
-0.229795
-0.057992
-0.200234
-0.203096
-0.242253
-0.088791
0.520339
0.060547
-0.161768
0.331622
-0.079142
-0.124466
0.207227
-0.364729
0.089015
-0.116621
-0.440550
0.360542
0.152108
0.458775
-0.288212
0.083960
-0.725953
-0.016838
0.276419
-0.448313
0.429261
-0.082550
-0.270940
-0.343944
-0.108975
-0.004820
-0.443912
-0.592517
0.337498
0.386504
0.010284
-0.367889
0.335494
0.333639
-0.275570
0.101946
0.063753
0.136887
-0.061118
-0.326880
-0.419822
0.110853
0.186758
0.370323
0.237788
-0.288782
-0.080023
0.433348
0.039219
0.500462
0.321622
0.278746
-0.154094
0.081228
-0.755559
-0.109847
-0.464266
-0.125184
-0.182698
0.561113
-0.369569
0.317429
-0.542424
0.662277
0.182131
0.660418
0.361953
-0.705982
-0.334922
-0.470641
-0.026072
0.421436
0.188319
0.692269
-0.045744
-0.223484
-0.467023
0.594348
-0.099990
0.487324
0.232212
-0.448158
0.056920
0.217208
-0.242250
0.056170
0.205301
0.091912
0.428150
-0.048729
0.545601
-0.292023
0.516578
-0.147490
-0.258112
0.209940
0.079948
0.234065
-0.436834
0.205101
0.161161
-0.097166
0.320013
-0.441397
-0.012685
-0.442953
-0.078941
-0.223463
0.229935
0.425361
0.640774
-0.112412
0.407373
-0.247186
-0.380577
-0.084090
-0.039450
-0.299792
-0.177787
0.119940
0.157027
0.263772
0.443277
0.351546
-0.013148
0.155197
-0.042804
0.360444
-0.266994
0.245053
-0.308778
0.333903
-0.091445
0.387232
-0.064312
-0.394679
-0.135499
-0.047783
0.482820
-0.309489
-0.056375
-0.456723
-0.670599
-0.611031
0.180471
0.286968
-0.239745
0.047588
-0.108435
0.285612
0.132069
-0.068668
0.144610
-0.127767
0.320132
0.456907
-0.075777
-0.532521
-0.296227
0.253140
-0.310285
-0.055964
-0.216094
-0.319582
-0.311819
-0.408734
-0.321291
-0.036260
-0.142912
-0.451392
0.328745
-0.145263
0.054228
0.350971
-0.573643
0.184296
0.011256
-0.350703
0.604137
0.022392
-0.091563
-0.311437
0.376252
-0.397095
-0.239449
0.213451
-0.243383
0.401279
0.330452
-0.334456
0.448726
0.703842
0.181619
-0.419760
-0.508750
-0.013091
0.092209
0.050682
-0.160379
0.498523
0.246887
-0.537497
0.303152
0.366551
0.290090
-0.254911
-0.374508
0.062474
0.322560
-0.237822
0.139196
0.175397
0.150091
0.484811
0.311707
-0.107571
0.287336
0.431100
0.572996
0.359613
0.258415
0.057293
0.228611
0.295370
-0.091357
0.225154
-0.208157
0.040536
-0.558616
-0.239789
0.381171
-0.052933
0.323228
-0.049154
0.047595
0.431647
-0.244936
-0.333151
0.281636
-0.204585
0.605104
-0.068974
0.486889
0.352616
-0.010162
-0.095530
0.243624
-0.272521
0.481302
0.361517
-0.200267
-0.112531
-0.097537
0.668385
0.141999
0.227170
0.151916
0.637053
-0.307159
0.065688
-0.195204
0.355501
0.094113
-0.076563
-0.483557
-0.252967
-0.244069
-0.043601
0.093836
0.199042
-0.123050
-0.859964
-0.332515
0.352565
-0.271958
-0.263210
0.188767
0.152271
-0.543310
0.150012
0.497674
0.304843
-0.126204
0.032549
-0.462030
0.019749
0.233280
-0.075723
0.397074
-0.555744
-0.231846
-0.512647
0.307128
-0.401246
-0.547299
0.029305
0.442217
-0.643112
-0.517679
0.327524
-0.280747
-0.104040
0.509074
0.855276
0.149573
-0.212703
0.602842
-0.094080
0.346266
-0.262144
0.326429
-0.493305
0.267650
0.099845
-0.325656
0.178235
0.209569
0.052305
0.473760
0.400952
0.131703
-0.211397
-0.013569
-0.440537
-0.276935
-0.196009
-0.413529
-0.397283
-0.286696
0.539135
0.254556
0.075581
-0.357214
-0.051655
0.032984
0.112860
-0.046939
0.268212
-0.366576
-0.136594
0.136067
0.080476
0.304331
-0.079954
0.155932
-0.433555
0.038424
-0.210177
0.362200
0.412538
-0.455951
0.535954
-0.180514
0.271940
0.463927
-0.003490
0.212164
-0.115942
0.146157
0.217134
-0.120973
0.014916
0.325056
0.354544
-0.168814
0.291094
-0.175997
0.141664
-0.288987
-0.348018
0.699045
-0.160006
-0.648651
0.825565
0.268950
-0.368435
-0.042916
-0.542048
-0.384534
-0.176223
-0.255846
-0.645295
-0.013527
0.305576
0.059513
0.285269
-0.035773
0.319244
-0.206216
-0.252015
0.347977
0.439299
-0.117559
0.252935
-0.323345
-0.507443
0.160020
-0.423658
-0.059394
-0.142011
0.410858
-0.198362
0.037145
-0.081531
-0.141941
-0.245983
-0.394104
0.195129
0.041911
0.455087
-0.508780
-0.386966
0.499341
-0.075361
-0.384083
0.235927
-0.235304
0.580586
0.071349
-0.208222
0.309314
-0.171494
-0.181668
-0.219432
-0.139669
-0.079119
-0.283145
0.205756
0.334166
0.226383
0.053959
0.100369
-0.331691
0.134678
0.491771
0.011270
-0.491041
0.202676
0.407410
0.016787
0.237808
0.365606
0.278783
-0.145834
-0.176187
-0.322941
-0.313268
0.299105
0.400650
-0.325707
-0.068573
0.037965
0.028129
-0.605920
0.057715
-0.076727
-0.571026
0.664568
-0.133642
-0.147778
-0.494385
0.128014
0.008619
-0.125500
-0.228897
-0.537345
-0.403525
-0.038896
-0.044491
-0.482437
0.118297
0.013386
0.224739
0.587052
0.070947
0.307781
-0.104633
-0.391805
-0.363767
0.014999
-0.247741
-0.035654
0.173832
0.039014
-0.634127
0.345237
0.410249
0.047719
0.598528
-0.538243
0.369823
-0.346640
-0.084951
-0.384256
0.257293
0.130000
0.028444
0.129574
-0.231210
-0.438111
0.155465
0.061172
-0.201965
-0.011449
-0.394774
0.369437
0.023808
0.255244
0.416365
-0.570994
-0.134325
-0.358808
0.086239
-0.228041
-0.330347
0.209340
0.080832
0.129415
-0.309464
-0.118117
-0.021292
-0.308028
0.189901
-0.410839
0.536039
-0.088607
-0.142059
-0.234585
0.023223
-0.045314
0.120496
-0.451947
0.098670
0.161062
0.028737
-0.164606
-0.056356
-0.484407
0.444157
0.089079
0.418275
0.050710
-0.654998
-0.148708
0.625749
-0.455744
-0.342411
0.579927
0.128012
-0.483979
-0.551041
0.342432
0.106510
-0.214692
-0.169275
-0.647802
-0.135509
0.287315
0.666776
-0.700821
0.354936
0.223770
-0.000072
0.015407
-0.344690
-0.053144
0.462825
0.300435
-0.158418
-0.413257
-0.392776
-0.108090
0.015797
-0.567464
0.476641
-0.249343
0.232977
-0.366707
0.233634
0.188043
-0.346801
-0.552595
0.274632
0.281302
-0.437857
0.280160
-0.007121
-0.318539
-0.418618
0.017313
0.089697
-0.432968
0.269932
0.392555
0.177818
-0.034929
0.302174
-0.439477
-0.297756
0.417794
0.111103
0.561544
0.010642
-0.278204
0.176483
-0.164749
-0.042870
-0.164058
-0.170746
0.535709
0.102963
-0.114947
0.469900
0.087344
-0.313325
-0.055003
0.707265
0.131715
-0.067859
0.401891
-0.402987
-0.194299
0.151838
-0.118955
-0.182793
-0.243321
0.553104
-0.231377
0.284533
-0.267191
-0.090622
-0.532452
-0.710687
0.408912
0.157143
-0.451839
0.225426
-0.122248
-0.396947
0.077800
0.001584
-0.611061
0.463557
0.216106
0.317161
