0.522281
-0.681915
0.254557
-0.227000
-0.111973
-0.018057
-0.043227
-0.360315
0.447965
0.214448
-0.222337
0.080643
0.328602
-0.117514
-0.372696
-0.069439
0.249475
0.228580
-0.336134
-0.021161
-0.155683
-0.293604
-0.283881
0.138251
0.300159
0.022748
-0.060056
0.101635
-0.176514
-0.084479
0.095892
-0.022877
-0.327584
0.019522
0.515334
-0.049323
-0.081812
0.468161
-0.063872
0.349496
0.064191
-0.238434
0.079251
-0.186959
0.337186
0.108258
-0.068373
0.254913
-0.195976
0.076425
-0.127958
-0.229651
0.028115
0.393818
0.402832
0.456042
0.388589
0.272912
-0.054779
-0.363444
0.513724
-0.352446
0.460967
-0.466364
-0.178255
0.037992
-0.665638
-0.389132
-0.336518
-0.266418
0.062790
0.144935
0.208602
-0.306706
-0.468156
-0.110340
0.124218
-0.434634
0.508041
-0.318502
-0.230540
-0.661388
0.238049
-0.340191
0.421586
0.399556
0.365244
0.759575
-0.176616
-0.446302
-0.403286
0.279375
-0.086985
0.331979
-0.005471
-0.543157
0.195976
-0.466330
0.006689
0.341546
0.606499
-0.090598
0.212020
0.191477
-0.146422
0.170107
0.123796
0.342122
0.767840
-0.113220
-0.117205
0.570601
-0.010605
0.051853
0.149371
-0.197635
0.291770
-0.315609
-0.614181
0.112156
-0.419293
0.599530
-0.328829
-0.368452
0.105153
0.456021
0.149011
-0.079788
0.670019
0.040728
-0.151190
0.140257
0.562518
0.153025
-0.148371
0.727871
0.065874
0.241558
0.023908
0.614662
-0.085517
-0.059267
0.473826
-0.621392
-0.785787
-0.296065
-0.090622
-0.002026
-0.424802
-0.472543
0.164237
-0.258345
0.046642
0.105716
-0.227627
-0.190447
0.100017
0.162931
-0.444467
-0.060424
0.072508
-0.157086
0.000546
-0.227331
0.056798
-0.073159
-0.539656
-0.138048
0.457426
0.115070
-0.121867
0.437613
0.068103
-0.171751
0.255763
-0.414061
-0.250870
-0.187988
0.435853
0.088297
-0.134642
-0.092575
-0.213376
-0.254289
0.458775
0.287869
-0.174429
-0.025646
-0.011509
-0.256486
0.585057
-0.460825
-0.207516
0.008743
0.481574
-0.325963
0.084175
-0.577750
-0.364962
0.227307
0.214263
-0.151995
0.707430
-0.196407
0.124350
0.236786
0.393348
-0.262755
-0.036492
0.098228
-0.153436
-0.413458
-0.204274
0.309565
0.150982
-0.548767
0.205242
-0.240607
-0.001454
0.525907
-0.012631
-0.031605
0.154123
-0.356923
0.070935
-0.146775
-0.628987
-0.146186
0.266359
-0.306620
-0.057752
-0.403045
-0.080282
-0.238024
-0.642048
-0.619154
0.655828
-0.233292
-0.292627
-0.389906
0.454030
-0.118676
-0.573981
0.273074
-0.333093
-0.305506
-0.397641
-0.359693
-0.201671
0.235423
0.092402
0.396245
0.302458
0.000141
0.525038
-0.313667
-0.638118
0.557442
0.259702
0.147470
0.393959
0.241213
-0.215085
0.036000
-0.084419
0.631766
-0.026421
-0.222645
-0.250550
0.186885
-0.258785
0.473332
0.404950
-0.377612
0.529122
-0.333793
-0.177525
-0.161709
-0.236415
-0.004819
-0.232962
-0.161870
-0.436144
-0.125116
-0.111595
-0.323689
-0.276632
-0.707995
0.002126
-0.320293
-0.705606
0.386225
0.300682
0.077069
0.456522
-0.231967
0.125570
-0.055187
-0.096210
0.465370
-0.255090
0.337166
-0.051785
0.309178
0.068645
-0.561346
-0.143535
0.386690
0.209713
-0.245646
0.435126
-0.148267
-0.417598
0.023535
0.428136
-0.392796
0.106031
0.257767
0.343933
0.405433
-0.546261
0.038676
-0.277240
-0.376517
-0.102602
0.201108
-0.312788
0.053633
-0.325278
-0.152727
0.046782
0.144445
-0.090423
-0.169023
-0.074209
-0.103455
-0.261856
0.459577
-0.310584
-0.273504
-0.779283
0.400750
0.318669
0.022258
-0.100094
0.559090
0.413118
0.268498
-0.325221
-0.284048
-0.318741
0.396936
0.564801
-0.036708
-0.086862
-0.000815
0.344569
-0.303947
-0.010064
-0.453584
-0.034011
0.209336
0.139610
-0.006302
0.332567
-0.371197
0.237822
0.287566
0.414725
-0.196194
-0.045999
0.315121
-0.399701
0.294137
0.480222
0.045407
-0.535173
-0.094614
-0.123374
0.223400
-0.148137
-0.064057
-0.338431
-0.112266
-0.053417
-0.330452
0.280548
-0.141987
0.344825
0.357547
0.055380
0.087842
0.082572
0.037887
-0.438046
-0.093104
0.208014
0.086996
0.197319
-0.389937
-0.138935
-0.345182
-0.191998
0.361213
-0.229552
-0.345763
0.503879
-0.224263
0.378380
0.469345
0.178151
0.313772
-0.505854
0.295098
0.424095
-0.238588
-0.252359
-0.240966
-0.078586
-0.064001
-0.476515
-0.068119
0.018771
-0.068071
0.427174
-0.109975
-0.470676
0.077169
0.105629
-0.161352
0.564586
-0.258555
-0.439027
0.004047
-0.547922
0.002633
-0.308936
-0.133816
-0.598049
-0.382204
0.470292
0.361464
0.369227
-0.221448
-0.098820
-0.102475
0.404418
-0.550590
0.241740
-0.283190
-0.065294
0.070751
0.578487
-0.113106
-0.205719
-0.243236
-0.023196
0.055739
-0.509163
0.099888
-0.000171
0.214527
-0.104283
-0.494974
-0.659620
0.088863
-0.226367
-0.323207
0.058642
0.245249
-0.357871
-0.037931
0.279764
-0.176167
0.182485
0.057999
0.549972
0.541124
0.476913
-0.149256
-0.507503
0.221499
-0.571366
0.514497
0.551599
-0.641544
-0.046034
-0.179156
-0.084466
0.037748
0.390623
0.123527
0.351327
0.019006
-0.404805
0.128872
-0.029065
-0.160276
0.091561
0.461479
-0.302829
0.260299
-0.022185
0.121999
-0.518720
-0.163985
-0.337185
0.598475
0.404029
-0.169439
0.718119
0.136610
-0.668880
0.192906
-0.468995
-0.488082
0.474517
0.289828
-0.340131
-0.167602
0.172064
0.135448
0.717313
0.374804
0.056708
0.584409
-0.581903
0.388920
-0.438030
-0.059123
-0.238622
0.559793
-0.211417
0.077797
0.199097
-0.258722
-0.474036
-0.328044
-0.035368
-0.253929
-0.756992
-0.099145
0.211472
-0.252205
0.019257
0.173940
-0.568320
-0.075877
-0.193389
0.055681
0.353184
-0.576523
0.146581
-0.142008
0.248095
-0.322031
0.346737
0.071951
-0.437919
-0.112471
-0.125224
0.059630
0.400924
-0.070114
-0.566689
0.339227
-0.301244
-0.169231
-0.481971
-0.102934
0.034611
0.453964
0.432915
-0.181486
0.226971
0.479385
0.330251
-0.313281
0.093547
-0.311681
-0.046630
0.604013
0.201542
-0.093896
-0.081224
0.375405
0.846102
-0.152637
0.334682
-0.089052
-0.016304
-0.673636
-0.095709
0.097096
-0.006811
0.267449
-0.119940
0.364488
0.437078
-0.212305
-0.123758
0.291486
0.045441
-0.482533
0.247301
0.329136
0.321157
-0.080534
0.081107
0.058882
-0.731000
-0.012946
-0.222413
0.470808
0.046782
-0.141159
-0.382219
-0.324300
0.099649
0.246953
0.451915
-0.109119
-0.218121
0.157146
0.209244
-0.008607
-0.540870
-0.196663
-0.688374
0.332594
0.340334
-0.113330
0.129156
-0.439287
-0.276069
0.226386
-0.413979
-0.041734
0.255104
0.483588
0.154853
0.061047
0.685022
0.554258
0.128179
0.474868
0.672579
-0.224929
0.267492
-0.008902
0.197587
-0.307809
0.594872
-0.677136
0.446874
-0.314982
0.304337
0.231574
0.146164
-0.123098
-0.219080
-0.070782
0.623535
0.025965
0.159663
0.271679
0.347508
-0.121063
0.063155
-0.159766
0.167062
0.663509
-0.429963
-0.654476
0.092624
0.368934
0.394713
-0.015664
0.409633
-0.701222
-0.006376
-0.355919
0.186186
0.098647
0.032010
0.204277
0.321639
0.176546
-0.161690
0.508283
-0.303988
-0.035594
0.030964
0.075487
-0.058790
-0.356393
-0.025999
-0.066221
0.001747
-0.154110
0.091239
0.050282
0.006914
0.307551
0.655789
0.552373
-0.508082
-0.544768
-0.249992
-0.108513
0.178175
-0.196516
0.382424
0.346520
-0.694697
0.184868
0.188291
0.263284
-0.215227
0.254740
-0.315695
0.239521
-0.209232
0.259024
-0.003967
0.345312
0.183666
-0.540096
-0.362110
0.419286
-0.132686
-0.279722
0.159818
0.251307
0.035432
0.251133
-0.608664
0.453661
0.395921
0.189859
0.461544
-0.232299
-0.446111
-0.377998
-0.348608
-0.298716
-0.197953
0.177976
0.434938
0.722961
-0.554611
-0.162136
0.125695
-0.075463
-0.300940
-0.437857
-0.390032
0.052557
-0.352561
-0.386100
-0.033602
-0.138711
0.007622
0.495473
0.135774
0.148555
0.352872
-0.450511
-0.490475
-0.072203
0.389669
-0.143693
0.080683
0.000624
0.343963
-0.654837
-0.443357
-0.197698
-0.361008
-0.177905
0.333067
-0.638582
0.038563
0.453797
-0.635346
-0.241705
-0.187595
0.526239
0.254514
-0.107715
-0.169582
-0.414820
-0.298996
-0.427070
-0.636365
-0.628963
0.051896
-0.262789
0.248307
-0.349234
0.036019
0.424180
0.463817
-0.505647
-0.075145
0.079138
-0.576704
0.444559
-0.404820
0.284537
-0.268141
0.038618
0.107822
0.009027
0.142659
0.310031
