-0.138242
-0.155315
-0.121469
-0.011763
-0.170693
-0.093045
0.488188
-0.134496
0.370229
0.214448
-0.226513
0.334267
0.662242
-0.309959
0.245268
0.319072
-0.021093
-0.361780
0.177010
0.256792
0.017119
0.048873
-0.415078
-0.365645
0.221165
-0.034266
-0.152860
-0.015586
0.373500
0.607229
-0.119133
0.022040
-0.415451
0.014001
-0.073126
-0.476865
-0.356500
0.362357
-0.648261
0.415947
0.039759
0.075549
-0.208788
0.343077
0.150029
-0.420897
0.024936
0.243745
-0.137796
-0.295878
0.174191
-0.373641
-0.237820
0.270984
0.093278
0.332964
-0.392523
-0.039419
-0.089669
0.188518
0.205129
-0.427753
0.501016
0.248376
-0.558435
0.268438
-0.023867
0.270751
0.058593
-0.455473
-0.224701
-0.385544
0.092078
0.037162
-0.241799
0.222121
-0.306331
0.089221
0.365361
-0.587084
0.388550
-0.322865
-0.436185
-0.251068
-0.575500
-0.324850
0.341653
0.218609
-0.288061
-0.529304
-0.326110
-0.376936
-0.410939
0.278679
-0.356086
-0.036645
-0.437136
-0.061051
0.106322
0.393867
0.134492
-0.261335
-0.765155
0.257971
-0.175200
-0.494741
-0.064137
-0.506868
0.390372
0.096905
0.255323
0.594437
-0.067368
0.016369
0.072819
-0.007233
-0.132667
-0.190128
-0.156282
-0.022277
-0.349945
0.022896
-0.212280
-0.271551
0.071061
0.276285
0.066715
0.372165
0.358683
0.504714
0.481771
-0.349555
-0.209364
0.017585
0.310735
-0.129107
0.428677
0.198253
0.014869
0.266913
-0.606205
0.034465
-0.509778
0.234684
0.041839
-0.289734
0.413613
-0.508636
-0.171355
-0.261182
-0.451263
-0.398733
0.297016
-0.194868
0.552965
0.791164
-0.116725
0.068802
-0.502569
-0.305196
0.006375
0.404798
0.577712
0.270516
-0.518870
-0.022393
-0.396092
-0.137186
-0.424242
-0.606573
0.022071
0.371915
-0.407400
0.133707
0.009413
-0.186610
0.483910
0.230349
-0.016058
0.032373
0.503541
-0.231473
-0.461357
0.355413
0.047423
-0.405740
0.041053
0.302185
-0.109447
0.175086
0.469825
-0.610277
-0.214226
0.008743
0.342212
-0.329067
-0.321602
-0.389475
-0.031788
-0.444082
0.387018
-0.033602
-0.611197
0.357747
-0.139529
0.197641
-0.160226
0.226540
0.219468
0.397169
-0.089526
0.421939
-0.289530
-0.004981
0.504367
-0.111571
-0.312619
-0.211323
0.322136
0.405494
-0.385014
0.118465
0.342275
0.130638
0.319529
0.651615
-0.319829
-0.411548
-0.075764
0.337044
0.384600
0.450018
0.323785
-0.568722
-0.392146
0.158825
-0.187257
-0.581166
-0.439710
-0.173318
-0.318943
-0.051279
0.380720
-0.078785
-0.342480
0.090076
-0.185814
-0.415641
0.016297
0.139536
0.008341
0.329147
0.288297
0.587398
0.252478
-0.124057
0.272034
0.647606
0.411553
0.606633
0.412180
-0.228376
0.407709
-0.250868
0.226635
0.207797
-0.114969
0.328959
-0.324883
0.100261
-0.050902
-0.436470
0.335597
0.152199
0.316460
-0.253745
-0.147197
0.293678
0.110023
0.037627
0.445768
0.228172
-0.332824
-0.083010
-0.111595
0.255114
-0.175541
-0.255686
-0.364549
0.645846
-0.245809
-0.764954
0.162548
0.376489
0.242214
0.009689
0.029683
0.101908
-0.364872
0.466700
-0.293977
-0.079887
0.445931
0.687684
-0.089824
0.085663
0.700121
0.623662
-0.613345
-0.415441
-0.680442
-0.192548
0.130195
-0.113042
0.522560
-0.237830
-0.076152
0.435698
-0.366731
0.002907
-0.071679
0.063991
-0.172713
0.752658
-0.260757
-0.160637
0.108864
-0.131984
0.029820
-0.016391
-0.389039
-0.510654
-0.027364
0.457712
0.021758
0.044684
-0.412463
0.358905
-0.476400
0.145163
0.227946
-0.033475
0.379520
0.134020
-0.323549
0.372960
0.161481
-0.184293
-0.337442
-0.299349
-0.390469
0.146070
0.126685
-0.107035
0.001982
-0.128414
0.099219
-0.103294
0.458581
-0.504663
-0.268930
-0.177049
0.390016
-0.481766
0.300146
-0.603252
0.139338
-0.631705
0.106334
-0.450938
0.209750
0.372984
-0.323198
0.330015
0.446619
-0.219121
-0.328233
-0.218698
-0.282077
0.140378
-0.054291
-0.331848
-0.370032
0.357390
-0.349913
0.288961
0.095875
0.612321
0.304959
0.527668
-0.164597
-0.761156
0.329216
0.748781
0.072706
-0.114640
0.191885
0.526978
0.578523
0.302775
0.052446
0.145478
0.241998
-0.563318
0.000404
0.060483
0.469487
-0.339025
0.119541
-0.494428
0.080124
-0.252321
-0.119946
0.350162
-0.134544
0.667589
-0.252359
-0.173619
-0.382608
-0.526075
0.029876
-0.185079
0.262940
0.346800
0.305719
-0.092527
-0.552696
0.067116
-0.052025
-0.307159
0.493970
-0.141749
-0.681082
-0.226826
0.024038
-0.047797
-0.329674
0.357607
0.380839
-0.145653
-0.309787
0.321319
0.221196
-0.290226
0.373838
-0.137234
-0.534405
0.108473
-0.298498
-0.290231
0.024723
0.070751
0.140682
-0.194693
-0.648297
-0.231598
-0.586055
-0.474719
0.175328
0.177695
-0.219176
-0.442218
0.281705
0.272163
-0.421500
0.077391
-0.228295
0.391411
-0.007483
0.086114
0.144030
0.093182
0.347945
-0.347173
0.531577
-0.337977
-0.212703
0.694802
-0.655081
-0.149256
-0.295054
0.088997
0.027215
-0.025628
-0.091219
-0.335525
-0.000457
0.211056
0.030641
0.026631
0.111898
0.283891
0.532323
0.229666
-0.126294
0.297527
0.568075
0.147116
0.061220
-0.119226
-0.120384
-0.705606
0.499400
0.410911
0.218247
-0.522727
-0.314710
0.262818
-0.264288
-0.045170
-0.091079
-0.595645
0.108075
0.521422
-0.210817
-0.159769
0.373878
-0.406932
0.115871
-0.200108
0.358983
-0.243107
0.499737
0.414842
0.404776
-0.390892
0.305932
0.263688
0.395073
-0.310010
0.202780
0.504729
-0.477481
-0.297467
0.122042
0.339675
0.061443
0.295646
-0.003403
-0.284064
-0.792841
0.017673
0.441675
-0.037791
-0.231786
0.082585
-0.267792
-0.241760
0.303015
-0.322314
0.279401
-0.647221
-0.146480
-0.460501
-0.088328
-0.045408
-0.261703
-0.570383
-0.437919
-0.157489
-0.361237
0.135205
-0.637935
-0.508877
0.064177
0.543236
-0.353520
-0.227425
-0.596593
-0.310198
-0.198137
0.351944
0.261261
0.400455
0.115097
-0.193741
0.252861
0.187526
-0.569912
-0.108418
0.461498
0.559838
-0.503265
0.023104
-0.324065
0.336591
0.751373
-0.394505
0.502451
0.324301
0.272031
0.289046
-0.232724
-0.582862
0.700702
-0.242425
0.110284
-0.171730
0.458693
0.334817
-0.231203
0.125562
0.260870
0.302103
0.191455
0.468329
-0.067170
-0.050816
0.202676
0.460937
-0.457922
0.176295
0.283455
-0.135019
-0.287616
0.436338
-0.316488
-0.236695
-0.576474
-0.240043
0.451915
-0.402393
-0.208498
-0.751075
0.231712
0.009296
0.158336
0.527679
0.728560
0.264666
0.215055
0.461705
0.012059
-0.047815
-0.098109
0.195442
-0.197522
-0.362688
0.079951
-0.243202
0.624183
-0.233802
-0.069276
0.066581
0.144560
-0.200219
0.070377
0.309791
0.191813
0.318462
0.344288
-0.566053
0.511543
-0.338858
0.138713
0.020853
0.698755
0.040385
-0.646192
-0.806655
-0.053714
0.364674
-0.313387
-0.361533
0.159663
0.212095
0.454456
0.248309
0.271704
-0.771163
0.563028
0.563505
-0.511736
0.525931
-0.023331
0.290445
0.237668
-0.018430
0.354439
0.078544
-0.460824
0.047368
-0.059201
-0.024135
-0.009168
0.204277
0.055243
0.578271
0.282506
0.354026
-0.174667
0.240753
-0.337227
-0.246367
0.270472
-0.516348
-0.022558
0.035883
0.325667
0.674769
0.016334
0.098297
-0.105296
-0.106269
-0.556459
-0.211188
0.332212
-0.168787
0.288292
0.170774
-0.067561
0.072759
0.047968
-0.182176
-0.038363
-0.178882
0.212821
-0.464166
0.059831
-0.344343
0.210079
0.232994
0.045560
0.207997
-0.401387
0.390867
0.379750
-0.534632
0.047148
-0.269264
-0.126277
0.355465
0.400539
0.517645
0.645132
0.489401
0.264376
0.552268
0.449819
-0.021766
-0.082525
-0.115456
-0.099463
-0.471253
-0.246381
0.602700
-0.182493
0.156010
0.458017
-0.176112
-0.617243
-0.216593
0.340671
-0.379748
0.120265
-0.141409
0.186222
-0.016304
-0.163294
0.109850
-0.229825
0.104897
0.005545
-0.365075
0.096966
-0.304872
0.355432
0.193017
-0.490475
-0.222201
0.523472
0.349829
0.549812
0.396298
-0.100479
-0.271583
-0.443166
0.473039
-0.184110
-0.177905
0.447642
0.040534
0.632122
-0.599515
-0.413585
-0.306347
-0.231633
0.473476
0.443487
-0.055990
-0.097506
0.176068
-0.294464
-0.043129
-0.022903
-0.172220
-0.084730
0.077287
-0.048991
-0.622465
0.128419
-0.104160
0.103340
-0.022464
-0.279030
0.197050
-0.137167
0.336007
-0.239688
0.115348
-0.017352
0.054334
0.124194
-0.582407
0.142659
-0.028713
