-0.114553
-0.077586
0.014908
0.285491
-0.440463
-0.072798
-0.030494
-0.109623
-0.273239
0.261659
-0.299047
-0.034009
0.173843
-0.436735
-0.072917
0.254926
0.265932
0.317377
-0.333419
0.377197
0.149206
-0.405884
0.320914
-0.264703
0.143742
0.248877
-0.039397
0.444636
-0.046044
-0.108469
-0.092793
0.056952
-0.061010
0.176548
0.202165
-0.038422
0.020669
0.239637
-0.279374
0.239821
0.228857
-0.174261
0.309381
0.378305
0.647148
-0.560693
-0.222497
0.165634
0.378652
0.451158
0.409066
-0.109210
0.066771
0.009990
0.275675
-0.162300
0.148243
0.021758
-0.137460
0.320168
-0.265403
-0.231764
0.167557
-0.410598
-0.481073
0.364515
0.094380
0.322959
0.123939
0.154571
-0.151648
0.239695
-0.151883
-0.224044
-0.182800
0.115989
0.165032
0.062280
-0.147211
-0.348050
-0.126604
0.446624
0.439250
0.545559
-0.246036
-0.000005
0.327149
-0.193320
-0.303842
-0.387449
-0.022135
-0.175483
-0.445970
0.061893
0.435310
-0.661000
-0.288281
0.751957
-0.469838
0.368835
0.118297
0.352380
0.167441
0.095568
0.569389
-0.405116
-0.232605
-0.344837
-0.250378
-0.067211
0.395158
0.248600
-0.408333
-0.493276
-0.090850
-0.036523
0.247723
-0.604282
0.161234
0.026366
-0.709394
0.591902
-0.293840
-0.218532
-0.184025
-0.319307
0.023475
0.374131
0.644626
-0.415960
0.108888
0.475584
0.265102
0.153607
0.053277
-0.410351
-0.021797
0.458800
-0.039534
0.785429
0.216242
-0.620458
-0.127185
0.141570
-0.455596
0.195822
-0.332198
0.097953
0.540351
-0.426595
-0.148061
-0.241964
0.295657
-0.392291
-0.389157
0.072376
-0.244873
-0.458548
-0.001925
-0.182093
0.221064
0.266021
0.397860
-0.004996
0.151744
0.223706
-0.574112
-0.360138
0.336016
-0.197930
0.021319
-0.016437
-0.329492
0.061824
0.283810
-0.252086
0.362245
-0.329176
-0.248769
0.161296
0.412856
0.751665
0.194381
-0.231297
-0.155673
-0.065963
0.083701
0.184297
0.088534
-0.410347
-0.306484
-0.516587
-0.274197
-0.303693
-0.285587
-0.052041
-0.062641
0.171897
0.421449
-0.557536
0.685124
0.016975
0.192992
-0.097780
-0.023061
-0.437377
0.362990
-0.273260
-0.612049
0.357663
0.466182
0.215807
-0.191460
-0.004981
0.780871
0.102825
0.072742
-0.405324
0.109182
-0.240363
-0.097120
0.595687
0.117907
0.139002
-0.438390
0.053061
0.283846
-0.200760
0.230810
0.102478
-0.539770
0.384389
0.360131
0.182080
-0.114299
0.137879
-0.321529
0.335324
-0.609493
0.478495
0.117622
0.104156
-0.575781
0.102768
-0.315700
0.098131
-0.463334
-0.106626
-0.252235
0.256619
-0.111385
-0.350867
0.288297
0.184900
0.476044
-0.205657
0.398011
0.483725
-0.420389
-0.453497
0.371578
0.045751
-0.154572
-0.399849
0.463829
-0.039791
-0.457870
0.328959
0.694352
-0.011049
-0.416434
0.211459
0.286619
0.086540
-0.062903
-0.034457
0.098811
0.005178
-0.044413
-0.209284
0.144253
0.181292
0.065909
0.341070
-0.210734
-0.615334
-0.122753
0.294868
0.654007
-0.274172
-0.263462
-0.339689
-0.076355
-0.383414
-0.436930
0.471161
-0.264994
-0.038754
0.136928
0.367507
0.444570
-0.540671
0.307331
0.000055
-0.264033
-0.191919
-0.111334
-0.119595
-0.000133
0.476699
0.112045
0.331826
0.126860
0.066890
0.290448
0.259671
0.572561
-0.209688
0.015582
-0.103018
0.298353
0.111488
0.556358
-0.062356
0.440286
0.614976
0.703057
0.172863
-0.131323
-0.359762
0.148691
-0.421925
0.056163
0.019874
0.311335
-0.470718
-0.250171
-0.085810
-0.419970
-0.146977
-0.401445
-0.264828
0.631221
0.206836
-0.623366
-0.696113
-0.203585
-0.166519
-0.771091
-0.451696
0.248888
0.137616
0.076494
-0.333363
-0.371693
-0.432197
0.549501
0.209109
-0.434036
-0.173082
-0.134002
0.592168
-0.024573
0.577726
0.362666
-0.117664
-0.167880
-0.196098
0.023804
-0.215230
0.235595
0.195419
-0.021565
-0.352559
-0.256682
-0.223019
0.327001
0.271906
-0.120948
0.237195
-0.054291
-0.160173
0.359212
0.330106
0.187852
-0.271377
-0.105872
-0.252798
0.400125
-0.083037
0.410086
0.046267
0.271287
0.433353
0.342731
-0.071734
0.316299
0.379206
0.144693
-0.027436
-0.495925
-0.114555
-0.153600
0.401431
0.571042
0.044835
0.080659
-0.056808
-0.262458
0.196290
0.055571
0.118963
0.071071
0.549446
-0.173440
0.445046
0.004174
0.558567
-0.241564
0.090997
0.060435
0.141912
-0.171735
0.260733
-0.063030
-0.187605
0.328433
-0.681443
0.637053
0.280933
0.072245
0.115483
-0.114293
-0.451875
-0.293281
0.086033
-0.234231
0.522999
0.082312
0.369239
0.241384
0.425925
0.350982
0.722893
-0.309307
-0.080465
0.195436
-0.149290
-0.297810
-0.000499
-0.360173
0.195263
0.282276
0.680756
-0.077352
-0.242580
0.017266
0.456584
-0.037481
0.442000
-0.383532
0.030962
-0.328822
-0.346802
0.401470
-0.087887
-0.165972
-0.070511
0.376692
0.536268
-0.064306
-0.448328
-0.539549
-0.299957
0.310236
0.398665
0.445905
0.270790
-0.118305
0.048935
-0.001817
-0.068786
-0.430317
0.055863
0.527308
-0.078406
0.299929
-0.237620
-0.503383
-0.329337
-0.025478
0.460578
0.555925
0.162660
-0.402460
-0.020884
0.338865
0.346843
-0.050020
-0.179700
-0.486980
0.484132
0.542106
-0.395986
-0.488464
-0.251691
0.089839
-0.274272
0.342345
0.327550
-0.355066
0.218666
-0.171539
-0.389482
-0.209706
-0.168422
-0.363560
-0.159927
-0.263106
0.453023
0.238438
0.090691
-0.108924
0.136670
-0.401621
0.050789
-0.303466
0.335571
-0.558257
0.226954
0.085874
-0.152277
0.147202
-0.041817
0.436560
0.414210
-0.002964
0.266199
0.369077
-0.410484
0.394829
-0.518698
-0.268156
0.428728
-0.146953
-0.163443
-0.220772
0.204948
0.148115
0.110226
-0.008730
0.046003
-0.523306
-0.111655
-0.150297
-0.082679
-0.151259
0.082280
0.436904
-0.164152
-0.043226
0.041604
-0.104767
0.275124
-0.297461
-0.159478
-0.384726
0.407608
-0.589651
-0.119559
0.047027
0.580790
0.019695
0.370314
-0.280010
-0.304985
0.015521
-0.177438
0.268352
-0.402390
0.450109
0.415265
0.161589
0.372733
0.174761
-0.227970
-0.489849
-0.350964
0.172627
-0.089994
-0.168500
-0.489473
-0.232724
0.040730
0.004369
-0.242425
-0.503660
0.250911
0.347061
0.152704
0.268560
-0.225466
0.403857
0.339022
0.212027
0.369692
-0.220396
-0.153076
0.027481
0.402553
-0.651748
0.369349
0.227639
-0.218452
0.039498
0.546033
-0.403502
0.036143
-0.256422
-0.038405
-0.084759
-0.051727
-0.007968
0.574027
0.234199
0.463745
0.636600
-0.526092
0.218247
0.215067
-0.127857
0.024411
0.192893
0.051595
-0.176822
-0.428697
-0.086904
-0.041734
0.048481
-0.234241
0.375277
0.056890
-0.197646
-0.137709
0.085753
-0.133546
0.461268
0.147247
0.167764
0.522712
-0.232268
-0.634317
-0.118990
0.194736
-0.116417
-0.239435
-0.175100
-0.211741
-0.159912
-0.070751
-0.323875
-0.326113
-0.302370
-0.214476
0.159663
0.182975
-0.255137
0.122079
0.371551
0.370420
0.688524
-0.042887
0.185179
-0.400526
0.195840
-0.428149
0.649264
-0.106391
0.218563
-0.256479
0.156183
0.022368
0.062937
0.036867
0.024163
-0.121158
0.332872
0.545413
-0.481936
0.109057
-0.025358
-0.179867
0.166285
0.155944
0.477533
-0.052464
0.421879
-0.134389
0.075986
-0.047872
0.524152
0.352547
0.242599
0.019620
0.929646
-0.283886
-0.158513
-0.240920
0.495740
-0.492343
0.293719
0.430596
-0.334869
-0.204399
-0.701047
-0.273553
0.346648
-0.127289
0.037815
-0.048673
-0.368532
-0.482510
-0.307478
0.608819
0.379875
-0.027981
0.222283
0.446807
-0.574560
-0.216172
0.185031
0.489871
0.199440
-0.426109
-0.005828
0.344422
0.153722
0.489210
-0.656518
-0.272845
0.397919
-0.263544
-0.157792
0.395911
-0.491088
0.254019
-0.166985
-0.126173
-0.539831
0.224597
-0.066401
-0.101280
0.364032
0.341921
-0.197533
0.216741
0.293360
0.035732
-0.134088
0.263264
-0.399286
0.460814
0.157702
-0.398102
-0.139548
-0.164568
-0.103161
0.119658
-0.545487
0.175952
0.072979
-0.463919
0.122343
-0.383319
-0.204255
-0.723639
-0.347565
-0.102888
-0.500433
-0.255199
0.094617
-0.003280
0.291525
-0.370002
-0.349358
-0.346793
-0.367487
0.261737
-0.009454
0.334580
-0.162847
-0.452950
-0.157578
0.475743
0.105426
-0.619197
0.019204
-0.155426
-0.016994
-0.492864
0.023228
-0.222436
0.256554
0.355257
-0.244600
0.093818
-0.566823
0.157566
0.258461
-0.231407
-0.307099
0.330150
0.225681
-0.014792
-0.592009
0.211819
