0.208900
-0.165284
-0.037748
-0.201902
0.178483
-0.240209
0.094136
0.281548
-0.138511
0.004946
0.153281
-0.278775
0.344030
-0.479573
-0.487147
0.312737
0.167231
-0.017497
0.474783
-0.088005
0.416094
0.086809
-0.066580
-0.286107
0.139340
-0.441947
0.698380
0.280870
0.269974
-0.322258
-0.382007
-0.264849
-0.122553
0.217712
-0.069269
0.395789
0.163507
-0.087214
0.215038
0.185595
0.115842
0.323645
-0.368469
-0.291971
0.190118
-0.556804
-0.050535
-0.217355
0.126277
0.468983
-0.437407
-0.177910
-0.182483
0.294049
0.686797
0.503298
-0.413314
-0.247027
0.256265
0.496797
0.332987
0.108211
0.236189
0.053646
0.091339
0.270888
0.209795
-0.208912
-0.016302
0.246386
-0.244148
-0.400967
0.090727
-0.312397
0.150645
0.505952
0.280541
-0.005062
0.446314
-0.249771
-0.025560
-0.505358
-0.408674
0.427423
0.178368
0.111954
-0.332070
-0.200250
-0.256199
0.206616
0.078160
-0.021599
-0.154683
-0.438625
0.353024
-0.596347
0.111294
0.312749
-0.541163
0.040032
-0.143344
0.034629
0.154968
0.128491
-0.468799
-0.383566
-0.424078
0.090008
0.073603
0.155448
0.289301
0.570538
-0.004081
-0.625476
0.194481
-0.294905
0.260782
-0.278706
-0.069205
-0.499648
-0.111415
-0.329234
0.164649
-0.274782
0.129023
-0.006785
-0.351356
0.252579
-0.315514
-0.501985
-0.583714
0.304340
0.162504
-0.599593
-0.510789
-0.288541
0.422037
-0.459058
-0.052341
0.191057
0.099211
0.455571
0.043692
0.067971
0.344359
-0.061051
0.381823
0.210506
0.677935
-0.043449
0.061554
0.161726
-0.077548
0.016092
0.413293
0.553142
0.110606
0.109676
-0.068985
0.283256
-0.435627
-0.127955
0.402763
-0.308003
-0.044806
0.039217
-0.116994
-0.350448
0.348944
-0.513465
-0.146702
0.046956
0.301210
0.053366
0.032598
0.177193
-0.353790
-0.567676
0.225433
0.006223
-0.237586
-0.081450
0.251582
-0.501284
0.186838
0.141733
-0.573273
-0.571611
-0.483728
-0.301420
0.454228
-0.505864
-0.059708
0.314775
-0.393619
-0.066945
-0.383241
-0.144289
-0.540550
0.152350
0.542135
0.312932
-0.674060
-0.275822
0.268201
0.315340
-0.076622
-0.278751
-0.528329
-0.284879
0.221549
-0.627277
-0.296556
0.283477
-0.446425
0.161605
0.072607
-0.267075
-0.375883
-0.233440
-0.526066
-0.593282
0.131484
-0.615855
-0.426893
-0.098132
0.528505
-0.446899
-0.335490
-0.335774
0.127346
-0.351083
-0.188478
0.204010
-0.342095
-0.346976
0.670790
-0.489395
-0.334358
-0.453648
-0.526415
0.164710
0.201130
-0.382773
-0.509084
-0.275609
-0.306675
-0.296573
-0.521071
0.126513
-0.221049
0.184517
0.255016
-0.564988
-0.138779
-0.223591
-0.074652
-0.433963
0.509114
0.364922
0.118882
0.244336
-0.371737
0.404955
0.015115
0.143879
0.203610
0.418868
0.040168
-0.027171
0.289979
-0.130342
0.503784
0.018972
0.324413
0.156151
-0.032715
-0.029040
0.482505
-0.390210
-0.532076
-0.397300
0.390082
0.044631
-0.525427
-0.330935
-0.438754
-0.360883
-0.191647
-0.171480
-0.481387
0.221948
0.332914
0.081774
0.194550
0.463296
-0.228698
0.142453
0.244872
0.473086
-0.094690
-0.268974
0.542815
0.105279
-0.056945
-0.264394
0.452736
0.101714
0.138135
0.294456
0.194243
-0.085199
-0.556423
0.349420
-0.349100
-0.133731
0.101833
-0.509792
-0.413584
0.422517
-0.309406
0.420744
-0.370187
-0.234808
-0.007141
-0.106269
0.219472
-0.282739
-0.427331
0.213344
0.476323
-0.024110
0.198329
0.300379
-0.072164
-0.336821
-0.436772
-0.166935
0.466004
0.457234
0.036405
-0.205190
-0.313136
-0.028152
0.066728
0.312120
-0.217079
0.324723
-0.440301
-0.423726
-0.173138
0.433173
0.000334
0.252816
-0.165306
-0.199637
0.067751
-0.065216
0.337885
-0.228153
0.384069
0.233285
-0.064869
0.201095
0.066801
-0.155677
-0.421537
-0.395806
-0.345451
-0.417652
-0.164161
0.230070
0.249785
-0.283997
-0.115655
-0.274941
-0.648335
-0.156613
0.066082
0.293251
-0.025298
0.394226
0.261887
0.405180
-0.282044
0.102849
0.240166
-0.159513
-0.439679
0.029477
0.234768
-0.206221
-0.569067
0.114636
0.137313
-0.114780
-0.214871
0.364083
-0.423498
-0.259631
-0.075280
0.465351
0.123577
-0.035054
-0.098975
-0.424019
0.066079
-0.450769
0.348175
0.437426
0.139207
-0.052925
0.216002
0.245509
-0.061781
-0.047666
0.397651
0.116150
-0.044864
-0.059255
0.018326
0.059802
0.209450
-0.371236
0.340492
-0.090798
-0.348625
-0.749619
-0.186134
-0.281927
-0.081136
0.282675
-0.246989
0.021959
-0.461932
0.558951
0.058444
-0.285222
0.425530
0.241417
0.190037
0.315354
-0.322642
0.398177
-0.010861
-0.188448
0.079091
-0.101676
-0.025331
0.487169
0.208800
0.117805
0.578487
0.336044
-0.226548
0.276620
-0.607299
0.101741
0.173438
0.184352
-0.462774
0.289925
-0.171757
0.108031
-0.576452
0.031507
-0.194445
-0.106025
-0.471060
-0.502996
-0.307519
0.069452
0.534721
-0.371686
0.673745
-0.535337
0.170740
0.746379
-0.532431
-0.379049
-0.511085
-0.046284
0.317573
0.131672
-0.165686
-0.752121
-0.379318
0.238853
0.186125
0.380234
-0.239407
-0.008516
-0.052056
-0.013685
0.111205
-0.012994
-0.126322
-0.199169
-0.472441
0.472412
0.166530
0.293435
-0.069468
0.118259
-0.212618
0.547619
0.499958
-0.025989
0.284040
-0.118789
0.633701
-0.106460
0.058520
0.179433
-0.358107
-0.316879
0.281280
0.176514
0.121755
-0.040950
0.355350
-0.374378
0.390501
0.112111
-0.292890
0.206205
0.075637
0.526584
0.262519
-0.409220
0.230185
0.458318
0.081151
0.257376
0.168479
-0.434795
-0.331196
-0.216496
0.119405
-0.244516
-0.111890
0.529866
0.145555
0.294985
-0.123253
-0.303306
-0.277700
-0.045254
-0.573264
0.430599
-0.145079
0.411352
-0.471165
-0.145421
0.570341
-0.060244
-0.211209
-0.357947
0.343543
-0.072770
0.528359
0.011993
0.130885
0.065693
-0.486299
0.319579
0.317512
-0.218747
-0.060805
-0.420531
-0.074884
0.219805
0.247805
-0.176054
-0.541527
-0.062916
-0.112955
-0.249744
-0.421294
-0.324232
-0.088568
-0.207859
-0.231338
0.478700
-0.420540
0.040204
0.318985
-0.228624
0.009200
-0.100051
-0.043597
0.029368
-0.389183
-0.217526
-0.235733
-0.189291
-0.347506
-0.298047
0.341034
0.300740
-0.229035
0.366230
0.622043
-0.324885
-0.532269
0.172606
0.257694
-0.375139
0.148381
0.164772
0.433061
-0.152793
0.156033
0.336279
0.242993
-0.309019
0.598884
-0.180737
0.024477
0.236875
-0.308966
0.069373
0.313691
0.215828
-0.595119
0.062856
-0.203582
0.218069
-0.189390
-0.027430
-0.045769
0.015263
-0.399569
0.127872
-0.458721
0.176348
-0.083836
0.190972
0.296379
-0.639833
0.149452
0.293269
-0.207358
-0.015749
0.156921
0.254935
-0.075013
-0.436401
0.214599
0.512976
-0.334828
0.000641
0.444099
0.476669
0.499813
-0.321634
-0.458251
-0.228644
0.244742
0.081374
-0.261402
-0.268971
-0.436503
0.486236
0.044472
-0.132762
-0.731856
-0.339790
-0.184544
-0.416838
-0.447133
0.325040
-0.122645
-0.400808
0.450878
0.535525
-0.159614
0.185368
0.603153
0.452071
-0.363325
-0.126026
-0.356271
-0.209971
-0.497137
-0.336826
0.421094
-0.577958
0.356867
0.295031
-0.696536
0.036555
-0.658038
-0.543898
-0.543183
0.381709
-0.667303
0.292481
0.325667
0.162714
0.191616
0.319787
-0.637572
0.106693
0.432587
0.590737
-0.275832
0.304773
-0.545457
-0.498872
0.068277
-0.720247
0.049509
-0.105781
0.248154
-0.341387
-0.094479
-0.308618
0.437048
-0.145358
0.284094
-0.005791
-0.357861
0.249453
-0.214726
-0.498056
-0.472893
-0.453827
-0.141019
-0.113407
-0.021409
0.164990
0.067627
-0.200919
-0.455061
-0.085706
0.258628
-0.368621
0.129831
-0.300795
-0.315882
-0.512426
0.179232
-0.515025
0.041628
0.119160
0.421640
0.167798
-0.519649
0.035112
0.500067
-0.234168
0.114715
0.417189
-0.371536
0.013314
0.374266
0.201833
0.517267
0.427405
0.136537
-0.156130
-0.291482
0.176490
-0.372764
-0.833715
0.104212
0.059802
0.581625
-0.052133
0.126568
0.165974
0.234916
-0.375886
0.083393
-0.341398
0.147418
-0.331776
0.012946
0.153010
-0.118434
0.392386
0.237001
0.148610
0.103310
-0.446007
-0.380777
0.058707
-0.017960
-0.446909
0.093809
-0.166833
-0.092537
0.565033
-0.754815
-0.522156
-0.233770
-0.006295
-0.342170
-0.628702
0.129366
-0.285247
-0.357524
-0.786955
0.355207
0.233317
0.425018
0.035389
0.394443
0.438738
-0.091249
0.117738
0.549287
0.129363
-0.087453
0.349603
