-0.098334
-0.173379
0.200674
-0.105981
-0.384118
0.065030
-0.073525
-0.099266
0.066817
-0.077291
0.056239
0.061346
-0.353693
-0.533078
-0.452045
0.243725
-0.456328
-0.199178
-0.316464
-0.039625
-0.221071
0.113974
0.024149
0.382325
-0.113839
0.308568
0.374132
-0.291001
0.510877
0.077319
0.095114
-0.108643
-0.415451
0.118205
0.084212
-0.195762
0.304995
-0.097162
0.091531
0.154536
-0.031017
0.420461
-0.035324
0.043050
0.158292
0.388247
0.279695
-0.107499
-0.103331
-0.036178
-0.073842
0.521262
0.101338
0.369013
0.281380
0.606592
-0.513531
0.257214
0.428192
-0.250354
-0.106555
0.327417
0.148430
0.411871
-0.530841
0.341596
-0.196192
0.010149
0.293916
-0.567543
-0.093280
-0.027846
0.239973
-0.296779
0.298777
-0.374918
-0.163201
0.001319
-0.240326
-0.544830
-0.020397
-0.480923
-0.694287
0.202768
-0.087740
0.077861
0.218899
0.415277
-0.114430
0.050206
-0.243043
-0.045320
0.314344
-0.413894
-0.405869
-0.743332
-0.227885
-0.192542
0.431990
0.456503
-0.432445
-0.102324
-0.158541
0.238512
-0.047050
-0.435118
-0.392349
0.035030
0.487863
0.188169
0.147051
0.071160
-0.302766
0.105295
-0.098180
-0.227979
0.076353
-0.235193
-0.028883
-0.187273
0.210241
0.559679
-0.592376
-0.265512
-0.086958
-0.174983
-0.088826
0.075710
0.140214
-0.101274
-0.353109
0.270812
0.175971
-0.401001
0.314811
0.186113
-0.118206
0.170152
-0.514666
0.241758
-0.012752
0.248278
0.024104
-0.055666
0.081572
-0.053424
0.587434
-0.628651
-0.269607
-0.346229
0.039332
0.202542
-0.050425
-0.319279
-0.199299
-0.015895
0.048847
-0.130905
-0.152345
-0.139594
0.156201
-0.097600
0.323561
0.055712
-0.031896
-0.200685
0.452737
-0.804838
-0.215913
0.413501
0.230298
0.296107
0.148731
0.738597
0.193858
-0.358223
-0.249076
0.009224
0.454329
0.178379
0.120812
-0.152080
0.209043
-0.439079
0.393669
-0.217818
0.050761
0.488712
0.172946
-0.077537
-0.555238
0.092944
0.263285
-0.013071
-0.317664
0.019405
0.509156
-0.468707
-0.175905
0.179026
-0.089049
-0.123976
0.111576
-0.183978
-0.563785
-0.063479
-0.203825
0.163295
0.037038
0.296171
-0.065689
-0.240484
0.099568
0.281522
0.488583
0.188796
0.004968
-0.166916
0.261326
0.365300
-0.559835
-0.148606
0.081569
-0.562962
-0.036975
0.393074
-0.380800
-0.417897
-0.161449
-0.383238
-0.396063
-0.127923
-0.213928
0.082485
0.088577
0.290258
0.035252
0.031721
-0.603272
0.253165
0.138474
-0.390632
-0.464114
0.041002
0.136027
-0.352569
0.102358
-0.427760
-0.467801
-0.564244
0.541290
-0.358081
-0.374951
0.275270
-0.484887
-0.224409
0.395641
0.357580
0.116501
-0.676674
0.744128
-0.670497
-0.586693
-0.345981
0.009193
0.101297
0.251311
0.449568
0.086783
0.068536
-0.188525
0.248914
0.443835
0.058591
-0.210129
0.459596
-0.217279
0.149540
0.005608
-0.217599
-0.146257
-0.612536
0.360747
-0.036368
0.172745
-0.660789
-0.000943
-0.274985
-0.361963
-0.064300
0.632978
0.220375
-0.073866
-0.214840
-0.347086
-0.093511
0.493778
-0.611527
-0.396271
-0.141808
0.547474
0.004458
-0.265155
-0.389169
-0.181022
0.643913
0.331814
-0.276469
-0.188291
-0.802486
-0.259389
-0.106329
0.249993
-0.100361
0.353540
-0.278760
-0.173105
0.042319
0.151390
0.442620
0.054385
0.430231
0.105061
0.304524
-0.067024
-0.519568
-0.459341
-0.265879
-0.029774
-0.424120
-0.422717
-0.312394
-0.007402
0.077385
0.206714
-0.340918
0.452823
-0.078672
-0.552790
0.145902
-0.654550
0.211281
0.018998
0.155896
-0.269811
-0.547742
0.372107
0.065593
-0.517529
-0.505388
-0.108298
0.444990
-0.515218
-0.162186
0.309785
0.254254
-0.019858
0.090699
0.593010
0.078291
-0.127242
0.077295
0.514623
-0.235939
0.385558
-0.126536
0.320881
0.134069
0.642104
-0.325099
0.558219
-0.038299
-0.149335
-0.180544
-0.251178
0.337636
0.417917
0.091607
0.350201
-0.220085
0.047045
0.320066
-0.126239
-0.184011
-0.415260
-0.132307
0.030798
-0.385680
0.233540
0.486915
-0.247683
-0.646342
0.393871
-0.794972
0.411407
-0.365520
0.430334
0.069220
0.045475
-0.370325
-0.285059
0.443446
-0.742481
-0.106305
-0.447639
-0.101629
0.332137
-0.034695
0.664974
-0.392478
-0.410776
0.284766
-0.305636
0.213155
-0.389396
0.090705
0.146275
-0.204348
-0.395480
-0.161007
0.166967
0.294473
-0.308418
0.571868
-0.043818
0.041330
-0.301840
-0.258953
-0.181391
-0.073575
-0.044725
0.056195
0.429486
-0.479979
0.280250
-0.047797
0.007877
-0.146577
-0.003228
0.412144
0.489367
0.140962
0.423795
0.191375
-0.309307
-0.189311
-0.241644
-0.041833
0.032620
-0.234329
0.079275
0.146052
-0.156579
-0.122918
0.429610
-0.084825
0.082347
0.322303
0.836981
0.230123
0.219411
-0.007259
-0.015910
0.012482
-0.437027
-0.600509
-0.138235
0.139609
0.449928
0.022227
-0.186537
0.178526
0.180843
0.378252
0.078290
0.087808
0.507355
0.457313
0.130410
0.489046
-0.132965
0.161826
0.039109
0.066659
0.356052
-0.423043
-0.354983
-0.034774
-0.418238
-0.470974
-0.457917
0.321950
-0.000374
-0.088100
-0.700378
0.319604
-0.560561
0.256879
-0.020311
-0.163093
-0.439144
-0.196159
0.505036
-0.581152
0.701660
-0.165342
-0.385264
0.347897
-0.055545
-0.285320
0.375779
0.201762
0.174147
-0.494806
-0.105594
-0.006612
0.167499
-0.193571
-0.234060
0.140065
-0.145483
-0.160819
0.564667
0.346275
-0.185440
0.423307
0.307953
0.263688
0.103576
0.198746
-0.043189
0.383067
-0.155361
0.320096
0.120629
0.398684
-0.164599
-0.384278
0.482212
-0.230899
0.138777
0.445167
-0.039560
-0.409675
-0.152613
-0.118937
0.295017
-0.045445
-0.079546
-0.316847
-0.100272
0.046003
-0.185560
-0.647104
0.068736
-0.450968
-0.091772
0.650815
0.191028
-0.289140
-0.301372
0.190544
-0.059101
-0.248889
-0.463950
-0.346235
0.125055
-0.227425
-0.128504
0.262830
-0.390280
0.306956
-0.373556
-0.110918
-0.526835
-0.286675
-0.060674
-0.272755
-0.345116
0.018051
0.413205
0.034398
0.042700
-0.043590
-0.184732
-0.183466
0.846102
-0.579403
-0.001060
0.530483
0.222353
-0.241513
-0.256330
-0.143270
-0.543398
-0.646347
-0.367106
-0.407446
0.475994
0.217712
-0.194902
0.308296
-0.228882
0.690150
-0.014016
-0.145551
-0.228549
-0.142340
-0.391882
-0.268156
0.261972
-0.329152
-0.170950
-0.472597
0.438675
-0.374073
0.495170
-0.423367
-0.210912
0.044036
-0.743094
-0.392230
-0.371904
-0.518883
-0.457742
-0.125192
-0.091278
0.276260
0.487492
-0.119401
-0.207324
0.473015
-0.035748
-0.047815
0.474673
0.012168
-0.475693
0.062565
0.565079
-0.553430
0.456977
0.090807
-0.332078
0.481810
-0.077499
-0.148050
0.123683
0.081894
0.207365
-0.096106
-0.304054
0.176823
0.511543
-0.349499
-0.021404
0.135353
-0.286923
-0.017537
0.542556
-0.365231
0.288665
-0.685462
-0.260208
-0.404459
0.145572
-0.226335
0.192301
0.054397
0.543936
0.043874
0.038105
-0.194142
-0.088042
-0.545784
-0.251314
-0.486410
-0.061021
-0.194901
0.368639
0.326446
0.048962
0.448996
0.181470
0.355421
0.015631
0.064034
-0.241047
-0.229722
-0.291521
0.154949
-0.197181
0.551771
-0.504945
0.281929
-0.088490
0.538280
0.144444
0.237619
-0.180861
-0.432597
0.100725
0.120496
0.023272
-0.098799
0.374440
-0.027649
0.021684
-0.272294
-0.414794
0.097186
0.133444
0.315860
0.213098
0.523271
0.448384
0.055088
-0.616853
-0.329966
0.112012
0.002241
-0.216066
0.211659
-0.168413
0.289220
-0.156416
-0.239027
0.440161
0.373817
0.408117
0.525157
-0.146598
0.130546
0.293581
0.284715
0.691965
-0.375962
0.264358
-0.373580
0.060105
0.260976
-0.187558
-0.419046
0.130493
0.308258
0.062137
-0.313794
0.476501
-0.224033
-0.001605
-0.549720
0.715688
-0.329076
-0.595999
-0.332771
0.171867
-0.087190
0.236132
-0.333503
-0.035384
-0.038469
0.204931
0.026588
0.005545
0.407717
0.015895
0.208099
-0.392734
-0.290618
-0.318139
-0.108880
-0.550510
0.614219
-0.061104
-0.252317
-0.074254
-0.059113
-0.347565
0.338873
0.493830
0.443167
-0.227680
0.001833
0.584995
0.201615
-0.357874
-0.346793
-0.129095
0.298369
0.594771
0.239838
0.363336
-0.019512
-0.060198
0.189280
-0.375664
-0.014646
-0.183503
0.095678
-0.142452
-0.609818
0.026592
-0.739833
0.429739
-0.191539
0.214787
-0.322861
-0.329706
-0.813692
-0.620275
-0.524483
0.392973
-0.456755
0.490613
0.416886
0.162671
0.427890
