0.183704
-0.404081
-0.595869
0.451202
0.034347
-0.517049
-0.659603
-0.238144
-0.212223
0.493774
0.011433
0.119695
-0.367333
-0.266244
-0.091184
0.600302
-0.181205
-0.311907
0.227579
-0.485875
0.136254
-0.147658
0.054684
0.317406
0.081543
-0.043633
-0.019885
-0.000499
0.474013
-0.262446
0.315802
-0.264849
0.375449
0.184209
-0.124355
-0.223629
0.008670
-0.185088
-0.092391
0.325380
-0.110350
0.407180
-0.104219
-0.054355
0.667500
0.301787
0.300260
-0.217448
0.529089
0.119443
0.360383
0.078597
0.538564
-0.227776
0.291733
-0.243988
-0.023811
0.026213
-0.252071
-0.456243
-0.273131
0.525506
-0.462049
0.525114
-0.340871
-0.378423
0.450308
-0.300544
0.260765
0.538138
0.220648
-0.305088
0.023537
0.551564
0.342513
0.265837
0.424243
0.145836
0.226962
-0.382324
-0.124928
0.321341
0.062310
-0.251068
-0.035227
0.230319
-0.161927
0.014510
0.313580
-0.126343
-0.337733
-0.695673
0.391789
-0.114163
0.273687
-0.112321
0.356386
-0.234029
-0.577476
0.210549
-0.341181
-0.411732
-0.430211
0.139096
0.300626
0.170352
-0.532955
-0.450000
0.159835
-0.267210
-0.206843
-0.284611
-0.384031
-0.231230
-0.029662
0.032411
0.162740
-0.068724
-0.312157
-0.539947
-0.079272
0.399139
0.413482
0.699603
-0.170712
-0.201619
0.196086
0.607952
0.510217
-0.366079
-0.178124
-0.289568
-0.016570
-0.100352
-0.242165
0.527089
-0.110332
0.173465
-0.195712
-0.270978
0.731579
0.309866
0.200368
0.046402
-0.083062
0.280447
-0.272627
0.456051
0.125438
0.387288
-0.098338
-0.355044
-0.547715
-0.209733
0.138134
0.937049
-0.527827
-0.045984
-0.647793
0.373244
-0.030794
0.339884
-0.239818
0.641596
0.104455
-0.404721
-0.187117
0.210220
-0.284639
0.498057
0.170954
-0.321414
-0.092619
-0.094969
0.318487
-0.199761
-0.309330
-0.097282
-0.718695
0.447112
0.472458
-0.100840
0.101324
0.532213
-0.015067
-0.093113
-0.181185
-0.147725
0.032746
0.083981
-0.344001
-0.200315
-0.559334
-0.570063
-0.070449
-0.067961
-0.255837
-0.556198
-0.268756
-0.342641
0.545738
0.226776
-0.514184
0.076358
0.084876
0.393347
0.364396
-0.061334
0.333355
-0.419546
0.354083
0.532949
0.563792
-0.365162
0.017078
-0.070888
0.169338
-0.250205
-0.082661
0.116654
-0.080602
0.467737
0.368837
-0.568629
0.471215
-0.579960
0.126397
-0.357908
-0.098374
-0.000770
0.010836
0.275960
-0.299292
0.320941
-0.489159
0.054935
-0.044081
-0.165746
-0.123281
-0.277217
-0.416818
-0.232557
0.474203
-0.177479
-0.543516
-0.394134
-0.310250
0.174360
-0.188349
0.440957
-0.196829
-0.048624
0.280258
-0.048263
-0.191657
0.106018
0.521501
-0.455478
-0.063615
0.502848
0.394454
-0.468061
0.390030
-0.283454
-0.178936
0.057989
0.060581
0.087341
-0.126714
0.163974
-0.223948
0.436031
0.419546
-0.177390
0.177562
-0.025582
-0.279526
-0.114131
0.515506
-0.148234
-0.556284
-0.431187
-0.134755
0.143077
-0.063031
0.614660
-0.261761
-0.161511
-0.515329
-0.067538
0.205414
0.566861
0.164084
-0.055102
0.162090
-0.091676
0.451561
-0.597775
0.328086
-0.034901
-0.247486
-0.229650
0.121555
0.413935
0.361470
0.142499
-0.162819
-0.210051
0.110044
0.645335
-0.217998
-0.232766
-0.428621
0.247169
0.437464
0.183956
0.082117
-0.607264
-0.046397
0.363991
0.319046
0.121546
-0.088571
-0.192457
0.426080
-0.071794
-0.325183
-0.054701
0.068654
0.450390
0.164224
-0.366502
0.001333
0.275990
0.044574
0.030180
-0.311287
0.110686
0.217204
0.227440
-0.825801
-0.443363
0.107927
0.398057
-0.424431
-0.375854
0.161481
0.245070
0.225400
0.604137
0.261062
-0.257368
0.235044
0.014796
-0.110964
0.590202
-0.099213
0.431148
0.425187
0.350154
0.636124
-0.054372
0.209887
-0.258970
0.519942
-0.684497
0.165472
0.264823
0.163528
-0.034760
0.554497
0.474177
0.299437
-0.358633
0.268728
0.283414
0.432241
0.216554
0.330924
0.180893
0.042609
0.333605
-0.210699
0.306470
-0.299122
0.567161
0.044635
0.163300
-0.486966
-0.265833
0.052011
-0.111045
0.271645
-0.664237
0.100008
-0.404029
0.077664
0.188652
0.431711
-0.085868
-0.348672
0.195236
-0.016363
0.330635
-0.329885
0.331088
0.097323
-0.089735
0.013133
0.356374
-0.368559
-0.127650
-0.705241
-0.420370
-0.410009
0.040897
-0.315009
-0.170583
-0.252405
0.327791
0.023920
-0.334802
0.191686
0.050454
0.199876
0.017984
-0.326688
-0.514410
-0.489330
-0.407100
-0.376131
-0.215830
-0.502076
-0.460447
0.406210
0.203310
0.406147
0.241898
-0.386111
-0.145653
-0.217634
0.003154
-0.573350
0.337750
-0.178471
-0.125248
0.071373
-0.244493
0.505137
-0.102080
0.711398
0.012977
0.538454
0.018069
0.308812
0.175408
-0.094105
0.101741
-0.225933
-0.014132
0.415494
-0.413280
-0.310867
0.242355
-0.241597
-0.051840
-0.109666
0.012529
0.176770
-0.510085
-0.107764
-0.056963
0.409774
-0.212292
-0.092303
0.212163
0.068711
0.475801
-0.655081
-0.386234
-0.051457
-0.068659
-0.194553
0.380577
-0.033404
0.253579
0.380104
-0.092605
-0.582914
-0.154612
0.198563
0.230922
0.673434
0.199188
-0.018673
0.176551
0.295594
0.246206
0.072265
-0.418880
-0.101382
-0.557147
0.084428
0.176295
0.349939
0.529542
-0.735998
-0.276590
0.151574
-0.346452
-0.477310
-0.381703
0.008786
-0.066507
-0.376983
-0.254441
-0.580725
0.136513
0.369207
0.159244
-0.427723
0.328003
0.642309
0.175604
0.316912
-0.106384
0.012212
0.335046
0.265924
-0.539562
0.161676
0.643454
0.079030
-0.297467
0.168479
-0.463366
0.312785
0.103709
0.371613
-0.283850
0.063338
0.217080
-0.174995
-0.523777
0.032257
0.145548
-0.599708
-0.218940
0.008943
0.306902
0.295638
-0.337445
0.183814
-0.335291
-0.258340
0.178558
-0.237512
0.461651
0.013502
-0.055044
-0.334384
0.002933
-0.237420
0.317376
-0.056147
-0.307263
-0.071120
-0.342342
0.158283
0.118495
0.603303
0.504442
0.279344
-0.401828
0.076027
-0.415152
-0.053238
-0.283225
-0.476910
-0.000041
-0.418416
-0.170550
-0.477700
0.697782
-0.301953
0.384341
-0.009341
0.900745
0.159360
0.582355
-0.033838
-0.571869
-0.116139
-0.527605
0.434473
-0.141030
-0.100510
-0.362926
0.496025
0.463184
-0.289590
-0.566259
-0.022312
0.639115
-0.316648
-0.014145
-0.121792
-0.177409
-0.341860
0.203210
-0.279730
0.421806
0.229829
0.359547
-0.044425
-0.493280
-0.202052
-0.298246
0.354894
0.806917
-0.526176
-0.219025
-0.430363
-0.464705
-0.639413
0.466725
-0.110702
0.007158
-0.474429
0.049677
-0.379599
0.125775
0.122573
0.410536
0.407018
-0.198065
-0.477003
-0.133044
-0.175269
0.283946
-0.027342
-0.289521
-0.178858
0.519426
0.388255
0.520013
0.074204
0.490408
-0.043147
-0.475718
-0.352463
-0.511340
-0.057065
-0.663415
0.408265
0.542688
-0.603018
0.335216
-0.118012
-0.713025
-0.441290
-0.098410
-0.118488
-0.286062
0.076592
0.027011
0.528614
0.371273
0.027541
-0.569593
-0.370133
-0.189002
-0.285524
0.643705
0.424618
-0.011476
0.456342
-0.356588
0.124059
-0.038423
-0.162508
0.114382
-0.432745
0.260775
-0.312526
-0.443747
0.225290
-0.345795
-0.093413
0.416529
-0.589931
0.341129
0.103116
-0.355260
-0.015679
0.128630
-0.343805
-0.112571
0.374038
-0.225489
0.381135
0.185809
0.114689
-0.323354
0.162308
-0.198902
-1.013687
-0.374763
0.204267
0.294434
0.161721
-0.465249
0.305564
-0.041959
0.125767
0.216694
0.295168
0.221066
0.409145
0.520430
-0.011802
0.082655
0.237538
-0.107304
0.039995
0.234440
0.231230
0.202574
-0.116616
-0.405112
-0.043270
0.071263
-0.419861
-0.681859
-0.416137
-0.438920
-0.399664
-0.115389
-0.052294
-0.427849
-0.210823
-0.327843
0.158084
0.358466
0.106083
0.737634
-0.308189
-0.105444
-0.153255
-0.421647
0.086122
0.095646
-0.253925
0.679541
0.144647
0.461945
-0.413861
-0.117947
-0.581170
-0.411059
0.109930
0.205292
-0.013960
0.013101
0.170595
0.757036
-0.314851
0.418433
0.033848
0.293573
0.224828
0.134462
-0.215502
0.597177
0.788422
-0.267298
0.280357
-0.463337
-0.367826
-0.502299
0.012071
0.279999
-0.146132
-0.078821
-0.152164
-0.055924
-0.114711
0.537071
0.084413
-0.047278
0.054684
0.077232
-0.118412
-0.056759
0.039780
0.411447
0.246381
-0.299890
0.131808
-0.344968
0.250558
0.387382
0.325046
-0.400752
0.262208
0.355582
0.283570
0.372837
0.288000
0.542364
-0.013968
0.047223
-0.257085
0.402303
0.066803
-0.022056
