0.383531
-0.425641
-0.560370
0.625703
-0.113836
-0.318012
0.315815
0.544170
-0.011252
0.261471
0.245790
0.170425
-0.067411
-0.547522
0.136442
0.191909
-0.024476
0.162194
0.073861
0.429326
0.532185
-0.209213
-0.502232
0.311779
-0.353384
0.245568
-0.340589
0.278452
-0.404557
0.303814
0.315802
-0.129200
-0.581295
-0.281326
-0.173085
0.231138
-0.231589
-0.688994
-0.130729
-0.382575
-0.249904
0.113717
-0.132413
0.179834
0.173188
-0.197121
-0.132425
0.420786
-0.034370
0.188530
0.614019
-0.300433
0.199611
0.062474
0.004011
-0.366136
0.089933
-0.582308
-0.079249
0.261451
0.168778
-0.521997
-0.573473
-0.524093
0.318007
-0.642994
0.403103
-0.333984
0.388058
0.123897
0.014188
-0.343338
0.398799
0.297451
0.419853
0.342706
-0.437003
0.198281
-0.277571
-0.654033
0.031277
0.286936
-0.425012
0.589968
-0.196461
-0.144870
0.097815
-0.296900
-0.041118
-0.165243
-0.392070
0.343098
-0.581915
-0.350694
0.016124
-0.140485
-0.207496
-0.352406
0.503720
-0.084308
-0.042557
0.346401
0.239873
0.380388
-0.187305
0.111023
-0.423655
0.246336
-0.043402
-0.206089
0.187281
0.312046
0.405751
-0.079343
-0.029339
-0.114986
-0.315513
-0.241042
0.433866
0.246229
-0.141202
-0.364015
-0.414964
0.291420
0.252899
0.571231
0.098490
0.174565
-0.302236
0.735396
0.273700
-0.360093
0.132151
0.221206
0.721957
-0.286873
-0.109639
-0.305018
-0.658425
0.488844
-0.583015
-0.194430
0.072336
0.176858
0.054523
-0.211390
0.498640
-0.395622
0.217864
0.296843
-0.274755
-0.222164
0.514850
-0.007454
-0.049683
0.471833
0.008351
0.171566
-0.043047
-0.473787
-0.428556
0.007447
0.557029
-0.128287
-0.099271
-0.512779
-0.338543
-0.590808
-0.492887
-0.139084
0.094661
-0.129204
-0.512785
0.407840
0.214999
-0.632973
0.551365
-0.342283
0.546099
0.094853
-0.206676
-0.519757
-0.069701
0.325595
0.349831
-0.228814
-0.307059
-0.506840
0.013150
-0.068589
0.081276
-0.538194
-0.181759
-0.230285
0.048079
0.028379
0.095504
-0.346708
-0.112942
-0.512082
-0.089049
0.169154
0.253147
-0.095076
-0.460245
0.409175
0.503602
-0.364763
-0.204778
-0.588686
0.175180
0.418408
0.097464
0.509732
0.359382
0.407884
0.215018
-0.092628
-0.159403
0.200108
-0.217342
-0.531670
0.638798
-0.374431
0.575533
0.104020
-0.010033
-0.689250
0.464229
0.137088
-0.401562
-0.180452
-0.205919
0.080082
-0.008152
0.212629
0.528725
-0.190092
-0.042611
-0.440769
0.206784
0.153159
-0.205618
-0.124788
-0.442923
0.010054
0.449907
-0.244464
0.027096
0.185420
-0.130352
0.470214
-0.068749
0.263733
0.155582
-0.113505
-0.250407
0.309802
-0.198632
-0.549345
0.435242
-0.102107
0.043004
0.438060
-0.338683
-0.161093
-0.378225
0.172338
-0.047443
0.121456
-0.175388
0.104240
0.010243
-0.377929
0.245071
0.525889
0.199446
0.161328
-0.037612
-0.263116
0.220633
-0.248097
0.193923
0.289479
0.336769
-0.491227
0.206748
-0.636291
0.453455
0.235600
-0.130282
-0.505602
-0.073866
-0.021607
0.442865
0.041104
-0.042757
-0.606331
-0.071284
-0.184842
-0.244220
0.062932
-0.297984
0.354510
0.086106
-0.006871
-0.270382
0.602594
0.304523
0.491281
0.110205
-0.147902
-0.492334
0.068100
0.207048
-0.489412
0.082117
-0.184739
0.720347
0.452847
0.107744
0.343159
-0.132478
-0.009677
-0.151290
-0.202630
0.578691
0.055509
-0.304069
-0.112274
0.034105
-0.622675
-0.408998
0.036937
0.256903
-0.002839
-0.361568
0.118710
-0.069958
0.187667
-0.337034
-0.061193
-0.020630
-0.110598
0.472757
0.352718
0.427989
-0.301589
-0.517529
-0.237705
-0.269834
-0.146274
-0.033008
-0.576923
-0.293677
0.582615
-0.297447
0.349397
0.557547
0.463914
-0.230398
0.395844
-0.487366
-0.500860
-0.701309
0.213920
0.099667
-0.148332
0.079038
-0.506249
0.327276
0.385502
-0.098094
0.048956
0.549605
0.231600
0.552131
-0.106232
-0.149190
-0.431190
0.047045
-0.012569
-0.378035
0.263885
-0.194241
-0.721770
-0.280488
-0.206637
0.139199
-0.313680
-0.128717
-0.336397
-0.378999
0.078178
0.317337
0.098442
0.191885
0.365830
-0.087846
-0.643277
-0.157612
0.393978
-0.032408
-0.040886
-0.272890
0.574022
0.529604
-0.057389
-0.272284
0.358998
0.324214
-0.474020
0.378886
0.176347
-0.040492
0.145462
-0.061427
-0.070481
-0.610118
0.114953
0.212037
-0.541958
0.128876
0.154823
-0.006584
-0.101226
-0.413748
0.103011
0.037813
-0.062593
0.369179
0.183982
-0.412054
0.230143
-0.158965
0.459197
-0.007504
-0.059592
-0.398505
-0.134548
0.330242
-0.250658
-0.008542
-0.211794
0.483769
0.422269
0.142806
-0.038222
-0.012761
0.087402
0.316570
0.106760
-0.112220
0.045407
0.173591
-0.214567
-0.197655
0.264595
0.004190
0.021063
-0.250616
0.228130
0.119929
0.044989
-0.505927
-0.520680
0.274821
-0.233858
0.071706
-0.240266
-0.304127
-0.249557
0.686552
-0.012756
-0.290968
0.373128
-0.753432
0.161623
0.345774
-0.032245
0.475571
0.115577
-0.468760
0.290819
0.068339
0.033626
0.337078
-0.303414
0.026035
-0.171263
0.198547
-0.037778
0.328138
-0.086384
0.815250
-0.490197
-0.188143
-0.071322
-0.047004
-0.158736
-0.405647
-0.270869
0.607195
-0.311113
-0.562196
-0.674125
0.395139
0.197352
-0.390065
-0.344035
0.615299
-0.006623
-0.145394
0.344589
-0.311605
-0.344964
0.020330
-0.257526
0.220784
0.422443
0.333798
0.479542
0.122134
-0.166075
0.343666
0.570183
-0.568242
0.417082
-0.003508
-0.106613
-0.632966
-0.040544
0.479535
0.297406
0.401764
-0.128634
0.159472
-0.399336
0.444716
-0.128393
-0.361257
0.481749
0.201509
0.424431
0.478875
0.183724
0.145017
-0.356191
0.017947
0.012396
0.418692
0.439677
0.087391
-0.073990
0.370971
-0.090609
-0.204709
-0.231092
-0.227986
-0.339382
0.124327
0.069855
-0.344623
0.377395
0.377524
-0.385122
-0.400173
-0.101184
0.162756
-0.539673
0.323541
0.502667
0.155946
0.135740
-0.043353
0.247491
0.009650
-0.339954
-0.392543
-0.301797
0.017893
0.490989
-0.413208
-0.189850
-0.377650
-0.198610
-0.368889
-0.345522
-0.166945
0.456123
-0.199159
-0.318428
-0.411034
-0.142478
-0.083377
-0.281984
0.388653
-0.578508
0.358748
-0.297385
-0.196823
0.021147
0.207244
0.737436
-0.175969
0.398280
0.102159
-0.529562
-0.124706
0.089902
-0.724913
-0.044738
-0.041035
0.050597
-0.086492
-0.044489
-0.081084
0.043656
-0.577253
0.431171
0.480238
-0.496803
-0.295376
0.286542
0.228039
-0.273695
-0.064683
0.153727
0.443520
-0.158232
0.422544
0.496963
0.084433
-0.177116
0.107604
0.138147
-0.167667
0.369848
0.565079
0.191273
0.624183
0.083701
-0.476089
-0.082254
-0.676209
0.541791
0.268702
0.439356
0.009683
-0.042678
0.075077
-0.052654
-0.049140
0.407107
0.088793
0.317458
-0.124773
-0.719914
-0.439277
0.165021
0.311520
0.447198
0.100714
0.525448
0.110010
0.186702
0.127717
0.079972
-0.387701
-0.286023
-0.444624
-0.268942
-0.276534
-0.121659
-0.131704
-0.153468
-0.203278
0.339678
0.061090
0.192298
0.407949
0.059680
-0.222356
0.112261
-0.380582
0.493080
-0.159776
-0.446232
0.323706
-0.378851
-0.084832
0.070528
0.137052
0.342090
-0.248888
0.190886
0.257354
0.076780
-0.180861
-0.251098
0.164485
0.622269
0.097626
0.373346
-0.333129
0.047604
-0.314513
0.073738
0.207081
0.280094
-0.448145
-0.402529
0.088477
0.549040
0.130058
0.109431
-0.551755
-0.334526
-0.346717
0.069787
0.410005
0.298188
-0.059690
-0.055078
0.586028
0.185960
0.230587
-0.251885
-0.081227
-0.101471
-0.118697
0.614524
0.232907
0.075759
-0.340028
-0.102681
-0.185712
0.114655
-0.560613
0.562733
0.538043
-0.071202
-0.022127
-0.023056
-0.563448
-0.567767
0.444294
0.016701
-0.466580
0.284766
0.122321
-0.005207
0.040263
-0.293705
-0.187138
-0.231971
-0.388890
0.035732
0.282880
-0.031581
-0.316568
0.052553
-0.587350
0.607878
-0.191114
-0.243916
0.259541
-0.154814
0.106577
-0.260141
0.239404
-0.455024
-0.181905
0.250758
-0.149570
-0.002363
0.478473
-0.451682
0.101071
0.153010
0.893967
-0.658159
0.210489
0.139167
-0.471144
-0.451046
-0.435811
0.518335
0.448841
0.518115
-0.269547
-0.312496
-0.204861
0.493803
-0.044363
0.364747
0.203926
0.529308
0.080039
-0.252712
0.601573
0.312106
-0.122588
-0.187864
-0.506461
-0.324940
0.252220
0.100920
-0.159178
0.125499
-0.031891
0.156071
0.243452
0.190835
-0.025644
-0.029839
