-0.166933
-0.365243
-0.381743
0.003219
-0.212394
0.005641
0.139407
0.130035
0.488286
0.294340
0.004604
0.196524
0.044512
-0.130851
0.293144
0.068524
0.017441
0.465445
0.006503
-0.063823
0.512477
-0.157284
-0.452350
0.338397
-0.345001
0.269757
0.016460
-0.068848
-0.539793
0.511861
0.306002
-0.633420
-0.568137
-0.150608
-0.616042
0.128912
-0.285865
0.327291
0.372566
0.395380
-0.195451
0.174670
0.377453
-0.035981
0.375431
0.037142
0.058948
-0.179582
0.236458
-0.043518
-0.022155
-0.113264
0.378917
0.148638
0.105279
0.714265
-0.358427
0.056403
0.097085
0.547803
-0.243603
-0.554285
0.372290
0.188345
0.534230
-0.439712
-0.521669
-0.046576
0.170799
0.179212
-0.171497
-0.434988
0.131677
0.558588
0.129380
0.222121
-0.281561
0.056686
-0.126441
-0.574628
-0.146785
-0.366376
-0.165403
-0.148913
0.275126
0.144884
0.249857
-0.286033
-0.621326
0.048747
-0.251773
0.281719
0.255578
-0.284376
-0.356086
-0.036645
-0.437136
-0.478101
-0.362037
0.174357
-0.174274
-0.158373
0.460585
-0.050270
-0.212967
-0.340450
0.218587
0.237862
0.390372
-0.396229
0.332693
-0.207581
0.402319
-0.176847
-0.210702
-0.272780
0.038966
-0.200030
0.135077
-0.220100
0.245012
-0.004348
0.116999
-0.475695
-0.023210
0.423754
0.125599
0.018193
0.142067
0.192115
0.315116
-0.405037
0.294784
0.223066
-0.242165
-0.581410
-0.156347
-0.362690
-0.168183
-0.214287
0.040360
-0.499476
0.519702
0.146832
-0.112536
0.024252
-0.320964
-0.196306
0.434477
0.072543
0.083150
-0.331825
0.116562
0.178185
0.604627
0.745206
0.005673
-0.693076
-0.537298
-0.370306
0.040046
0.282259
0.345903
-0.125248
0.019414
0.006558
-0.411920
-0.062775
0.152717
-0.598041
0.520155
0.389455
-0.395196
0.129680
-0.581537
-0.500957
0.483910
0.163994
-0.536970
0.032373
0.503541
0.741853
0.256251
0.183238
-0.174688
-0.483112
0.693054
-0.493516
-0.132224
0.273106
0.327341
-0.576489
-0.048017
-0.036813
0.497349
-0.490341
0.286927
-0.187895
0.468103
0.663656
0.130516
0.382158
-0.250470
-0.481705
-0.452100
-0.407815
0.193742
0.124215
-0.090173
-0.209897
0.380353
-0.130991
-0.230929
-0.303044
0.486269
0.227915
0.284681
0.019541
0.073710
-0.114476
-0.216976
0.192405
-0.487589
-0.280496
0.450967
0.285613
-0.495044
-0.227128
0.015763
0.115695
0.009703
0.064555
-0.312174
-0.181091
-0.210368
0.375359
-0.272601
0.086908
0.354849
-0.187823
0.729149
-0.536548
0.226334
-0.090833
0.386350
-0.418439
-0.258993
-0.281660
0.071297
-0.547413
0.183327
-0.493474
-0.238836
0.375687
0.206582
-0.541325
0.059545
0.023302
0.401055
-0.445698
0.546695
-0.286941
0.325722
-0.336436
0.358489
-0.062836
0.155184
0.255504
-0.427754
-0.386581
-0.313957
0.554254
0.365050
0.030065
0.377004
0.373940
-0.216362
0.609849
0.235139
0.211053
0.520084
-0.280856
-0.339123
0.125770
-0.254321
-0.403998
0.643839
0.327105
0.613238
-0.337265
0.500311
-0.022650
-0.145454
-0.051217
0.152016
-0.224089
0.455678
0.322901
0.291741
0.192523
0.115357
-0.539109
0.375186
0.374991
-0.511878
0.085663
0.602091
0.710857
-0.468822
0.294957
-0.039702
0.067007
-0.686421
0.084146
0.529249
0.299054
0.083621
0.063434
0.259350
0.151125
-0.106488
-0.102005
-0.219356
-0.532990
0.398638
0.193776
-0.055774
-0.188342
-0.211801
-0.543713
0.148691
-0.206143
-0.122890
0.004552
0.063960
0.403357
-0.408734
0.007933
0.309808
0.172581
-0.440940
-0.029799
0.381412
0.473295
-0.191958
-0.478455
0.630854
0.024035
-0.499773
0.363245
-0.653796
0.667456
0.107154
0.378110
0.152100
0.457398
-0.216875
-0.205558
0.003927
0.142289
-0.196191
-0.361343
0.506849
0.648746
0.537937
-0.746977
0.512635
0.090505
-0.032437
-0.079841
0.266569
-0.257623
0.453764
-0.563571
0.401753
-0.384031
-0.028942
0.351483
-0.280115
-0.053417
0.011970
-0.059731
0.239365
0.431085
0.270849
0.038094
-0.106387
-0.103902
-0.244588
-0.240259
-0.077377
-0.155630
0.150868
0.748781
0.512259
-0.007107
0.064922
0.423378
0.316350
0.305929
-0.070702
-0.251375
0.182892
0.205902
-0.165429
0.341673
0.473438
-0.194282
0.082132
-0.385585
-0.284685
0.308889
-0.282248
-0.207327
0.036000
-0.269762
-0.214423
0.037223
0.221185
-0.442755
-0.135068
0.442368
0.029029
0.413873
0.083032
0.315165
0.483286
0.138951
0.001531
0.126024
0.344818
-0.084615
-0.512788
-0.376020
-0.035580
0.106605
-0.491896
-0.021436
0.180930
0.520148
-0.309787
0.615444
0.308157
-0.788837
-0.199601
-0.030109
0.025730
-0.330805
0.152271
0.253965
0.206952
0.116131
0.459367
-0.206979
-0.617900
0.238960
0.347451
0.167235
-0.059704
0.265849
-0.412243
0.034458
0.343012
0.773574
-0.432718
-0.259940
-0.161329
0.121730
0.359464
-0.646274
-0.124865
0.355814
0.479046
-0.204710
-0.626603
0.311302
-0.068940
-0.552634
-0.102764
-0.149256
0.345587
0.244036
0.066623
0.243305
-0.259211
-0.111819
-0.075474
-0.100688
-0.176231
-0.519004
0.180326
0.054306
-0.252064
-0.398671
0.301384
-0.152401
-0.374593
-0.078157
0.138158
-0.158875
0.035464
0.302308
0.480388
0.506076
0.726666
0.163037
0.266478
0.194123
0.085682
0.538059
0.078861
0.272825
-0.668880
-0.426818
-0.079090
-0.018835
-0.003977
-0.019257
0.427727
-0.300242
-0.083676
0.041223
0.054410
0.057470
0.020375
-0.055954
0.588150
0.112700
0.019262
-0.780084
0.202780
0.162953
-0.451473
0.330493
0.354544
-0.177877
0.297362
0.255991
-0.089683
-0.170297
-0.315922
-0.645135
0.524596
-0.739885
0.242409
0.496515
-0.239254
-0.246428
-0.022606
-0.571517
0.277558
-0.251178
-0.046984
-0.211784
-0.157683
0.316061
-0.566008
-0.563065
-0.272616
-0.300713
-0.131011
0.221766
0.319155
-0.167148
-0.354297
-0.075524
-0.102484
-0.342743
-0.107336
0.165372
0.181189
0.459696
0.150069
0.027766
-0.432123
0.037773
-0.177040
0.643518
-0.481075
-0.150606
0.496048
-0.073367
0.060069
0.304046
0.214918
-0.275245
0.172192
-0.836257
-0.133183
-0.010203
0.190693
0.417496
-0.197102
0.308173
0.339146
-0.679783
-0.079119
0.261288
0.364492
0.381875
-0.236420
0.382580
0.086254
0.639358
0.154721
-0.406589
0.436002
-0.387241
0.508179
0.446438
0.783820
-0.206364
-0.315776
-0.471408
0.232737
-0.186253
-0.366777
0.156997
-0.041444
-0.364753
0.766684
-0.134246
-0.166976
0.432327
-0.546011
0.032442
-0.044241
0.158110
-0.395404
-0.171856
0.340334
-0.207610
-0.339038
0.042712
-0.908559
0.158124
-0.579337
0.105295
-0.525366
-0.806316
-0.076673
0.495015
-0.749158
0.510028
0.394446
-0.321051
0.316076
0.309791
-0.496040
-0.609385
0.211272
-0.431398
0.546023
-0.052109
-0.231400
-0.190484
-0.746050
0.294181
-0.300911
-0.092523
0.399666
0.334404
0.253312
0.167252
0.249957
-0.288990
0.421870
0.172331
-0.001693
-0.690942
0.171417
-0.699413
0.262408
-0.462598
0.032361
0.507743
0.274009
-0.029604
0.102438
-0.283055
-0.406467
-0.264662
0.021355
0.301500
-0.314420
0.157630
-0.530985
-0.313251
0.441764
0.195784
-0.613095
0.020291
0.339770
0.373032
-0.075020
-0.540408
0.393799
-0.156359
-0.020825
0.518690
-0.195330
0.079258
0.472035
0.319128
-0.134878
0.381816
-0.456765
-0.033423
-0.005074
-0.384254
-0.131085
-0.155749
0.184317
0.489410
0.097922
0.125246
0.410867
-0.019935
0.562814
0.554693
-0.087633
0.232994
-0.261101
-0.208929
-0.560210
-0.213712
-0.084202
-0.641365
-0.202605
-0.657184
0.016226
0.307754
0.007446
-0.377386
-0.080393
-0.369318
-0.390504
0.073822
0.285261
-0.228070
0.537129
-0.244856
-0.354479
-0.576109
-0.564916
-0.161503
-0.085350
0.464619
0.502476
0.394970
-0.410232
0.315197
-0.049110
-0.421545
-0.147165
0.323801
-0.005328
0.355855
0.526817
-0.208532
0.789857
0.205466
-0.187196
-0.476020
0.037467
-0.605693
0.177829
-0.246431
-0.124257
-0.347541
0.168030
0.418700
-0.260740
0.415871
-0.112619
-0.561961
0.231037
-0.563796
0.098000
-0.539522
0.663162
-0.492556
-0.349450
-0.070991
-0.429221
-0.348030
-0.190567
-0.057390
-0.293981
0.465150
-0.159887
-0.264424
-0.246070
0.210669
-0.237508
0.286829
0.218347
0.202355
-0.025115
-0.070750
0.213002
-0.630400
0.376755
-0.503137
-0.411798
-0.376438
-0.151310
-0.130637
0.011028
0.068564
-0.203140
0.000421
-0.217440
-0.446598
-0.405451
0.203870
