0.455517
-0.379200
-0.447851
0.045959
0.316840
-0.358974
-0.724765
0.269607
0.282652
0.188246
0.123763
-0.038416
0.055215
-0.381286
0.520742
0.103545
-0.023947
-0.486785
0.101918
-0.075680
0.235189
0.027401
0.171412
0.025427
0.253769
-0.082584
0.707712
0.136665
0.001428
-0.245407
0.098186
0.018785
0.253953
-0.405838
-0.372592
0.146336
0.351196
0.116693
0.316797
-0.375627
-0.503355
-0.074439
-0.197437
-0.272627
0.569519
-0.394431
-0.134710
-0.131861
-0.406441
0.521052
-0.065634
-0.222133
-0.278399
-0.430592
0.513343
0.171055
0.174624
0.476950
-0.045648
0.034708
-0.008084
0.300017
0.303763
0.451565
0.385681
0.220934
0.225682
0.082008
-0.273480
-0.141924
0.005492
0.096173
0.335473
0.192061
0.435096
0.199703
-0.247002
-0.149090
0.273359
-0.053912
0.164374
-0.270121
0.093715
0.427423
-0.284703
-0.130375
-0.371828
-0.093741
0.249275
0.465076
-0.188605
-0.237040
0.385660
0.086928
-0.432888
-0.231197
-0.640664
0.225671
0.308570
0.019924
-0.232488
-0.050386
-0.314632
-0.508427
0.233460
0.552094
0.277073
-0.181733
0.044882
0.320572
0.097653
0.539280
0.354539
-0.083711
0.437060
-0.173705
0.416831
-0.562082
0.400030
-0.329775
-0.354288
0.232475
0.394491
-0.255138
-0.177445
0.453377
-0.025738
0.330947
0.248520
-0.378636
0.124675
-0.086714
0.844883
0.344699
-0.247745
0.252898
0.532794
-0.271488
-0.455491
0.387156
0.019368
0.118360
-0.285606
0.094619
-0.102768
-0.342561
-0.219958
-0.394257
0.462053
-0.532472
0.140128
-0.327380
0.029775
0.273116
-0.161050
-0.410358
-0.416622
0.099117
-0.297392
-0.384535
-0.644200
0.001408
0.678600
0.475238
0.187572
0.523432
-0.116470
-0.546984
-0.223901
-0.510637
-0.150331
-0.175342
-0.184000
-0.545617
0.293728
-0.050640
-0.043491
-0.117117
0.054066
-0.116121
0.515235
-0.153305
0.098598
-0.614907
-0.291317
-0.158993
-0.079392
0.064038
-0.048350
-0.539833
-0.337169
0.198998
-0.134809
-0.113368
-0.142971
-0.151949
-0.399026
-0.168746
-0.355280
-0.475581
-0.114160
0.128333
-0.378920
-0.014020
0.570803
-0.240887
0.192655
-0.206739
-0.106475
0.167503
0.312582
-0.256665
-0.062793
-0.208405
-0.372657
-0.429455
-0.097048
0.027851
0.167085
-0.166958
0.067585
-0.500718
-0.392225
0.032887
-0.209209
0.119698
0.299327
-0.306646
-0.011207
-0.040479
-0.431111
-0.670855
-0.412621
-0.461924
-0.504706
0.265826
0.029534
-0.215918
-0.447200
-0.453648
0.428105
-0.307356
-0.416396
-0.221296
-0.608366
-0.080535
0.104487
-0.107985
0.489130
0.654213
0.589044
0.127820
-0.121297
0.446278
-0.185834
-0.384074
-0.486081
-0.216563
0.177440
-0.362457
0.037154
-0.244435
-0.251708
-0.565182
-0.030885
-0.185208
0.072932
0.190483
0.121811
0.074206
-0.045299
-0.025343
0.642473
0.383575
0.464922
0.508995
-0.059653
0.538914
0.403548
0.058321
-0.114446
-0.354858
-0.063485
-0.394262
0.295410
0.515848
-0.670908
-0.340379
-0.402197
-0.093146
-0.051928
-0.676440
0.208063
-0.855484
-0.339685
0.358522
-0.389927
0.073391
0.135336
-0.336806
0.184701
0.081617
-0.024369
0.084321
-0.483258
0.052893
0.209023
-0.188107
-0.548781
0.094699
-0.037710
-0.006962
0.402954
-0.113604
0.668297
0.278038
0.014636
0.646842
-0.079142
-0.375376
0.441624
0.114453
-0.095156
0.067243
-0.510022
0.003982
0.146322
-0.012091
-0.494689
-0.229781
-0.489443
-0.150127
0.416220
-0.050824
0.141922
0.037460
-0.310746
-0.176980
0.647229
0.073602
-0.572344
-0.416563
-0.217710
0.395188
0.120762
0.268767
0.030742
0.065593
-0.444773
-0.319489
0.195449
-0.165477
0.109521
0.678476
-0.013707
-0.259079
0.200113
0.413841
-0.189696
-0.282948
0.010759
0.215996
-0.096552
-0.407549
-0.540229
0.277855
0.152079
-0.662531
-0.043675
-0.049022
0.357118
0.326035
0.011995
-0.112078
-0.139501
-0.145378
0.316539
0.213521
0.168001
0.075442
-0.392672
0.216348
-0.470196
0.070307
0.339031
0.187387
0.330178
-0.304994
0.029539
-0.240691
-0.309059
0.121992
0.565610
0.518948
0.332254
0.557860
0.222632
0.350780
-0.508632
-0.226763
0.062099
-0.724282
0.036112
0.355680
-0.459449
0.412086
0.064205
-0.322625
-0.065059
0.222535
-0.066901
-0.657490
0.738068
-0.186975
0.097694
-0.011248
0.157689
-0.143218
-0.516557
-0.521537
0.329424
0.357525
-0.206003
0.524921
0.233064
0.217447
-0.197809
-0.107256
0.146459
-0.176066
0.069608
-0.001289
-0.414755
0.183377
-0.164827
0.158865
0.291578
0.432954
0.507513
0.248279
-0.381909
0.520357
0.575332
-0.629535
0.490753
0.278397
0.251592
-0.508383
0.300827
-0.289770
0.279384
0.359971
-0.369709
0.419820
-0.243537
-0.257441
0.448260
0.297827
-0.035547
0.280924
0.505933
-0.242573
0.285260
0.057328
-0.450417
0.169462
-0.240263
-0.522586
-0.225153
-0.014872
0.138050
0.140992
-0.374251
0.346901
0.203407
-0.056511
-0.074388
0.348087
-0.079640
-0.446299
-0.424695
-0.269153
0.448214
0.027656
0.117134
-0.553512
0.069696
-0.535280
-0.405457
-0.378898
0.188532
-0.171727
0.435520
-0.388248
0.081806
-0.309931
-0.363030
-0.290899
0.390095
-0.340928
-0.682025
0.167916
-0.304190
-0.500212
-0.327486
-0.441237
0.069233
0.005312
-0.399148
-0.425109
-0.001618
0.266229
-0.222085
0.450296
-0.332182
0.396162
0.486145
0.170980
-0.209912
-0.497658
-0.192834
-0.678295
-0.334906
-0.168070
0.259548
0.261102
-0.267446
0.317126
-0.438030
0.298228
-0.308718
-0.008612
0.400741
-0.061357
0.557193
0.136704
-0.171813
0.325418
-0.080871
-0.456781
0.096233
0.416311
0.174619
0.303630
0.180421
-0.239071
-0.159092
-0.047541
0.301538
-0.398948
0.261881
0.544615
0.339944
-0.533076
0.191839
0.123569
0.141255
0.198629
-0.406312
-0.122622
0.272045
0.180153
0.039993
0.195026
-0.366213
0.166398
-0.216442
0.415882
0.076714
-0.603213
-0.342594
0.518828
-0.138996
0.055454
0.155587
0.424331
-0.450235
-0.306699
-0.532640
0.658747
0.494555
-0.274827
0.277798
0.067602
-0.473519
0.479491
0.305523
-0.308998
0.130587
0.429901
-0.199159
0.560880
0.257240
-0.391949
-0.303199
-0.315967
-0.372309
0.098030
-0.519269
0.299347
-0.092082
-0.479800
-0.288568
0.109550
-0.085739
0.088018
0.055660
0.299229
0.751816
0.439177
0.261916
0.318537
0.070490
0.451120
-0.020340
-0.207084
-0.458201
0.175248
0.208937
-0.233841
0.263159
-0.191394
-0.131513
0.601941
-0.037825
0.194008
-0.065003
-0.712304
0.522640
0.177331
-0.267392
-0.110665
0.062410
0.234411
-0.276069
0.275635
0.130314
0.266600
-0.483563
0.139362
-0.677533
-0.133043
-0.186319
-0.035238
0.267399
-0.190000
-0.158887
0.169321
-0.684725
-0.042678
0.245367
0.555198
0.061441
0.198556
0.113208
0.449411
0.033312
0.467124
0.331223
0.731656
-0.568813
0.718066
0.145408
0.077772
0.185650
0.390963
0.561242
-0.034390
-0.006634
0.577818
0.136057
0.495322
0.173351
0.007953
0.309209
0.496924
-0.006442
-0.028306
-0.069810
-0.389432
-0.297966
-0.175115
-0.606077
-0.366335
-0.319019
-0.590591
-0.122386
-0.509335
0.007943
-0.028981
-0.391978
0.065666
0.717722
0.271647
0.571000
0.122155
-0.608957
0.047650
-0.312456
-0.693441
-0.131499
0.423835
-0.038162
0.220629
-0.491715
0.452166
-0.174996
-0.220709
0.148509
0.522042
-0.010897
0.454552
-0.444043
-0.032155
-0.113950
-0.085493
0.506960
-0.107355
0.395196
0.192928
-0.174121
-0.407203
-0.190394
0.347362
0.000009
-0.181302
-0.563357
0.567345
-0.131309
-0.034339
-0.261591
-0.315174
-0.318960
0.071018
-0.043460
0.251133
-0.055550
0.133871
-0.306167
-0.392646
0.017164
-0.569171
-0.543236
-0.026883
-0.137329
0.099627
-0.149609
-0.147000
-0.112716
-0.221737
0.335003
0.143018
0.032737
0.680209
-0.096991
0.332482
0.322819
-0.513784
0.146619
-0.342420
-0.199674
0.035600
0.244199
-0.080791
0.338775
-0.276042
0.133641
0.390114
-0.335231
-0.252638
0.195383
0.463523
-0.316926
0.429496
0.063477
0.729289
0.097701
-0.375595
-0.551129
-0.147052
0.442086
0.445203
-0.425510
0.407254
-0.282498
-0.376686
0.006660
0.669198
0.663745
0.352944
-0.029682
0.045596
-0.350006
0.557872
-0.047742
0.116479
0.667897
0.255381
-0.143116
-0.405943
0.209137
-0.584494
0.295809
-0.266307
-0.363124
0.061696
-0.606678
0.336710
0.447218
-0.464278
0.775450
0.299613
0.097601
-0.000835
-0.030153
0.472984
