-0.186665
-0.094527
-0.013589
-0.164034
-0.187692
0.023669
0.074064
-0.099266
0.488747
0.146608
0.119489
0.008558
-0.057363
-0.462867
0.228556
-0.069439
-0.220071
0.041443
0.149564
-0.225626
0.243961
-0.293604
0.047374
0.449997
-0.119789
-0.069000
0.480644
0.205905
0.621074
0.503015
-0.180962
-0.139806
-0.341844
0.499468
0.059803
0.045169
0.145204
0.127606
-0.044333
0.401305
0.228857
0.229074
-0.303522
-0.113450
0.237891
-0.000790
-0.053630
-0.022827
-0.038305
0.062005
0.342490
-0.179433
-0.096637
0.189843
-0.505905
0.303570
-0.406906
0.021758
-0.331866
0.383166
0.426609
-0.195115
0.378705
-0.370844
-0.617966
-0.544562
-0.133540
-0.316738
0.379827
0.169929
0.083612
-0.154769
-0.166681
-0.264034
0.325352
0.119122
0.137004
0.103872
-0.333336
-0.519553
-0.423565
-0.336671
-0.146467
-0.354052
-0.479480
-0.103169
0.345345
0.572335
-0.138931
-0.052915
-0.264308
0.038949
-0.213082
-0.169381
0.415078
0.007744
0.278844
0.734514
0.363650
0.381238
-0.204091
-0.183078
0.372231
0.039913
0.064732
-0.252696
-0.232605
0.208452
0.032904
-0.115358
-0.235368
-0.799266
-0.149981
-0.350663
-0.090850
0.339714
0.334203
-0.108718
-0.152113
-0.153016
-0.523509
0.559679
0.322610
-0.205477
-0.070713
0.269438
-0.180273
-0.294710
0.675799
0.645512
-0.762332
0.219481
0.224347
0.111567
0.314811
-0.340340
0.030709
0.380944
0.377226
0.166323
0.188976
0.171198
0.177601
0.244621
-0.038015
0.275352
0.119086
-0.647129
0.508152
-0.604680
-0.444407
-0.052445
0.234469
0.518292
-0.191047
0.541266
-0.294535
0.194422
-0.079535
-0.409519
-0.129615
-0.005480
0.557986
0.388607
-0.364991
0.555133
-0.089622
0.539095
-0.338501
-0.498794
0.170639
0.200271
0.123129
-0.222867
0.084584
-0.474112
0.307869
0.475461
-0.248769
0.152727
-0.356697
0.751665
0.156810
-0.231297
-0.794908
-0.357594
-0.097110
0.288588
-0.027013
0.022468
-0.035723
-0.385092
-0.159654
-0.151830
0.511196
-0.371212
-0.234267
0.130194
-0.330132
-0.611936
-0.169455
0.175248
-0.467819
-0.358426
-0.351250
0.616159
0.420134
-0.135226
-0.528329
0.230994
0.505381
-0.078617
-0.212775
-0.176953
-0.282005
-0.277887
0.440131
-0.178196
-0.132678
0.750005
-0.450495
-0.057834
0.117907
-0.079324
0.260500
0.247488
0.190462
-0.200760
0.086052
-0.145147
0.146321
-0.489416
-0.250596
0.277661
-0.545182
-0.346976
-0.459255
-0.243940
-0.244190
0.036149
0.181799
-0.368408
-0.636723
-0.050489
0.386350
0.308476
-0.519764
0.373337
0.287000
0.211716
-0.231658
-0.466333
0.232225
0.113318
0.161268
0.013773
-0.614724
-0.221623
0.495732
0.224468
0.101475
0.017264
-0.390522
-0.576395
-0.084419
0.057989
-0.502400
0.614405
0.176136
0.715361
0.078912
-0.261167
0.376493
-0.320410
-0.350559
0.552037
0.043321
-0.035156
0.253399
-0.366950
0.019680
-0.286645
0.147796
-0.108891
0.554111
0.090777
0.395545
-0.025695
0.613238
-0.197446
0.337948
0.523035
0.326198
0.381606
0.110714
0.038440
0.286266
-0.172548
-0.427261
-0.023780
-0.553823
0.243650
0.130869
0.434515
0.130772
-0.191919
-0.244830
0.362820
-0.273124
0.420820
0.245731
-0.229130
-0.470332
0.121088
-0.295741
0.496369
-0.532584
0.066787
-0.346661
0.385555
0.009616
-0.075376
0.187507
-0.035382
-0.341487
0.121938
-0.199898
-0.230511
0.244055
-0.436573
0.111601
-0.046946
-0.013260
-0.157945
-0.089135
-0.064600
-0.278068
-0.017472
-0.266195
0.172581
-0.716807
0.433827
0.501321
0.252062
-0.433847
-0.547742
0.110572
-0.240707
-0.329940
-0.291950
0.259510
-0.180372
-0.515218
-0.233812
0.029757
-0.337009
0.178573
0.376822
0.518028
-0.149849
-0.127242
0.220114
0.528837
-0.119883
0.048389
-0.024670
-0.199218
-0.186375
0.040762
-0.014925
-0.133073
-0.016960
-0.395294
0.255094
-0.256682
-0.196181
0.393199
0.271906
-0.070655
0.208643
0.024163
-0.280661
-0.050283
-0.563873
-0.487709
0.473406
-0.431326
-0.295446
-0.143681
-0.088120
0.533633
-0.114926
0.197516
0.045796
0.154517
-0.365520
0.030127
0.038271
-0.448988
0.419295
-0.359250
-0.224576
-0.203642
0.112566
-0.203005
0.052101
0.091347
-0.518036
-0.254829
0.154663
-0.465729
0.407115
0.365786
0.327826
0.273602
-0.075963
0.104830
0.458910
-0.502008
-0.007266
0.512788
0.320373
0.059269
0.571868
-0.401230
0.352587
-0.198628
-0.101258
0.192931
-0.478042
0.353560
-0.331454
0.355501
-0.637841
0.500321
0.138031
-0.254495
-0.240096
0.068527
-0.481721
0.140848
0.425925
-0.149133
0.745676
0.438599
0.447261
0.132669
-0.538996
0.485640
-0.120050
-0.360173
0.510771
-0.475600
0.006528
0.394078
-0.339314
0.109193
-0.607650
0.049852
0.041603
0.423002
-0.394575
0.298649
-0.300971
0.310240
-0.537768
-0.652173
-0.472125
0.210544
-0.652859
-0.243311
-0.306924
-0.071876
0.161561
-0.537756
0.303907
0.370304
0.351995
-0.265570
0.175175
-0.528621
-0.646121
0.323095
0.145254
0.527308
0.260689
0.456592
-0.015782
0.112718
0.109291
-0.245261
0.237737
0.215570
0.262733
0.364567
-0.211158
-0.266849
-0.556352
-0.024495
-0.431014
-0.370086
0.212405
-0.301527
0.109680
0.359982
-0.158116
-0.209328
-0.495859
0.342345
0.327550
-0.198334
-0.270570
-0.462962
-0.389482
-0.300802
-0.105354
0.228878
-0.029754
-0.256205
-0.617307
0.367883
0.283967
-0.461374
-0.155371
-0.331572
0.263263
-0.333753
0.124191
-0.092084
-0.261577
0.292981
0.513147
0.034507
0.264469
0.296192
0.425355
-0.196416
-0.192055
0.007355
-0.437757
0.390662
-0.171627
0.252461
0.428728
-0.121670
-0.147412
0.910052
-0.297405
0.400490
0.612239
-0.452319
0.029664
-0.106909
-0.165681
0.301453
-0.055496
0.120569
-0.371487
-0.360213
-0.152456
-0.531122
0.030822
-0.254089
0.170496
-0.409858
0.177179
-0.450997
-0.279775
0.152644
0.262830
-0.009301
0.505735
0.298664
0.095696
-0.549714
-0.337863
0.163144
-0.272758
0.519476
0.489474
0.232054
-0.222088
0.303707
0.478700
-0.339549
0.146466
-0.489849
-0.311774
-0.196678
0.192856
-0.213788
-0.425415
-0.085176
0.536302
0.158273
-0.029875
0.107272
-0.246571
-0.166751
0.280433
-0.171259
-0.501789
-0.511794
0.813903
-0.153818
-0.203486
-0.205985
0.008800
-0.259448
0.043533
0.809036
0.254842
0.156245
-0.074442
0.127889
-0.214598
-0.302449
-0.423367
-0.041444
0.453979
0.454184
-0.372996
-0.019424
0.183715
-0.457742
-0.015212
0.542206
-0.659648
-0.354859
-0.297567
-0.076737
-0.083196
0.105614
-0.407871
0.474673
0.301655
-0.112398
0.357762
-0.079929
0.505670
0.543992
0.000367
-0.161558
-0.201149
0.570580
0.289584
0.405894
0.309571
0.013270
0.054879
0.013845
-0.071962
0.425674
0.194736
-0.170638
0.360658
0.169836
-0.209559
-0.376339
0.570828
0.127410
-0.119428
-0.493795
0.179399
0.098451
-0.170506
0.381393
-0.277484
0.071054
-0.548906
0.312621
-0.042887
0.217870
-0.447179
-0.051551
-0.242600
0.163249
-0.057769
-0.019948
0.209317
-0.559351
-0.471562
-0.647458
-0.303220
-0.427627
-0.361341
-0.127884
0.607118
-0.076519
0.247506
-0.150895
-0.258986
-0.025015
0.248275
-0.140550
0.028972
0.147865
0.458636
-0.499420
-0.427020
0.244741
0.395679
-0.501565
0.251143
0.646247
-0.552976
0.302428
-0.302426
-0.002986
-0.374253
0.112163
-0.720247
-0.265229
0.020078
0.100866
0.322189
0.378991
-0.158829
0.346236
-0.029232
0.109401
0.290341
0.009895
0.246245
-0.283997
-0.076553
-0.155924
-0.456323
-0.110450
0.499892
-0.517554
-0.051081
0.027111
0.492821
0.180498
0.573077
0.272686
0.173733
-0.568890
-0.488640
-0.562888
0.570372
0.027320
-0.028778
-0.191608
0.578024
0.494624
0.260112
0.549066
-0.149665
-0.378253
-0.059696
-0.595999
0.790940
-0.271247
-0.344531
0.134038
0.206728
0.255560
0.272481
-0.304604
0.273284
0.234928
-0.601214
-0.182314
0.339192
0.219138
0.183990
-0.320396
-0.176426
-0.549624
0.054522
0.189465
-0.006719
-0.100046
0.544266
-0.182168
-0.787033
-0.346739
-0.050630
0.447642
0.329201
0.584995
0.453797
-0.224433
-0.427801
-0.139413
0.358886
0.217981
-0.311885
0.470819
0.169503
0.005849
0.475743
-0.570698
0.037041
-0.097079
0.255900
0.043466
-0.523562
0.721074
-0.218079
0.109143
-0.747732
0.187349
0.093818
-0.279840
0.250338
0.477289
-0.447893
0.046483
0.501318
0.486044
0.400248
0.434074
0.452501
