-0.247633
0.420460
-0.511259
-0.094918
-0.468485
-0.228007
0.378251
-0.078205
-0.625157
0.181332
-0.038440
0.015467
0.136856
-0.251858
0.069859
0.027512
-0.070976
-0.173801
0.251740
0.135691
-0.083091
0.015539
0.182664
0.138251
0.137197
-0.461565
0.671758
-0.030723
0.264861
-0.182895
0.189060
-0.071998
0.274468
-0.096746
0.749647
0.326238
-0.462853
0.273922
-0.063770
0.266533
0.093500
0.168697
0.548167
0.327210
0.137220
0.035467
0.146912
-0.320346
-0.227850
0.719776
0.357614
0.038679
-0.430377
-0.169892
0.108060
0.088473
0.224269
0.201905
0.255375
-0.264039
0.144702
-0.444697
0.223803
-0.242992
-0.204629
-0.307839
-0.105814
-0.183928
0.188192
-0.273881
-0.059790
-0.049681
-0.049768
0.222396
0.430458
-0.019956
-0.347151
-0.005900
0.219577
0.238461
-0.124083
-0.048629
-0.057370
-0.370059
0.119859
-0.172423
-0.140774
-0.406483
0.241880
0.230124
-0.156887
0.165494
-0.238098
0.054648
-0.323945
-0.513735
0.384599
-0.484708
0.283718
0.148105
0.006374
0.030483
-0.186718
-0.069677
0.004653
-0.540155
-0.332080
-0.910993
0.207144
-0.346296
0.295837
0.434182
-0.703632
0.186405
-0.627681
-0.571781
0.288885
-0.063060
0.071759
-0.324125
-0.382742
-0.319220
0.073400
-0.249778
0.222545
0.443142
-0.063431
0.236858
0.108539
0.707001
0.635797
0.206340
0.262193
-0.216125
-0.520837
-0.624899
0.068228
0.152903
0.010261
0.513440
0.156616
0.329256
-0.117783
0.208907
-0.097688
-0.156026
-0.194410
0.150429
-0.358112
-0.361777
0.214538
-0.200229
-0.040997
-0.091494
0.169926
0.210024
-0.358852
-0.647474
0.082010
-0.143288
0.118705
0.333656
0.129714
-0.399705
-0.385417
0.457270
-0.289894
-0.315215
-0.132993
-0.444286
-0.242368
0.042969
-0.357733
-0.133528
-0.510246
-0.267597
0.225817
-0.371474
-0.262198
0.137774
-0.158064
-0.456783
-0.049102
0.526409
-0.212605
-0.459915
0.288714
-0.388958
0.283264
-0.245622
0.394597
-0.438357
-0.267180
0.177215
-0.520838
-0.243940
0.144684
0.235605
-0.093492
0.409194
0.311315
-0.304863
-0.515791
-0.025948
0.281893
0.273855
0.028752
-0.530221
-0.361073
-0.061118
0.153569
-0.170247
0.097464
0.123214
0.423421
0.172784
-0.382795
-0.217620
0.290162
0.019500
0.395261
-0.316690
-0.646103
-0.137363
0.081228
-0.755559
0.731572
-0.115827
-0.370093
-0.489808
0.126892
-0.041205
0.580005
0.184960
0.153740
0.230958
0.492432
-0.037867
0.332447
0.742657
-0.234314
0.328380
-0.335276
0.066692
-0.339784
-0.559817
-0.359123
-0.221079
-0.468654
0.436743
-0.106573
-0.043773
0.359644
0.073417
0.217208
-0.170313
0.044480
0.251794
-0.007156
-0.493815
0.773488
-0.182011
-0.118058
-0.340575
0.289531
0.076552
-0.258541
0.255297
0.548023
0.007112
-0.250214
-0.597746
-0.541106
0.317393
0.114786
-0.283788
-0.070700
-0.049068
0.018264
0.296595
0.162089
0.143143
-0.112412
-0.168951
-0.284032
0.510073
-0.215468
0.042502
0.547495
-0.356028
0.114355
0.035640
0.042716
0.280425
0.470977
0.387499
0.531188
-0.110925
0.391477
0.016156
-0.378184
0.263844
0.290007
0.031130
-0.265355
0.044805
0.461539
0.299076
0.125724
0.402857
-0.154514
-0.632602
0.109700
-0.670599
-0.013253
0.131395
-0.184575
-0.297019
-0.373837
0.573561
-0.111745
0.175314
-0.055130
-0.507849
-0.254876
-0.345792
0.335490
-0.110714
0.056438
-0.466728
0.372518
-0.328121
0.070472
0.466684
0.000514
0.154032
-0.217195
-0.321291
-0.111618
0.215034
-0.282548
0.356454
0.326669
0.718357
0.220979
0.285482
-0.316541
-0.194576
-0.606586
0.294510
-0.240974
0.279570
-0.056032
-0.129123
-0.527251
0.419323
-0.440571
-0.014169
0.527625
-0.362240
0.170636
0.099673
0.529601
0.187710
0.049080
0.076113
0.179170
-0.717974
0.080918
-0.188879
0.297016
0.371307
0.274833
0.147127
-0.060196
-0.434548
-0.437372
-0.121796
0.117287
0.542649
-0.227842
-0.091227
-0.128156
-0.059790
-0.104143
0.128286
-0.429361
0.314946
0.050624
0.220155
0.541219
-0.080922
0.786248
0.078178
-0.303236
0.586161
-0.143426
0.550279
-0.092014
0.167839
-0.117490
-0.197379
-0.555255
-0.565467
-0.234539
0.620293
-0.271292
-0.181937
-0.333151
0.469775
0.120751
-0.425839
0.294310
0.527936
-0.022526
-0.252286
0.124901
0.173965
-0.024737
0.132530
-0.337276
0.122105
-0.198185
0.305173
0.063008
0.116191
-0.312931
0.003013
0.090375
0.078966
0.539328
-0.197498
-0.126499
-0.124782
-0.019686
-0.052701
-0.001351
0.347689
-0.533582
0.365329
0.260514
0.486377
-0.338439
0.416177
0.061245
-0.078202
-0.366678
0.421784
0.185508
-0.607496
-0.342733
0.177738
0.421866
0.099507
0.300479
0.047986
-0.162167
-0.044592
0.200089
0.267413
-0.283946
0.336518
0.500000
0.307128
0.494371
-0.193467
-0.161329
-0.491778
0.191556
-0.447273
0.268255
-0.164278
-0.417213
-0.138547
0.577275
-0.386135
0.220786
0.485125
0.269354
0.187549
0.345587
-0.586145
0.236701
0.126658
-0.082188
-0.191932
-0.356718
0.013978
-0.471796
-0.381128
0.164566
0.131703
-0.095632
0.066854
-0.112200
0.147111
-0.153107
0.134850
0.022833
-0.338492
-0.374817
-0.296451
0.156007
0.149049
-0.334433
-0.124890
0.370570
0.157555
0.316454
-0.024207
-0.129417
-0.259098
-0.343595
0.412159
0.091231
0.383628
0.465005
-0.151844
-0.316826
-0.531388
-0.264207
0.330035
-0.304451
0.011938
0.271791
0.130890
0.705787
0.121539
0.348228
-0.422057
0.396773
-0.526576
-0.533625
-0.202596
0.357187
-0.439606
0.357176
-0.091828
-0.021058
-0.276953
0.192783
-0.442048
-0.246213
-0.546535
-0.089039
-0.023096
-0.419904
-0.327003
-0.501706
-0.644456
0.364077
0.459830
0.119366
-0.198812
-0.245817
-0.316335
0.226220
-0.202144
-0.251867
-0.028905
0.465986
0.031650
0.528494
-0.082559
0.381081
0.158402
0.138364
-0.305949
-0.752965
-0.148172
-0.469427
0.247734
-0.667933
-0.150587
-0.295469
-0.221087
0.445732
-0.339349
-0.389765
0.024865
0.471655
-0.207859
-0.297312
0.332065
-0.311433
0.606317
0.174770
0.320833
0.126266
0.143204
0.414454
0.109890
0.279684
-0.075058
-0.131642
-0.189291
0.431032
-0.388946
0.025728
0.401225
0.262938
-0.108237
0.318071
0.319442
-0.436908
0.269476
-0.496610
0.379291
0.269744
-0.408648
0.401609
0.482737
0.224311
0.173834
0.140631
-0.595696
-0.207402
-0.344759
-0.083544
0.390333
0.515251
-0.406972
0.292709
-0.247649
-0.413362
0.116555
-0.401148
-0.297740
0.623914
-0.086280
-0.357978
0.099181
0.056962
-0.056363
-0.267033
-0.257929
0.859843
-0.029699
-0.235931
0.339353
-0.732087
-0.158543
-0.124690
0.472386
0.077947
-0.483166
0.666456
-0.348080
-0.161286
0.327302
-0.372433
-0.081904
-0.358564
-0.534457
-0.314163
-0.634127
0.451546
0.318840
-0.446804
-0.172047
-0.131937
0.535776
0.230320
-0.257050
-0.477695
0.181326
-0.240120
-0.265407
-0.266796
-0.069494
-0.157281
-0.009506
0.240751
-0.050102
0.589678
0.246700
0.056556
0.023808
0.561057
-0.071081
0.239838
0.459304
0.134139
-0.061010
0.109593
-0.365235
-0.175690
0.104260
-0.208712
-0.199082
-0.118117
0.000577
-0.255379
0.134105
-0.073719
-0.416393
-0.796424
-0.021796
0.244064
-0.401506
0.620660
0.326792
0.274709
-0.175873
0.331955
-0.199909
-0.274431
-0.074618
-0.484407
0.463762
0.165742
-0.399888
-0.256468
0.441642
-0.240113
-0.130421
0.333634
0.108486
0.133585
-0.037532
0.586626
0.368569
0.176028
-0.061905
-0.722944
0.029823
0.167338
-0.248098
0.186010
-0.041126
0.127155
-0.119719
0.460720
0.292438
-0.353259
-0.110978
-0.452001
-0.440539
-0.421345
0.277526
0.441863
-0.199596
-0.103434
-0.149867
-0.077672
0.576235
-0.263133
0.344515
0.499723
-0.325945
-0.437380
-0.083530
-0.010001
-0.487058
0.260256
0.089771
0.158506
-0.135928
0.431131
0.400337
-0.160942
0.097763
-0.307653
-0.066102
0.046834
-0.636820
0.195482
0.173103
-0.000291
-0.110628
0.112496
-0.644748
-0.165488
0.603537
0.475486
0.328303
-0.268942
0.395772
-0.164058
0.140528
0.831417
-0.356891
0.351605
0.177781
0.087344
0.695582
-0.173160
0.428915
0.221068
0.492723
0.042081
-0.507212
-0.395777
0.009960
-0.623822
-0.242035
0.292118
0.256334
0.152965
-0.363078
0.286015
0.185675
-0.047525
-0.353526
0.610580
0.195022
-0.333720
0.225426
0.546103
0.496501
0.047844
0.627238
0.386171
0.446586
-0.083869
0.308186
