0.001703
3.426493
-4.496447
-2.669800
-2.955901
1.462290
-4.003077
1.064254
-1.749695
0.710484
-1.160675
-1.009474
-1.818509
-2.575100
-3.199336
-0.367552
5.446231
-1.206703
-0.937898
-1.002943
2.424059
0.867389
-0.132214
-0.823710
-3.272141
4.833737
-2.183405
2.869023
-0.238271
2.167779
-4.880115
-5.808087
-0.099194
0.707804
0.264068
0.586337
-1.045680
-0.122960
-3.560659
-0.074087
-3.916346
-0.924581
2.635010
-0.624892
-1.382870
-0.657936
-11.507700
0.387394
12.523058
-0.326052
0.429055
-0.106785
-0.420438
0.138524
-0.002418
-0.272991
-6.052812
0.268231
2.819251
-2.661903
0.517826
0.258062
-2.603269
4.508115
2.745067
0.804554
-3.835688
-0.939254
-1.484563
3.616131
0.844591
-1.007745
-1.431389
-1.664589
-0.860989
-0.270258
-2.340975
-0.838782
0.926830
0.301945
-0.819100
-2.385511
-3.990185
-0.286878
-5.742034
-1.839748
-9.310757
-1.165351
2.937338
-2.579001
0.074916
-1.738758
1.609160
0.183079
-1.454890
6.334652
-6.600379
-2.788680
-2.548749
-1.567750
-2.977437
-1.499564
3.588350
0.355151
-0.435217
-0.790596
-0.055198
2.652726
-0.075710
-3.405542
-2.026292
2.231655
1.519262
-3.164061
0.478660
-6.440531
0.456969
1.151813
1.947380
0.872446
7.439699
2.304772
-2.067460
1.134929
7.754097
1.808921
0.565092
1.861039
-2.601530
-1.427704
-2.656413
-2.477427
-0.151378
0.787122
2.846587
0.794252
-2.792129
-0.735287
-3.012626
-0.572216
3.810623
1.558723
-2.564017
-3.000454
2.493563
3.327677
-3.361929
-0.349585
2.736626
5.984000
3.377182
-0.529788
2.201511
-0.612371
3.478336
1.794226
1.171511
1.556094
7.942278
2.991832
-0.077204
-3.343335
5.347188
-3.054729
-0.702244
-0.891844
0.704572
4.394809
-1.874331
1.100545
0.724673
-0.664877
3.115727
6.554546
-2.059821
-2.247642
2.422427
-1.818619
2.087817
4.328824
-1.309159
3.337463
0.354214
1.723966
-2.704664
1.286615
1.127564
-0.955971
-0.372032
1.008513
1.510041
1.638361
3.367372
-0.767053
-6.025547
-0.585828
3.658770
0.754622
-4.201255
0.942827
4.796914
-2.800992
-2.929069
-2.663422
-4.270512
1.785757
-2.523930
-2.899334
-0.334585
2.541703
0.715215
4.109360
2.509934
4.693142
-3.350718
-5.101623
-2.715505
2.047994
-3.057541
0.164263
4.822923
-1.431226
-4.524171
-3.730023
-0.879438
-7.315108
3.898610
-5.505554
-2.901652
0.019818
-3.531393
5.030542
-7.191533
-0.816618
-5.771146
-2.707183
1.296146
2.783548
-2.434557
4.444251
-1.968129
-0.886249
-0.752420
-0.372090
-4.728991
4.112636
1.764295
-10.022732
-1.912533
-2.142522
2.639187
3.079268
-0.500906
0.051637
4.446383
3.335630
1.982353
0.404164
-2.208341
-0.816671
2.932497
-1.044638
6.820727
2.487585
-8.067995
0.245064
-5.710578
5.592977
0.167823
-2.927787
-4.631835
0.632735
1.752313
4.516854
3.424612
5.043691
-4.756485
-1.038213
-3.760309
-4.827512
-2.932758
-3.901364
6.718708
-0.138796
-0.232885
-3.584797
4.247747
0.200145
1.136483
-0.206425
-3.307929
3.903288
2.254909
5.416625
2.499775
2.869860
-0.818199
1.711520
-0.092942
3.133195
14.594093
2.407018
3.335514
-0.228515
1.173061
-0.786474
-2.231969
2.577321
-3.132530
-0.000091
0.313509
2.644232
-5.294968
-0.839286
0.018575
-1.718892
2.143698
-2.265589
0.324915
1.966790
0.348553
0.599266
-1.361388
-2.996502
-6.650363
1.268977
-6.019705
3.575449
-2.613353
0.578374
0.677912
-1.093705
-8.821200
5.436411
4.610793
-0.717936
-2.569653
-3.221762
-1.789015
-2.737157
2.202339
-1.687388
0.799764
1.688019
-1.306926
4.192755
0.983710
1.550506
0.415028
4.171355
-4.533573
-0.068246
-1.665793
-5.773669
-2.243157
-0.898202
5.226210
3.102052
3.893172
-4.844644
-1.592151
-2.468735
1.528330
-2.044584
2.816685
1.381123
1.629387
6.280123
-4.780559
1.560261
1.726634
-2.566118
0.986453
3.420300
5.066078
-2.364170
0.369687
-3.379554
-1.825007
-2.317159
3.304585
1.052714
1.518914
-4.021337
-2.014788
2.505993
-1.239937
1.556900
-0.847634
-2.301665
-4.970296
-0.788835
0.263224
0.575882
-7.374122
1.396601
-0.740551
1.123250
-5.684780
-2.770857
0.635031
3.334599
-3.435031
-3.483066
1.879788
0.525416
-6.599468
-1.628106
1.562944
-1.415826
-1.145849
-0.174939
-0.666875
-2.821076
-8.057978
4.676547
5.622343
4.645146
-0.796324
1.769862
0.968935
5.726101
2.310989
-1.138711
-4.520335
-6.022093
-8.286367
-3.099787
-6.685841
-1.601833
2.400982
0.959963
-4.390467
9.091384
3.006269
-9.183829
-0.225909
-2.699286
-2.256141
2.631187
3.020059
-1.560489
0.847602
3.919197
1.884762
0.162176
5.548495
-2.490878
1.519575
-2.382057
2.956390
0.535692
4.510968
0.127663
-2.929261
-1.521593
4.093183
-3.350218
-0.157753
1.197860
2.946982
-3.361486
4.314385
-4.622350
-2.423058
-2.773642
5.869300
-4.387486
0.083703
-2.287546
-1.847136
-3.803421
-4.103057
-1.169626
-1.180972
1.113183
-1.505923
-1.789538
4.986126
-2.385017
-0.450331
-1.706669
5.320675
0.083191
-7.059647
2.950426
-1.616200
5.515154
-0.933816
1.334217
-0.317838
3.787824
1.879300
-1.068479
-5.800088
1.805501
1.597000
-0.087852
2.971386
-0.577000
-3.398148
1.666319
0.367021
2.681405
0.579880
-2.769711
-1.440906
4.642957
3.387110
2.092869
1.273812
-0.261434
-0.680972
2.297146
6.572050
-1.342194
1.424555
1.424706
2.127771
4.976773
1.486643
3.163739
2.924291
-0.360423
-3.943676
-0.826321
-3.810456
-2.587742
3.342701
5.223708
-1.352559
1.691625
4.854834
-2.068931
7.564040
2.192954
-6.483143
-2.400892
-4.728123
1.567541
-4.153256
-1.452194
-8.467918
-4.608727
-1.549584
0.725209
-4.768751
3.210405
4.979835
-1.864573
-5.755450
2.407196
-4.898068
-9.614372
2.337465
4.802414
-6.080405
-0.735078
2.078785
-1.033290
5.135980
-0.289583
-2.863504
4.361226
-0.957994
2.566585
-3.807331
2.136177
2.092885
0.370988
-0.706015
3.503946
2.098081
-5.936299
4.370360
-0.941134
1.362650
-3.406407
-0.542192
-0.996969
-0.779327
2.413760
-0.676305
-0.548964
2.124327
-1.546184
-9.625836
-0.942562
-3.777909
-3.735129
-6.171459
-0.863613
-2.828311
4.898125
0.763158
4.073517
-4.348663
0.845439
-0.326975
1.604583
-5.820072
1.128196
0.366418
0.522519
-1.930007
3.014469
3.459626
2.262730
-1.500366
1.973258
2.356206
1.186422
0.691729
0.705531
-0.194396
0.128706
-0.320289
-0.026837
-3.031079
-5.776980
-4.469329
-2.248444
2.372146
4.434524
-1.505940
1.298037
-0.696033
-1.882916
-2.905633
-0.443917
2.948198
-0.319509
4.558926
-3.467191
-4.951819
1.960409
-0.052827
-1.812964
-1.097161
-1.678589
0.500294
-0.658299
-0.368915
8.136759
-2.749561
-1.202488
3.493713
-1.504963
1.148803
-2.583427
-1.957292
4.997066
0.302888
3.257536
0.142339
0.360957
-1.455682
-3.104358
-1.166051
1.710639
9.558990
-0.146697
2.083422
-1.612217
-2.004094
-0.321416
-2.384565
-0.648839
-0.514901
-1.352145
2.156044
4.424667
-3.030381
3.216800
3.301723
2.713454
4.158968
5.222767
-2.699374
-6.505850
2.347143
2.100130
-1.121068
-3.693160
-2.198815
3.732216
-4.063182
-3.443830
3.167538
2.462462
-8.087964
0.748614
1.750813
-0.904342
2.040435
3.368623
5.091281
2.070270
5.910995
3.101474
-3.482702
5.081622
-0.200651
-6.756547
3.388818
-1.505433
-1.166644
-2.187338
-4.793848
-1.947204
1.975920
-0.837034
-4.471382
3.983736
1.592331
2.530010
-3.211779
-7.598376
7.614077
-0.855446
-3.593046
3.252599
4.328337
2.921634
-0.439266
-3.661275
4.171967
-4.028019
-4.827035
2.721154
-1.036520
-7.773626
0.297813
-0.138461
0.265946
-0.964744
11.333145
-0.775531
2.336588
4.263154
-1.597662
-0.875624
1.859678
-3.532137
-2.179745
3.026272
-3.969488
-3.152803
-2.827125
-1.102719
5.837240
6.419959
2.386034
-2.615091
-0.871921
-0.116922
0.866478
2.085100
-3.188531
0.366296
4.404703
-0.569927
2.464567
2.736606
-2.305381
-5.099254
2.074004
2.055253
-1.556884
-0.920543
-5.313534
