-0.235459
0.529728
-0.372546
0.217843
0.454187
-0.309732
-0.030494
0.182833
-0.262331
-0.219217
-0.393735
-0.089194
0.081414
-0.410701
-0.048322
0.257027
-0.099877
0.317377
0.269874
0.598672
0.188099
0.245611
-0.326337
-0.199004
-0.789275
0.251544
-0.079885
0.080675
0.086119
-0.185959
0.460741
-0.115205
-0.037273
0.197031
0.109945
-0.182251
-0.311539
0.206741
-0.279374
-0.541558
0.054344
-0.251628
0.274105
-0.115398
0.625990
0.101519
0.097822
0.165634
0.007372
-0.372885
0.043152
-0.301638
-0.253905
-0.422977
-0.052603
-0.443045
0.169784
-0.220624
-0.002217
0.224314
0.437249
-0.599806
-0.286271
-0.410598
-0.478003
0.364515
0.303699
0.322959
0.188221
-0.200307
0.016135
0.252565
-0.118320
-0.224044
0.283340
0.025754
0.165032
0.402290
-0.147211
-0.348050
-0.029962
0.366106
0.361090
0.273249
-0.047948
0.135208
-0.118208
0.506849
0.316247
0.266236
-0.024878
-0.695673
0.316925
0.349617
-0.685027
-0.314610
-0.207496
-0.394802
-0.471836
0.237271
-0.163585
-0.239125
0.111447
0.062186
0.551984
0.143337
-0.267705
-0.344837
-0.093567
-0.423620
-0.164808
-0.131903
0.176891
-0.046265
-0.111252
-0.036523
0.207750
-0.472872
0.138765
0.004474
-0.751421
0.534182
-0.461331
-0.218532
0.114414
-0.006032
0.098871
0.210823
-0.207480
0.287633
-0.711439
0.475584
0.192198
0.340667
0.017428
-0.304378
-0.555387
0.458800
-0.189848
0.491790
0.084939
-0.062961
0.395845
0.024804
-0.381469
0.193585
-0.332198
0.368624
0.555850
0.287990
-0.148061
-0.579332
-0.080468
-0.129010
0.000774
0.408364
-0.244873
-0.208552
0.151546
-0.275882
-0.246786
0.295581
0.732175
0.515686
0.061809
0.618238
0.434311
-0.334389
0.124169
0.178494
0.024110
0.104319
0.042849
-0.035544
0.283810
-0.141265
0.356795
-0.139473
0.063246
0.281144
0.433216
0.585734
0.194381
-0.313007
0.341999
-0.345946
0.102797
0.256975
-0.152844
-0.410347
-0.415972
-0.403050
0.129857
0.172649
-0.222198
0.029364
0.386477
0.150598
-0.494979
-0.515916
-0.112902
-0.082444
0.271305
-0.342351
-0.607333
-0.461478
0.338826
-0.437593
0.043663
-0.489095
0.236113
-0.108637
-0.323028
0.253190
0.378751
0.225879
-0.114670
0.117152
-0.073872
0.591367
-0.468165
-0.464549
0.750549
0.122950
-0.508504
0.026971
-0.461727
0.067464
0.096045
-0.134602
-0.575629
-0.056435
0.285687
0.353657
0.505780
0.201333
-0.152762
0.262926
-0.609493
0.551890
0.117622
-0.052111
-0.534941
0.092884
-0.300554
0.098131
0.283110
0.175666
0.410161
0.256619
0.504190
0.556620
-0.068343
0.184900
0.291567
0.068344
0.010618
0.525245
-0.406338
-0.438137
0.371578
0.018228
-0.292826
-0.465884
0.109135
0.216672
0.262321
0.316416
0.694352
-0.324178
-0.314312
-0.266289
0.061904
-0.214662
-0.078652
-0.034457
0.098811
-0.015177
-0.209780
-0.137043
0.199080
0.006516
0.013829
0.435649
0.075136
0.070854
-0.153883
-0.287925
-0.302554
0.343210
-0.263462
0.499422
0.246963
-0.287331
-0.439195
0.287642
-0.264994
-0.122449
0.153233
0.314922
-0.111246
-0.102865
-0.510767
-0.464546
-0.498828
0.584156
-0.113570
0.309884
0.402465
-0.600091
-0.378570
-0.351398
0.126860
-0.053625
0.259024
-0.161792
0.572561
-0.168621
0.023232
0.139465
-0.227938
0.380701
-0.023791
0.605157
0.440286
0.461821
-0.353505
-0.117324
-0.417482
-0.217951
-0.348798
-0.368177
0.067482
0.019874
-0.273891
0.304752
-0.418246
-0.098172
-0.371930
-0.029089
-0.401445
-0.499691
-0.412585
0.079943
-0.622415
-0.034603
0.138192
-0.126123
0.161257
-0.167361
-0.490243
0.187078
0.551849
0.115097
-0.200268
-0.411227
-0.384601
0.145093
-0.380798
-0.095395
0.160596
0.592168
-0.058342
0.481661
0.330961
-0.117664
-0.737910
-0.106044
0.201390
0.216496
0.385052
0.255271
-0.318582
-0.201420
-0.084415
-0.069239
0.351836
0.119435
0.024195
0.237195
0.089077
-0.244738
-0.421891
0.717615
0.105689
-0.115710
-0.036760
0.296428
0.018769
0.062129
-0.086335
0.087842
0.271287
-0.016486
0.342731
-0.314862
0.129019
0.379206
0.144693
0.160183
-0.495925
-0.114555
-0.153600
-0.080744
-0.486773
0.519817
0.223352
-0.204402
0.252245
0.283129
-0.347593
0.118963
-0.521007
0.549446
-0.380423
-0.286146
0.014955
-0.837921
-0.503596
0.091071
0.060435
-0.053319
0.194358
0.030593
-0.060571
-0.290744
-0.036003
-0.082159
0.687500
0.364856
0.464235
0.173030
-0.173277
-0.284940
0.111936
0.086033
-0.234231
0.691086
-0.035792
0.330810
0.089934
0.419522
-0.040744
-0.219207
0.044125
-0.080465
-0.123132
-0.124237
0.126155
-0.292716
0.129759
0.195263
0.014568
0.482308
0.064637
0.016300
-0.234591
-0.403103
0.180365
-0.501935
-0.383532
-0.832655
-0.336470
-0.343748
0.295299
-0.087739
-0.201057
-0.064857
0.336507
-0.015212
-0.017684
-0.380619
-0.424566
0.105964
0.310236
0.357785
0.328961
0.342199
-0.263032
-0.131401
-0.063773
0.049901
-0.348925
0.055863
-0.257043
-0.061417
0.244989
-0.273997
0.013462
0.165465
0.031407
0.462304
0.114256
0.084404
-0.282116
-0.116500
0.320634
-0.257566
-0.181875
-0.148326
-0.169025
0.366506
-0.230626
-0.268992
-0.552532
0.142000
-0.005879
-0.274272
-0.309014
-0.424304
-0.355066
0.178679
0.165678
-0.019023
-0.559767
-0.095100
-0.018014
-0.285075
0.263483
0.453023
0.497324
0.208600
-0.053619
0.145820
-0.391126
0.502754
-0.524561
0.249395
-0.590087
0.183950
0.396773
0.479483
0.147202
0.196298
0.247215
-0.040695
0.252564
-0.320335
0.465345
0.033369
0.044944
-0.441555
-0.179447
-0.269757
0.405672
0.001308
0.368272
0.204948
0.007128
0.110226
0.316593
0.370444
-0.581384
0.046543
-0.150297
-0.377971
-0.287287
-0.465232
0.436904
-0.462415
0.464381
-0.713966
0.311219
0.009492
-0.568891
0.278283
0.349688
0.407608
0.279699
-0.519626
0.000936
-0.006621
0.337559
-0.263055
-0.418341
0.312194
0.095397
-0.219160
0.192308
-0.339850
0.379385
0.326554
0.108075
0.383210
0.092425
-0.227970
0.168132
0.556722
0.073143
-0.030174
-0.111848
-0.095559
0.075814
0.040730
-0.022927
-0.035171
-0.420969
0.462823
0.089754
0.191394
-0.273442
-0.587537
0.523290
0.103949
0.072119
-0.063604
-0.572886
0.020666
0.128062
0.402553
-0.280951
0.604375
0.193942
-0.418521
0.155766
0.483710
-0.451855
-0.483319
-0.122521
0.237607
-0.034745
-0.009377
-0.007968
0.109262
0.187821
-0.108445
0.779264
-0.446610
0.379392
-0.314768
-0.127857
0.007439
0.172677
-0.251130
-0.041830
-0.428697
-0.122470
0.588123
-0.050103
-0.083569
-0.694346
0.044179
-0.139051
0.514713
-0.276285
-0.133546
0.514890
0.288005
0.209846
0.329393
-0.184464
0.579662
0.444112
-0.207901
0.279374
0.642990
-0.112705
0.290382
-0.187899
-0.062144
-0.304651
-0.397810
-0.284042
-0.265645
-0.220354
0.087161
0.049129
0.047560
-0.288788
0.370420
-0.316803
-0.107495
-0.072181
-0.446245
0.405551
0.407860
0.104216
-0.200789
0.107380
0.294781
0.170135
0.067376
-0.558630
-0.017782
0.024163
-0.121158
0.332872
0.577360
0.140185
0.143343
-0.080840
-0.050411
0.238493
0.217104
-0.221963
-0.022497
0.069417
-0.079207
0.367678
-0.047872
0.306435
0.239006
0.242599
0.678147
0.929646
0.099108
-0.158513
-0.405771
-0.267617
-0.247919
-0.060630
0.430596
0.296868
0.416887
-0.701047
-0.273553
0.346648
-0.061560
0.076375
0.586279
0.086779
-0.273879
0.210391
0.508939
-0.134677
-0.417001
0.262951
0.311613
-0.026266
0.316399
0.284756
0.412948
0.370633
0.546789
-0.353259
0.371392
-0.469335
0.002572
0.294291
-0.128303
-0.096773
-0.346329
-0.060479
0.328373
0.298348
-0.275825
0.460962
-0.092759
-0.469987
0.241350
-0.019379
-0.301520
0.060135
0.416019
-0.377615
0.454091
0.191418
-0.385461
-0.134088
-0.169753
-0.176648
-0.234108
0.386742
-0.398102
-0.219924
-0.217487
-0.103161
0.456925
-0.407620
0.156719
0.169435
0.334157
-0.349786
-0.402501
-0.172640
-0.668722
-0.245501
-0.017995
0.383034
-0.255199
0.257722
0.520524
0.237970
0.336541
-0.471763
-0.106289
-0.293925
-0.000020
0.207098
-0.133685
-0.162847
-0.370297
-0.135220
-0.119309
0.017698
-0.008546
0.229201
0.080354
0.434724
-0.492864
-0.408049
0.460852
0.275445
0.355257
-0.303044
0.031989
-0.432520
0.157566
-0.095396
-0.234306
0.647717
0.154759
0.156994
-0.014792
-0.561080
0.233403
