0.287648
-0.481868
0.450514
-0.094918
0.133063
-0.227560
-0.213548
0.107462
0.407739
0.104874
0.123763
0.213323
-0.338143
-0.433201
0.120034
-0.066674
-0.633963
-0.434409
-0.530180
-0.639123
-0.437577
0.092731
-0.321475
0.113038
0.105498
-0.206243
-0.231967
0.101635
-0.335170
-0.262446
0.242346
-0.122911
-0.493723
0.192845
0.313834
0.355838
0.688748
-0.190483
-0.339529
-0.625777
-0.251808
0.169298
-0.355709
0.457036
-0.451590
-0.032919
0.386279
0.601167
-0.077953
-0.371674
-0.289320
-0.336992
0.003071
-0.721943
0.108060
-0.284662
0.067186
-0.515121
-0.364005
-0.386415
-0.136783
-0.444697
0.397447
0.328474
0.297591
-0.316794
-0.659864
-0.134505
0.245211
-0.003841
-0.010732
-0.215572
0.173989
-0.386793
-0.048718
-0.274434
-0.218371
-0.188807
0.168148
-0.382324
-0.413207
-0.495182
-0.503674
0.289338
0.313695
-0.064399
0.423307
0.516930
-0.019765
0.134675
-0.186453
-0.092149
-0.162961
0.040679
0.156841
-0.018388
0.355373
-0.411980
-0.577476
0.274993
0.647170
-0.411732
-0.239948
0.180855
0.054470
-0.230490
0.536754
-0.181733
0.724294
-0.307557
0.053633
-0.127311
-0.384031
-0.143933
0.127519
-0.177821
0.050655
-0.068724
0.418675
-0.342038
-0.515880
-0.300261
-0.138955
0.042108
0.562246
-0.412152
0.099686
0.132660
0.235343
-0.548819
0.382766
0.070760
0.187804
0.242721
0.312565
0.495476
-0.142391
-0.356884
-0.421775
0.092347
0.106241
0.346621
-0.009331
0.400406
-0.537551
0.257863
-0.389767
0.053405
0.248257
-0.632693
0.166376
0.494915
-0.158258
0.103769
0.298765
0.774666
-0.566887
0.171566
0.431889
0.286233
0.107432
-0.587113
0.794926
0.220617
-0.420817
-0.326369
-0.462470
-0.363398
0.271881
0.133528
-0.038158
0.378757
0.156035
0.338454
0.293728
0.070956
-0.575291
0.449082
0.356781
-0.336443
0.472458
-0.693456
0.070067
0.575996
-0.152052
-0.319954
0.087236
0.246459
0.073343
0.267077
0.665442
-0.089965
-0.071857
-0.030620
0.076193
-0.258854
-0.299384
0.085247
-0.268756
-0.545207
0.450898
-0.193710
0.280673
0.239656
0.084876
0.352883
-0.438001
0.057730
0.255997
0.115999
0.066397
0.215807
0.128975
0.502367
0.467048
0.096102
0.144682
0.368466
-0.128191
0.422999
-0.138221
-0.031605
0.631863
-0.449848
-0.110294
0.457397
-0.504352
-0.337291
-0.129840
-0.395520
0.291605
0.553095
-0.032785
0.147290
-0.158098
-0.174328
-0.039632
-0.359507
0.024475
-0.309609
0.061082
-0.007273
-0.151744
-0.436825
0.327252
0.086985
-0.202259
-0.219800
0.311116
0.198638
0.153128
-0.292624
0.360321
-0.564936
0.723034
-0.297367
-0.552894
0.633037
-0.288644
0.150353
0.411634
-0.468061
-0.136646
0.658368
0.478289
-0.112803
-0.465909
-0.240419
0.208107
0.072427
-0.081195
-0.071699
-0.557930
-0.570011
0.028084
-0.798474
-0.195033
-0.336115
0.453822
0.268284
-0.138952
-0.312025
-0.415708
0.036908
0.297924
0.328531
-0.423744
0.141506
-0.518438
0.106893
-0.124937
-0.564352
0.396944
0.297806
0.332749
-0.051167
0.287192
-0.692727
0.082478
0.252937
0.070295
-0.321397
0.237424
0.413935
0.172053
0.050452
0.322281
-0.573084
0.037245
-0.177583
-0.303820
-0.129251
-0.631830
-0.486741
-0.268932
-0.356539
0.205657
-0.218359
-0.224813
0.474070
-0.122027
0.046365
-0.030126
0.249515
-0.386353
-0.199365
-0.302602
0.538259
-0.367680
-0.112274
0.084225
-0.313663
0.080369
-0.496063
0.541648
0.121943
-0.363769
-0.409604
0.109805
-0.323757
-0.825801
-0.408523
-0.036272
0.474190
0.554072
0.314951
0.161481
0.047703
-0.617433
0.604137
-0.420355
0.301002
-0.036408
0.044761
0.532537
-0.041077
0.405115
0.410748
-0.579102
0.203337
-0.191539
0.217344
-0.476827
0.117480
-0.658899
0.342480
0.165472
-0.281083
0.025740
-0.018420
0.408896
0.183475
0.191658
-0.337102
-0.078815
0.438625
-0.412162
-0.142378
0.050325
0.125851
-0.071287
0.691984
0.266548
-0.188288
-0.457635
0.479693
-0.036877
-0.216417
0.296795
0.256498
-0.181975
0.035650
0.239498
-0.285030
0.312642
0.556054
-0.105892
0.408516
0.015922
-0.589028
-0.235244
0.104732
-0.286691
0.098261
0.342691
-0.057113
-0.244264
-0.301113
-0.477649
-0.266696
0.099902
-0.178545
0.211799
0.189098
-0.177959
-0.376203
0.181630
0.292822
0.273299
-0.605042
0.413933
-0.145085
0.065298
0.533504
0.206452
-0.161842
-0.293030
-0.321300
0.319932
-0.180772
0.469909
0.251281
-0.410138
0.183377
-0.082323
-0.205743
-0.176076
0.347689
0.738416
-0.228858
0.300398
0.299014
0.109250
-0.356002
-0.240972
-0.136718
-0.038506
-0.371724
0.397405
0.202646
-0.197130
0.455167
-0.358966
-0.660908
-0.594358
-0.037745
0.243033
0.456584
-0.605416
0.470339
0.317123
-0.047983
0.232314
-0.007399
-0.241597
-0.051840
0.028695
0.193337
0.519981
0.329095
0.036028
0.100732
0.346385
0.631862
0.067931
0.004832
-0.659138
0.393447
-0.359690
-0.021146
-0.655939
0.466334
-0.406108
0.301568
-0.223003
-0.536886
-0.028274
-0.601351
0.114010
0.282334
-0.337849
-0.497884
-0.331215
-0.068163
0.466308
0.155064
-0.063773
-0.269318
0.085687
-0.190704
-0.496289
-0.514748
0.183644
-0.045233
-0.255996
-0.258389
-0.512880
-0.175112
-0.520785
0.324803
-0.123371
-0.012580
0.056166
0.186360
-0.339002
0.329451
0.277155
-0.491547
-0.368268
0.102045
0.145886
-0.202059
0.398578
-0.284454
0.295091
0.547750
-0.419961
0.510515
-0.665954
0.267363
0.178402
0.559793
0.156104
-0.343244
0.438561
0.352031
0.025413
-0.375683
-0.115311
-0.202523
0.142965
0.370798
-0.170716
-0.394499
0.158234
0.224889
-0.403066
0.052020
-0.573264
0.320305
-0.195665
-0.645786
0.236929
-0.645909
0.343239
-0.002129
-0.059444
0.214305
-0.181270
0.314494
0.145844
0.240091
0.400924
0.307454
-0.458962
0.143463
0.117020
-0.303376
0.163339
-0.627212
-0.126051
0.466512
-0.005807
-0.435740
0.200649
0.440198
-0.038029
0.414439
-0.449825
-0.084570
-0.548891
-0.040824
-0.301051
0.087811
-0.285766
0.479491
0.838867
-0.172996
0.375186
-0.041344
0.244481
-0.260480
0.195643
0.193703
0.739063
-0.840931
0.505756
-0.290000
-0.211629
0.399251
0.063517
0.037893
0.127548
0.219616
-0.355377
0.063434
-0.419399
0.320215
0.069345
-0.459606
-0.048896
0.421806
0.321207
-0.084650
0.277590
-0.428902
-0.268831
-0.146583
-0.460884
0.431171
0.340216
0.549679
0.131928
-0.250079
-0.506703
-0.459390
-0.029963
-0.155035
-0.197965
-0.295634
-0.317343
0.328106
0.170985
-0.130597
-0.104473
-0.465170
-0.775614
0.215307
0.279060
0.331780
0.467508
-0.335293
-0.178858
-0.141885
-0.140015
-0.181843
-0.158934
0.496051
-0.496040
0.289822
0.145371
-0.298000
-0.326833
0.339058
0.032430
-0.254317
0.206317
-0.350496
-0.187131
0.300038
-0.165634
-0.195043
0.192009
-0.190422
0.137218
0.355840
0.284957
-0.121063
-0.465564
-0.700828
0.139273
-0.151261
-0.098727
-0.385648
0.205593
-0.128156
0.394581
-0.016692
-0.418404
0.401282
-0.115849
-0.243249
-0.466995
-0.489954
0.134508
-0.150647
0.296608
0.462324
0.198506
-0.476391
-0.252085
-0.294012
-0.242027
-0.687294
-0.218624
-0.419498
-0.745844
-0.115385
0.372932
0.061889
0.126810
-0.106092
-0.103040
-0.151881
0.537685
-0.445486
-0.990806
-0.187347
0.362741
-0.227681
0.119153
0.170618
0.222188
0.235925
0.601951
0.186236
0.179286
-0.042043
-0.215738
0.035100
0.472814
0.606309
0.361427
-0.386636
0.386682
0.207237
0.266561
-0.331018
-0.411286
-0.476426
-0.373221
-0.211689
0.094526
0.433765
-0.035465
0.258060
0.026224
-0.337848
-0.246377
0.209986
-0.089455
-0.106375
-0.423313
-0.114284
-0.317038
-0.298716
-0.015606
-0.209818
-0.323081
-0.326193
0.280840
-0.203922
0.145142
0.679541
-0.008325
-0.309699
-0.376946
-0.181820
-0.296345
-0.032907
0.612537
-0.071930
0.370562
0.159952
-0.201507
-0.907419
0.198392
-0.252734
0.091873
0.090304
0.215577
0.597348
-0.072204
-0.383319
-0.082893
-0.242495
-0.242065
0.454489
-0.014078
-0.388329
0.603094
-0.658159
-0.028171
-0.551833
-0.364873
0.206181
-0.135884
-0.404298
0.254697
-0.091730
-0.182725
-0.114778
-0.336399
-0.180792
-0.049572
0.025098
0.276112
0.049158
0.591091
-0.469548
0.348145
-0.240241
0.386884
-0.505647
0.276286
0.003244
-0.234750
0.677230
0.402731
0.006680
0.059178
0.386724
-0.257085
-0.493058
0.151588
0.261625
