0.552708
-0.417572
-0.237094
-0.042515
0.316840
-0.291621
-0.693893
0.182827
0.364954
0.188246
0.123763
-0.157425
0.061671
-0.584343
0.344981
0.365780
-0.102595
-0.486785
0.066337
0.409123
0.303037
-0.043777
-0.477657
-0.064031
0.163279
-0.082584
-0.129734
0.103780
0.001428
0.205131
0.098186
0.025729
0.253953
-0.226707
-0.372592
0.176661
0.027035
0.116693
0.316797
-0.451099
-0.503355
-0.074439
-0.333975
-0.339600
0.569519
-0.394431
-0.220209
-0.058889
-0.406441
0.521052
0.508548
-0.145107
-0.038688
-0.379222
0.513343
-0.367764
0.097703
0.476950
-0.045648
0.034708
-0.048457
0.237859
0.064165
0.173593
-0.355256
0.413784
0.225682
0.025933
0.290994
-0.186210
0.005492
-0.275004
-0.144717
0.222669
0.435096
0.199703
-0.282783
-0.149090
0.498865
-0.121452
0.164374
-0.240318
-0.358216
0.461438
0.483271
-0.130375
-0.371828
-0.043463
0.249275
0.465076
0.289589
-0.186148
0.391887
0.063891
0.016124
-0.241399
-0.580294
0.141353
0.222402
0.057316
-0.471684
-0.035598
-0.003424
-0.508427
0.545424
0.501431
0.277073
-0.075183
0.044882
0.097491
0.104820
0.031377
-0.564373
-0.083711
0.437060
-0.173705
0.209201
-0.494238
-0.090718
-0.329775
-0.354288
0.232475
0.394491
-0.201646
-0.177445
0.504418
-0.000498
0.253014
0.248520
-0.378636
-0.252152
-0.086714
0.762303
0.344699
-0.274256
0.364253
0.532794
-0.310634
0.470927
0.237987
-0.020501
0.066741
-0.285606
0.094619
-0.088541
-0.342561
-0.376031
-0.368952
0.371309
-0.498627
0.140128
-0.475652
0.029775
0.273116
-0.562940
-0.204666
0.398553
0.099117
-0.297392
-0.384535
-0.644200
0.001408
0.048529
0.475238
0.237233
0.261508
-0.116470
-0.490314
0.213390
-0.510637
-0.248569
0.583512
-0.184000
-0.487875
0.293728
-0.115578
-0.043491
-0.117117
0.054066
-0.116121
-0.441691
-0.153305
0.098598
-0.614907
-0.291317
0.370706
-0.172102
0.112109
-0.054027
-0.545884
-0.310840
0.198998
-0.212243
0.147470
-0.171756
0.355751
-0.399026
-0.168746
-0.242635
-0.133774
-0.106894
0.042105
-0.378920
-0.014020
0.531349
-0.240887
0.165812
-0.550454
-0.106475
0.068131
-0.233315
-0.008027
-0.055780
-0.150180
-0.308782
-0.394380
-0.119832
0.002914
0.108431
-0.166958
0.067585
0.104423
-0.392225
-0.394795
-0.464686
-0.492150
0.340167
-0.154617
-0.011207
-0.135629
0.071485
0.419209
-0.390422
-0.461924
-0.504706
0.265826
0.029534
-0.215918
-0.447200
0.184697
0.428105
-0.426792
-0.766829
-0.239437
-0.595650
0.153930
0.104487
-0.107985
-0.419547
0.059954
0.416190
0.127820
0.191488
0.430982
-0.102650
-0.384074
-0.402954
-0.216563
0.218195
-0.369580
0.393959
0.270341
-0.320847
-0.565182
-0.375827
-0.185208
0.072932
0.190483
0.121811
-0.017503
-0.367608
-0.025343
0.667370
-0.343234
-0.534273
0.793884
0.204945
0.538914
0.403548
0.058321
-0.126132
-0.354858
0.000026
0.378595
0.199440
0.515848
-0.670908
-0.340379
-0.402197
-0.093146
-0.051928
-0.599161
0.208063
-0.855484
-0.339685
0.358522
0.430390
0.090800
0.011969
-0.336806
0.184701
-0.018098
-0.121848
0.081050
-0.397412
0.052893
0.180653
-0.237772
-0.548781
0.143483
-0.037710
0.376560
0.402954
-0.113604
0.668297
-0.203132
0.507839
0.014643
-0.024156
-0.375376
0.441624
0.114453
-0.459567
-0.127175
-0.542504
0.003982
0.146322
-0.012091
-0.494689
-0.229781
0.252045
-0.150127
0.352574
-0.030745
-0.324212
0.332482
-0.305706
-0.017171
0.674652
0.073602
0.119216
0.475784
-0.217710
0.395188
0.075305
0.320052
0.030742
0.141522
-0.444773
-0.242165
-0.110372
-0.313819
0.109521
-0.176394
-0.172169
-0.208928
0.200113
0.325714
-0.189696
-0.067623
0.459117
0.215996
-0.096552
-0.407549
0.115530
0.277855
0.208889
-0.662531
-0.043675
-0.080078
0.357118
0.433170
0.011995
-0.112078
0.520591
-0.145378
0.316539
-0.032669
0.168001
0.039861
-0.392672
0.216348
0.613883
-0.168652
0.342410
0.187387
0.292461
0.393222
0.015706
-0.240691
-0.241211
0.385218
0.557224
0.518948
0.536301
-0.021489
0.118851
0.350780
-0.557406
-0.326199
0.062099
-0.724282
0.071341
0.355680
-0.459449
-0.603655
-0.034616
-0.228168
0.306165
0.579806
-0.066901
-0.657490
0.738068
0.508940
0.184879
-0.221379
0.157689
-0.143218
-0.516557
-0.096547
0.329424
0.357525
0.360116
0.479897
0.296101
0.217447
-0.159025
-0.107666
0.587862
0.145859
0.179485
-0.001289
-0.414755
0.145425
0.137594
0.158865
0.291578
0.432954
0.507513
0.225439
-0.381909
0.461742
0.503927
-0.629535
0.490753
0.086425
0.548634
-0.488737
0.292996
-0.289770
0.279384
0.037819
0.522731
0.419820
0.222331
-0.257441
0.448260
0.246869
-0.406978
0.280924
-0.151485
-0.242573
0.285260
0.057328
-0.450417
0.169462
-0.101076
-0.522586
-0.150965
0.190373
0.138050
-0.536651
-0.417213
0.346901
0.203407
-0.056511
0.442413
-0.462661
-0.011771
-0.446299
0.217031
-0.269153
0.488337
0.147756
0.215183
-0.553512
0.136385
-0.535280
-0.405457
-0.378898
0.188532
-0.137308
0.435520
-0.388248
0.081806
-0.309931
-0.363030
-0.405931
0.390095
-0.255596
-0.062163
-0.705255
0.084428
-0.524525
-0.385063
-0.517860
0.003315
-0.030516
-0.399148
-0.425109
-0.001618
0.231292
0.162087
0.450296
-0.332182
-0.120363
0.538869
0.170980
-0.209912
-0.383852
-0.192834
-0.678295
0.251425
-0.209084
0.204413
-0.255777
-0.267446
0.249482
-0.507768
0.240067
0.209744
0.230388
0.389107
-0.061357
0.557193
-0.128634
-0.171813
0.218563
0.056988
-0.456781
0.282611
0.393644
0.174619
0.472271
0.180421
-0.239071
-0.504197
-0.170190
0.054621
-0.398948
0.213663
0.549351
0.382439
-0.438822
-0.286527
-0.376015
0.198637
0.220838
-0.406312
-0.122622
0.183514
-0.295209
0.012650
0.274659
0.560692
0.237737
-0.216442
0.435150
0.173986
-0.603213
-0.111937
0.286250
-0.294266
0.055454
-0.564916
0.424331
-0.154709
-0.306699
-0.532640
-0.386075
0.436153
-0.274827
0.277798
0.536744
-0.065485
0.383105
0.267938
-0.308998
0.250638
0.429901
-0.199159
0.011485
0.228076
-0.416385
-0.484967
-0.315967
-0.401697
-0.104846
-0.519269
0.307261
0.053850
-0.479800
-0.288568
0.129100
-0.099950
0.088018
0.055660
0.388077
-0.086605
0.246345
0.261916
0.318537
0.070490
0.603442
-0.020340
-0.207084
-0.458201
0.272305
0.208937
-0.233841
0.307507
-0.191394
0.521922
0.601941
-0.074849
0.305028
-0.065003
-0.629632
-0.527463
0.060318
-0.267392
-0.110665
-0.004008
0.220384
-0.474244
-0.551045
0.092473
0.127725
-0.483563
0.089498
0.019968
-0.004802
-0.186319
-0.037196
0.086169
-0.190000
0.103015
0.383817
-0.684725
-0.042678
0.174228
0.610879
0.061441
-0.333786
-0.105447
-0.665145
0.108250
0.441373
0.337778
-0.355179
-0.566901
0.718066
0.071040
0.077772
-0.077134
0.390930
0.561242
-0.034390
-0.293013
0.577818
0.136057
0.272535
-0.122124
-0.265566
0.309209
0.423973
-0.006442
-0.028306
-0.069810
-0.389432
0.468460
-0.074667
-0.606077
-0.366335
-0.283333
-0.588001
-0.458526
-0.287823
0.007943
-0.028981
-0.306515
0.192130
0.636961
0.271647
-0.573091
0.147638
-0.585963
0.047650
-0.281309
-0.693441
-0.131499
0.136344
0.046344
0.160665
-0.491715
0.531694
-0.174996
-0.220709
0.191157
0.522042
-0.116384
0.454552
-0.474945
-0.549875
0.005235
-0.080858
-0.484832
-0.107355
0.395196
0.182021
-0.091876
-0.407203
-0.190394
0.347362
-0.023405
-0.267659
-0.563357
0.567345
-0.131309
0.394311
-0.251795
0.294979
-0.318960
-0.165880
-0.043460
0.297084
0.036029
0.205974
-0.286440
-0.420240
-0.124970
-0.569171
-0.103150
-0.065292
-0.137329
0.682475
-0.306132
-0.095541
0.216441
-0.221737
-0.579677
-0.364881
-0.535365
0.680209
-0.096991
0.222221
0.296344
-0.513784
0.146619
-0.470800
-0.106551
0.035600
0.244199
-0.080791
0.250236
-0.413731
-0.369954
0.398884
-0.343133
-0.252638
-0.383058
0.463523
-0.316926
0.060758
-0.212897
0.729289
-0.281070
-0.345114
-0.523895
-0.147052
0.044569
0.445203
-0.381323
0.453797
-0.188409
-0.376686
-0.138463
0.366815
0.185896
0.352944
-0.029682
0.045596
0.137231
0.557872
0.048541
0.364747
-0.358098
0.274305
0.110521
-0.349234
0.209137
-0.058438
0.295809
-0.153117
-0.363124
0.263176
-0.606678
-0.159465
0.447218
-0.453749
0.213759
0.299613
0.153257
0.070151
-0.051742
0.472984
