-0.097452
0.336650
-0.197147
0.104465
-0.366411
-0.417184
0.119689
0.117967
-0.217990
0.205148
-0.319509
0.409758
-0.229724
-0.168529
0.579732
-0.444111
-0.220071
-0.017497
-0.020895
-0.405843
0.093081
0.124798
-0.388210
0.274290
0.440455
-0.133759
0.333507
-0.128374
-0.179175
0.352230
0.499688
0.243713
-0.679171
-0.045681
0.279115
0.238144
-0.328355
0.350818
0.016772
-0.312668
-0.465503
0.209243
0.198421
0.349321
-0.447624
-0.397568
0.497128
0.126966
-0.454383
0.017467
-0.409813
-0.156938
0.199611
-0.640221
0.225293
-0.014894
-0.597496
-0.093066
-0.447523
0.263465
-0.223830
-0.336056
0.021827
0.718890
-0.198243
-0.299831
0.139823
-0.263165
0.100496
0.121597
0.016135
-0.389759
-0.174661
-0.181090
0.410357
0.091061
-0.374022
0.673930
-0.376808
-0.184495
-0.490605
-0.391159
-0.723746
-0.251068
-0.331113
0.095889
-0.113034
-0.128218
-0.088068
-0.504566
-0.313176
0.250893
-0.038840
0.475814
-0.405869
-0.127835
-0.504222
-0.515227
-0.062522
0.299970
-0.326930
-0.301472
0.372231
0.151208
0.410716
-0.570474
-0.342038
-0.371779
0.400019
-0.192392
-0.010368
0.200158
0.278625
0.225067
-0.367103
-0.323203
-0.322382
-0.215041
0.030055
-0.190432
-0.550635
-0.029536
0.205750
-0.285874
-0.708372
-0.174983
0.098490
-0.112629
0.470406
0.523281
-0.198269
0.460051
-0.271148
0.201726
-0.547687
0.122438
-0.000992
-0.756813
-0.328173
0.540169
-0.104265
-0.526790
0.415257
0.051654
-0.264420
-0.204631
0.598467
0.163925
-0.171355
0.081090
0.143594
-0.465622
-0.109130
0.655542
0.413273
0.266540
-0.020155
0.285175
-0.028064
-0.376560
-0.509206
0.265404
-0.187357
-0.076422
-0.111440
0.629800
0.156502
0.213826
-0.284082
-0.677713
-0.155800
0.335367
0.027281
-0.598160
0.067334
-0.079142
-0.138856
-0.182178
0.184297
-0.068710
0.492824
0.212412
-0.321278
0.507688
0.251282
0.107380
0.173415
0.096504
0.117232
0.267806
-0.382360
0.522832
-0.100195
0.050441
-0.225845
-0.066057
0.192098
0.041511
-0.523745
-0.532884
0.006678
0.222260
0.119738
-0.009182
-0.320650
-0.097936
0.075548
0.065306
-0.006271
-0.035643
0.599200
0.398618
0.103186
-0.612492
-0.070001
0.010288
0.402961
0.216562
0.012792
0.021199
0.202140
0.311867
0.648125
0.110416
0.329372
-0.679314
-0.380800
-0.144328
0.464229
-0.193019
-0.304835
0.197327
0.286301
0.364676
0.189698
0.110468
0.559340
0.021570
-0.032132
0.352905
0.144860
-0.454507
0.193790
0.066692
0.617392
-0.068159
-0.718807
-0.142645
-0.384337
-0.570927
0.531591
-0.497898
0.215048
0.356052
-0.130651
-0.282936
0.273294
0.086648
0.053280
0.291556
0.099412
-0.603974
0.009993
-0.372692
0.018512
-0.194291
-0.223701
0.197536
0.548023
-0.017775
-0.469897
0.112340
-0.405906
0.208720
-0.436334
0.288049
0.056614
0.117986
-0.048625
0.308889
0.335727
0.033393
0.193923
-0.370995
-0.348084
-0.239163
-0.443147
-0.278116
0.340896
0.577241
-0.082154
-0.351849
0.280899
-0.425895
0.318050
-0.260563
0.443325
0.007626
-0.336655
-0.143035
-0.029837
-0.540327
0.252499
-0.410301
0.071411
-0.083927
-0.447775
0.245068
-0.149053
0.384851
-0.070611
0.088966
0.103221
-0.109264
-0.548034
-0.171379
-0.554684
-0.394201
-0.372544
0.276378
0.081962
0.364599
-0.122663
0.026829
-0.140384
0.156403
-0.257831
0.244474
0.184282
-0.782443
0.188960
-0.650774
0.226777
-0.573879
-0.102728
0.098470
-0.439819
0.288708
0.089379
0.139083
-0.231600
0.792291
-0.094991
0.047541
0.037533
-0.400173
-0.386664
-0.109528
-0.379818
0.257272
-0.169284
-0.333940
0.109521
0.054884
-0.153230
-0.216766
0.148996
0.445278
-0.344433
-0.104467
-0.130137
-0.341985
-0.413565
0.465353
0.361959
0.193198
0.470471
-0.254630
-0.108062
-0.405736
0.095138
0.043382
0.080611
0.330940
0.049482
-0.378350
-0.122855
-0.298225
-0.311911
0.297277
-0.069939
-0.286824
-0.202368
-0.198903
-0.299986
-0.587741
0.186778
0.389266
0.302509
-0.154685
0.046035
-0.256530
-0.104576
0.417925
0.037119
-0.419484
-0.113746
0.391266
-0.302476
0.140044
-0.282211
-0.176933
-0.319452
0.036463
-0.153150
-0.031565
0.179030
-0.106167
0.015349
0.366390
0.458202
0.481031
-0.016765
0.282127
-0.471598
-0.073165
-0.000735
-0.138508
-0.342190
0.091075
0.416307
0.107383
-0.416331
-0.441261
-0.190071
-0.166611
-0.217682
-0.140027
-0.163985
0.257026
0.380498
0.331735
-0.464559
-0.550572
0.384844
-0.221185
-0.192368
-0.344406
-0.032638
0.449978
0.597843
0.461937
0.113651
0.179493
-0.542216
-0.007645
-0.353129
-0.481313
0.414456
0.141572
-0.044470
-0.009293
0.078143
0.156898
0.032128
0.349675
-0.017227
0.228507
0.003741
0.241556
0.310291
-0.291390
0.500000
-0.300971
0.364566
0.415614
-0.073041
0.285561
0.094473
-0.539557
0.342718
-0.155216
-0.745808
-0.463636
-0.339398
-0.321241
-0.801715
0.676457
-0.204228
-0.024335
0.034766
0.147167
0.466824
0.187869
-0.106218
-0.288773
0.583396
0.119168
-0.076433
-0.411151
-0.364839
0.135103
-0.447688
0.014778
0.097422
0.245804
0.284760
-0.364790
0.223961
-0.262387
-0.632534
0.491347
0.613001
0.421631
-0.310736
0.353807
-0.147751
-0.391129
-0.127877
0.487097
0.221282
0.470371
-0.666540
-0.408963
0.069462
-0.423557
0.167499
-0.457116
0.447938
-0.361157
-0.270771
0.450736
0.245233
0.117264
0.461801
0.235549
0.267869
0.160340
0.342992
-0.274642
-0.442014
-0.124170
0.194012
0.215863
0.407674
-0.532848
-0.341218
0.401295
0.259338
0.431277
0.215991
0.382316
0.476549
-0.560967
-0.183059
0.103175
-0.141374
0.445901
0.429913
-0.260971
0.522268
0.366579
0.325041
0.032927
0.115228
0.225154
0.346737
-0.570590
-0.326949
-0.159024
0.604028
-0.618086
-0.000177
0.311717
-0.071003
-0.266937
0.304938
-0.205015
-0.721597
-0.523588
-0.653154
0.386489
0.031728
0.036315
0.306897
0.197783
-0.301606
-0.562919
-0.032404
-0.093751
0.173795
-0.175222
-0.288937
-0.058629
-0.142279
-0.198610
-0.399199
0.378993
-0.341643
0.543092
-0.010585
0.290084
0.196392
0.076075
-0.511623
0.213354
-0.243162
-0.005359
-0.125591
-0.179764
-0.081288
0.092189
0.216515
-0.812609
-0.304898
0.521016
-0.275890
-0.280575
-0.024121
0.310637
-0.238586
-0.166363
0.132110
-0.115792
-0.256664
-0.311918
-0.207277
0.209830
0.104573
0.430542
-0.784882
0.017137
0.503606
-0.171432
-0.573833
-0.215583
-0.316180
0.245395
0.068964
-0.190237
0.340482
-0.049263
0.344458
-0.194385
-0.449545
0.296708
0.210957
0.428739
0.524319
-0.296383
0.136334
0.157695
0.647008
0.527988
0.172462
-0.070670
-0.042587
-0.148713
0.441761
0.126558
0.334706
-0.542707
-0.199052
-0.561811
-0.030596
0.002561
0.304778
-0.032811
-0.294563
-0.378450
-0.148644
-0.104401
0.064937
-0.238601
-0.714289
0.019991
0.115401
0.121085
0.311679
0.408064
0.148584
-0.195915
0.199468
-0.195239
-0.192312
-0.526444
0.293894
0.028023
-0.126551
0.421911
0.010420
-0.137276
-0.807859
0.209614
0.092295
0.080169
-0.165897
-0.055075
0.402527
-0.249852
-0.508978
-0.196941
-0.139815
0.256651
0.464406
0.568780
0.472079
-0.181808
0.111810
-0.141654
0.009302
-0.061654
0.366615
0.017377
-0.054672
-0.532226
-0.238894
-0.442126
0.071303
0.518198
-0.022188
-0.609198
-0.043003
0.257395
-0.071320
-0.461716
0.043191
-0.292346
0.101872
0.008532
-0.444684
-0.256898
-0.095041
-0.190347
0.192511
-0.337769
0.338269
0.098661
-0.303483
-0.698629
0.166011
0.271875
-0.350901
0.247538
0.072187
0.072853
0.208653
0.275401
-0.311354
0.489317
0.020877
-0.638044
0.111066
-0.479971
0.535115
0.576235
-0.153484
0.138035
-0.034507
-0.117476
-0.503488
0.550487
-0.135503
0.302291
-0.109724
-0.277777
0.185575
-0.288961
-0.451864
0.247975
-0.063684
-0.697953
-0.348091
-0.260920
-0.044779
-0.243916
-0.001888
0.117867
-0.216182
-0.106264
0.427435
-0.427118
-0.132552
-0.565687
-0.286307
-0.516220
-0.483507
0.334320
-0.078328
-0.259507
-0.032086
0.514647
0.124768
-0.619727
-0.166231
-0.084002
-0.141546
-0.046650
-0.359987
-0.047278
0.650456
-0.388183
-0.212695
0.189280
-0.050096
0.169136
-0.284604
0.518227
0.185171
-0.460431
0.302910
0.175906
-0.141030
-0.302900
-0.525020
-0.197842
-0.788237
-0.818504
0.061193
-0.017316
-0.060111
0.068337
0.515582
-0.593734
0.017626
0.131990
