0.480880
-0.135876
-0.066459
0.020410
0.179544
-0.431069
-0.163630
-0.110948
-0.223700
0.027165
-0.108658
0.101971
0.039851
-0.318069
-0.582869
-0.293098
-0.237197
-0.188533
0.170633
0.152445
0.238492
-0.557052
0.050978
0.424837
0.181326
0.369189
0.380418
0.476375
0.459346
0.503523
0.255828
0.361940
0.153388
0.136602
0.180174
0.282796
0.595113
-0.018488
-0.713621
0.140562
0.095637
0.522100
-0.142783
0.210973
-0.020482
0.380837
-0.292140
0.262419
0.306962
-0.348460
-0.465223
0.583647
0.298267
-0.181308
-0.030170
-0.303273
-0.394377
0.157139
0.257162
0.282184
-0.359617
0.073562
0.167557
-0.159990
0.046773
0.275913
-0.639925
-0.153733
0.364645
-0.225214
-0.156676
-0.434988
0.179923
0.407330
0.480933
-0.031826
0.211768
0.081830
0.526944
-0.506933
0.258104
0.075344
0.167701
-0.063832
0.515038
0.003196
-0.058604
0.496321
-0.045542
0.209965
-0.382279
-0.075543
-0.755492
-0.260290
-0.293854
0.233370
-0.057622
0.193766
0.658596
-0.157197
-0.187272
0.354540
0.238194
0.281355
0.450458
-0.387064
0.536754
0.211391
0.413641
-0.099655
0.226026
-0.356481
-0.092987
0.047683
-0.111252
-0.090333
0.221303
-0.356451
0.322968
0.454845
-0.525343
-0.329234
-0.592376
0.068211
0.281476
-0.308990
-0.520313
-0.075303
0.291721
0.282767
0.118307
-0.440499
-0.352491
0.279213
-0.582540
-0.451192
0.254307
-0.063899
0.558113
0.012996
0.028306
-0.396596
-0.014407
0.067971
-0.054182
0.071156
0.427540
-0.552527
0.503713
0.455055
-0.320713
0.192555
0.041481
-0.127213
-0.340438
-0.408879
0.176079
0.126881
0.394392
0.409987
-0.186497
-0.222573
-0.158695
-0.191073
0.322602
-0.249919
-0.381259
-0.058030
-0.132958
0.348954
-0.150169
-0.147165
0.020929
0.566709
0.084700
-0.463727
0.188063
-0.172456
-0.170903
0.085581
0.228786
-0.446581
-0.001620
-0.376049
0.384982
-0.263270
0.509165
-0.477255
-0.296739
0.223597
0.515717
-0.162744
-0.251188
-0.399011
-0.342658
-0.053399
-0.331090
-0.378137
0.206751
-0.579244
0.199212
0.280451
-0.294883
-0.104523
0.333639
0.194725
0.207238
-0.544133
0.346133
0.296158
0.552751
-0.377512
0.393895
-0.478009
-0.037191
-0.216280
-0.076449
-0.155264
0.211896
0.229437
-0.166721
-0.496040
-0.392225
-0.435552
-0.547611
0.170848
0.706363
-0.350513
0.250662
0.094257
0.561726
-0.744445
0.194197
0.105042
0.535612
0.298273
-0.122641
0.030020
-0.202736
-0.344793
-0.474143
-0.277137
-0.692328
-0.258245
0.738826
0.049611
-0.112585
-0.106626
0.106931
0.240773
-0.221049
-0.454920
0.571540
-0.177539
0.571176
-0.227589
-0.345014
-0.202445
0.421032
0.281378
0.516422
-0.417766
0.478806
0.060900
-0.424209
-0.270296
-0.609705
0.342544
0.160157
0.403923
-0.045509
-0.220675
-0.259361
0.273938
-0.441397
0.052704
0.094351
0.005288
0.173261
0.275464
0.197705
-0.361309
0.545471
-0.178020
-0.130108
-0.241079
-0.562768
-0.350349
-0.449563
-0.171480
-0.131740
-0.427930
0.275021
-0.010319
0.179946
-0.149433
-0.180164
-0.610990
-0.021171
0.248675
0.187341
0.462738
0.287886
0.413935
0.086106
-0.380475
-0.198352
-0.499271
0.213684
-0.162525
-0.509708
-0.058358
0.292898
-0.010908
0.094093
-0.278760
-0.050739
-0.326164
-0.305553
-0.030513
-0.179264
0.132069
-0.188975
0.144610
-0.104673
0.199679
0.662918
0.006229
-0.083128
-0.412570
0.039606
-0.062118
0.254915
0.452076
-0.515902
0.020478
-0.426614
-0.166935
-0.331380
-0.045697
-0.256793
0.270602
0.319056
0.023434
0.038900
0.363550
0.086974
0.242404
-0.531874
-0.060964
-0.346373
-0.241045
-0.415492
-0.207347
-0.190949
-0.265324
-0.289114
0.279387
0.061278
0.073387
-0.221629
0.371447
-0.281950
-0.051883
-0.549317
-0.073449
0.197661
-0.324526
-0.068999
0.160157
-0.189907
0.381791
-0.007455
-0.409827
0.527669
-0.003091
-0.173197
-0.247044
0.066296
-0.578318
-0.237822
-0.237368
0.637279
-0.767074
-0.498581
-0.063291
0.165985
-0.291934
-0.245724
0.033699
-0.064613
-0.409700
-0.360673
0.433977
0.254172
0.526371
-0.148606
0.583380
0.055713
0.623329
0.307990
-0.386803
0.158688
0.289572
-0.304355
-0.584386
-0.041787
-0.450769
-0.004769
0.491315
-0.390948
0.007679
-0.256868
0.434893
-0.466414
0.035603
0.375571
0.312777
-0.237091
0.337913
0.216661
0.059802
0.089890
0.058983
0.607719
0.099199
-0.717023
0.223956
0.153247
-0.309582
0.372826
-0.117088
-0.608561
-0.156985
-0.073774
0.039574
0.092028
-0.101929
0.139119
0.122885
-0.217634
0.465578
-0.495814
0.398177
0.038329
0.016339
-0.263210
0.143692
-0.428004
-0.269070
0.609901
0.481698
0.304843
-0.481171
0.176746
0.372066
-0.351673
-0.042612
0.137101
0.243592
0.251154
-0.249618
-0.274688
-0.187377
-0.507347
0.504532
-0.073724
0.356192
-0.471060
-0.636068
-0.095508
0.217379
-0.068866
-0.599216
0.254632
0.070629
-0.235135
0.728374
0.225961
-0.043917
-0.153537
0.459873
0.302458
0.158544
-0.282252
0.402942
0.335458
-0.640638
-0.301262
-0.151631
0.194061
-0.388845
-0.128540
0.402042
0.310707
-0.276935
-0.056073
-0.240220
0.306179
0.340702
0.539135
0.064465
-0.445224
0.661595
0.265896
0.122070
0.274434
-0.115156
0.284040
-0.462983
-0.124778
0.134557
-0.312369
-0.007380
-0.407974
0.468110
0.422396
0.200155
-0.157051
-0.148688
-0.168455
0.402371
0.259065
0.138933
-0.292890
0.260627
-0.427794
0.577934
0.074279
-0.409220
0.103515
-0.252199
-0.090076
0.436605
0.219165
0.364989
0.218944
-0.163490
-0.142214
-0.092366
-0.427013
0.196189
-0.043088
0.353393
-0.103425
0.268950
-0.674289
-0.003842
-0.505313
0.279331
0.336281
-0.262157
0.369639
0.742274
0.202806
0.396659
0.360441
0.367742
-0.554026
-0.358609
-0.449927
-0.310007
-0.063440
0.656628
0.247419
-0.323345
-0.346654
-0.030182
-0.432541
0.010390
-0.254962
-0.155702
0.412680
-0.104657
0.200879
0.121760
-0.167308
-0.108530
-0.226983
0.010847
0.722925
0.505478
-0.223925
-0.032157
-0.257353
0.475238
0.196177
-0.512995
-0.072034
0.444698
0.145429
-0.112697
-0.305998
-0.448206
-0.174806
0.415944
0.458146
0.473856
-0.145954
0.330196
-0.266400
-0.152613
-0.398443
-0.090723
0.134678
0.462197
-0.631146
0.304653
0.023553
0.347438
-0.329829
-0.294886
-0.110123
0.451120
0.242993
-0.412121
-0.724738
0.101564
-0.184702
0.153458
-0.155413
0.069373
-0.356144
-0.280492
-0.605920
-0.349186
-0.044241
0.209456
-0.197965
0.242349
-0.045769
0.108487
0.070582
0.138937
-0.477757
0.451954
-0.492793
-0.093168
0.635761
-0.233653
0.482737
0.000367
-0.104272
-0.065470
0.303398
0.225437
0.425778
-0.288945
0.427426
0.245051
0.519469
-0.332009
-0.266047
-0.611772
-0.287850
-0.178400
-0.223686
0.153170
0.032734
-0.060416
-0.203912
-0.081182
0.064850
0.059137
0.187175
0.222325
0.413691
0.028444
-0.083510
0.048047
0.304314
-0.559966
0.061172
-0.545784
0.047689
0.659016
-0.341833
-0.046454
0.535447
-0.086754
-0.405189
0.280656
-0.893577
0.050062
-0.139950
0.293511
0.163412
-0.384087
0.205388
0.414658
0.194240
-0.021292
-0.540032
-0.613995
0.286698
-0.122533
0.415205
-0.225321
-0.645809
-0.085477
-0.372336
-0.009828
0.008535
-0.352502
0.387769
0.028057
-0.293924
0.271475
0.482047
-0.267298
-0.025174
0.013128
-0.043004
0.224417
-0.286318
0.278478
-0.453531
0.127340
0.089232
0.170870
-0.398196
0.309977
0.268557
0.039083
-0.621408
-0.057761
0.010385
0.509902
-0.141019
-0.048333
0.025873
0.482627
0.167157
-0.069782
-0.590351
-0.361643
-0.313679
0.256966
-0.631481
-0.308198
-0.232124
-0.218283
0.111175
0.082848
-0.310916
-0.028090
-0.135462
0.146904
-0.458447
-0.465224
-0.399507
0.175741
0.472701
-0.450991
-0.248212
0.045274
-0.576456
0.201833
-0.282898
-0.409236
0.598903
-0.023617
-0.482328
0.342777
0.487450
0.114409
0.137830
0.193017
0.665425
0.238314
0.055485
0.111103
0.111928
0.545295
0.163679
0.133354
-0.209332
-0.464221
-0.116244
-0.277201
0.380697
0.098460
0.107775
-0.622858
-0.371027
-0.253020
0.033708
0.402459
0.033765
-0.264487
-0.253028
0.042533
0.187190
0.212571
-0.651405
-0.251341
0.236951
0.553104
0.537323
-0.452219
0.259994
0.319882
-0.187789
0.247559
0.313827
0.102565
-0.787386
-0.075413
-0.205934
0.217054
0.077800
0.281780
-0.199338
-0.131563
-0.027983
-0.239742
