-0.107101
0.445581
-0.332743
-0.171273
-0.555983
-0.132994
0.041727
0.241916
-0.035898
0.105200
0.020386
-0.058645
0.092678
-0.127543
0.108650
0.435971
0.428817
0.202774
0.445743
-0.204602
0.337865
-0.153301
0.320243
0.463763
-0.434016
-0.418594
-0.224846
-0.070364
-0.012746
0.135408
0.236196
-0.251667
-0.456304
-0.499302
-0.085655
-0.028818
-0.002318
0.271423
-0.148768
-0.131020
-0.367999
0.159331
-0.119509
-0.230829
-0.471641
-0.153131
0.134651
-0.145143
0.198443
-0.357294
-0.158656
-0.217608
-0.303367
-0.168881
0.189762
0.047338
-0.268448
0.054386
-0.209840
-0.535390
0.040865
0.339079
0.269408
0.633436
0.384656
-0.330804
0.395397
0.387884
0.206679
-0.123374
-0.127543
-0.018149
0.073951
-0.211096
0.048664
-0.095076
-0.480052
-0.005900
0.013887
-0.101826
-0.051516
-0.274646
-0.390532
0.120666
-0.366392
0.688993
-0.089237
0.258908
0.179509
-0.197038
-0.212100
0.141138
-0.095477
0.264156
0.505618
0.479312
0.147925
-0.305479
-0.189674
0.362798
-0.340686
0.030483
-0.126764
0.027926
0.013947
-0.256926
0.048735
-0.328239
0.339368
-0.389111
-0.025142
0.525855
0.010057
0.313630
0.217693
0.082320
0.288885
-0.306165
0.093145
-0.348916
0.256401
-0.531405
-0.351380
0.065793
0.319454
0.379117
-0.235467
0.440012
-0.234874
-0.112519
0.468251
-0.405037
0.098017
0.101665
-0.520837
-0.733264
0.381199
0.272988
-0.379846
0.556712
-0.043267
0.293119
-0.117783
-0.394263
-0.076485
-0.017290
0.124221
-0.522826
0.235463
-0.177778
0.072075
0.078971
0.315353
-0.227966
0.169926
0.553142
0.267489
0.399588
0.471752
-0.377282
0.194314
-0.600660
0.526919
0.185902
0.311171
-0.607600
-0.419692
0.445481
-0.241178
0.640643
-0.121798
0.065652
0.010499
0.542834
0.171177
-0.585477
0.331056
0.023718
-0.196651
0.234490
-0.181486
-0.622502
-0.011697
-0.322918
-0.197401
0.241650
-0.436051
0.182939
-0.005152
0.175086
0.620757
0.167786
0.392229
0.046842
0.001971
0.016826
-0.323161
0.128444
0.063771
0.166463
0.478523
0.054169
-0.477416
-0.502383
-0.075533
0.146174
0.217717
0.181161
0.275560
-0.163248
0.571642
-0.059190
-0.125456
0.362702
0.269873
0.261605
0.315134
-0.307606
0.134529
-0.719930
-0.143550
0.018368
-0.454394
-0.075997
0.768549
-0.588094
-0.314986
-0.110330
0.480979
0.247994
0.264100
-0.089742
0.237121
0.052333
-0.290052
0.009771
-0.398874
-0.340132
0.161295
-0.207911
0.116502
0.161178
0.443266
-0.301763
-0.558253
0.027428
0.173932
-0.294833
-0.527684
-0.569218
0.258146
0.212148
0.531108
-0.457577
-0.422111
-0.221005
-0.467675
0.522591
0.544665
0.098120
0.341053
-0.269729
0.093375
-0.194614
0.289531
-0.222274
-0.407523
0.263728
-0.233939
0.034227
-0.039913
0.205877
-0.497553
-0.118655
-0.168973
0.411646
0.153576
0.620882
0.285704
0.001127
-0.489738
0.302265
-0.549256
0.218933
0.211902
0.129731
-0.040579
0.494172
-0.621573
0.137795
-0.203506
-0.227337
0.429926
-0.438780
-0.134445
-0.160224
-0.351809
-0.002565
0.472219
-0.078748
-0.296617
0.147312
0.119621
-0.333335
0.080958
0.459168
0.031033
-0.384897
0.125724
-0.348061
0.123026
-0.164246
0.126110
0.084146
0.078882
-0.716872
-0.619055
-0.018576
0.342448
-0.044419
0.230889
0.528559
0.039224
0.686548
-0.297606
0.049241
0.374261
0.302452
0.181416
-0.342912
0.276654
-0.075446
-0.117258
0.004552
0.055231
-0.190297
0.174861
0.041894
-0.584637
0.543365
-0.229964
-0.354720
0.339095
-0.054126
-0.151223
0.285482
0.610242
-0.174010
0.173375
0.699821
0.035573
0.835575
-0.056088
-0.408609
0.246651
0.366945
0.025016
0.226830
0.321778
-0.157924
0.172439
0.347811
0.189205
0.709783
0.065410
-0.129492
-0.393777
0.067551
0.116201
0.039529
0.000844
0.531406
0.034750
0.221233
0.010673
-0.387264
-0.646123
-0.382104
0.230817
0.533996
0.071089
0.232252
0.361985
0.081440
-0.229254
-0.447513
0.056823
-0.355420
0.275733
0.220155
0.028035
-0.387392
0.288556
0.133239
-0.257903
-0.304532
-0.347980
0.537194
0.115231
-0.072161
-0.167676
-0.410846
-0.115982
0.278917
0.508143
0.217260
0.758623
-0.104645
-0.397669
0.469775
-0.576788
-0.275965
0.565486
-0.107189
-0.469224
-0.403273
-0.127526
0.505191
0.000114
0.341291
-0.168728
-0.313764
0.469491
-0.098525
-0.462632
0.126305
-0.402289
-0.034735
-0.289167
0.169435
0.023748
-0.009809
0.053461
-0.480328
0.095125
0.002523
-0.025416
-0.371552
-0.533582
0.233077
0.402645
0.390314
0.244417
-0.256935
0.061737
-0.051452
0.208213
-0.554028
0.155440
0.150863
-0.191909
0.083303
0.056372
0.128561
-0.070460
-0.259573
0.443586
0.101741
0.168656
-0.213972
0.043715
-0.062211
-0.466803
-0.098897
-0.278674
-0.441786
-0.094202
-0.153800
0.282093
-0.304406
0.126082
-0.269810
-0.376506
-0.023955
0.189273
0.103527
-0.095046
-0.284354
-0.377481
-0.130688
0.324722
-0.004391
0.137540
-0.072408
0.568347
-0.578434
-0.011322
-0.715754
0.265947
0.033474
-0.282956
0.134707
0.681945
-0.220984
0.025062
-0.668569
-0.447166
0.221566
0.402454
-0.189310
-0.204936
-0.750164
-0.339311
0.052379
-0.345573
-0.577808
-0.080949
0.195285
0.214739
-0.090907
-0.323908
-0.115660
0.309362
-0.332919
0.278142
-0.514341
0.340746
-0.350278
-0.033470
0.319369
0.295707
0.362287
0.246113
0.500503
0.056708
0.258801
0.115432
0.708608
0.321744
-0.250063
-0.067688
0.270330
0.133359
0.243814
0.285845
-0.371263
0.194275
0.357132
0.313472
-0.327078
-0.231306
-0.489021
0.061210
-0.631000
-0.292886
0.013696
-0.544513
-0.153767
0.149539
-0.260084
0.295575
-0.384865
0.309408
0.262321
0.089435
-0.212754
0.434316
0.183591
0.106098
-0.120408
0.420961
0.042356
0.323678
0.385572
-0.615396
0.468863
-0.674696
-0.168121
-0.044925
-0.000551
-0.094125
0.006177
-0.220430
-0.441800
0.206827
0.277400
-0.181196
-0.140794
-0.014310
-0.533575
0.285055
0.428929
-0.096851
-0.043393
0.428151
-0.238698
-0.302001
-0.187053
-0.249737
-0.147329
-0.031851
0.399510
0.051896
-0.483063
-0.431620
0.079124
0.343084
-0.362926
0.078918
0.164682
-0.277006
-0.325236
0.057946
-0.465259
-0.347780
-0.348399
0.338255
-0.158018
0.864403
0.465248
-0.468643
0.136169
0.127171
0.382831
0.534253
0.465492
0.568225
-0.286381
0.047690
-0.348783
0.048836
-0.163355
-0.128826
0.071620
-0.544075
0.062856
0.389224
0.213509
0.552900
-0.594676
-0.388342
0.534543
0.269635
0.035909
0.559621
-0.269278
-0.538740
0.280844
-0.046151
-0.061522
-0.431705
0.421224
-0.110168
-0.083402
-0.061893
-0.346065
0.503638
-0.235970
0.215542
-0.411680
-0.296985
0.319135
-0.123934
0.505948
-0.317819
0.367891
0.246972
0.456269
0.366246
-0.187509
0.446663
-0.172781
-0.329455
0.383393
0.315767
0.149197
-0.355332
0.022142
0.444847
0.280806
0.312621
0.353575
-0.224958
0.022879
0.391073
-0.591353
0.238276
0.353503
-0.016357
-0.133665
-0.262383
0.592813
0.134139
-0.042345
-0.315389
0.236366
0.521624
0.076178
0.174207
0.159875
-0.454875
-0.230004
-0.001259
0.379174
0.128950
-0.584617
-0.137267
0.246026
0.377515
0.523648
0.399394
0.539983
-0.134007
-0.000156
0.412997
0.007677
-0.208884
0.359723
0.255720
-0.499119
-0.018912
0.181782
0.323997
0.596545
0.595638
0.286659
0.000936
0.380701
0.215239
-0.278290
-0.322976
-0.173664
-0.129592
-0.029112
-0.746338
-0.139845
-0.051301
-0.397818
-0.220601
0.043560
0.120602
-0.254255
-0.088066
-0.262775
-0.353259
-0.325742
0.033304
-0.568668
0.251822
-0.316737
-0.103345
0.428460
0.169358
0.233158
-0.611304
-0.425313
-0.300061
-0.078283
0.410418
0.128510
-0.526143
0.415049
-0.541424
-0.409400
-0.249232
0.091473
0.289536
-0.462064
0.600866
-0.503615
0.630866
0.110557
-0.013960
-0.526563
0.315618
-0.540550
-0.129671
0.367876
-0.001196
-0.037885
0.008740
-0.597403
-0.080836
0.511606
-0.403803
0.233237
-0.255844
0.042449
-0.123581
-0.631728
-0.025177
-0.091602
0.113883
0.641985
-0.497948
0.711378
-0.598887
0.406359
-0.146288
-0.336420
-0.093958
-0.778679
-0.033332
0.353914
-0.132724
-0.347566
0.087161
0.489588
0.070589
-0.371656
-0.191482
-0.255118
0.232368
-0.223195
-0.491486
0.203647
-0.705654
0.357220
-0.167501
0.387486
-0.098838
-0.072547
0.435282
-0.314546
-0.098775
-0.379781
