0.302345
0.072272
-0.188365
0.001168
0.225243
0.216864
-0.693871
-0.023399
-0.021791
0.253345
0.165450
0.090291
-0.139829
-0.130851
0.274457
-0.165354
-0.156850
0.031847
0.492295
0.197819
-0.248033
0.006691
0.049619
0.395925
-0.539321
-0.069000
0.395175
-0.483133
0.152407
-0.262446
-0.129418
-0.042875
-0.341590
0.200552
0.293322
0.470687
0.168718
-0.595682
-0.440253
-0.026202
0.320149
0.163164
-0.249445
-0.198291
0.418105
-0.367827
-0.376670
-0.226177
0.350824
0.085192
-0.116940
-0.156904
0.605681
-0.386097
0.203093
0.285760
-0.144345
0.047698
0.060734
-0.253515
-0.227748
-0.193844
0.023808
-0.404130
0.236426
0.440694
-0.665638
-0.125829
0.258785
0.038467
0.751358
0.536530
0.171301
-0.408066
-0.206510
0.162550
-0.246521
0.173466
-0.713779
-0.525682
0.010742
-0.367372
0.062310
-0.187463
0.126421
0.130737
-0.075565
-0.402688
-0.275231
-0.424912
-0.263613
-0.244334
0.397731
-0.105915
-0.312439
-0.016635
0.213751
-0.610041
0.216851
0.397224
-0.158045
0.437969
0.354427
0.470653
-0.139324
-0.319140
-0.030311
0.269911
-0.129475
-0.357191
-0.341034
0.472908
-0.024168
-0.107291
-0.098874
0.264171
0.165590
-0.099115
0.205498
0.168060
0.554665
-0.195120
0.070469
-0.299465
0.143064
-0.303972
0.047818
-0.015516
-0.000899
-0.300626
0.436064
-0.642850
0.007593
-0.530287
-0.401307
-0.581410
-0.105196
-0.105138
0.621956
-0.019981
0.217611
-0.340661
-0.302491
0.113817
-0.498411
0.368504
-0.377318
0.199267
0.575892
0.346570
0.250390
-0.015087
-0.319339
-0.288869
-0.028916
-0.218334
-0.216050
-0.296631
-0.537298
-0.325181
-0.329006
-0.269959
0.059075
-0.794267
0.053479
-0.179128
-0.534556
-0.162996
0.364813
-0.223320
-0.068796
0.319477
0.517420
-0.012961
0.503850
-0.068357
0.502672
0.149683
-0.598299
0.016142
-0.120739
-0.342185
-0.010392
0.260353
-0.332497
0.287869
0.003479
0.123671
-0.005212
0.207178
0.233208
-0.570679
-0.249711
-0.432819
0.446545
-0.038828
0.217916
-0.643696
-0.244227
0.422401
0.314932
0.049953
-0.420617
-0.286217
0.408160
-0.213462
-0.418176
-0.296025
0.326025
-0.358468
0.428824
-0.163195
0.596888
-0.109162
0.439874
0.224728
0.408610
-0.204589
0.660243
0.323944
-0.097120
0.074507
0.187266
0.581219
0.575533
-0.113010
-0.191362
-0.350578
0.096706
-0.507462
0.201085
0.350097
0.362128
0.509014
-0.229308
0.398227
0.227178
0.377105
-0.334944
-0.312445
-0.486342
-0.430096
-0.420384
-0.035034
0.603553
-0.418439
-0.241816
0.094581
-0.084499
0.395315
-0.152043
-0.317301
-0.238836
-0.029810
-0.064508
-0.244312
-0.337175
0.412922
0.292038
0.293316
-0.383240
-0.375124
-0.246010
-0.349595
0.027413
-0.098461
-0.515728
-0.300493
-0.107528
0.007227
0.309605
-0.162216
0.263367
0.330731
0.351450
-0.318841
-0.416104
0.635510
-0.294107
0.406150
0.059633
-0.499515
-0.441455
0.380692
-0.290926
0.459861
0.359031
-0.131932
0.404955
-0.429055
0.502782
-0.633112
0.147823
0.270985
0.398928
-0.224089
0.346217
-0.038754
-0.021171
0.221329
0.196971
-0.114575
0.309383
-0.419632
0.034302
-0.063061
-0.033779
-0.101091
-0.391570
0.416745
-0.308528
-0.469749
-0.456723
-0.106606
0.392920
-0.289864
-0.126976
-0.000470
-0.113926
0.344968
-0.228849
0.145783
0.033076
-0.197899
-0.575610
-0.878166
0.196164
0.223677
-0.652308
0.348299
0.297615
-0.340299
0.280746
0.296898
-0.122526
0.060365
-0.514573
0.359298
0.088378
0.498189
0.344712
0.717082
0.298492
-0.219599
-0.098017
0.427963
-0.422552
-0.126123
-0.694012
-0.317298
-0.261016
-0.481227
0.009878
-0.131629
-0.157886
0.288096
0.089274
0.342091
0.384425
-0.080469
-0.163362
0.403842
0.563952
-0.295984
0.335963
0.467754
0.027046
-0.690980
0.225452
0.063097
0.714371
0.475159
0.428400
0.466836
0.268673
0.085542
-0.628688
-0.130780
0.422358
-0.311403
0.011970
-0.144751
-0.183271
-0.059653
0.269806
0.320110
-0.010001
-0.267543
-0.062370
0.115525
0.545288
-0.025333
0.284919
-0.163273
0.571302
0.559575
-0.361987
0.369614
0.248549
-0.589028
-0.282211
-0.104233
-0.313464
0.304734
-0.057792
0.040487
0.222826
-0.322065
0.284683
0.231586
0.531907
0.240063
0.407655
-0.065944
-0.184501
-0.268214
0.220125
0.199195
-0.610118
-0.142309
0.140799
0.442368
0.209450
-0.001430
0.060139
0.016736
-0.534589
0.375147
-0.243160
-0.313732
0.391331
0.059341
-0.382713
-0.575100
0.443189
-0.209087
-0.153794
0.541350
-0.454919
-0.327170
0.300398
0.239902
0.133736
0.611088
0.070684
-0.226344
-0.100477
-0.451568
0.484649
-0.050967
-0.063639
0.144258
0.267750
0.217101
-0.156292
0.254081
0.199111
0.339608
0.378839
0.279116
0.251001
0.360843
-0.299475
-0.316533
0.307914
-0.254070
-0.091635
0.157926
-0.408979
-0.038740
-0.368726
-0.137619
-0.149216
-0.204710
0.686994
-0.283624
-0.266214
0.144281
-0.283865
0.250092
-0.108306
0.551373
0.395660
0.492128
-0.448724
0.335042
-0.264883
0.624314
-0.471165
0.014887
0.500612
0.260753
-0.236196
-0.338112
0.282390
-0.152401
-0.359366
-0.130040
-0.133791
-0.218853
-0.331918
0.260299
0.475479
-0.141392
-0.115349
-0.334444
-0.048542
0.194123
0.180310
-0.268005
-0.395027
0.324707
0.212323
-0.326998
0.661403
-0.249759
0.238468
-0.304991
0.174454
0.495990
-0.340269
0.580915
-0.002001
-0.036245
0.165163
-0.430181
0.188921
-0.075307
-0.003311
-0.495159
0.202780
0.056457
-0.484304
0.523227
-0.090407
-0.375587
-0.392562
-0.325646
0.005448
-0.392100
-0.063237
0.481733
-0.141087
0.338859
0.658450
0.496515
-0.290112
0.158916
0.060450
-0.252939
0.333344
0.376783
-0.047590
-0.181571
0.445704
-0.253552
0.351916
0.071837
-0.378658
-0.750260
0.188205
-0.012644
0.066087
0.446318
0.008654
0.144763
-0.225935
0.306916
-0.307698
-0.126419
-0.194475
0.556421
-0.314161
0.420237
-0.395102
-0.417030
0.128414
-0.411996
-0.539518
-0.419852
0.462264
0.362564
-0.288937
0.625058
0.320281
0.532428
-0.191496
-0.230413
0.265027
0.467936
-0.185117
0.249670
-0.175589
0.248692
-0.231796
0.254885
-0.166181
0.079509
0.036549
0.376387
0.293270
0.339583
0.524293
-0.177945
0.103733
0.458988
-0.179574
-0.387241
0.037951
0.278249
-0.494917
0.286599
0.308382
-0.418521
0.185122
-0.116611
-0.084600
0.282248
0.128803
0.229823
0.473304
0.404705
-0.093589
0.287286
0.322672
0.440305
0.040193
-0.129299
0.449448
-0.077535
-0.217155
-0.599788
0.188125
0.365749
0.613997
-0.526964
-0.943836
0.083272
-0.525366
0.219090
0.044151
-0.259190
-0.210311
-0.161021
-0.039192
-0.023771
0.313189
0.120437
-0.080169
-0.494682
0.333519
-0.170965
0.554369
-0.136605
0.493978
0.569857
0.002687
0.344792
-0.246223
-0.293180
0.294790
-0.070782
0.220127
0.363775
0.054010
0.220159
-0.929550
-0.060408
0.069944
0.048047
0.730767
-0.175353
-0.542336
-0.126431
0.343073
0.313073
0.494130
-0.388897
-0.055418
-0.038423
-0.528279
0.700713
0.123340
-0.105979
-0.194164
-0.382520
0.278782
0.629498
0.558025
-0.217110
-0.083478
-0.104176
-0.185516
-0.377053
-0.347691
0.274939
0.254106
0.099059
0.360163
0.415362
0.595814
0.295435
0.410252
0.495017
0.539162
0.085978
-0.051274
0.464122
-0.278173
-0.405476
0.651777
0.063405
-0.030091
-0.817928
-0.243268
0.095788
0.410867
0.304306
0.085931
0.554693
0.368510
0.160238
-0.326737
-0.467024
-0.317980
0.207237
0.390713
0.369484
-0.374340
0.640393
0.053211
-0.317901
0.057541
-0.182776
0.157022
-0.097678
-0.176628
0.405442
0.286177
-0.075825
-0.297691
0.005012
0.197139
-0.513947
-0.478599
0.547769
0.438659
0.321654
0.560771
-0.015680
-0.457308
0.038984
0.022595
-0.788380
-0.186653
-0.219952
-0.377399
-0.028130
0.123821
0.124896
-0.245881
-0.192000
-0.006475
-0.365075
0.189034
0.064976
0.252833
-0.061139
0.434409
0.285348
-0.322181
-0.521993
0.243452
0.253421
-0.220719
0.130934
0.449338
-0.200151
-0.049222
-0.177905
-0.478842
-0.455710
-0.285417
-0.512965
0.075349
0.654844
-0.033433
0.403103
0.408733
0.034614
-0.193648
-0.310834
-0.269596
0.112711
0.079717
0.093028
0.086308
0.026490
-0.317820
0.375008
-0.297768
0.119778
0.414666
-0.087258
-0.326166
0.488084
-0.151310
0.138663
0.023295
-0.403826
0.460743
0.059032
-0.614092
0.051199
-0.568040
0.331022
