0.135323
-0.127070
-0.438654
0.020410
0.082978
0.266674
0.459611
-0.360022
0.396185
-0.254165
-0.228021
-0.364163
-0.041313
0.053666
0.234333
0.204931
-0.485730
-0.188533
0.189230
-0.156135
0.261627
0.308212
-0.453847
0.485659
0.406317
0.267283
0.166447
0.696722
-0.274286
0.500728
0.768718
0.338318
0.153388
0.209970
0.180174
-0.141175
0.557554
-0.503901
0.366093
0.167215
0.569027
-0.335881
0.169903
0.049831
-0.248822
-0.545074
-0.292140
0.011704
0.263299
0.385145
0.461723
0.132144
0.317780
-0.422977
-0.115683
0.467662
0.087362
-0.231446
0.360384
-0.485936
0.258312
0.130288
0.231000
0.054078
-0.446327
0.120633
-0.846620
0.058551
0.453377
-0.224906
0.261737
-0.434988
0.427750
0.196052
0.428571
0.095811
-0.458187
0.445799
0.020937
-0.375520
0.254833
0.420408
-0.446907
-0.423116
0.374595
-0.341349
0.032555
-0.162256
0.319866
-0.063904
-0.221287
0.338688
-0.476769
-0.319370
0.043087
-0.583391
0.326032
-0.338769
-0.603562
0.279906
0.031321
0.078019
-0.123446
0.281355
0.302197
0.166537
-0.224961
0.231228
0.853258
0.326315
-0.035729
0.114814
-0.057211
0.040323
0.054607
-0.128394
0.242592
0.300452
-0.131211
-0.255658
0.301852
0.345439
-0.053671
0.533806
-0.342016
0.069841
0.043580
-0.117680
0.271062
0.282767
0.152149
0.233773
0.113009
0.279213
-0.575964
-0.331051
0.044581
-0.391850
-0.363355
0.029640
-0.606205
-0.419407
-0.198252
0.034196
0.402285
0.168690
-0.390146
0.466967
-0.274573
0.447350
-0.320713
-0.184793
0.299054
-0.334815
-0.281645
-0.669583
-0.070335
0.126301
0.188725
-0.453004
-0.313545
0.376573
-0.096181
0.482480
0.295481
0.726985
-0.446968
-0.242136
0.046739
0.299275
0.066445
-0.094341
-0.097780
-0.086032
0.125465
0.453382
-0.474747
0.242928
-0.136567
0.337691
0.010785
0.078280
-0.353134
-0.426371
-0.152052
0.194273
0.006877
0.426357
-0.028950
-0.188712
0.515717
-0.191252
0.152969
-0.259136
-0.092819
-0.014397
-0.472439
-0.064477
0.125287
-0.513392
0.227623
-0.508312
-0.375358
-0.359110
0.371278
0.273168
-0.276625
-0.121539
-0.333642
0.138165
0.065164
0.398262
-0.540664
-0.500105
-0.417297
0.464434
-0.176297
0.157592
0.128505
0.018113
-0.016503
-0.312394
-0.392225
0.028902
-0.371126
0.352128
0.875812
0.267008
-0.396271
0.062551
0.206209
-0.420184
-0.123799
0.105042
-0.419799
0.036024
-0.019727
0.063017
-0.227395
0.195811
-0.252392
0.162271
-0.625321
-0.147069
0.201279
0.443928
-0.504312
-0.263254
-0.625699
0.235239
0.351174
0.329147
-0.015736
0.265430
-0.276649
0.032503
-0.520391
0.575942
0.325810
0.402171
-0.129993
-0.483864
-0.403467
-0.338844
0.048788
0.442388
-0.011182
-0.546730
0.049719
0.403923
0.338483
0.085679
0.435321
-0.471376
-0.215303
0.069692
0.094351
0.136851
-0.596888
0.347346
0.304006
-0.149672
-0.470865
-0.008781
0.167868
-0.037173
-0.381878
-0.148318
-0.335279
-0.177847
-0.051928
-0.233923
0.325105
0.409975
0.574918
-0.044011
-0.209754
-0.255747
-0.273643
0.342747
0.448684
0.049387
0.260474
-0.156336
-0.350745
0.178409
-0.377717
0.044145
0.056740
-0.345823
-0.019064
0.045678
0.232744
-0.068481
0.324244
-0.285725
0.222263
-0.425899
0.528553
-0.112927
-0.542509
0.644534
-0.153396
-0.210110
-0.479494
-0.218933
0.349572
0.293455
0.039052
0.213344
-0.096085
-0.024110
0.061290
0.341463
0.339145
0.248015
-0.396278
0.406254
-0.387848
-0.148522
0.376593
-0.403587
-0.231242
0.351034
-0.019702
0.040239
0.519179
-0.584001
-0.511744
0.130692
-0.490243
0.235448
-0.471399
-0.220592
0.365392
-0.265324
-0.072506
-0.026378
0.637132
-0.302036
0.087149
0.592168
-0.506369
-0.078909
-0.458370
-0.172849
-0.001393
-0.105938
0.491560
0.160157
-0.106947
0.154754
-0.442756
0.375742
-0.149068
-0.345892
-0.189088
-0.411630
0.061075
0.225236
0.433107
-0.182216
-0.017085
-0.200575
-0.337675
-0.055918
0.112526
-0.360632
0.147647
0.618181
-0.227510
-0.516447
-0.470792
0.202590
0.344586
0.543110
0.588850
-0.192663
-0.168975
-0.026950
0.250682
-0.423436
-0.160616
0.232217
0.661959
0.137762
0.057132
-0.306696
-0.184150
0.030848
-0.397790
-0.107529
-0.286382
0.069342
-0.353183
-0.072245
0.187278
-0.309650
-0.176360
0.397570
-0.470127
0.335049
0.065298
-0.322674
0.741592
-0.037697
0.256541
0.263106
0.305834
-0.336437
0.417451
-0.280627
-0.410201
-0.033265
-0.137985
0.137058
-0.192368
-0.382713
0.364554
-0.320662
-0.122754
0.574147
-0.243509
-0.513067
-0.187934
-0.400485
0.003809
-0.669522
-0.178260
-0.205949
0.650732
0.218694
-0.034836
0.211802
0.388859
0.007545
0.252947
0.123906
0.450993
0.016149
0.090995
-0.447862
-0.274688
0.085090
-0.559719
0.513538
-0.065467
-0.228623
-0.510304
-0.025174
-0.130976
-0.262891
-0.103348
0.476532
-0.241121
0.040229
-0.212703
-0.257332
-0.161407
-0.189290
-0.021005
-0.271821
0.331576
-0.262461
-0.108523
-0.467205
-0.035209
0.103895
0.144788
0.488493
0.107425
-0.301425
-0.040967
0.069027
-0.175654
-0.323804
0.473979
-0.061360
0.349305
-0.204633
-0.342278
0.283651
0.542106
0.462327
0.288041
0.547619
-0.055801
0.205903
0.370990
0.549525
-0.124778
-0.034051
-0.343595
-0.477866
0.723380
0.400462
0.045325
0.200155
0.141266
0.517051
-0.048311
-0.683624
0.023490
0.026518
-0.010343
0.337726
-0.455524
0.526584
0.599011
-0.375257
0.064964
0.190832
-0.224089
0.086379
0.169197
0.271113
0.405054
-0.191346
-0.003403
0.003877
-0.085251
0.352563
-0.485368
-0.672666
0.410360
0.143725
0.325365
0.078647
0.185395
-0.333451
0.415346
-0.615729
0.153746
-0.064611
-0.018260
-0.064517
0.379496
0.436166
-0.363441
-0.358609
-0.449927
-0.337535
-0.020009
0.634544
0.252935
0.403209
0.193200
-0.034269
-0.667461
-0.053067
-0.208166
-0.215657
0.310959
0.101307
0.063663
0.120644
-0.251956
-0.357769
-0.272124
0.457696
0.214690
-0.118765
-0.466043
0.570329
-0.075361
0.241258
-0.031182
0.267754
-0.114680
0.145422
0.134960
-0.319195
0.126020
-0.267316
0.290012
0.281275
0.391027
-0.124698
0.404075
-0.393123
0.467347
0.486916
-0.398443
0.275858
-0.164880
0.249914
-0.573147
0.304653
-0.037640
0.147792
-0.361527
0.631740
-0.237568
-0.187425
0.184600
-0.304900
0.544061
-0.300795
0.268147
-0.194773
-0.247018
0.070938
0.514421
0.361860
-0.031214
0.009296
0.530821
-0.129093
-0.197965
-0.484170
0.201485
-0.414995
0.222448
0.501398
-0.301056
-0.289401
-0.492793
-0.148633
0.112792
-0.616933
0.391907
0.111505
0.585527
-0.378842
-0.530665
0.422043
0.442640
-0.364688
0.010277
-0.030636
0.358137
-0.454481
-0.058323
-0.493397
-0.347572
-0.384715
-0.478446
0.089855
0.150744
0.533911
0.286971
-0.140452
0.106300
-0.105298
0.050710
-0.290799
0.033756
-0.020167
0.066368
0.101133
-0.703651
-0.326858
0.061172
-0.326487
0.047689
0.406514
-0.221826
-0.046454
-0.068988
-0.293166
-0.354824
0.273607
0.727690
-0.467060
0.419652
-0.289832
0.163412
-0.060001
0.233953
0.502221
-0.152068
0.262999
-0.610806
-0.605641
0.308334
0.303294
0.036431
0.076780
-0.544019
0.234101
-0.067438
-0.109065
0.050740
0.278032
-0.436454
0.125239
0.397821
0.176426
-0.032803
0.455095
-0.060630
0.403480
-0.043004
-0.526740
0.113299
0.229300
0.389651
-0.133437
0.426543
-0.532291
-0.156856
0.083377
-0.233982
0.023231
-0.431902
-0.057761
0.010385
0.354023
-0.265719
-0.098493
0.115528
0.438477
0.404918
-0.006682
-0.312091
0.151806
-0.426456
-0.212747
0.212522
0.297522
-0.166989
-0.221255
-0.620518
0.031334
-0.515820
-0.019260
-0.368997
0.181341
0.500466
0.360502
-0.483877
0.060410
-0.238664
0.612231
-0.321253
0.177719
0.205733
0.201833
-0.408936
-0.391576
0.039745
-0.465578
-0.103658
0.109479
0.264656
0.533429
0.216717
0.029726
-0.184409
-0.328223
0.113102
-0.495759
-0.513946
0.209337
-0.071403
0.155290
0.352418
0.297471
-0.091187
0.170534
-0.154818
0.261384
-0.251786
-0.556344
0.132113
-0.164789
-0.056645
-0.488675
-0.276393
-0.713321
0.336288
-0.162235
-0.536600
0.326286
-0.579469
-0.361216
0.236951
0.081488
-0.101465
0.114089
-0.358829
-0.666434
0.516601
0.200419
-0.210342
0.098591
-0.732142
-0.207027
0.342330
0.109013
-0.013968
-0.051168
-0.278209
-0.090213
0.387241
0.431512
