0.417367
-0.051475
-0.134159
0.025935
-0.159429
-0.252212
-0.571823
0.019500
0.400794
-0.019005
0.090521
0.250762
0.060522
0.454024
-0.239448
-0.124789
0.009911
0.013439
-0.077341
-0.004220
-0.336133
0.284524
-0.093050
0.157033
-0.618948
0.307453
0.443588
-0.649046
-0.227195
-0.241253
-0.111989
-0.029752
-0.396571
-0.090367
0.141766
-0.195762
-0.004405
-0.231558
-0.290847
-0.009728
0.300933
-0.042709
-0.284620
0.333573
0.143480
-0.012032
0.279695
-0.051041
0.120379
0.359220
-0.073842
-0.224872
0.552075
-0.626842
0.270276
0.509079
0.187341
0.373901
0.577742
-0.207882
-0.181123
-0.544502
-0.505141
-0.153698
0.018158
0.456577
-0.131750
0.084876
0.341346
-0.334734
-0.236550
0.041247
-0.543293
-0.313043
0.116448
-0.293267
-0.324356
0.204124
0.153513
-0.446086
0.425903
-0.574239
-0.581488
0.216080
-0.562240
0.094627
-0.092965
0.471997
-0.618712
-0.129229
-0.036280
0.138344
-0.241671
0.160327
-0.386759
-0.618971
-0.356060
-0.732638
0.550505
0.198692
-0.513177
-0.024551
-0.154687
0.452112
-0.013867
0.259903
-0.279240
-0.647742
0.427614
-0.206853
-0.191763
0.430268
0.132152
0.177626
0.034500
0.162191
0.198739
-0.213237
-0.328788
-0.018499
0.201943
-0.615973
-0.390076
-0.357645
0.250300
-0.190195
-0.096783
0.120706
0.079993
0.305703
-0.009714
-0.036524
0.221630
-0.201137
-0.566669
0.736375
-0.507208
0.488387
-0.345510
0.113749
0.099187
-0.617785
0.098080
0.314317
-0.322763
-0.267250
0.413613
0.136436
-0.269607
0.094926
-0.175894
-0.475652
0.297016
0.516609
-0.072975
-0.584479
-0.112470
0.005891
-0.302531
-0.288477
-0.310107
0.199652
0.688466
0.037343
0.485014
0.511525
0.541716
0.454080
0.262749
-0.214064
0.210782
0.464422
-0.032665
-0.354897
0.424842
-0.375381
0.408970
-0.203842
0.034822
-0.354928
0.000352
-0.064282
-0.330847
-0.049080
-0.387513
0.196610
0.033765
-0.408739
-0.033837
-0.532039
-0.348793
0.556509
-0.128241
0.027942
-0.399918
-0.052041
-0.397293
-0.186768
-0.388332
-0.522402
0.320972
0.159820
-0.634543
0.040004
-0.424928
0.588150
-0.160226
-0.237825
-0.091408
0.180265
-0.274023
0.162941
0.136930
0.356586
0.412243
0.273781
0.077427
-0.265249
0.026908
-0.000884
-0.389365
-0.201466
0.453573
0.634392
0.314299
0.320352
0.078756
-0.417897
-0.161449
0.521235
0.135071
0.566062
0.198376
-0.377182
-0.501247
0.089293
-0.268755
-0.040339
-0.567331
-0.077267
0.187923
0.030132
0.165752
0.257901
-0.109221
0.197368
-0.185814
0.451523
-0.467801
-0.000623
-0.069845
-0.153435
0.109247
0.070337
-0.529963
-0.045783
0.393357
0.294530
0.099682
0.397421
0.365533
0.178149
0.401785
0.258189
0.517250
0.084123
0.236808
0.531994
0.601468
0.068536
0.466266
-0.418732
-0.294049
-0.124595
0.357414
-0.283788
-0.045308
0.330939
-0.197898
-0.016798
0.220633
-0.286175
0.071796
-0.155584
-0.155900
-0.011002
-0.155927
-0.026214
-0.402197
-0.480859
-0.360396
-0.076227
0.360702
-0.155292
-0.347086
-0.010303
0.172574
-0.024744
0.233334
0.334357
0.242964
-0.083709
0.113595
-0.191490
0.415390
0.021409
-0.511905
-0.434284
0.128448
-0.381286
-0.112584
0.037003
0.521107
-0.061589
0.734471
-0.155145
-0.442204
0.251247
-0.432363
0.405323
0.299631
-0.156112
-0.276427
0.012463
0.313795
0.396468
0.251875
0.289891
0.076785
-0.340895
-0.400656
0.593311
0.205557
0.307496
-0.010837
-0.459882
-0.071772
0.282453
-0.416272
-0.205688
0.405062
-0.395710
0.139461
0.095080
-0.042171
-0.455208
0.609215
-0.219283
-0.476951
-0.214566
-0.295800
-0.160323
0.126685
-0.497001
-0.200268
-0.128414
0.283549
0.432754
0.245963
-0.091687
0.155489
-0.118873
-0.126018
0.106729
-0.149689
-0.150941
0.264152
0.620962
0.143900
0.258382
0.627939
0.188329
0.014067
0.147127
0.394653
-0.031202
-0.078530
-0.304729
0.211389
0.221528
-0.027731
0.393308
-0.249160
-0.114172
-0.535394
-0.132307
0.319860
-0.204896
0.039330
-0.061604
-0.164597
-0.114453
0.083596
-0.317306
-0.453856
-0.217099
-0.153594
0.013873
-0.245131
-0.130244
-0.226904
0.330675
-0.306056
0.264015
-0.185047
-0.034734
0.103503
-0.187603
0.013624
0.013039
-0.173213
-0.248054
0.332625
0.356119
0.455433
-0.043966
-0.020930
-0.246688
-0.471523
-0.422247
0.108878
0.308298
0.359304
0.089023
0.425247
0.115846
-0.259969
-0.258953
-0.301045
0.233787
-0.118432
-0.303743
-0.425703
0.340940
0.377506
-0.271048
0.036793
-0.083151
0.004250
0.094006
0.201900
0.148371
-0.364248
0.524625
-0.150942
0.466034
-0.218529
-0.489147
-0.002611
-0.618400
-0.068913
0.431322
-0.271769
0.174484
-0.236105
-0.060656
0.102917
0.488945
0.262376
0.297518
0.161678
0.043729
0.133359
-0.132287
0.276379
0.151779
-0.325168
0.517607
-0.479791
-0.290830
0.229029
0.068356
0.586442
0.365679
0.249633
-0.153793
-0.125052
0.102807
-0.719185
0.119481
-0.155820
-0.053992
-0.470078
-0.018387
0.364058
0.515783
0.402314
0.202881
-0.501270
-0.064901
-0.531806
0.259715
0.743254
-0.434133
-0.232972
0.341351
0.332910
-0.337234
0.045181
0.037693
-0.054324
-0.442315
-0.012602
0.530457
-0.232014
-0.373560
0.306588
0.067071
-0.284677
0.283742
-0.450310
-0.204764
0.443153
0.297819
0.467925
0.107484
-0.354439
-0.019787
-0.198699
-0.318420
-0.000307
0.334142
-0.400945
-0.074794
-0.459786
0.314243
-0.328331
0.432275
-0.024558
0.035598
-0.496086
-0.526576
0.397410
-0.169851
-0.151279
-0.224925
-0.184483
0.161026
-0.027921
-0.123774
-0.370258
0.445167
0.225906
0.158600
0.614504
-0.151897
-0.158905
-0.293038
0.327322
0.467620
0.316593
0.203166
-0.046819
0.456717
-0.108301
0.291869
-0.702836
-0.080486
-0.349041
-0.363275
0.438337
0.159959
-0.266147
0.331890
0.358753
-0.355073
-0.629886
-0.391764
-0.326927
-0.195238
0.181189
0.245291
0.029477
-0.126593
0.434888
0.304713
0.377939
-0.313281
-0.382179
0.068812
0.416817
-0.028022
0.146227
0.068676
-0.296049
0.479491
0.192435
-0.143954
0.381326
-0.249013
0.476413
0.062616
-0.172266
0.412741
-0.467906
-0.620688
-0.116629
0.278720
0.222826
0.200531
-0.265407
-0.459745
-0.250736
0.127807
0.319352
-0.517329
-0.220396
-0.297364
0.170259
0.196323
-0.223811
0.353001
-0.177176
0.634878
0.129444
-0.661352
-0.022316
0.127856
0.015117
0.430453
-0.432311
0.016074
0.547807
0.215828
-0.521573
0.061239
0.749175
0.416891
-0.136418
0.202389
0.337702
-0.409555
0.217184
0.226490
-0.298169
0.110990
-0.200001
-0.182155
-0.323428
0.077628
0.160373
0.168814
-0.190983
-0.182973
-0.230171
-0.322320
0.597960
-0.054499
-0.105731
-0.127388
0.226918
0.007967
-0.177041
-0.268935
-0.440073
0.336842
-0.008326
0.176502
0.215615
0.367120
0.321790
-0.459105
-0.255654
0.483218
0.450443
0.172768
-0.547341
-0.259334
-0.661812
0.409530
-0.360396
-0.337982
-0.358203
-0.340288
-0.034788
-0.200698
-0.148507
-0.198024
0.253682
0.425589
-0.197548
-0.028275
-0.196451
-0.285480
0.060937
-0.514455
0.292647
0.753162
0.509444
-0.469083
-0.167515
-0.053976
0.702606
0.191174
0.320510
-0.234577
0.254045
-0.077183
0.071344
-0.308375
-0.195330
0.084128
-0.354733
0.721741
0.587399
0.223399
-0.363987
-0.338489
0.196099
0.647789
0.090860
-0.245074
0.015527
0.447147
-0.474320
0.109472
0.276638
0.390210
0.150116
0.244463
-0.313431
0.146210
0.417618
0.353540
-0.291975
0.179996
0.529046
-0.001182
0.323306
-0.068587
0.143925
0.101851
0.451984
-0.679151
0.303035
0.332879
-0.322196
0.528582
-0.225346
-0.021766
0.053422
0.310167
-0.076300
-0.496912
0.192302
0.015656
-0.145550
0.041674
-0.164443
-0.490016
-0.661227
0.341925
-0.778839
0.280341
-0.478877
-0.303226
-0.403633
-0.157395
0.063784
-0.278413
-0.238817
-0.051013
-0.139235
0.343608
0.096966
-0.107389
0.206259
0.462150
0.454200
-0.126007
0.618356
-0.248494
0.173904
0.111801
0.655812
-0.385038
-0.047394
-0.392861
-0.116244
-0.177905
0.201846
0.001833
0.528096
0.049547
-0.421395
0.075899
-0.019697
0.266348
-0.037787
0.467253
-0.284081
-0.690302
0.095288
0.690062
-0.623822
0.109878
-0.183503
0.393795
0.600454
-0.136461
-0.205827
-0.046197
-0.265794
-0.596660
-0.385577
0.070804
-0.467042
0.212983
-0.015725
0.350546
-0.341218
0.622079
0.434511
0.204391
0.092416
-0.260187
