-0.120398
0.404539
-0.212821
-0.227000
-0.116378
-0.373940
0.011572
-0.035362
-0.172205
-0.114717
0.229401
0.068328
-0.599640
-0.160151
-0.296964
-0.033104
0.125674
0.429345
0.278854
0.184559
0.461611
-0.287838
0.047374
0.355169
-0.119789
0.205901
0.480644
0.189478
0.032547
0.482692
-0.113310
-0.029752
0.263818
-0.090367
0.713154
0.124803
-0.169952
-0.508663
-0.070144
-0.545140
0.215328
0.075549
-0.173684
0.152579
0.272821
0.238339
-0.145493
0.282327
-0.073349
-0.347387
-0.123017
-0.261548
0.605681
0.189843
-0.659028
-0.289381
-0.491899
0.123670
-0.033247
-0.365664
-0.449669
-0.259327
0.231000
-0.150501
-0.676879
0.456577
0.307781
-0.460506
0.321103
0.169929
0.292306
0.187355
0.471391
-0.234073
0.471679
0.272347
-0.500039
-0.111029
0.176958
-0.418746
-0.352816
0.295825
-0.273867
0.493058
-0.021247
-0.295821
0.065637
0.600424
0.315218
0.437827
-0.245220
0.092596
-0.279688
0.086928
0.115597
-0.314053
0.379409
-0.198942
-0.644599
0.356627
0.681206
-0.343301
0.027951
0.325617
-0.035822
0.045173
-0.279240
0.224345
0.044882
-0.222433
-0.235368
-0.284611
-0.034267
0.326171
0.067977
-0.128848
0.376690
0.318210
-0.174292
0.078526
0.180769
0.208741
0.026942
-0.561507
0.276176
-0.202044
-0.180729
0.056532
-0.405255
0.540235
0.202943
-0.604785
0.679008
-0.071196
-0.574986
0.193776
0.233654
-0.281230
-0.345510
-0.219921
-0.410148
-0.537712
0.098080
-0.012955
-0.710677
0.036855
0.119086
-0.647129
-0.171355
-0.516143
-0.493911
-0.355044
0.026370
-0.120653
-0.124190
0.541266
-0.210378
-0.004876
-0.152345
-0.441448
-0.240548
0.052173
0.621204
0.165573
0.148230
0.531989
-0.116470
-0.275388
-0.223901
-0.438518
0.253189
0.455495
-0.032665
0.513296
-0.044017
-0.300027
-0.206117
0.184458
0.034822
0.152727
0.401301
-0.276611
0.217564
-0.192570
0.232062
0.314511
-0.551079
0.104031
0.270827
-0.006310
0.199033
0.199731
-0.462582
0.027942
-0.219184
-0.371212
-0.462337
0.342771
-0.277992
-0.475581
0.380076
0.133171
-0.331776
-0.358426
0.359308
-0.149999
-0.290183
-0.237778
-0.341379
-0.375128
0.740747
0.504611
0.110853
0.369704
0.550437
0.249432
-0.065000
0.144365
-0.216942
0.200108
-0.228103
0.242420
-0.444657
0.634392
0.291978
-0.081375
-0.086074
-0.480209
0.383336
-0.190863
0.138452
0.196106
-0.177003
0.152541
-0.509582
0.341907
-0.459255
-0.090509
-0.449923
0.226343
0.050192
-0.487336
-0.340138
-0.283926
0.049565
-0.474186
-0.190245
0.413728
0.287000
0.055172
-0.228771
0.418870
-0.319859
0.430982
0.094652
0.268813
0.007688
-0.221623
0.452662
0.170763
0.553625
0.375733
0.093375
-0.576395
0.039873
0.163881
-0.124671
0.150331
0.255664
0.715361
0.004340
0.412087
0.463437
-0.432346
0.383286
-0.278747
-0.108787
0.395617
-0.102601
0.253509
0.220633
-0.189899
-0.108363
-0.107995
0.562820
0.030571
0.339836
0.502040
0.613238
-0.190377
0.769682
-0.530896
-0.441521
0.318107
0.314179
0.061482
-0.262715
-0.510364
-0.313547
-0.242407
-0.094690
-0.366726
0.280633
0.434515
0.105513
0.052893
-0.226620
0.204080
-0.148793
0.530962
0.103961
-0.148326
-0.430025
-0.160048
0.525704
-0.065367
-0.345071
-0.087957
-0.413846
0.280421
0.038814
-0.435425
-0.508758
0.550332
-0.281793
-0.559042
0.146322
0.004333
0.244055
-0.526328
0.314459
0.593311
-0.426314
-0.591513
0.168090
-0.064600
0.494966
-0.463433
-0.082837
-0.236853
0.207500
0.220341
-0.122056
0.118545
-0.675873
-0.226639
0.527539
-0.261866
-0.085205
0.253168
-0.319593
0.623199
0.508374
-0.427343
-0.547100
-0.184581
0.257115
0.635100
0.066231
-0.151074
-0.381211
0.363950
0.428532
0.039659
0.458166
-0.215882
0.174293
-0.351191
-0.064401
-0.023548
0.385052
0.315121
-0.075045
0.255094
-0.305566
0.383095
-0.289159
-0.208874
-0.047663
0.208643
-0.060275
0.183370
-0.044472
-0.037335
0.417731
-0.217325
0.363364
-0.445407
0.332790
-0.204565
-0.014880
-0.255758
-0.401895
-0.572086
0.181394
-0.264933
-0.110506
-0.488080
0.300369
0.259288
0.155196
-0.669611
0.584091
0.219526
-0.145352
0.089384
-0.071437
-0.194254
0.294893
0.281846
-0.437918
-0.248054
0.416207
0.356119
-0.666215
-0.043966
0.007529
0.458910
-0.516557
-0.299334
0.212037
0.030646
0.243150
0.095154
0.258947
-0.058359
-0.433248
0.032399
-0.304232
-0.292527
0.219010
0.288259
-0.353982
-0.407469
-0.006111
0.138031
-0.231837
0.602952
0.109640
-0.104641
-0.297482
0.374529
-0.560755
0.745676
-0.116113
-0.105046
-0.086131
-0.550590
0.039838
-0.211952
-0.189760
-0.178573
-0.330951
0.006528
0.394078
-0.056395
0.443586
0.163245
0.262376
0.297518
-0.073679
-0.139700
0.219635
0.004164
-0.140318
0.053873
-0.125884
-0.117701
0.259946
-0.348518
0.164902
0.405466
0.146103
0.650784
0.399712
-0.056511
-0.318442
0.351995
-0.153849
-0.212109
-0.432316
-0.252030
-0.470078
0.439980
0.166825
-0.398319
-0.073425
0.094948
0.632652
-0.252084
-0.643932
0.194599
-0.081524
-0.092105
-0.659343
-0.155390
-0.657942
-0.630153
0.038638
-0.255794
0.023146
0.212405
-0.090168
0.514263
-0.233099
0.184624
0.325149
-0.082556
-0.183536
-0.419433
-0.198334
0.534389
-0.343595
-0.326242
0.047579
-0.105354
-0.598986
-0.332872
-0.256205
0.160400
0.388750
-0.423200
0.199715
0.455080
-0.331572
0.314243
0.219382
0.152793
-0.325507
0.228521
0.406470
-0.055573
-0.450975
-0.111727
0.296192
-0.059836
-0.115156
0.541537
0.000306
-0.262238
-0.394616
-0.564630
0.451711
0.428728
-0.121670
-0.239071
0.092440
0.094432
0.433743
0.612239
0.369251
0.215508
0.150446
0.348756
-0.391504
-0.097333
0.120569
-0.080486
-0.362206
-0.129432
-0.672143
-0.315318
0.470333
-0.262635
-0.126366
0.086492
0.517974
-0.338111
0.098452
-0.201613
-0.418190
-0.524326
0.265058
-0.070045
0.083268
0.517462
0.090842
-0.458432
0.523831
-0.339684
-0.153952
-0.090960
-0.421281
0.068676
-0.436910
0.146466
0.283039
0.969203
-0.133183
-0.257305
0.006937
-0.133380
-0.085176
-0.365532
0.521516
-0.281647
-0.116454
-0.255829
-0.101054
0.177320
0.460291
-0.494365
-0.039634
-0.448253
-0.141750
-0.436260
-0.069277
-0.297364
0.135217
0.106408
-0.273012
0.006720
0.156245
0.045024
0.122628
-0.133488
-0.357696
0.127856
-0.013347
0.264357
-0.456071
-0.511763
0.563263
-0.053612
-0.521573
0.009296
0.012200
-0.498153
-0.850831
0.161243
-0.174287
0.482816
-0.732351
0.503681
-0.298169
-0.211086
0.132530
-0.360992
0.393283
0.505670
0.629054
0.103429
-0.182141
0.066581
0.570580
0.516385
0.118902
0.310304
0.267492
-0.217296
0.033348
0.044071
-0.238388
0.134122
0.019735
0.462986
0.118074
-0.209559
-0.213362
-0.820328
0.100805
-0.445496
-0.493795
0.377516
0.185650
-0.203305
0.295575
-0.277484
-0.597783
0.032750
-0.650836
0.183059
0.270736
-0.447179
0.184561
0.140997
-0.148507
-0.034310
-0.007764
0.151864
-0.297966
-0.471562
-0.514423
-0.387006
0.580400
-0.266532
-0.511671
0.585018
0.513722
-0.266656
-0.112843
0.231368
-0.209488
0.248275
0.270472
-0.100132
-0.177264
0.325894
-0.325439
0.371821
0.342937
0.191314
0.227511
-0.449403
0.214839
0.104981
-0.115256
-0.220709
-0.002986
-0.363617
-0.083591
0.412821
-0.009167
-0.371442
-0.333108
0.034501
-0.375433
0.012766
0.150116
-0.120079
0.145536
0.264245
-0.259081
-0.350885
-0.397028
0.362140
0.469010
0.567345
-0.131309
0.187883
0.143925
-0.024229
-0.143833
-0.071928
-0.129388
-0.393541
-0.034246
0.206548
0.176462
-0.227858
-0.488644
0.570372
0.169358
0.549210
0.472247
0.095125
-0.017853
0.221512
-0.213807
-0.403638
-0.217373
0.290123
-0.261723
0.676898
-0.271247
0.326612
0.361506
0.080313
0.096310
0.339181
-0.031606
-0.088171
-0.218911
-0.601214
-0.369330
-0.174744
0.084221
-0.313657
-0.028830
-0.232649
0.618356
0.054522
0.626332
0.359344
0.648871
-0.516362
0.188968
-0.510418
0.420503
-0.147052
0.061766
0.339577
0.282012
-0.226719
-0.224433
-0.022605
0.061944
0.330019
-0.435047
-0.388409
0.279097
0.169503
-0.221570
0.251389
0.319331
-0.521037
-0.343688
0.210861
0.390390
-0.254799
-0.239841
0.055505
0.564765
-0.167033
-0.265972
-0.398773
-0.302177
-0.489730
-0.057015
-0.363910
-0.150116
0.211887
0.103929
0.302432
0.434074
-0.251602
