-0.071762
-0.324853
-0.073295
0.053945
-0.093852
-0.072798
0.401575
-0.047332
-0.019979
-0.158385
-0.012041
-0.278214
0.094918
-0.147229
-0.243511
0.183979
-0.056978
0.457516
-0.323838
-0.550328
-0.236700
0.233285
-0.305251
0.311779
-0.023800
0.161754
0.498363
0.280870
-0.418604
-0.335904
0.221262
0.180290
-0.473833
-0.243537
-0.101894
-0.569522
-0.267572
-0.534440
0.003507
0.026878
-0.325606
0.079481
-0.313228
0.325657
0.213195
-0.548779
0.210128
-0.134510
-0.169538
0.415958
0.306763
0.049342
-0.274881
0.239078
0.115378
0.170170
0.161969
0.290746
0.222947
-0.471365
-0.338602
-0.470742
0.238090
-0.278953
-0.067202
-0.378637
0.430663
0.072445
0.129162
0.246386
0.119123
-0.305088
0.089989
-0.232559
-0.168612
0.123654
0.056768
0.385326
-0.401659
-0.473150
0.571648
-0.124189
0.285102
0.350780
-0.001772
0.107225
0.170019
-0.104234
-0.142686
0.245850
0.324680
-0.242299
-0.194214
0.205105
0.331621
-0.260334
-0.419495
0.338718
-0.557770
0.226783
-0.112591
-0.374073
-0.017211
-0.091470
-0.389718
-0.347720
0.463689
0.050962
-0.031659
-0.234288
-0.302729
0.219198
-0.359199
-0.485233
-0.520979
-0.168265
-0.013825
-0.513445
-0.231136
-0.072262
0.353585
0.367241
0.068200
0.094254
-0.061254
0.676270
-0.349135
0.096887
0.371483
0.047841
0.490711
0.446318
-0.601355
0.019315
-0.519820
-0.581410
-0.555387
0.428214
-0.067347
0.497290
0.122350
-0.407121
0.043692
-0.651895
-0.249277
0.264857
-0.389172
0.210506
-0.062948
-0.412347
0.073707
-0.345856
-0.039489
-0.127087
0.442283
0.368159
-0.414605
0.199965
-0.050320
-0.198932
-0.435627
0.117200
0.955044
-0.461839
0.268842
0.039217
0.317880
-0.007314
-0.012647
-0.196292
-0.478325
0.497589
0.062165
-0.318618
0.344993
-0.148008
0.368386
0.072352
-0.185741
0.133187
-0.284507
-0.439999
-0.238358
-0.371640
-0.233890
-0.378675
-0.603167
0.316221
-0.414740
-0.316826
0.187857
0.326355
-0.050291
0.516472
-0.265883
-0.409332
-0.312728
-0.527956
-0.518031
-0.346581
0.214263
0.491074
-0.562796
0.337525
-0.410674
-0.124313
-0.326183
0.275017
0.499201
-0.284879
0.241560
-0.175006
0.556992
0.037976
0.427607
-0.032525
0.391009
-0.285084
0.065499
-0.419273
-0.559835
-0.734715
0.572922
-0.671418
0.085994
0.294730
0.140038
-0.414065
-0.335490
-0.336878
0.324988
0.010491
-0.251392
-0.621118
-0.251775
-0.378847
0.081304
-0.193929
-0.338745
0.558875
-0.306323
-0.048910
0.008341
0.300995
0.603553
-0.417399
0.450871
-0.135812
0.594348
0.334757
0.008245
-0.201804
-0.153385
0.004250
-0.007835
0.139049
-0.266219
0.179141
0.199945
0.181298
0.496959
-0.100986
-0.089853
-0.027653
0.001352
-0.331552
0.215056
0.171087
0.098053
0.415913
0.486071
-0.235525
0.063558
0.197821
-0.318843
0.334739
0.051420
0.249137
-0.156214
-0.158385
0.487896
-0.163858
-0.332824
-0.176181
-0.376419
0.052414
-0.216258
-0.132011
0.326490
-0.078495
0.268920
0.176440
-0.539474
0.259722
-0.397198
0.387499
0.164327
-0.117409
0.322534
0.462154
-0.240255
0.456974
-0.647574
-0.067431
-0.246490
-0.282599
0.049257
-0.356910
-0.322910
0.528753
-0.063377
0.035233
-0.325001
-0.011632
-0.267838
-0.281569
0.122313
0.409258
0.255232
0.057974
0.001939
-0.065070
-0.380476
0.124426
-0.237584
-0.303308
-0.231690
-0.449055
-0.516901
-0.235941
0.034311
0.645817
0.346678
-0.301154
0.479075
0.122152
-0.095001
0.284135
0.448161
0.465549
0.005848
0.416622
0.184665
0.073487
-0.144927
-0.402571
0.084047
0.324723
-0.392177
-0.240927
-0.173138
-0.663811
0.433995
0.236900
-0.523064
-0.265324
-0.222150
-0.126679
-0.237629
-0.504663
0.012009
0.788667
-0.377532
0.201095
-0.452450
0.382572
0.035276
0.311767
0.020993
-0.468779
0.328862
-0.437535
-0.262047
-0.283997
-0.060196
-0.338825
0.081814
0.208283
-0.229591
0.249707
-0.156855
-0.052848
0.261887
0.154712
0.439806
0.162888
0.325001
-0.298313
0.177089
0.331987
0.058140
-0.228898
-0.569067
0.098673
-0.399964
0.184512
0.242235
0.295050
0.271536
-0.112357
-0.569352
-0.021085
-0.045791
0.490438
0.342691
0.013180
0.525511
-0.256739
0.212037
0.429806
-0.253478
0.085537
0.687719
0.706830
-0.232583
0.134504
0.263792
0.355444
-0.044864
0.048519
0.018326
0.558544
-0.403598
0.207261
0.578499
0.369258
0.452347
-0.099493
0.003188
-0.047982
0.199189
-0.452712
-0.508730
-0.449435
0.131008
-0.247315
-0.107126
0.447391
0.056629
0.329065
0.344139
0.052344
-0.744464
-0.231746
0.605562
-0.079522
0.282299
-0.451568
0.046227
0.424699
-0.007936
-0.146680
0.182741
0.601903
0.426653
0.276620
0.143399
-0.072756
0.641456
0.196727
0.524393
0.218333
-0.362181
-0.425269
-0.315662
-0.380100
-0.061116
-0.597544
0.189390
0.249326
-0.303692
0.203469
0.171447
0.073378
0.317382
-0.071134
0.486889
0.083533
-0.211042
-0.346374
-0.469731
-0.068210
0.457659
0.093025
-0.079171
-0.674597
0.443665
-0.140838
-0.133875
0.210091
0.160323
-0.222599
0.646234
-0.410704
-0.255201
-0.609947
-0.139938
-0.199169
-0.199522
0.208652
0.123573
0.320409
-0.287632
0.118259
0.116269
-0.183623
-0.377422
-0.357109
-0.513834
0.370019
-0.276047
-0.688732
0.049914
-0.696625
-0.105594
-0.129594
0.281280
-0.407330
-0.426051
0.672394
0.437274
0.123132
0.256057
-0.420214
0.281531
0.014337
0.368424
0.323588
0.265931
-0.261577
0.126101
0.003287
-0.331664
0.401644
-0.219818
0.275960
0.484006
-0.350521
0.309375
-0.243151
-0.227633
-0.496017
0.524596
-0.563134
0.305604
0.257566
-0.035423
-0.196926
-0.434307
-0.450979
0.385228
0.439402
0.134185
0.500592
0.570341
0.257805
-0.597640
-0.202144
-0.315848
0.148288
0.547504
-0.505135
0.220759
0.596586
-0.576565
-0.026896
0.051058
0.103712
-0.159018
-0.586016
-0.268998
0.410858
-0.595617
-0.240821
0.578888
-0.008690
0.395101
0.393742
-0.539518
-0.324232
0.359520
-0.387260
0.164321
-0.038705
-0.321415
-0.161228
-0.018793
-0.135174
-0.111378
0.366659
-0.072761
0.043962
-0.325633
-0.443115
0.388380
-0.224126
-0.170315
-0.082548
-0.421124
0.390145
-0.196823
0.133832
-0.066308
0.486421
0.728245
-0.424024
-0.182835
-0.274212
-0.435244
0.288985
0.433061
-0.152793
0.174663
0.390138
0.681760
-0.215463
-0.306222
-0.172598
0.077956
0.294541
-0.042344
0.550476
-0.597602
0.086413
-0.595119
-0.121939
0.361957
0.475529
0.379392
0.134954
-0.030016
0.191401
-0.339038
-0.642496
-0.190405
0.176348
0.820111
0.031959
0.395155
-0.654008
-0.558559
-0.068522
-0.088921
0.200077
0.674179
0.587723
0.405894
0.350420
0.407031
0.005711
0.289648
-0.166239
-0.183932
0.191753
-0.482762
0.280878
0.219508
-0.053496
0.268226
-0.297236
-0.430024
0.452975
-0.313457
-0.514080
0.243248
0.171575
0.422126
-0.311909
0.027541
0.296278
0.037318
0.078672
-0.618738
-0.155637
-0.010565
0.281338
0.036714
-0.527339
-0.062646
-0.084426
0.090918
0.200969
0.018805
0.256314
-0.216600
-0.059571
0.031341
0.631162
0.432311
-0.034069
0.006813
-0.210856
0.098977
0.429416
0.058099
-0.263298
0.204535
0.292481
-0.746975
-0.232215
-0.065827
0.127666
0.443016
-0.260327
-0.046962
-0.217380
0.194412
-0.001742
-0.238135
-0.313899
-0.091708
0.159904
-0.064078
-0.032704
-0.668085
0.185602
0.301445
-0.254663
0.165532
0.092090
0.216368
0.218523
-0.049364
0.259501
-0.239544
-0.162092
0.266561
-0.484339
-0.189295
0.402898
0.497272
0.352756
0.326396
0.445485
-0.005828
0.269643
0.406631
0.327365
-0.356757
-0.144709
-0.005462
-0.002413
-0.048306
0.527443
0.187333
0.194905
0.434459
0.267567
0.368453
0.355622
-0.316701
-0.308244
-0.193993
0.642678
-0.499971
-0.096671
-0.375327
-0.273656
0.037939
-0.331447
0.010802
-0.003126
-0.052132
0.285491
-0.372764
-0.316176
0.083695
0.454406
-0.597110
-0.424989
-0.217599
0.370290
-0.341439
-0.358557
-0.192506
-0.637843
0.412289
-0.467731
-0.065736
0.358174
0.557388
0.183668
0.129735
0.202879
0.563894
0.175511
0.324752
0.058707
0.035102
-0.446909
0.043615
0.321782
-0.268623
0.489584
0.523772
-0.427417
-0.290831
-0.211587
0.070589
-0.438268
0.131193
-0.113947
-0.222831
-0.523865
-0.426420
-0.024552
-0.824037
0.256600
0.545936
-0.006127
-0.353309
0.125753
-0.499438
-0.124863
-0.100451
-0.286070
