-0.033163
-0.077784
-0.466275
0.000242
-0.331597
-0.230149
0.332605
0.257309
-0.155242
0.366618
-0.118169
-0.360306
0.276868
0.300677
0.236515
0.210045
0.273027
-0.458447
0.246112
-0.639294
-0.109367
-0.062311
0.042908
0.542881
-0.000887
-0.082584
-0.462285
0.378124
-0.093753
0.197931
0.545685
0.498556
-0.285461
-0.154664
-0.073918
0.135080
0.723321
0.317438
0.222546
0.183864
-0.110350
0.505258
-0.207867
0.436864
-0.385869
-0.468311
0.306415
-0.039149
-0.275483
0.719776
-0.156068
-0.131935
0.394607
0.451524
-0.353413
0.402330
0.304937
0.003061
-0.127527
-0.385979
-0.047280
-0.464563
-0.007932
0.387141
-0.555367
0.193287
0.364014
-0.551829
-0.377403
-0.334350
0.374856
-0.050426
-0.144717
0.006224
-0.080119
-0.293267
-0.096389
0.143845
0.305475
-0.451406
-0.356604
-0.742664
0.369736
-0.354052
-0.239218
-0.405907
0.384276
-0.453498
-0.088073
0.169802
-0.276395
0.415196
-0.238098
0.309959
0.193861
0.539176
-0.182825
-0.441718
0.755353
0.368835
0.039163
0.702224
-0.329184
0.008673
0.169807
-0.197770
0.268204
-0.087905
-0.508642
-0.185312
-0.047002
0.348826
-0.011615
0.106878
-0.121091
-0.193045
0.243607
0.017430
-0.182163
0.262496
0.510570
-0.290194
-0.456781
-0.501727
0.320744
0.143674
0.149217
0.452701
0.603806
-0.518350
0.155385
-0.347461
0.138974
-0.460775
-0.347261
-0.382651
-0.058184
-0.637680
0.331378
0.115763
0.717972
-0.003434
0.335832
0.444397
0.086319
-0.190012
-0.598831
-0.540198
0.347128
0.308455
-0.047004
-0.314336
0.247194
-0.282471
0.650087
0.311768
0.065134
-0.366464
0.101418
-0.405231
-0.018105
0.031223
0.747880
0.475238
0.186833
0.523432
0.165417
0.033198
-0.169234
-0.498794
0.170639
0.508430
-0.032581
-0.156916
0.293728
-0.346417
0.516690
-0.147025
-0.067588
0.092796
-0.214854
-0.153305
0.065743
0.169891
0.291992
0.124293
-0.097110
0.584633
-0.148610
-0.416914
0.472472
-0.383780
-0.584902
0.452629
0.090593
-0.513783
-0.468481
-0.419531
-0.361365
0.563590
-0.032884
0.034799
-0.506340
-0.519783
0.513320
0.064564
0.359257
-0.175414
0.048689
0.491895
0.282332
-0.056680
-0.125236
0.036738
-0.453779
-0.402857
-0.251568
-0.280564
-0.178453
-0.094527
-0.205628
0.396624
-0.464365
0.123076
0.336389
0.081074
0.243200
0.162115
-0.236834
-0.348099
0.561113
0.419209
0.385132
-0.091485
-0.253181
-0.487810
-0.171182
0.031308
-0.419635
0.046834
0.172366
-0.368408
-0.347710
-0.163508
-0.623202
0.086185
0.464264
0.047066
-0.371085
0.225023
-0.372299
0.126624
0.288297
-0.100196
-0.517459
0.005462
-0.046297
0.400160
0.325810
-0.351987
0.354722
-0.339990
-0.251708
-0.312186
0.013584
0.266276
-0.314322
-0.281102
0.115304
0.114287
-0.088766
0.116789
0.211332
0.007620
0.324413
-0.388763
0.187152
-0.249686
0.430184
0.310100
0.314937
-0.342521
-0.369488
0.086568
-0.426758
0.523529
-0.670908
-0.019445
-0.043009
-0.102553
-0.749495
-0.416987
0.192953
-0.262293
0.223731
-0.040130
0.036894
-0.537796
-0.216607
-0.017024
-0.146842
0.337919
0.441734
0.084831
0.187280
-0.220001
0.186160
-0.113264
0.277179
0.711058
0.311797
0.449121
-0.654841
0.136352
0.208121
0.082474
0.509804
0.197658
0.484508
-0.254015
0.397223
0.502555
-0.199868
-0.031761
-0.142262
-0.198142
-0.342123
-0.645117
0.354952
0.284058
0.290335
-0.208194
-0.119680
0.826358
-0.166473
-0.344970
-0.448062
0.354164
-0.334702
-0.009726
-0.201860
-0.348710
0.665342
0.101843
-0.537869
0.261916
0.453593
-0.197030
0.219178
0.136051
-0.057376
-0.298851
0.109221
0.115022
-0.016571
0.193439
-0.093081
-0.198608
-0.434036
0.422272
0.216508
-0.321797
-0.333296
0.295185
0.280270
0.277855
0.141371
0.293640
0.375811
0.015389
-0.074601
0.371307
-0.097776
0.405611
-0.057858
-0.191869
0.108197
-0.346641
0.017074
0.175394
-0.156855
-0.288093
-0.179033
0.464768
-0.367847
-0.055610
0.561181
-0.325328
0.191425
0.538859
-0.027357
-0.109593
0.390013
-0.750444
0.450023
-0.201735
-0.238517
0.111626
-0.508828
-0.455528
-0.196803
-0.086264
-0.170759
0.112566
0.331833
-0.377001
0.084923
-0.457836
-0.003773
0.222535
0.111318
-0.905909
0.738068
0.507704
-0.557016
-0.016206
0.010191
-0.143218
-0.381417
-0.386569
0.567738
0.365499
-0.598330
0.251484
0.100225
-0.243570
-0.459500
-0.293137
0.343218
-0.203466
0.138406
0.247037
-0.098683
0.183377
0.101353
0.364465
-0.040256
0.511667
-0.300610
0.313395
-0.239608
0.369476
-0.212482
-0.629535
-0.017097
-0.265635
-0.109078
-0.101676
0.041125
-0.242251
0.436988
-0.154806
0.546418
-0.458143
-0.479446
0.226357
0.353948
0.421344
-0.033914
-0.086613
-0.407109
0.284325
0.178571
-0.116352
-0.527538
0.498098
-0.325168
0.210051
-0.321187
-0.037784
-0.265637
-0.144415
0.424551
-0.195160
0.461033
0.263855
0.328961
-0.154385
-0.395378
-0.446299
0.508831
-0.226089
0.228757
0.077629
-0.260702
0.515783
-0.282149
0.167662
0.397574
-0.015277
0.137966
-0.255145
0.372850
-0.135647
-0.026523
-0.309931
-0.282950
0.071639
0.314274
-0.095304
0.303983
-0.365661
0.005918
-0.260836
0.565454
0.267117
-0.065806
-0.099582
-0.490977
0.289804
0.319913
-0.506630
-0.345475
-0.100796
-0.140289
0.036271
0.436846
-0.287954
-0.136572
0.155557
0.405961
0.041055
0.201010
-0.266667
-0.620909
0.136304
-0.270299
0.173363
-0.171464
-0.483637
0.192130
-0.005743
0.013947
0.037303
0.430475
0.405980
0.257685
0.160467
-0.032462
-0.284064
0.455570
-0.496017
-0.290901
-0.440097
0.569982
-0.353029
-0.240839
-0.149063
0.037571
-0.426119
0.316593
0.595747
0.128069
-0.480639
-0.088328
-0.248210
0.383578
0.538844
0.512464
-0.369293
-0.328063
0.240368
-0.036441
-0.184239
-0.549018
0.356689
-0.233082
-0.316988
0.046362
-0.205878
-0.611166
-0.515382
0.357297
-0.009938
-0.059076
-0.333246
0.026739
0.297191
-0.052889
-0.239964
0.779458
0.436378
-0.193720
0.482148
-0.039294
-0.096373
0.432478
0.440973
-0.059411
0.602295
0.058159
0.015005
0.367037
-0.057801
-0.464932
-0.852720
-0.325005
-0.419627
0.333448
0.172435
-0.269078
0.240562
-0.186985
0.248234
0.108386
0.423495
-0.469999
0.087387
0.006642
0.186863
0.441178
0.076018
0.537009
0.865037
-0.438875
-0.563169
-0.167378
-0.143205
-0.107732
0.300205
0.370674
0.038505
0.100033
-0.153133
0.390997
-0.147691
0.370341
0.306488
0.109737
-0.145187
-0.022664
-0.099576
0.186603
0.234569
-0.594409
0.632018
-0.089036
0.035619
0.036587
-0.135733
0.160373
0.131233
-0.257751
-0.065470
-0.573267
-0.187109
-0.290301
-0.116295
0.078798
-0.494682
0.018511
0.425381
0.520805
0.726298
0.082032
-0.352283
-0.574012
-0.244070
-0.379112
-0.045310
-0.532143
-0.089542
-0.287621
0.038817
0.176487
0.340701
0.130000
0.133749
0.201947
0.577818
-0.335173
0.063273
-0.461753
-0.052894
0.322419
0.114906
-0.117657
-0.281090
0.396477
0.010866
0.302871
0.414347
0.150571
-0.520392
0.017943
0.102999
0.099972
-0.475200
-0.158979
0.241218
0.123353
-0.049174
-0.024532
-0.496156
-0.296699
-0.438945
0.194486
-0.332121
-0.246891
-0.021673
0.181620
0.483131
-0.057014
0.221823
0.365986
0.087226
-0.514129
-0.576627
-0.344417
0.635698
-0.074164
-0.588390
0.131475
0.027398
-0.073536
-0.085493
-0.132877
0.102824
-0.251010
-0.610776
-0.335709
0.024166
0.166203
-0.503969
-0.283997
0.395500
-0.130313
-0.521715
0.305104
0.199202
-0.218911
-0.182602
0.283629
-0.182776
-0.179656
0.114889
0.297966
0.406741
-0.577645
0.497890
0.043167
-0.572558
0.009784
0.245447
0.439781
-0.337991
-0.054088
-0.255104
0.384912
-0.737862
-0.556953
-0.278204
0.078511
0.275990
-0.611306
0.370431
-0.576456
0.243687
-0.003770
0.343521
-0.073601
0.125735
-0.278721
-0.576662
0.199540
0.059107
0.433977
0.138946
-0.122539
-0.252638
-0.115578
-0.003489
-0.100828
-0.565687
-0.057223
-0.051184
-0.267845
-0.109829
-0.512092
-0.630069
0.863710
-0.381169
0.357293
-0.736114
-0.169379
0.499898
-0.455719
0.251355
-0.255461
-0.598439
-0.178298
-0.413737
-0.118683
0.189280
-0.047742
0.247751
0.629941
0.018825
0.209757
-0.577695
0.228380
-0.584494
0.181082
0.289011
-0.363124
0.195022
-0.035946
-0.547160
0.410155
0.021736
-0.518061
0.188656
0.176734
0.204391
0.002057
0.129881
