-0.190610
-0.240154
-0.065241
-0.655165
-0.253025
0.077291
0.325716
0.476631
-0.189699
0.051623
0.188647
-0.397451
-0.378537
0.529997
-0.463138
-0.144311
0.253042
-0.449276
0.261360
-0.035122
0.375511
-0.025368
-0.086012
-0.059502
0.250401
0.210947
0.569983
-0.213579
-0.007311
0.426028
0.309536
-0.322590
-0.581295
-0.080073
0.108650
-0.078797
-0.461509
0.273922
-0.015268
-0.510989
0.640500
-0.061403
-0.297100
0.330845
0.212140
0.064086
-0.443584
0.272250
0.374058
-0.529412
0.321489
-0.252908
-0.072698
0.329308
0.442995
-0.648024
-0.153777
0.364503
0.192514
0.402648
-0.186147
-0.305864
-0.318823
-0.103191
-0.625672
0.076402
-0.530594
-0.541324
-0.412564
-0.224906
0.516360
-0.256015
0.205924
0.375212
0.383858
0.195496
0.139757
0.269239
-0.224746
-0.296605
-0.270806
0.276795
-0.490310
0.007873
-0.498935
-0.055389
-0.063972
0.249342
-0.228588
0.258009
0.354731
0.342336
-0.008655
-0.505149
0.147397
0.539176
-0.554690
-0.403122
-0.035687
0.365378
-0.564251
-0.391537
0.163346
0.204472
0.231878
0.071430
0.160808
-0.402608
0.233858
0.012700
0.259632
0.228025
0.354539
-0.067396
0.060202
-0.064641
0.324773
0.004830
0.258350
-0.195870
0.032333
0.193941
-0.222651
0.254913
0.146613
0.576706
0.327830
0.050017
0.510204
-0.501985
0.447600
-0.414997
-0.336369
0.224708
-0.184892
-0.213967
-0.390321
0.262745
-0.095969
0.024080
0.767751
-0.385571
-0.335674
-0.307399
0.168659
-0.088977
0.524364
-0.477821
-0.504694
0.333047
-0.247320
-0.317206
0.291506
-0.374955
-0.319137
0.515459
0.245243
0.404696
0.561880
-0.173711
-0.434374
-0.007735
0.557986
-0.381121
0.222590
0.343687
-0.039059
-0.443484
0.261672
0.326786
0.280071
-0.053271
0.010499
-0.286287
0.083369
-0.195229
-0.285313
-0.214163
0.054222
0.337691
0.509531
0.288497
0.297999
-0.076441
0.276796
-0.417889
-0.037270
-0.224028
-0.153313
-0.076930
-0.084126
0.614798
-0.372114
0.452629
0.037274
-0.005009
0.380058
0.135982
-0.092594
-0.167421
0.341782
-0.036621
-0.528199
-0.275822
0.124350
-0.073670
0.171880
0.163295
0.266803
-0.122843
-0.401511
-0.170247
0.479722
-0.210601
-0.103960
0.148068
0.040970
-0.232303
0.798190
0.177102
-0.487983
-0.043418
-0.376121
-0.154094
-0.103594
-0.054424
-0.327075
-0.139589
-0.022853
0.089193
-0.072986
-0.470280
0.386955
-0.375450
0.387079
-0.482225
-0.216190
-0.078572
-0.507668
0.866835
-0.465150
0.397435
0.265715
-0.220010
-0.464767
0.181741
0.369657
0.107304
-0.371085
0.198638
0.122091
-0.343097
0.285392
-0.413463
-0.172995
-0.474016
0.330244
0.532058
0.301984
0.428150
-0.015257
-0.483864
-0.175555
0.537371
0.057179
0.370764
0.098370
0.418868
0.043343
-0.314186
-0.390849
-0.482559
0.489607
0.424870
0.473591
-0.244175
0.221778
0.531335
0.461512
-0.024498
0.337682
-0.294350
0.192962
0.143391
0.102156
-0.239163
-0.235428
0.030075
0.342630
-0.236653
-0.601053
0.042829
0.178161
0.354329
-0.063508
-0.204446
0.029683
-0.109310
0.341564
-0.049649
0.289599
-0.268974
-0.434013
0.084831
-0.097814
0.076993
-0.336515
0.035230
-0.376619
0.546401
0.006398
-0.191917
0.147439
0.585132
-0.491106
0.168311
-0.162916
-0.233490
0.455102
0.435923
0.219663
-0.101073
0.469449
0.616603
-0.428095
-0.169330
0.624946
0.494136
0.182779
-0.151035
0.206458
-0.345622
-0.035441
0.131402
-0.016210
0.301430
0.136885
0.273872
-0.402213
0.111174
0.177740
-0.463334
0.694606
0.269376
-0.190600
-0.398677
-0.087875
-0.166460
-0.189913
0.053295
0.116669
0.636313
-0.170992
0.671528
0.001982
0.069419
-0.214339
0.277122
0.527625
0.041782
-0.019397
0.385516
-0.230402
-0.447833
-0.347987
-0.398887
-0.426394
0.336452
0.261064
-0.674609
-0.025120
-0.439046
0.413942
-0.406861
0.369797
0.031889
-0.595092
0.417755
-0.040372
0.281926
-0.167204
-0.092261
-0.181593
-0.078255
-0.473570
0.126120
-0.087878
-0.216417
0.020232
0.542916
0.313515
0.035287
0.293900
0.694558
0.312642
-0.513561
0.101469
0.560784
-0.119784
0.329944
0.246986
-0.359619
-0.084561
0.137993
-0.120235
0.359773
-0.241933
-0.163756
-0.245348
0.166104
-0.358616
0.151563
-0.534541
0.689027
-0.311127
-0.297103
0.031343
0.154149
-0.522642
0.217304
0.015112
0.071689
-0.018950
-0.166261
-0.302273
-0.181613
-0.258120
-0.601585
0.721728
-0.203466
0.124707
0.109553
-0.410527
-0.631852
0.337254
0.107899
0.173497
-0.382713
0.329330
-0.481222
0.534437
0.003154
0.086854
-0.245096
0.240268
-0.139882
0.056744
-0.063347
0.351725
0.059872
0.133043
-0.076545
0.251252
-0.458699
0.271453
-0.085471
0.353948
0.458978
-0.306874
0.161883
-0.218556
-0.091087
-0.010100
0.278574
-0.045285
0.006639
-0.483634
-0.482052
-0.113785
-0.274181
-0.048159
0.222507
0.585451
0.356656
-0.015147
0.132138
-0.386042
0.351498
-0.081710
0.401986
-0.326076
0.016625
0.024166
0.388260
-0.503874
0.522450
-0.130824
-0.149753
-0.334913
0.449263
-0.519117
-0.425719
0.585322
0.500793
-0.070906
0.163352
0.478311
-0.059353
0.125253
-0.407851
-0.025557
0.088563
-0.012588
0.462226
-0.509306
0.095013
-0.283506
-0.191924
-0.137692
0.590142
0.695243
0.158324
-0.349073
0.035903
-0.458477
0.550259
0.392233
-0.541697
0.511211
0.107303
-0.232441
0.371057
0.308039
-0.016702
0.129192
0.747971
0.660060
0.153203
-0.113580
0.220260
0.223484
-0.034222
-0.588164
0.462889
0.216374
0.130157
0.197672
0.631260
0.290009
0.001957
-0.610765
0.220921
0.639516
-0.037926
0.114732
0.436734
0.410170
-0.330317
0.100902
0.203074
0.097813
0.439141
0.394298
-0.198812
-0.140080
0.026371
-0.484831
0.211541
0.334709
-0.183156
-0.066268
0.424966
0.046375
-0.267131
0.126957
0.244498
-0.239526
-0.170937
0.202272
-0.075886
0.385667
0.244007
-0.125050
0.023254
-0.158254
-0.094799
0.127750
-0.394104
-0.462933
0.041911
0.545829
-0.170047
-0.616420
0.497373
-0.119807
0.354941
-0.457723
-0.192267
-0.170229
0.489190
-0.074803
0.358235
-0.160884
-0.376257
-0.630919
-0.462344
-0.163529
0.135086
-0.106165
0.491458
-0.305574
-0.315771
-0.356438
-0.557073
-0.427170
-0.354614
-0.662590
-0.421463
0.144708
0.295921
0.104612
0.412163
-0.267947
-0.094309
0.137372
-0.210651
-0.539642
0.127808
-0.252664
-0.433175
-0.351207
0.058647
0.401547
0.296726
0.239777
0.208070
0.064398
0.511245
-0.347506
0.351587
-0.642436
0.391521
-0.738020
-0.351048
0.084586
0.203900
0.483575
-0.470348
0.362728
-0.361167
-0.618245
-0.129194
0.043096
0.537242
-0.262468
-0.083781
-0.264076
-0.525391
-0.297679
0.575032
0.184224
0.197354
-0.032200
0.632480
0.019735
0.189371
-0.312901
-0.110230
0.309425
0.117540
-0.315109
-0.650918
0.123148
0.054291
0.438507
-0.270502
0.216300
-0.271567
-0.238937
-0.387233
-0.022052
0.564336
0.361568
0.104211
0.020122
0.480922
-0.198750
-0.058189
-0.318332
-0.300544
-0.283033
-0.300499
-0.577354
-0.347036
-0.275737
-0.331818
0.516686
-0.116559
-0.054524
-0.333081
-0.121943
-0.185243
0.155639
-0.046672
-0.077220
-0.034068
-0.307421
-0.044976
-0.381069
0.052661
0.431055
0.231739
-0.476635
0.287724
-0.134878
0.476267
-0.018952
0.156846
-0.608796
0.461353
0.131790
0.040836
0.281605
-0.372535
0.270631
0.511053
0.345529
-0.867660
-0.549564
0.689585
0.192111
0.114045
-0.233982
0.207997
0.277828
-0.088959
-0.026231
-0.001074
-0.003382
0.535730
0.284482
-0.279722
0.236209
-0.209143
0.124172
-0.249184
-0.502471
0.118949
-0.608647
0.426081
-0.282081
0.207497
-0.446688
0.365252
-0.427152
0.129599
-0.052172
-0.321548
0.476381
-0.583665
-0.491473
0.081286
0.175864
0.234068
-0.279966
0.328136
-0.531403
-0.462064
0.065750
-0.109163
-0.236049
-0.637877
0.406382
0.470798
-0.252419
0.252486
-0.023523
0.011424
0.421472
-0.265850
0.510605
0.313676
-0.214189
-0.342703
-0.171750
-0.095982
0.339956
-0.089076
-0.315218
-0.633000
-0.035630
-0.124806
0.633486
-0.618541
-0.077601
-0.147181
-0.168464
0.093567
-0.524465
0.100491
0.444984
-0.316869
-0.078731
-0.204909
0.144181
-0.361216
0.229201
0.054018
0.101480
0.134219
-0.229171
0.077378
0.175290
-0.132548
-0.232953
0.302497
-0.298239
-0.476941
0.467555
-0.364430
-0.187275
-0.115027
0.155017
-0.596480
-0.276002
0.195784
