0.138152
0.375711
-0.561414
0.149467
-0.140772
0.247278
0.172653
0.122834
0.122098
0.083940
-0.226513
0.330993
0.193640
-0.213877
-0.144712
0.505452
0.415988
-0.431831
-0.328846
0.362646
0.493514
-0.112832
-0.427613
-0.148057
-0.036918
-0.030803
-0.060073
-0.047192
0.012757
-0.261334
0.019620
-0.079757
-0.355518
-0.069560
-0.579765
0.129494
-0.593224
0.313083
-0.110721
0.230893
-0.454736
0.146248
-0.242396
-0.061511
0.006554
-0.329681
-0.422006
0.245749
-0.394830
-0.172109
-0.193094
0.612075
0.463233
-0.276605
-0.022043
-0.260113
-0.282623
-0.338411
-0.064955
0.172903
0.275011
-0.005388
0.015708
-0.398000
-0.426450
0.222811
-0.527468
0.564647
0.237784
-0.171989
-0.257831
-0.482448
-0.133642
-0.412118
-0.087844
0.247697
0.125120
0.198281
0.473591
-0.197368
0.088746
0.175651
-0.557212
0.077545
-0.297617
-0.293896
-0.231733
-0.303596
0.252996
0.255260
0.045602
-0.458056
-0.295147
-0.189383
0.141896
-0.240098
0.209232
-0.507181
0.203109
-0.466562
-0.421041
-0.080117
-0.265540
-0.214186
0.434098
-0.554991
0.502826
0.239245
-0.033107
-0.347565
-0.293268
0.143131
0.075134
-0.098322
0.249536
-0.113101
0.324773
0.227202
-0.097277
0.262496
-0.270841
0.493254
-0.132418
-0.144773
-0.141477
-0.288874
0.187560
-0.119887
-0.324394
0.415450
0.164068
-0.088922
0.153360
0.192009
0.215390
-0.606177
-0.177386
-0.383364
0.141891
0.275923
0.015363
-0.564417
0.130163
0.125353
-0.017838
-0.111533
-0.388506
-0.320929
0.092279
-0.537853
-0.192435
0.724375
0.496529
-0.273615
-0.440286
-0.110463
-0.294535
0.268710
-0.152345
-0.195073
-0.439016
0.788499
0.848908
0.258531
-0.110473
0.604840
-0.502556
0.217389
-0.120200
0.255218
0.127635
0.032348
-0.135610
-0.362679
0.470247
-0.339407
0.454462
0.427669
-0.457347
0.063331
0.078571
-0.197230
-0.148557
0.569475
0.593994
0.302715
0.357691
-0.313331
0.343679
0.201631
0.408751
-0.815531
-0.463376
-0.163041
0.342212
-0.034187
-0.408357
-0.024950
-0.302045
0.032155
-0.203645
-0.487467
-0.084544
0.268233
-0.356752
-0.531483
0.515600
-0.224263
-0.594576
0.463086
0.455390
-0.191199
0.023069
0.363400
-0.161445
0.365513
0.122510
-0.077458
-0.560289
0.144917
-0.397144
-0.492261
0.093311
0.144573
0.039481
0.198854
-0.216295
0.061809
-0.323726
-0.365816
0.321733
0.283014
-0.472136
-0.143183
-0.409228
-0.491757
0.281075
-0.046929
-0.002146
-0.350820
0.125344
0.320579
0.218580
-0.091070
-0.272307
0.671126
-0.519662
0.439834
0.341450
-0.243147
0.363366
-0.298104
0.194632
0.056920
-0.386161
0.237392
0.095478
0.014393
0.453137
-0.083496
-0.205082
-0.181989
-0.304767
-0.342154
0.507090
0.629915
-0.236429
0.001388
0.087367
0.171960
-0.170574
0.156081
0.103611
-0.316921
-0.141134
-0.732506
0.167579
-0.316828
-0.256329
-0.081194
0.496105
-0.115944
0.519802
0.284453
-0.157377
-0.449169
-0.428137
0.105994
-0.422399
0.454822
-0.446463
-0.131518
0.161190
-0.792497
-0.549444
-0.242994
0.283159
-0.124125
0.294595
-0.142261
0.015750
-0.334578
0.496825
-0.407976
0.175861
-0.371386
-0.356425
0.301970
-0.195308
0.452019
0.238658
-0.090688
-0.214992
-0.059030
0.426335
-0.468841
-0.126976
-0.087957
0.126799
-0.136476
-0.044342
0.053011
-0.108836
-0.167963
0.006961
0.437083
0.329031
-0.491180
-0.427331
0.310967
0.121475
-0.224006
-0.333827
0.532357
-0.087094
-0.085560
0.103147
0.104396
-0.359755
0.290199
0.038618
0.251606
0.567216
0.456457
0.198856
-0.089150
0.288516
0.009829
-0.350703
0.334645
-0.320521
-0.317115
-0.062915
0.106033
-0.192637
-0.069067
-0.037263
0.264930
0.515147
-0.252195
-0.078140
-0.286159
0.476446
0.257780
0.492969
-0.603252
0.256042
0.258097
-0.180534
0.199063
-0.034973
0.288757
-0.041530
0.217127
-0.178373
0.157215
0.295689
-0.071795
0.113975
0.026089
0.506379
0.314060
0.143987
-0.140249
0.107308
0.405762
-0.596214
-0.225772
-0.453077
-0.153729
0.313515
-0.394873
0.158667
-0.469842
0.299328
-0.277689
0.199325
0.380996
0.081796
-0.259631
0.050525
0.255003
-0.588835
-0.093257
-0.411236
-0.198352
0.211445
-0.216518
0.001406
0.342568
-0.182396
-0.347363
0.587807
0.360677
-0.437962
0.072470
-0.347813
-0.261994
0.518547
0.337983
0.304576
0.157375
0.251645
-0.375391
0.047204
-0.133581
0.446367
0.375147
-0.163526
-0.599932
0.055293
-0.063365
-0.168390
0.378744
-0.051282
-0.004361
0.019887
0.444427
-0.174713
-0.729828
-0.219428
0.327562
0.161309
-0.244414
-0.125567
-0.086667
-0.347492
0.217143
-0.173266
-0.479321
0.194095
0.643716
-0.442789
0.189419
-0.033923
-0.109120
0.141139
0.090998
-0.173169
0.459605
0.432637
-0.736365
0.033781
0.583935
-0.379363
0.525254
-0.035750
0.109019
0.204509
-0.374634
0.231298
0.382576
0.141086
-0.191441
0.322813
0.380407
-0.208058
0.478621
-0.053280
0.653211
-0.310455
-0.068210
0.408266
0.267650
0.537913
0.537456
-0.229996
-0.179156
0.123351
0.395166
-0.109229
-0.233326
-0.203713
-0.581969
0.384797
-0.431934
-0.213126
0.036047
0.130337
0.030370
0.382175
0.212405
0.167570
-0.095963
0.333856
-0.105403
-0.087635
-0.370031
0.126293
0.433925
0.045634
0.699043
-0.159934
0.494169
-0.458477
-0.322569
0.419481
0.015566
-0.109226
0.280050
0.295707
0.384398
0.043459
-0.105250
-0.571231
0.052858
0.161832
0.055215
0.079141
-0.318594
0.218246
-0.049459
0.584795
0.072100
0.199097
0.466020
-0.071265
-0.342798
-0.011730
-0.219034
-0.445450
-0.183093
-0.273571
0.686727
0.000148
-0.070104
-0.243477
0.315667
0.093609
-0.093191
0.093923
0.120145
0.074088
-0.337143
0.308939
-0.182476
-0.276290
-0.329827
0.448794
-0.268617
0.319675
-0.244783
-0.384704
0.074722
0.281694
-0.335470
-0.296094
-0.273313
0.180403
-0.655316
0.106550
0.200845
0.133313
0.066054
0.483735
-0.668423
0.443010
-0.173149
-0.159299
-0.229170
0.214690
-0.187144
-0.202720
-0.191150
-0.357974
-0.287340
0.476682
0.865319
-0.626697
0.379093
0.313306
-0.184238
-0.117795
0.009502
-0.574845
0.038021
0.357298
0.464252
-0.328956
-0.215061
-0.196823
0.068136
0.130912
0.069335
0.030516
-0.355009
-0.619106
-0.195954
-0.400048
0.503939
0.196368
0.227943
-0.177176
-0.078861
-0.384907
-0.193079
0.618135
-0.307265
-0.522063
-0.319629
-0.274096
-0.142796
-0.128826
-0.124350
0.249935
0.405769
-0.425773
0.422945
0.164397
-0.186149
-0.116604
0.498379
-0.722118
0.001639
-0.275529
0.323510
-0.516985
-0.470348
0.155557
0.139038
0.213441
0.152765
0.047797
-0.214333
0.115270
0.286361
-0.026035
-0.525391
0.441522
0.289634
0.209663
0.082781
0.513308
0.126869
-0.146029
-0.369975
0.329525
0.374440
0.171748
0.598528
-0.405680
0.074757
-0.057356
-0.203188
-0.369944
-0.005374
0.266052
0.337204
0.011830
-0.239557
-0.264803
0.607000
-0.172805
0.023922
-0.108918
0.281338
0.225508
-0.060187
-0.187218
-0.507590
-0.207059
0.487923
-0.448111
0.748131
-0.637099
0.584628
0.388683
-0.107088
-0.050979
-0.303918
-0.234915
0.075536
0.248981
-0.030821
0.467033
-0.553728
0.572547
-0.210436
0.494754
0.511695
-0.421473
-0.190900
0.127180
0.144111
0.871740
-0.125217
-0.508082
0.135169
-0.484407
0.173741
0.006497
-0.762129
0.093162
0.322288
-0.260411
-0.263241
0.233028
0.222379
-0.088626
0.224910
-0.458354
-0.512451
-0.475309
-0.308502
0.197391
-0.051442
-0.189434
0.309268
-0.235269
0.436381
-0.126277
0.416718
0.257921
0.203507
-0.305883
0.349160
0.317112
-0.509774
-0.013805
0.734597
-0.102377
0.429552
0.414742
-0.285547
0.372604
0.531648
0.385777
0.277974
0.398430
0.505618
-0.552768
-0.147063
0.075547
0.128701
-0.623934
-0.205328
-0.399658
-0.550640
0.037336
-0.223659
-0.194280
-0.036543
0.222691
0.005433
0.322611
0.014744
-0.034929
-0.487865
-0.240024
-0.281052
0.597985
0.330829
-0.338718
0.122271
-0.024464
0.201471
0.243077
0.426715
-0.124367
-0.666975
0.256859
0.163700
0.228091
0.111985
-0.228201
0.031992
0.580970
0.424356
-0.323985
-0.189145
0.135553
0.218263
-0.277749
0.208974
0.073409
-0.628963
0.366820
0.435545
0.237038
-0.634915
-0.471092
0.471548
0.168373
-0.576032
-0.292972
0.372801
0.127369
0.225426
0.501511
0.438738
0.461184
0.273223
-0.642389
0.100962
0.302868
-0.270032
