0.044627
-0.478290
0.168843
-0.142563
-0.424921
0.733634
-0.182040
0.348683
-0.060465
0.095806
0.020194
0.016325
-0.137192
-0.381286
0.520742
-0.055941
-0.574515
-0.170012
-0.203367
-0.075680
-0.220915
-0.200929
-0.465744
0.025427
-0.419342
-0.472627
-0.448387
-0.461143
-0.342387
-0.153426
-0.027402
-0.125003
-0.425696
0.083392
-0.116345
0.395789
0.227983
-0.005172
0.401824
-0.126826
-0.527489
-0.563420
-0.257007
-0.194949
-0.430851
-0.401312
0.396365
0.067874
0.288532
0.064429
-0.065634
-0.017801
-0.278399
-0.361285
0.272620
0.567790
-0.215772
-0.210056
0.153507
0.172388
-0.315983
-0.504446
0.407526
0.672182
0.364536
0.336423
-0.327764
0.055614
-0.273480
-0.187945
0.062492
0.118554
0.082386
0.333110
0.610137
-0.401183
-0.007850
0.101594
0.510490
-0.584421
0.052899
0.129664
-0.509800
0.551979
-0.382660
0.388332
-0.439953
-0.455240
-0.302143
0.287335
-0.188605
0.017068
0.351398
-0.464890
0.056590
-0.763026
0.209232
0.002121
-0.670104
-0.194150
-0.231633
-0.396416
0.154968
-0.406193
0.358588
0.558320
0.622552
0.090008
0.367283
0.013260
0.358120
0.539280
-0.090674
-0.658090
0.206279
0.204872
0.416831
-0.325964
0.400030
-0.139748
0.030595
0.501207
-0.419321
-0.188760
-0.264069
-0.025997
-0.025738
0.252579
-0.007170
-0.009438
-0.280644
-0.172068
0.394246
0.396513
0.562029
-0.338422
-0.366679
0.207909
-0.095969
0.387156
0.249511
-0.074100
0.471259
0.004835
-0.560537
0.004268
-0.285851
0.111682
-0.194958
-0.302386
-0.064080
-0.111470
0.001943
0.515604
-0.148130
0.151586
0.085965
0.208387
0.025866
-0.448131
-0.552184
-0.255494
-0.443383
-0.218664
0.011038
0.233012
-0.111336
-0.474804
0.363961
-0.513465
0.315044
-0.265313
0.093451
0.114582
0.209190
-0.675235
-0.326312
-0.085469
-0.015547
0.261244
-0.373614
-0.089695
-0.232293
0.274797
0.150905
-0.469729
-0.237061
0.079148
-0.244545
-0.176505
0.522165
0.513655
-0.485647
-0.081842
-0.301772
0.478214
0.553556
0.212578
0.023420
-0.556025
0.244383
0.170017
-0.151507
-0.253794
0.239665
0.299831
-0.305563
-0.280186
0.488664
0.110544
-0.221572
0.376082
-0.029697
0.307449
0.471965
0.369960
0.063220
-0.088640
0.133465
0.097768
-0.164909
-0.778198
0.072350
0.032887
-0.209209
0.177669
-0.360760
-0.324289
-0.225445
-0.431267
-0.431111
-0.548523
0.647402
0.087986
0.088577
0.298793
0.184518
-0.324247
-0.556832
0.064825
-0.579174
-0.434464
-0.424483
0.225134
-0.129339
0.340387
0.672683
-0.318592
0.482162
0.604009
0.258146
-0.156311
-0.614616
0.261034
-0.306105
-0.242950
0.127764
0.472566
0.481657
0.271474
0.589183
-0.244435
-0.175001
0.055130
-0.030885
-0.206216
-0.296111
-0.223336
-0.015789
0.007635
-0.391027
-0.365908
0.433956
0.018972
0.464922
0.592165
0.173729
-0.025108
0.432244
-0.459042
0.719235
-0.090714
0.338922
0.459314
-0.394633
0.074844
-0.438754
-0.101360
-0.488891
-0.059863
-0.125930
-0.102132
-0.480144
0.382327
0.189194
0.171576
-0.400653
-0.255747
-0.169658
0.208727
0.116755
0.379545
0.546433
0.406808
0.080958
-0.006871
0.319900
0.090678
0.649450
-0.471937
-0.071525
-0.388679
-0.361138
0.024321
-0.366817
-0.190302
0.014636
-0.602520
0.003260
0.086657
-0.155753
0.061486
-0.095156
0.078054
-0.570070
0.213594
-0.264880
-0.434217
-0.022311
-0.307814
-0.518573
-0.242441
-0.124395
-0.176247
-0.072164
0.338325
-0.454512
0.206144
0.015920
0.267611
-0.156974
-0.102271
0.514047
-0.455276
0.207310
0.369492
0.108325
-0.050472
-0.251931
-0.089554
-0.479160
0.320784
-0.260124
0.678476
-0.469586
0.063004
0.496351
0.349397
0.412280
-0.282948
0.391210
-0.010283
0.328774
0.379158
-0.656847
0.483185
0.181596
-0.397360
0.073449
0.140747
-0.291515
0.475159
0.121180
-0.377516
0.652627
0.545972
-0.173197
-0.051739
-0.368946
-0.241544
0.267213
0.505745
0.223609
-0.180266
-0.103002
0.400667
0.215779
0.516312
-0.534346
0.261132
0.172614
0.121992
0.251341
0.107872
0.332254
-0.061361
0.238226
0.348275
-0.419671
0.329944
-0.244593
-0.372315
-0.429538
-0.024877
0.595661
-0.608808
-0.031832
0.088929
0.118040
0.432228
-0.073393
-0.400326
-0.281210
0.327919
-0.090299
-0.066845
0.397651
0.303667
-0.211849
0.229823
0.159529
-0.228299
-0.002260
-0.601477
-0.086586
0.534893
0.027022
-0.486028
0.146459
-0.176066
0.334597
-0.263490
-0.413384
-0.597112
0.003096
-0.303047
0.090991
-0.262028
0.126090
0.347338
0.232366
0.279838
-0.568602
-0.281061
-0.010241
-0.144271
0.251592
-0.031792
-0.239516
-0.166861
0.129759
-0.106795
-0.369709
0.132871
-0.226548
-0.037935
-0.667721
-0.281644
-0.035547
-0.151592
-0.444916
-0.256020
-0.087816
0.605338
-0.134289
-0.383713
0.037660
-0.371301
-0.426203
-0.014872
-0.019367
-0.123918
-0.274362
-0.527131
0.323112
0.176273
-0.074388
-0.543879
-0.252094
0.424278
0.539275
0.085253
0.054335
0.312153
0.427293
-0.467860
-0.318668
-0.352596
-0.054859
0.254963
0.474634
-0.004631
0.160108
0.265223
-0.033251
0.079622
0.191791
0.234951
-0.360067
-0.352105
-0.426936
0.167916
-0.304190
0.118259
-0.369807
-0.158116
0.370570
-0.587170
0.283174
-0.118789
-0.458691
0.266229
-0.086125
-0.082212
-0.338551
-0.070763
-0.306140
-0.521148
0.076040
0.007700
-0.128704
-0.021870
0.596988
0.017013
0.310658
0.261102
-0.163292
0.259513
-0.538677
-0.252088
-0.308718
0.001063
0.121718
0.162197
0.402818
-0.115693
0.363207
-0.356762
-0.080871
0.119613
0.096233
0.297218
-0.290901
0.047505
-0.043265
-0.177289
-0.159092
0.457286
-0.195685
-0.338089
0.261881
0.405989
0.269708
0.587245
-0.138414
0.123569
-0.159817
-0.001738
0.427761
-0.017782
0.299934
0.047273
-0.250187
0.684790
0.027637
0.223903
-0.515438
-0.169231
-0.431723
-0.466887
-0.342594
0.315245
0.193609
-0.050641
0.541483
0.082087
0.265906
-0.315369
-0.534198
0.067321
0.494555
-0.002672
0.164321
0.090107
-0.585817
-0.315346
0.132145
0.221262
-0.095680
0.426393
-0.094135
0.560880
-0.267321
-0.443290
0.430939
-0.166260
0.350519
-0.250258
-0.214436
0.300740
-0.163102
-0.055278
0.409635
0.190525
-0.629248
-0.429742
-0.241067
-0.387218
0.170259
0.205247
0.271894
-0.284795
-0.070428
0.451120
0.185598
-0.375822
-0.622613
0.151042
0.117363
-0.540250
-0.318852
-0.464650
-0.131513
0.181567
-0.157161
0.321669
0.512279
-0.556033
0.215049
-0.048001
-0.096554
0.488235
-0.042025
-0.696970
0.301150
0.282639
0.595173
0.266600
0.248451
-0.588848
-0.475165
0.002443
-0.503293
-0.017756
0.577459
0.254935
0.669220
0.169321
0.075359
-0.286695
0.690308
0.555198
0.606181
0.291921
-0.407153
0.478405
0.237505
-0.102031
0.049161
0.533911
-0.304651
0.328322
-0.319102
0.524072
-0.243281
0.332642
0.461469
0.403370
0.407607
-0.393362
-0.393560
-0.693775
-0.601119
0.007953
0.438390
0.281338
0.039592
-0.305312
0.227100
0.416442
-0.076921
-0.160552
-0.429699
-0.386836
-0.349123
-0.344656
-0.122386
0.499495
-0.173674
-0.101209
0.005635
-0.166765
-0.226697
-0.485036
0.571000
0.309122
0.260676
0.047909
-0.353785
0.672216
-0.195330
0.258356
-0.221117
-0.319498
0.715599
0.452166
0.424452
-0.136901
0.007420
-0.435282
-0.074164
0.315860
-0.073444
-0.032155
0.366082
-0.125691
-0.617384
-0.006147
0.163548
0.064127
0.150663
0.008158
0.303369
0.273833
0.392340
-0.050637
0.101228
0.008614
0.482572
0.112083
-0.311615
0.157021
0.294563
0.071018
-0.368620
0.426053
0.203122
0.023739
-0.361199
0.233757
-0.282321
-0.539645
0.471801
0.360380
0.386971
0.099627
-0.249343
0.443551
-0.719341
-0.057679
-0.251138
0.143018
0.032737
0.654535
-0.186249
-0.145491
0.130236
0.032426
-0.223197
-0.341302
-0.168738
0.263858
-0.218911
0.156665
-0.074141
-0.072560
0.160368
0.390114
-0.111979
-0.207375
0.519362
0.361143
0.741424
0.333308
0.224748
-0.677641
0.112296
-0.290863
-0.029533
-0.177905
0.061816
-0.122812
0.121595
-0.297756
-0.413167
-0.213142
-0.578800
0.437998
0.663745
-0.389901
-0.135899
-0.166833
-0.350006
-0.132985
-0.208260
0.386076
-0.134861
0.333750
-0.143116
0.154795
0.274456
-0.584494
0.102753
-0.382129
0.028006
0.012331
-0.624722
0.333317
0.447218
0.584846
-0.375938
0.416742
-0.413228
0.450186
0.512058
0.395819
