0.080592
-0.464881
-0.146706
-0.192464
-0.085435
-0.021952
-0.008454
-0.134474
-0.168405
0.403001
0.043068
-0.312714
-0.339720
-0.295390
-0.278677
-0.077822
0.412122
0.085504
-0.240810
0.458568
0.103233
0.194873
0.223528
-0.441614
0.192123
-0.577890
-0.095568
0.152959
0.118041
0.186655
-0.315334
-0.223045
0.308060
0.624372
0.094458
0.084765
0.375287
-0.185088
0.108247
0.179327
0.342995
0.227075
0.546592
-0.215850
0.511308
0.236758
0.356122
-0.192439
0.006067
0.141365
0.300971
0.017833
0.483120
-0.444172
0.035621
0.530888
0.158957
0.169329
-0.068448
0.392170
0.204311
0.048791
0.248448
-0.117254
-0.461812
0.411687
-0.636482
-0.450954
0.085203
0.408804
0.388192
0.295137
-0.394600
-0.551413
0.170425
-0.512215
-0.015015
-0.162114
0.208214
-0.561675
0.099370
0.146211
-0.363458
-0.160763
0.626263
0.061829
-0.161927
0.516930
-0.213059
-0.097750
-0.194564
-0.456085
-0.230358
0.283447
-0.031913
-0.095489
-0.065842
-0.547796
0.663637
-0.119751
-0.278066
0.164549
-0.299484
-0.159926
-0.179948
0.280183
0.201901
0.269911
0.421702
0.286878
-0.003318
0.152773
-0.464882
-0.159450
-0.035056
-0.297791
0.103347
-0.428799
0.078883
-0.253357
-0.586713
-0.168940
0.145702
-0.202230
-0.282536
-0.278623
0.313031
0.700294
0.510217
-0.207424
-0.398359
-0.175738
0.091408
0.341462
-0.207436
0.727871
0.106477
0.089014
-0.157595
0.119032
0.048374
0.279770
-0.451739
-0.281558
-0.168166
-0.017290
-0.155369
-0.406001
-0.109318
-0.440230
0.111352
-0.094031
0.067212
-0.252076
0.164066
0.552004
-0.333473
-0.237596
-0.253721
-0.358751
0.019620
0.004912
0.585290
-0.031369
-0.136289
0.346845
-0.193533
-0.279348
-0.029105
0.408542
-0.174566
-0.080095
-0.225030
-0.177495
-0.447536
0.364302
0.287102
0.400479
-0.209717
0.262035
0.081708
-0.153305
-0.405925
0.634832
0.392894
0.345371
-0.189056
0.178007
-0.018216
-0.021689
-0.030079
-0.000881
-0.071090
0.314041
0.136254
0.355751
-0.230330
-0.417898
0.067015
-0.133774
0.291204
-0.107267
-0.095709
-0.003753
-0.257055
0.064655
-0.206302
0.315455
-0.317139
-0.184421
-0.215363
-0.122159
-0.388942
0.202122
-0.044827
-0.229801
-0.342711
-0.304172
-0.162867
0.555996
-0.467660
0.353970
0.679766
-0.153903
0.150956
0.216399
0.195032
-0.150883
-0.308118
0.359899
-0.222476
0.253563
0.339329
-0.214294
-0.467391
0.168938
-0.048074
-0.179953
-0.272152
0.184697
-0.354223
-0.352641
-0.535218
-0.116813
-0.562445
0.303763
-0.185814
-0.022579
0.224859
0.173313
-0.202051
0.227167
0.198244
0.338415
-0.692902
0.320349
-0.235532
0.436645
-0.194152
-0.463079
0.300016
-0.704732
-0.424100
0.246725
-0.283665
0.040854
0.105895
-0.180810
-0.338765
0.711785
-0.432341
-0.505789
0.439842
-0.014986
-0.434154
0.794038
0.135751
0.280599
0.005608
-0.411205
0.041383
0.349770
0.054009
0.065312
0.042854
0.129731
0.165603
-0.143436
-0.446531
-0.478110
0.062093
-0.358816
-0.211199
-0.461352
0.218611
-0.093511
-0.307830
-0.117409
0.298913
0.197253
0.233464
0.236745
0.113661
-0.031225
0.116265
0.236120
-0.202275
-0.566405
-0.447476
-0.004154
0.465607
-0.058000
-0.268588
0.187103
0.457370
0.331021
0.540016
0.052306
-0.157340
0.487400
0.271301
0.089978
-0.234908
0.408648
-0.588969
-0.483334
0.401153
-0.342183
-0.420509
0.269101
0.318944
-0.283224
0.363938
-0.039422
0.269507
-0.597646
-0.514573
0.607885
-0.170730
-0.058368
-0.296780
-0.200416
0.440834
-0.160959
-0.260989
0.294731
0.547209
-0.074575
-0.340017
-0.001937
-0.065007
-0.783344
0.364290
0.311924
0.009071
0.450049
0.169056
-0.219537
0.167583
0.245193
0.425780
0.311531
0.453958
-0.221018
-0.379738
0.403960
0.117239
0.232944
-0.042013
0.082153
0.078898
-0.674827
-0.088741
0.181600
-0.001048
-0.463192
-0.041386
-0.051017
-0.277368
-0.280497
-0.014133
0.375454
0.361814
0.052578
-0.444878
0.423525
0.072814
0.094226
0.206136
0.297997
0.022416
-0.761156
-0.131250
0.346783
0.331784
-0.455836
0.237147
0.605188
0.148027
0.243880
-0.214181
0.152648
-0.352022
-0.454190
-0.378743
0.126904
0.393153
-0.074381
0.306165
0.466853
-0.144668
-0.270757
0.590190
0.293471
0.046911
0.222547
-0.108376
0.548015
-0.331740
0.130645
0.337460
0.294473
0.507974
0.052789
0.566823
-0.316515
-0.552696
0.202472
0.491624
0.207681
0.173926
0.172156
-0.189583
0.318563
0.162490
-0.010794
-0.127070
0.523197
-0.075586
0.266555
0.059476
0.243740
-0.498010
0.293053
-0.049553
-0.064427
0.286242
0.165740
0.212221
-0.040634
0.100302
-0.058486
-0.039696
0.053404
0.260388
-0.320871
-0.352238
0.041324
0.704663
0.466602
0.087185
-0.191381
-0.197335
-0.244846
-0.204174
-0.427820
-0.535977
-0.165310
0.107327
0.303285
0.069487
-0.182868
-0.068695
-0.183563
-0.152620
0.273240
-0.280177
0.556790
0.195948
-0.156543
0.462204
0.106796
-0.112379
0.105447
0.202940
-0.263110
0.265423
-0.427183
-0.490568
0.149909
0.033927
-0.597453
-0.393869
-0.119901
0.077992
0.717263
-0.223695
-0.364790
-0.543839
-0.096601
-0.482194
0.022378
0.199755
-0.174312
-0.260238
-0.259171
-0.246402
-0.016355
0.623521
0.405720
0.710455
-0.162240
-0.447486
0.448532
-0.555157
-0.313604
-0.476050
-0.107110
0.057722
-0.154569
-0.506680
-0.234710
0.459754
-0.416078
-0.133436
0.345960
-0.198499
-0.365644
-0.241050
-0.503068
0.187370
0.391479
-0.075494
0.123846
0.056248
-0.552906
-0.331739
0.234756
0.027645
-0.263090
-0.073687
-0.144467
0.477456
0.178574
0.434919
-0.264568
0.377135
-0.257672
-0.182515
0.574797
0.028913
-0.276297
0.292054
-0.645909
-0.369959
0.240138
0.151661
0.650815
-0.501528
-0.751704
0.603079
0.347062
-0.345165
-0.176547
-0.547375
0.219624
-0.599320
-0.211123
-0.619546
-0.611321
-0.107509
0.404460
0.225995
-0.565239
-0.100981
-0.044136
-0.143634
-0.216362
-0.453844
-0.006536
0.438314
0.268206
-0.038185
0.471590
-0.386505
-0.300128
0.846102
0.365920
-0.456741
-0.220769
0.480770
0.003551
0.242230
-0.143270
0.054165
-0.315079
0.458146
-0.504227
-0.166751
0.312193
-0.202312
0.211735
0.678744
0.664877
-0.615069
-0.191384
-0.321024
-0.357152
0.572804
0.148420
-0.098634
-0.303185
0.420129
0.553126
-0.356168
-0.079711
-0.356578
0.153288
0.104415
-0.402804
-0.383556
0.571911
0.625936
-0.096684
0.499242
0.164293
0.012685
0.050294
-0.354859
-0.245193
-0.624553
0.335461
-0.074284
-0.045265
-0.090269
-0.564179
-0.277477
0.144289
-0.026866
-0.182745
-0.532013
0.301774
-0.466788
0.503929
0.086169
-0.899654
-0.018413
0.335006
0.133113
-0.454069
-0.212086
0.027556
0.613467
0.453064
-0.258847
0.590445
-0.276269
0.001838
0.032734
0.220504
0.434218
-0.381280
0.423555
-0.313608
-0.175527
0.452741
0.290298
0.131645
0.015069
-0.517429
-0.246265
0.401969
0.095458
-0.258271
0.232778
0.601817
0.025666
0.046333
0.180523
0.070099
0.069261
-0.613636
0.083669
0.436100
-0.302474
-0.403427
-0.069845
-0.071174
0.292744
0.083597
0.305048
0.105316
-0.455064
-0.409951
-0.121772
-0.436068
0.058695
-0.094208
0.311857
-0.216130
0.377314
-0.182131
-0.516881
-0.141021
0.436371
0.069314
-0.541152
0.393890
-0.250643
-0.506497
0.009205
0.005416
-0.363327
0.004535
-0.038363
-0.689515
0.189735
-0.409707
0.055279
-0.471965
0.411542
-0.228661
-0.050962
-0.295856
-0.344082
0.263635
0.638032
0.438487
-0.122021
0.733093
0.280773
-0.317901
-0.339957
-0.033244
-0.457883
0.470622
-0.002334
0.404587
-0.263334
-0.394803
-0.357213
-0.439043
-0.388912
-0.576109
0.393050
-0.170996
-0.301206
0.291135
0.216441
-0.484956
0.150761
0.296441
-0.462449
0.312905
-0.362549
-0.143061
0.331118
-0.426359
-0.034555
-0.462609
-0.248310
0.213168
0.213848
-0.162588
-0.281998
0.189393
0.152046
0.467638
0.291238
0.180964
-0.385528
-0.028115
0.144691
-0.302746
0.404625
-0.828292
-0.281070
0.297471
0.101071
0.197481
0.380697
-0.075271
0.279768
0.157048
-0.169379
-0.091647
-0.114711
0.524915
-0.274319
-0.197212
-0.273248
0.209115
-0.432442
-0.018677
0.029912
0.325045
-0.342893
0.220897
-0.095604
-0.211523
-0.141076
-0.056456
-0.317372
-0.239972
0.255435
0.340713
0.447823
-0.591587
-0.260778
0.241693
-0.028828
0.184246
0.190407
0.147479
-0.094605
-0.092563
