-0.008934
3.456419
-4.467430
-2.677574
-2.901004
1.409926
-3.951895
0.646017
-1.603588
0.782437
-1.197532
-0.995946
-1.842267
-2.509552
-3.269823
-0.441301
5.528933
-1.130189
-0.928249
-0.943370
2.331988
0.888154
-0.182413
-0.904457
-3.136647
4.744760
-2.326867
2.877255
-0.238271
2.255086
-4.981080
-5.722021
-0.052800
0.138460
0.158399
0.515931
-0.978426
-0.028153
-3.560659
-0.035952
-4.138473
-0.954086
2.562197
-0.717940
-1.438881
-0.578231
-11.665595
0.387394
12.480251
-0.326052
0.505843
-0.106785
-0.382441
0.074641
0.202700
-0.016949
-5.901521
0.120082
2.848969
-2.529214
0.772449
0.316865
-2.596768
4.528929
2.500426
1.183190
-3.775253
-0.899532
-1.552639
3.835793
0.821293
-0.912273
-1.487237
-1.641343
-0.838886
-0.270258
-2.359909
-0.914569
0.860327
0.411917
-1.486938
-2.271778
-4.001643
-0.347231
-5.471074
-1.839748
-9.310757
-1.118036
2.937338
-2.579001
0.105453
-1.808657
1.587731
0.249602
-1.410254
6.253252
-6.577008
-2.749486
-2.605448
-1.567750
-2.893619
-1.395575
3.674808
0.289249
-0.327432
-0.900460
-0.278185
2.652726
-0.127128
-3.350327
-2.203521
2.057058
1.505150
-3.147630
0.565994
-6.232967
0.482532
1.115357
1.925634
0.529088
7.452289
2.393113
-2.043537
1.083768
7.754097
1.809903
0.433096
1.849657
-2.600063
-1.441770
-2.431806
-2.638978
-0.178556
0.889263
3.244568
0.742274
-2.653049
-0.840071
-3.012626
-0.530808
4.024495
0.918788
-2.733942
-2.903331
2.461735
3.409467
-3.442745
-0.349585
2.736626
6.168454
3.327832
-0.460819
2.201511
-0.640931
3.461802
1.939727
1.034430
1.753500
8.043801
3.206767
-0.054616
-3.321165
5.347188
-3.092484
-1.014996
-0.989192
0.832939
4.239779
-2.048265
1.076877
0.544428
-0.545446
3.584455
6.593044
-2.059821
-2.123415
2.490132
-1.975297
2.004435
4.375434
-1.235326
3.212259
0.275746
1.813158
-2.274661
1.152338
1.127564
-1.044424
-0.308511
1.106008
1.532825
1.538486
3.387353
-0.767053
-5.947080
-0.738473
3.644881
0.630350
-4.451738
0.942827
4.641780
-2.727790
-2.929069
-2.875258
-4.270512
1.901960
-2.523930
-2.918496
-0.291732
2.363915
0.834336
3.867132
2.452187
4.919235
-3.323802
-5.271333
-3.051665
2.087927
-3.024332
-0.054030
4.910759
-1.356238
-4.580601
-3.823302
-0.957255
-7.135397
3.872784
-5.442452
-2.982273
0.363709
-3.699593
5.078056
-7.502014
-0.743948
-5.636247
-2.761678
1.199761
2.743229
-2.305294
4.534749
-1.733513
-0.642618
-0.725729
-0.291247
-4.553653
4.459416
1.775988
-10.104288
-2.083600
-2.252572
2.663697
3.139486
-0.401798
0.051637
4.361298
3.354891
2.057455
0.306962
-2.366514
-0.786290
3.026958
-1.017035
7.216509
2.539439
-8.187961
0.317010
-5.422007
5.541066
0.071259
-2.619752
-4.725232
0.205729
1.745995
4.591115
3.423301
4.980644
-4.711823
-1.206367
-3.760309
-4.931695
-2.951961
-3.833649
6.784930
-0.138639
-0.191684
-3.520216
3.930235
0.335343
1.095568
-0.223362
-3.243910
3.697639
1.553775
5.515260
2.499775
2.775987
-0.886880
1.793620
-0.034775
3.187142
14.415834
2.407018
3.253482
-0.135880
1.083545
-0.744260
-2.218394
2.648703
-3.256627
-0.000091
0.362557
2.694289
-5.294968
-0.937121
0.440558
-1.756366
2.090563
-2.265589
0.330829
2.037070
0.370042
0.598477
-1.361388
-2.901522
-6.638960
1.286990
-6.187171
3.554030
-2.715060
0.579125
0.689669
-1.086852
-8.666028
5.358781
4.579924
-0.747300
-2.649907
-3.221762
-1.789015
-2.737157
2.349277
-2.149917
0.896013
1.415822
-1.092970
4.243196
0.900228
1.709832
0.427222
4.379309
-4.397720
-0.221205
-1.740049
-5.512435
-2.480602
-0.885475
4.957081
3.032026
3.960108
-4.821634
-1.417733
-2.525058
1.724266
-2.000170
2.802872
1.440032
1.629387
6.049342
-4.780559
1.470219
1.726634
-2.293068
0.987618
3.356674
5.063268
-2.530515
0.447910
-3.195346
-1.991903
-2.246664
3.236388
1.262456
1.518914
-3.991327
-2.053832
2.389564
-1.211260
1.627225
-1.003830
-2.281452
-4.860279
-0.694337
0.285482
0.534291
-7.443532
1.168917
-0.713612
1.182040
-5.757142
-2.927528
0.711423
3.151676
-3.319183
-3.449727
1.926440
0.430293
-6.715050
-1.750396
1.644145
-1.522809
-1.242362
-0.123243
-0.557038
-3.080759
-8.014118
4.693533
5.477254
4.851930
-0.765518
1.907433
0.933239
5.548262
2.066172
-1.040854
-4.697661
-5.947165
-8.260747
-3.184597
-6.856616
-1.570793
2.040361
0.904378
-4.319717
9.162413
2.969264
-9.224785
-0.314201
-2.791238
-2.113498
2.594727
2.988916
-1.633703
1.173301
3.779835
1.877171
0.335580
5.541826
-2.490878
1.361001
-2.303884
2.602732
0.408290
4.575081
0.482763
-2.678222
-1.508558
3.908360
-3.436195
0.002773
1.136842
2.929292
-3.447401
4.542561
-4.794279
-2.189230
-2.756944
5.866258
-4.407139
0.032311
-2.387016
-1.600348
-3.714387
-4.356474
-1.169626
-1.093959
1.185273
-1.271952
-1.830645
5.096301
-2.509289
-0.451247
-1.706669
5.320675
0.081001
-6.960947
3.078017
-1.247631
5.722609
-0.688958
1.352550
-0.414491
3.893516
1.964302
-0.997665
-5.913486
1.731635
1.533819
0.117076
2.975630
-0.383908
-3.398148
1.590622
0.310462
2.768101
0.513599
-2.775638
-1.176759
4.664988
3.563057
2.069526
0.968929
-0.225516
-0.680972
2.298631
6.572050
-1.218352
1.407800
1.578061
2.034676
4.835996
1.483882
3.130853
2.895042
-0.686010
-3.914549
-0.826321
-3.850408
-2.627943
3.288658
5.187425
-1.130352
1.691625
5.189448
-1.963564
7.446292
2.214632
-5.819555
-2.556586
-4.904936
1.160722
-4.295028
-1.416665
-8.465534
-4.608727
-1.548315
1.013775
-4.839380
3.140593
5.069200
-1.825774
-5.944280
2.202275
-4.887445
-9.614477
2.305629
4.866903
-6.028444
-0.703663
2.157216
-1.007461
5.344276
-0.289583
-2.816224
4.213106
-1.114046
2.511860
-3.744620
2.116707
2.231091
0.467215
-0.959727
3.503946
2.098081
-6.033705
4.158987
-0.855295
1.428863
-3.483888
0.128476
-0.996969
-0.710495
2.272474
-0.736432
-0.548964
2.350124
-2.055033
-9.779086
-0.899564
-3.818057
-3.517619
-6.148787
-0.901189
-2.392078
4.898125
0.712184
4.005681
-4.421595
0.975739
-0.302730
1.332087
-5.902095
1.219301
0.432141
0.555785
-1.604838
3.128498
3.531200
2.431836
-1.435356
2.061100
2.331684
1.186422
0.611502
0.705531
-0.124160
-0.001507
-0.386443
-0.026837
-3.106802
-5.909480
-4.563399
-2.336760
2.416310
4.522879
-1.583050
1.089391
-0.630585
-1.834652
-2.739313
-0.328067
2.931562
-0.271638
4.524209
-3.334239
-4.758698
1.910076
-0.031412
-1.812964
-1.039865
-1.681079
0.500294
-0.523760
-0.455226
7.821953
-2.749561
-1.232871
3.493713
-1.576330
1.007208
-2.583427
-2.049760
4.994580
0.328036
3.425642
0.196238
0.320699
-1.500752
-3.059333
-1.151656
1.850658
9.538232
-0.204259
2.083422
-1.362042
-1.947612
-0.390774
-2.106487
-0.828006
-0.532257
-1.598484
2.213024
4.553807
-3.368825
3.214659
3.138173
2.589426
4.149015
5.255259
-2.849136
-6.517939
2.312481
1.938637
-1.376066
-3.682287
-2.208097
3.732216
-4.109130
-3.443830
3.167538
2.454570
-8.049521
0.828460
1.738962
-0.959570
2.068818
3.404163
5.257872
1.997512
5.989501
2.981203
-3.491085
4.987318
-0.060861
-6.780177
3.410482
-1.269364
-1.142446
-2.190641
-4.928224
-1.962921
1.905389
-0.778956
-4.568799
3.925673
1.713474
2.612317
-3.334856
-7.349299
7.614077
-0.840719
-3.345961
3.299738
4.430737
2.972706
-0.614106
-3.435667
3.974403
-4.087126
-4.915140
3.065451
-1.077257
-7.627574
0.209955
-0.042509
0.280117
-0.946029
11.333145
-0.575350
2.121023
4.640750
-1.576748
-0.947085
2.016123
-3.457917
-1.942975
2.958878
-3.964877
-3.231323
-2.829189
-1.313264
5.811232
6.307936
2.291527
-2.540908
-1.120661
-0.175525
0.892563
2.048403
-3.282948
0.104721
4.404703
-0.597944
2.655385
2.663086
-2.435388
-5.099254
2.149493
2.059238
-1.452857
-0.610426
-5.274586
