0.184281
-0.158860
0.011253
-0.037344
-0.225721
0.205714
0.378251
0.141895
-0.349765
0.369158
-0.079699
0.266425
-0.186530
0.492278
0.021245
0.472051
-0.422638
-0.500705
0.147922
-0.626381
-0.658063
0.326171
0.047374
0.452328
0.061731
0.423918
0.205816
0.080438
-0.040431
0.535440
-0.585906
0.075167
-0.337562
-0.153194
0.043542
0.159586
0.006711
0.367669
0.146788
-0.215316
0.244771
-0.346019
0.128819
0.527762
0.394256
-0.542333
-0.078429
-0.320346
0.180010
0.022382
0.361215
0.436672
0.256677
-0.528289
0.291733
-0.429495
0.336254
0.059917
-0.426539
0.184485
0.204329
0.130884
-0.157838
0.405031
0.332975
0.419026
-0.105814
-0.523729
0.290722
-0.273881
-0.411982
0.425906
0.206258
0.108312
0.292877
0.222121
-0.268338
0.137260
-0.092720
-0.473150
-0.157748
-0.304459
-0.647418
-0.202496
-0.222624
-0.136061
-0.211578
-0.183181
-0.125788
-0.061382
-0.053053
0.262123
-0.401103
0.066645
-0.312439
-0.556784
0.220648
-0.061051
0.268738
-0.267249
0.605520
0.282606
0.235686
-0.383326
0.159241
0.283833
-0.411800
0.186884
0.195403
-0.397594
0.133214
0.466763
-0.392046
-0.354838
0.058047
0.146968
0.445349
-0.029491
-0.174042
-0.321600
-0.382742
0.096467
0.237083
-0.578915
-0.190707
0.332542
-0.166762
0.109405
0.276054
-0.252406
0.166495
-0.163106
0.216399
0.286896
-0.394085
-0.582420
0.187929
-0.687083
-0.381289
-0.485437
0.156616
-0.132169
0.173734
-0.065370
0.019302
-0.573319
0.027700
-0.413541
0.513187
0.472099
-0.404136
-0.392183
-0.050425
0.010367
-0.421713
-0.421551
-0.562275
-0.202861
-0.424493
-0.143288
-0.478724
0.310472
0.156527
-0.191073
-0.307554
-0.249593
-0.057992
-0.315215
-0.203096
-0.176275
-0.088791
0.520339
0.107460
-0.125955
0.331622
-0.079142
-0.124466
0.207227
-0.364729
0.089015
-0.196797
-0.440550
0.360542
-0.019394
-0.080229
-0.313270
0.042100
0.305268
0.032402
0.180946
0.104248
0.444716
-0.426628
0.172649
-0.343944
-0.079279
-0.004820
-0.414611
-0.544868
0.408767
0.524589
0.048376
-0.367889
0.379602
-0.014639
-0.275570
0.101293
0.063753
-0.204361
-0.061118
0.198198
-0.442035
0.110853
-0.317613
0.370323
0.247976
-0.301018
-0.080023
0.504676
-0.280379
0.500462
0.321622
-0.073109
-0.239173
0.064925
-0.021269
-0.201111
-0.533118
-0.205836
-0.094777
-0.394223
-0.369569
0.368667
-0.542424
0.634215
-0.425326
-0.268755
-0.122194
-0.609493
-0.397183
-0.381422
0.224695
0.369943
0.291412
0.722493
-0.012939
0.061719
-0.467023
0.594348
-0.261014
0.442082
0.329147
-0.168394
-0.002152
0.217208
-0.156837
-0.207573
0.205301
0.085000
0.428150
-0.048729
0.283914
-0.292023
0.516578
-0.147490
-0.258112
0.209940
0.123329
0.110277
-0.436834
0.205101
0.161549
0.329436
0.401010
0.416729
-0.089057
-0.384149
-0.040110
0.497773
-0.282066
0.425361
0.620029
-0.138506
0.407373
-0.247186
-0.449169
-0.084090
-0.039450
0.547495
-0.177787
0.114355
0.157027
0.356448
0.507303
0.351546
-0.051036
0.155197
-0.042603
0.647528
-0.265891
0.313766
0.126391
-0.124417
0.117630
0.250412
-0.281342
-0.608781
0.143741
-0.104164
0.195395
-0.327601
-0.056375
-0.203683
-0.670599
-0.611031
-0.341169
0.406531
-0.209189
0.047588
0.349471
0.285612
0.424386
-0.068668
-0.250174
-0.219313
0.363550
0.463514
0.020965
-0.532521
-0.259176
0.297615
-0.310285
-0.369773
0.034418
-0.029200
-0.311819
-0.372541
-0.442162
-0.500380
-0.279169
0.081038
0.328745
-0.145263
0.374919
-0.138024
-0.155401
0.394425
-0.012943
-0.350703
0.352694
0.150094
-0.100255
-0.541328
0.428728
0.445928
0.243652
0.213451
-0.075811
0.390376
0.336077
-0.298732
0.311340
0.703842
0.181619
0.335963
-0.566148
0.001408
0.076518
0.050682
0.068196
0.498523
0.331190
-0.537497
-0.427951
0.366551
0.227759
-0.254911
-0.265271
0.096399
0.110750
0.250062
0.245818
0.219941
0.058084
-0.003273
0.311707
0.509251
0.012718
0.431100
0.572996
0.370769
0.258415
0.557051
0.117144
0.557012
0.466356
0.063276
-0.208157
0.040536
-0.692667
-0.410131
0.391313
-0.113421
0.013622
-0.411236
0.047595
0.419896
-0.234366
-0.255112
0.281636
-0.048762
-0.474196
0.056722
0.559245
0.262230
0.161782
-0.095530
0.243624
-0.512712
0.481302
0.146390
0.220995
-0.502144
0.624246
-0.324045
0.280398
-0.218602
0.151916
0.637053
-0.096736
0.102513
-0.432161
0.259669
-0.637841
-0.076563
-0.152919
-0.123020
-0.342129
0.019128
0.275927
-0.414568
-0.032910
-0.807611
-0.332515
0.295700
0.453019
-0.064591
0.090311
0.152271
-0.481077
0.802067
0.098868
0.571711
-0.126204
0.155364
-0.005750
0.019749
0.219405
-0.075723
-0.087598
-0.334282
-0.243119
-0.535704
0.307128
-0.401246
-0.523720
0.029305
-0.215036
-0.643112
-0.537799
0.028503
-0.464736
0.198196
0.509074
0.731173
0.149573
0.328961
0.256938
-0.094080
0.346266
0.237984
-0.043821
0.440633
0.267650
0.593342
-0.250787
0.263640
-0.079798
0.052305
-0.376633
0.411057
0.131703
-0.028697
-0.047452
-0.440537
-0.127206
-0.196009
-0.407290
-0.397283
-0.338492
0.419615
0.303798
0.578351
0.392376
-0.051655
-0.316480
0.017234
0.079599
0.316454
-0.151557
-0.016998
0.178679
0.133732
0.304331
-0.079954
0.179316
-0.441833
0.095718
0.160122
0.312930
-0.284769
-0.455951
0.535954
-0.039063
0.165163
0.152205
0.826646
-0.320517
-0.115942
-0.429385
-0.110295
0.178206
0.014916
0.397144
0.182211
-0.168814
-0.196741
-0.091828
0.206702
-0.326081
-0.240838
0.625770
0.046148
-0.648651
0.090479
-0.605859
-0.534739
-0.042916
-0.542048
-0.384534
0.322123
-0.524773
-0.564327
-0.382278
-0.699813
0.059513
0.285269
-0.340343
0.252105
-0.258611
-0.252015
0.220494
0.439299
-0.117559
-0.408316
0.406139
-0.507443
0.122860
-0.406084
-0.234586
-0.142011
0.412652
-0.198362
0.042350
-0.403119
-0.196998
0.317414
-0.394104
0.195129
0.041911
0.471655
-0.524080
-0.386966
0.478700
-0.090177
-0.384083
0.304723
-0.235304
0.580586
0.067932
0.350904
0.073172
-0.160884
0.140603
-0.219432
0.075501
-0.347685
-0.511921
0.132431
-0.322297
0.560365
-0.192638
-0.006532
-0.350735
-0.382939
0.491771
0.087254
-0.175710
0.202676
0.161439
-0.436613
0.147179
0.365606
-0.669128
0.387628
-0.021748
0.527299
0.119417
0.299105
0.439303
-0.325707
-0.008288
0.037965
-0.066493
0.235961
0.247586
0.085630
-0.571026
-0.455608
-0.133642
-0.215453
-0.054369
0.128014
0.165797
-0.220952
-0.186496
0.122904
-0.412266
0.009427
0.007953
-0.063587
0.076573
0.094316
0.414525
0.463836
0.070947
-0.235481
-0.104633
-0.391805
-0.174833
-0.008210
-0.500389
-0.129806
0.113296
0.035313
0.564273
0.345237
0.318840
-0.291300
0.598528
0.349401
-0.343143
-0.346640
-0.187146
-0.344722
-0.070783
0.571918
0.141646
0.104465
-0.411113
-0.225332
0.155465
0.270736
0.100774
0.013259
-0.394774
-0.005315
0.023808
0.180856
-0.299271
-0.570994
-0.195868
-0.421511
0.121609
-0.228041
-0.176236
0.230027
-0.195715
-0.192490
-0.352749
-0.123098
-0.750205
-0.308028
-0.243683
-0.413148
0.536039
0.050756
-0.142059
0.255593
0.023223
-0.045314
0.395679
-0.451947
0.098670
0.167486
0.057714
-0.054273
0.028745
-0.636773
0.444157
0.156451
0.461160
0.413821
-0.324640
0.031302
0.577495
0.321353
-0.322160
0.446777
0.195546
-0.483979
0.245781
0.270323
0.082087
-0.214692
-0.169275
-0.710211
0.463466
0.003375
-0.041126
-0.061251
0.297576
0.127698
0.599730
0.015407
0.058787
-0.054593
0.462825
0.566307
-0.327729
-0.353762
0.008532
-0.058357
-0.146837
-0.262972
0.476641
0.134020
0.232977
0.763288
0.272240
0.188043
0.364890
-0.552595
0.110405
-0.264165
-0.437857
-0.447610
-0.552240
0.176969
-0.418618
0.017313
-0.475667
0.005545
0.168684
0.392555
-0.521239
0.185234
0.431713
-0.393743
-0.297756
0.441393
0.054522
-0.328863
0.398445
-0.297656
0.191948
0.583520
-0.208029
-0.162818
-0.170746
0.535709
0.271660
0.030439
0.469900
0.087344
-0.219848
-0.055003
0.029549
-0.569412
0.219048
0.401891
-0.065720
-0.244295
0.296689
-0.973353
0.202385
-0.243321
0.153730
0.055337
-0.579640
-0.267191
-0.121651
-0.507713
-0.710687
0.482144
-0.125252
-0.451839
0.225426
-0.063558
-0.396947
-0.514259
-0.072730
-0.666919
0.450995
0.303332
0.317161
