-0.272656
-0.374654
-0.054612
0.116601
-0.145475
-0.218614
0.459611
0.301693
-0.132453
-0.192988
-0.077753
-0.030753
-0.020829
-0.298915
0.164694
-0.177098
-0.248664
-0.026155
0.290683
-0.186105
0.350189
-0.359445
0.024149
-0.286107
-0.425421
0.267283
0.484694
0.081556
-0.270635
-0.077613
-0.382007
0.209818
-0.081815
0.168162
0.017900
0.220405
0.132501
-0.120675
-0.192524
0.167215
0.022643
0.218539
-0.251000
-0.081837
0.477535
0.021056
-0.218380
0.326045
0.287601
0.181477
-0.073842
0.601009
0.646970
0.127585
-0.112070
0.503298
0.140687
-0.231446
-0.179006
0.515490
0.563113
0.136487
0.238992
-0.015585
0.305773
-0.285429
0.206232
-0.054448
-0.016302
-0.224906
0.394766
-0.499113
0.427750
-0.112238
0.106617
0.505952
-0.280295
-0.034470
-0.116597
-0.198126
0.067074
0.288068
-0.081937
-0.423116
0.219207
0.130587
0.276977
-0.291813
-0.262390
0.206616
-0.501445
-0.307479
0.015640
-0.319370
0.309121
0.188616
-0.020179
0.240080
0.235936
0.071569
-0.508477
-0.386353
0.019624
-0.177269
0.064732
-0.374571
0.687363
0.316018
0.853258
0.326315
0.204079
0.114814
-0.063606
0.199958
-0.722586
-0.124642
-0.047423
-0.278706
-0.192214
-0.255658
-0.172347
-0.241884
0.164649
-0.274782
0.129023
-0.059793
-0.228695
0.252579
-0.404303
-0.259076
0.322372
-0.102774
0.026279
-0.589358
-0.581387
-0.363326
0.405384
-0.420342
0.606705
0.556712
-0.606205
0.465862
-0.159434
-0.090026
0.318743
0.071970
0.446996
0.198828
0.289607
0.231128
-0.144337
0.146988
-0.102429
-0.115325
0.830872
0.509892
0.398553
-0.458548
0.188725
0.286630
0.167533
-0.073166
0.678600
-0.261654
0.071173
0.031871
0.012999
-0.317836
0.348944
-0.397657
0.008452
0.020052
0.165317
0.622771
0.340087
0.079175
-0.360364
0.141203
0.246398
-0.160644
-0.229017
0.078280
-0.410751
-0.349438
0.192011
-0.146183
-0.374669
-0.284642
0.445673
0.141293
0.333251
-0.505864
-0.170561
0.255666
0.039510
-0.328227
-0.334189
-0.045527
-0.311205
0.671654
0.419140
-0.356555
0.120054
0.375090
0.186691
0.273168
-0.076622
-0.251718
0.524036
0.057991
0.749910
0.398262
-0.331335
0.473044
-0.507590
-0.173057
0.302841
-0.244769
-0.320390
0.382596
-0.526066
-0.500718
0.256499
-0.562570
-0.433734
-0.048709
0.371007
-0.477912
-0.242355
0.339500
-0.099975
-0.351083
-0.188478
0.161298
-0.419799
0.036024
0.408613
-0.458944
0.438257
-0.032099
-0.133290
-0.426792
0.022697
-0.035034
0.297896
0.242378
-0.478476
-0.225756
-0.525356
-0.008260
0.008341
0.184517
0.231488
0.467411
-0.210825
0.496653
0.307797
0.499721
-0.420389
-0.290762
0.268491
0.095813
-0.384852
0.404955
0.015115
-0.194423
-0.261777
-0.052895
0.070142
0.093376
0.419080
-0.256554
0.057053
-0.340825
-0.404824
0.552037
-0.032715
0.433602
0.463898
-0.459042
0.314937
0.245012
-0.035669
0.075307
-0.376391
0.103513
-0.409951
-0.294892
-0.131359
-0.147243
-0.198213
0.464452
0.332914
0.314098
0.527040
0.482644
-0.414372
-0.180481
0.244872
0.486556
0.449492
-0.287687
0.305042
0.245682
-0.341514
0.016210
-0.270382
-0.048640
-0.171890
-0.249207
-0.056699
-0.089431
0.369459
0.349420
-0.353827
-0.299401
0.047656
-0.553471
-0.272870
0.365748
-0.031627
-0.093116
0.437721
-0.197899
-0.479494
-0.311413
0.219472
-0.284022
0.039052
0.213344
0.540254
-0.325571
0.161841
0.419251
0.527932
0.183267
-0.253544
0.265783
0.436422
-0.148522
-0.400771
0.543640
-0.408202
-0.122999
-0.579267
-0.065622
-0.156571
0.324723
-0.557437
-0.255892
-0.157045
-0.195078
0.009878
0.176978
-0.025797
-0.192546
0.067751
0.236590
0.461582
-0.302036
0.478881
0.292409
-0.142035
0.149993
0.326770
0.329610
0.116982
-0.105938
0.235263
-0.253572
0.487754
0.475159
0.429749
0.375742
-0.115592
0.043038
-0.648335
0.269739
0.015871
0.304778
0.433107
0.590866
0.192331
0.306432
0.119838
-0.055918
-0.020897
-0.107881
0.049076
0.029477
0.086407
-0.207322
-0.498057
-0.287777
-0.390830
-0.339745
-0.214871
0.356947
0.193203
0.224888
-0.352774
0.480935
0.036112
0.090503
-0.382508
0.115518
0.087984
-0.404958
0.348175
0.468464
0.059359
-0.100535
-0.076366
0.427896
-0.120426
0.043321
-0.064513
0.312330
-0.241564
-0.608772
0.018326
0.335049
0.141798
-0.218400
-0.021730
-0.110711
0.281551
-0.499376
-0.143783
-0.257885
0.117791
-0.320857
-0.341453
-0.033265
-0.328268
-0.395734
-0.226106
-0.005564
-0.598049
-0.304348
-0.075973
0.315354
-0.137080
-0.115650
0.340455
-0.230621
0.022703
-0.669522
0.155985
0.312412
0.096526
0.148778
0.530322
0.211802
-0.226548
-0.172952
-0.049144
0.293996
0.528833
-0.314884
-0.185467
-0.095191
-0.087816
0.029886
-0.607274
-0.345088
0.484676
-0.168255
0.183778
-0.441686
0.378800
-0.536651
0.181706
0.080366
-0.135903
0.101534
0.230115
0.200604
-0.228165
-0.069457
-0.511085
-0.271821
-0.716200
-0.059370
0.482649
-0.753346
-0.311759
0.154559
-0.520827
-0.520275
-0.487170
0.136774
-0.091528
0.064991
-0.353239
0.061719
-0.219508
-0.201323
0.349305
0.380829
-0.296249
-0.541820
-0.115679
0.118259
-0.511244
0.547619
0.332302
-0.525588
0.214455
-0.269291
-0.206862
-0.106460
-0.343595
-0.056005
-0.228829
-0.316879
0.202735
0.176514
0.498505
-0.058921
0.421898
-0.768807
0.440270
0.123403
0.268409
-0.370515
-0.464799
-0.358622
0.215336
-0.393746
0.104631
-0.195004
0.135514
-0.059735
0.193655
-0.434795
-0.312539
0.392121
0.035163
0.122113
-0.592355
0.369113
0.118919
-0.846810
-0.267880
-0.201484
-0.477064
-0.056687
0.351722
0.423962
0.406991
0.479165
0.050795
-0.050386
0.159483
-0.071673
0.370642
-0.357947
0.263872
-0.218340
0.188285
0.012540
-0.020009
-0.151784
-0.575848
0.136375
-0.336657
-0.210836
-0.128968
0.209529
0.009373
-0.119284
-0.348323
-0.235231
-0.591764
0.123261
-0.338737
-0.386344
0.387665
0.215645
0.436153
-0.109738
-0.213944
0.478700
-0.356847
0.040204
-0.031182
0.391984
0.009200
-0.010203
-0.084805
-0.707588
-0.153757
-0.443290
-0.258847
0.698016
-0.430374
-0.298047
-0.288338
-0.393123
-0.175144
0.486916
-0.398443
0.198914
-0.009965
-0.281310
0.366075
-0.369696
-0.207784
0.147792
0.367920
0.532905
-0.470720
0.359547
0.076341
-0.411198
0.544061
-0.303033
0.099649
0.305828
-0.278141
-0.142796
0.476813
0.167443
-0.556606
0.138905
-0.212301
0.218069
-0.383619
-0.118810
0.026846
-0.320288
0.062410
0.127872
-0.594409
0.228647
-0.111475
0.230193
0.240447
-0.562463
-0.513434
-0.214643
0.214066
-0.234714
0.577404
0.286682
0.442640
-0.455288
0.248828
0.518763
0.183087
-0.454481
-0.058323
-0.232222
0.021791
-0.321634
0.190806
-0.228644
-0.258684
0.610902
-0.210341
-0.268971
0.621587
-0.154967
-0.383069
-0.290799
-0.723734
0.063530
-0.265857
-0.243818
-0.386397
0.099187
0.002485
0.059980
0.450878
0.076074
-0.507541
0.430295
0.603153
-0.219040
-0.418160
0.016850
-0.356271
-0.209682
-0.044376
-0.411758
0.161154
-0.455130
0.480075
-0.101209
-0.696536
-0.758512
-0.248557
0.063111
-0.543183
-0.191499
-0.025079
0.394395
-0.518701
-0.706713
-0.231350
-0.188137
0.018810
0.491808
0.340181
-0.232260
-0.132901
-0.514009
0.223820
-0.188521
-0.062536
0.315860
-0.043004
0.097328
-0.249454
0.287448
0.723795
-0.133437
0.224839
-0.072394
-0.156856
-0.002067
0.283261
0.377102
-0.374640
-0.057761
-0.233289
-0.273229
-0.265719
-0.031232
-0.060065
0.033718
0.138234
-0.368548
-0.313981
-0.085706
0.203122
-0.282090
-0.566299
0.201043
-0.166989
-0.577233
-0.102790
-0.545931
0.082567
-0.147140
0.499080
0.224251
-0.502543
-0.093688
-0.378253
0.067241
0.171849
-0.391017
-0.354066
0.454597
0.449787
-0.227595
-0.223455
0.331442
0.183007
-0.051013
-0.011505
0.117745
-0.332562
-0.833715
0.119391
-0.349317
0.543720
-0.021644
-0.333012
-0.183881
-0.300734
-0.301134
-0.167808
0.083120
0.097701
-0.385182
0.093336
0.153010
-0.154818
-0.638582
0.247093
0.453797
-0.399067
-0.164789
-0.178150
-0.511962
-0.017960
-0.080195
-0.064163
-0.091202
-0.046310
0.076818
0.048541
-0.228857
0.233774
0.049158
0.091595
-0.626185
0.301792
0.175765
0.435556
-0.786955
-0.210342
0.361343
-0.273434
0.145924
0.584461
0.394976
-0.045261
-0.051168
0.554573
-0.128253
0.309889
0.395819
