-0.098334
-0.533444
0.134755
-0.105981
-0.384118
0.065030
-0.084257
-0.330248
0.066817
-0.012154
-0.439571
0.072851
-0.353693
-0.533078
-0.452045
0.229729
-0.456328
-0.113201
-0.316464
-0.312566
0.334551
0.113974
0.024149
0.341186
-0.113839
0.251631
0.096298
-0.291001
-0.036580
0.077319
0.095114
-0.370878
-0.483562
0.118205
-0.221649
-0.195762
0.130249
-0.192610
0.091531
0.154536
-0.031017
0.420461
-0.035324
0.043050
0.158292
0.388247
0.279695
-0.107499
0.345355
-0.133868
-0.073842
0.451758
-0.182483
0.369013
0.262703
0.606592
-0.513531
0.080437
-0.359921
-0.250354
-0.076956
-0.464206
-0.544173
-0.470423
-0.530841
0.477906
-0.317618
-0.599748
0.248362
-0.567543
-0.179916
0.004990
0.266827
-0.296779
0.065821
-0.374918
-0.188703
-0.067551
-0.043694
-0.489205
0.022826
-0.385463
-0.694287
0.177380
-0.087740
0.120904
0.217788
0.415277
0.115355
0.050206
-0.148842
-0.045320
0.327279
-0.408089
0.070485
-0.698949
-0.151576
-0.192542
0.438945
0.456503
-0.483091
-0.102324
-0.065628
-0.171964
-0.013867
-0.354113
-0.388448
0.257694
0.119840
0.172059
0.147051
0.119307
-0.302766
0.088332
-0.098180
-0.571413
0.076353
-0.246999
-0.028883
-0.410574
0.210241
-0.250561
-0.592376
-0.159164
-0.086958
-0.174983
0.202467
0.075710
0.055348
-0.181164
-0.353109
0.723497
0.127627
-0.401001
0.256036
-0.029291
-0.118206
0.170152
-0.125630
0.225696
-0.012752
-0.690018
-0.167636
-0.055666
0.081572
-0.094405
0.587434
0.155690
-0.269607
-0.373365
0.071846
0.202542
-0.050425
-0.373006
-0.199299
0.469586
0.048847
-0.130905
-0.258880
-0.139594
0.156201
-0.097600
0.369075
0.055712
-0.031896
-0.217430
0.392527
-0.725822
-0.284009
0.298069
0.230298
0.296107
0.277023
0.738597
0.193858
-0.358223
-0.290150
0.009224
0.454329
0.369539
0.120812
-0.456783
0.212230
-0.439079
-0.590964
-0.217818
0.050761
0.573763
0.172946
0.020123
-0.555238
0.092944
0.345902
-0.402647
-0.258432
0.019405
0.509156
-0.468707
-0.191021
0.179026
-0.089049
0.180726
0.013649
-0.183978
-0.563785
-0.063479
-0.203825
-0.499073
-0.019931
0.364332
-0.065689
-0.240484
0.099568
0.281522
0.404345
0.209944
0.004968
-0.228730
0.354812
0.365300
-0.637361
0.132277
0.525072
-0.562962
-0.036975
0.393074
0.059341
-0.417897
0.232147
-0.162745
-0.396063
0.391635
-0.264270
0.082485
-0.355326
0.492402
0.035252
-0.341903
-0.603272
0.253165
0.147928
-0.400642
-0.464114
0.102272
0.136027
-0.352569
-0.248133
-0.106626
-0.467801
0.166146
0.541290
0.556620
-0.382403
0.275270
-0.484887
-0.847070
0.171345
0.425786
0.155786
-0.460722
0.803747
-0.720260
-0.482410
-0.345981
0.009193
0.124032
0.299115
0.409651
0.050470
0.068536
0.208813
0.027637
-0.094243
-0.279141
-0.210129
0.459596
-0.143850
0.282870
-0.209780
-0.217599
0.162089
-0.385269
0.265440
-0.269522
0.186158
-0.660789
0.171629
-0.307453
-0.270178
-0.312932
0.632978
0.220375
-0.073866
-0.214840
-0.347086
-0.093511
0.493778
-0.611527
-0.354810
-0.141808
0.727262
-0.574113
0.113595
-0.389169
-0.464762
0.643913
-0.206810
0.349397
-0.188291
-0.311152
-0.259389
-0.685955
-0.477700
-0.109264
0.353540
-0.159939
-0.173105
0.130459
0.151390
0.282210
0.128510
0.293424
0.105061
-0.044979
-0.067024
-0.496270
-0.459341
0.403934
-0.029774
-0.490683
0.316459
-0.166367
0.090179
0.077385
0.293636
-0.487154
0.462997
-0.078672
0.094336
0.073602
-0.080867
0.211281
0.113052
0.155896
-0.269811
0.377149
0.387692
0.065593
-0.517529
-0.436724
-0.371993
0.444990
0.522885
-0.396739
0.309785
0.266423
0.055688
0.105354
0.503207
-0.399656
0.642334
0.027822
0.514623
-0.235939
0.198034
-0.126536
0.256807
0.231510
0.589175
-0.300357
0.000643
-0.038299
-0.026038
-0.232635
0.466500
0.337636
-0.302456
0.173517
0.020428
-0.229134
0.047045
0.320066
-0.434738
-0.184011
-0.415260
-0.097859
-0.020679
-0.385680
0.302509
0.486915
-0.247683
-0.706617
0.393871
0.263303
0.411407
0.017152
0.430334
0.069220
0.045475
-0.370325
-0.285059
0.443446
-0.686977
0.033462
-0.518021
-0.159582
0.394683
-0.120036
0.761131
-0.437803
-0.324197
0.284766
0.013629
0.213155
-0.371683
0.009392
0.117332
-0.223215
-0.176174
-0.161007
0.127671
0.626627
-0.376328
0.154823
-0.028733
-0.230045
-0.225038
-0.258953
-0.249724
-0.056552
-0.044725
0.383938
-0.433345
-0.479979
-0.158965
0.272413
-0.080598
-0.146577
0.021844
0.412144
0.489367
0.064195
-0.008542
0.191375
-0.163183
-0.189311
-0.109078
-0.484459
0.032620
-0.234329
0.563437
0.146052
-0.541664
-0.122918
0.429610
-0.084825
0.082347
0.379380
0.920070
0.318121
0.298532
-0.007259
-0.015910
-0.042000
-0.437027
-0.600509
-0.147370
0.063039
0.449928
0.022227
-0.186537
0.191272
-0.229813
0.378252
0.078290
0.074046
0.507355
0.457313
-0.400979
0.518132
-0.132965
-0.539119
-0.097653
0.364904
0.356052
-0.423043
-0.354983
-0.065577
0.456407
-0.470974
-0.457917
0.251838
-0.073884
-0.088100
-0.698585
0.341351
-0.339417
0.256879
-0.020311
-0.164040
-0.169025
-0.142247
0.446703
0.145205
0.701660
-0.179162
-0.161854
0.347897
-0.045132
-0.330197
0.280850
0.201762
0.174147
-0.506647
-0.105594
-0.006612
0.167499
-0.193571
-0.234060
0.140065
-0.170863
0.083499
0.562251
0.346275
-0.185440
0.334889
0.339589
0.432275
0.103576
-0.266427
-0.040955
0.331482
-0.089795
0.410353
0.115357
0.398684
-0.164599
-0.384278
0.482212
-0.383484
0.138777
0.445167
-0.047620
-0.344341
-0.140576
-0.090531
0.295017
0.267336
-0.079546
-0.316847
-0.100272
0.370444
-0.185560
-0.016387
-0.022701
-0.450968
-0.071666
-0.229595
-0.396133
-0.462415
0.380418
0.549633
-0.059101
-0.248889
-0.463950
-0.346235
-0.557095
0.352453
-0.355380
0.309743
-0.401135
0.306956
-0.373556
-0.110918
-0.487668
-0.190819
-0.060674
0.153017
-0.415694
0.018051
0.413205
-0.047450
0.042700
-0.043590
-0.215786
-0.183466
-0.415166
-0.579403
-0.001060
0.499562
0.285363
-0.241513
-0.256330
0.503616
-0.543398
-0.620688
-0.398258
-0.372333
0.392418
-0.127515
-0.194902
0.308296
-0.284591
0.724932
-0.014016
-0.577135
-0.391188
-0.516996
-0.391882
0.434677
0.261972
-0.329152
-0.119811
-0.543753
0.438675
-0.374073
0.495170
0.043656
-0.210912
0.044036
-0.351901
-0.316939
-0.371904
-0.518883
-0.525217
-0.125192
-0.091278
0.276260
0.429522
-0.022773
-0.207324
0.487188
0.015434
-0.234260
0.553818
0.012168
-1.005133
0.062565
0.565079
-0.607361
0.348248
0.090807
0.344887
0.481810
-0.077499
0.172436
0.123683
0.081894
0.207365
0.301631
0.161982
0.176823
0.611931
-0.268935
-0.021404
0.079311
-0.362787
0.021826
0.542556
-0.466002
0.288665
-0.700036
-0.260208
-0.394638
0.145572
-0.301510
0.192301
-0.336530
0.582484
-0.396374
0.038105
-0.194142
0.133166
0.132645
0.050756
0.355530
-0.061021
-0.749325
0.368639
0.422026
0.048545
0.448996
0.181470
0.355421
0.015631
0.064034
-0.028436
-0.229722
-0.291521
0.385180
0.264382
-0.163067
-0.460441
0.281929
-0.180348
0.248704
0.178970
0.432025
-0.237436
-0.468618
0.176509
0.761306
0.023272
-0.098799
-0.487667
-0.027649
0.021684
-0.272294
-0.384466
0.097186
-0.039107
0.270876
0.213098
0.523271
-0.071320
0.055088
-0.432825
-0.329966
0.112012
0.641662
-0.216066
-0.240514
-0.457598
0.161590
-0.156416
-0.216886
0.440161
0.427888
0.408117
0.182261
-0.146598
0.130546
0.274984
0.324429
-0.340028
-0.375962
-0.130519
-0.373580
0.629170
0.260976
-0.187558
-0.419046
0.130493
0.172123
-0.134429
-0.313794
-0.185518
-0.052455
-0.001605
-0.453035
0.715688
-0.329076
0.039145
-0.332771
0.144647
-0.087190
0.196852
0.516899
-0.050847
-0.038469
-0.176648
0.111490
-0.464777
0.318397
0.015895
0.174488
-0.067909
-0.208468
-0.216182
-0.381734
0.140144
0.472931
-0.110983
-0.602328
-0.074254
-0.020975
-0.289264
0.267402
0.493830
-0.277414
0.610391
0.001833
0.166145
-0.659060
-0.447039
-0.154541
-0.129095
0.298369
-0.172897
0.239838
-0.073084
0.041035
-0.237197
-0.061701
-0.375664
0.056768
-0.140463
0.015632
-0.142452
-0.426455
0.026592
-0.129480
0.429739
-0.243351
0.283441
-0.322861
-0.329706
-0.813692
-0.620275
-0.524483
-0.121281
-0.456755
0.463819
0.547942
0.162671
0.416240
