-0.059635
-0.276678
0.001291
0.228601
-0.002711
-0.169026
0.089094
0.585110
-0.252407
0.276111
-0.368197
-0.396257
-0.227034
0.586136
0.358674
0.474777
0.277469
-0.128989
0.224854
-0.045109
0.351548
0.058320
-0.145931
-0.444475
-0.862710
0.459326
-0.154545
-0.120306
-0.128938
-0.309135
0.010867
-0.177174
0.241691
0.420424
0.289994
-0.278954
0.176037
0.337242
-0.431569
0.154536
0.394965
-0.435220
-0.303158
-0.164373
0.414359
-0.344303
-0.218380
-0.527514
-0.045827
0.226870
0.351185
-0.214223
0.290054
0.263605
-0.018856
-0.291505
0.042164
0.081416
-0.278649
-0.363444
-0.117868
-0.506094
-0.270617
-0.335396
-0.522417
0.292746
-0.058847
-0.063394
0.335383
-0.362981
-0.075779
0.048744
0.077112
-0.391417
0.378544
0.073791
0.253013
0.329577
0.513070
-0.219765
-0.020397
0.369375
-0.040990
0.174844
-0.209879
0.098249
0.249857
-0.104145
-0.122354
0.139956
-0.148842
-0.263132
-0.490675
-0.112388
0.147789
0.061023
0.481782
-0.352406
0.004701
0.216642
0.073325
-0.525403
-0.302287
0.435873
-0.305416
0.152665
0.502826
-0.434489
0.085566
-0.252497
0.425291
0.205568
-0.618336
0.177626
-0.107659
-0.250350
0.092461
-0.304222
-0.122979
-0.187273
0.288074
-0.545052
-0.243101
-0.420297
-0.214581
-0.311670
0.302494
0.162219
0.315315
-0.374775
-0.140843
0.742298
0.296845
0.156437
0.379394
-0.380676
-0.165711
-0.305018
0.263266
-0.465999
-0.065792
-0.617785
0.063546
-0.533581
-0.519459
-0.053424
-0.091550
0.067614
-0.171355
0.126546
-0.276464
-0.167702
0.387503
-0.352470
-0.394795
0.747520
-0.032794
0.188756
-0.626424
-0.267072
-0.403405
0.342288
0.683581
-0.237570
0.029567
-0.065611
-0.390353
0.178646
0.216633
0.215574
0.000050
0.380541
-0.554921
-0.189448
0.266067
0.127043
0.709011
-0.076233
-0.100296
0.088660
0.043755
0.199452
0.291930
-0.133544
0.128592
-0.064452
-0.174429
-0.408739
0.119683
0.011948
0.491853
-0.428228
-0.151850
-0.112389
0.387002
0.028379
-0.214260
0.216114
-0.058731
-0.643828
0.252926
0.072498
-0.357899
-0.313394
-0.349144
-0.022578
-0.371306
-0.130982
-0.036492
-0.368062
-0.153626
-0.663335
-0.289530
0.206587
-0.627792
0.079391
0.469353
-0.196611
-0.279220
0.229437
-0.159224
-0.005424
0.067306
0.329069
0.575533
0.730670
0.356662
-0.411548
0.480979
0.272202
-0.318230
-0.298151
0.000312
-0.040511
-0.099827
0.241258
-0.159293
-0.104577
0.438257
0.499227
-0.045098
0.429356
0.365148
0.047364
-0.488791
0.413972
-0.574491
-0.073797
0.567193
0.133730
0.396054
0.233735
0.403405
0.200574
0.502764
-0.092048
-0.194858
-0.040801
0.353657
0.332370
-0.129993
-0.324129
0.395695
-0.069284
-0.294780
0.127699
0.384122
0.413359
-0.014602
0.034004
-0.199138
0.307421
-0.305409
0.306995
-0.080750
0.188542
0.213173
0.171817
0.062726
-0.026944
-0.531272
0.105736
0.403477
-0.261562
-0.038778
-0.505322
-0.620305
0.204055
0.342630
-0.355495
-0.307485
0.027019
0.389831
0.032977
0.001781
-0.184260
-0.022940
-0.420596
0.217303
0.518306
0.109946
-0.007786
0.332725
-0.011655
-0.325540
-0.115550
0.521792
-0.012942
0.094939
0.326147
-0.124064
-0.426325
-0.478956
-0.045595
-0.267994
-0.074866
-0.031808
-0.087957
-0.187674
0.342178
-0.326928
-0.040549
-0.445062
0.624062
-0.425674
0.462851
-0.183738
0.146944
0.005735
-0.023302
0.091568
0.730721
0.071077
-0.396222
0.172330
-0.261626
-0.412463
0.388580
0.436422
0.089025
-0.744898
0.589642
0.221871
-0.219599
-0.555910
0.472070
0.396390
-0.361303
-0.405852
0.546113
-0.209108
-0.538710
0.506690
0.215090
-0.293125
0.203633
-0.268731
0.045062
0.283689
0.013521
-0.245065
0.367724
0.093400
0.149993
0.257910
-0.660622
-0.341164
0.287566
0.196323
-0.565529
0.535460
0.068213
0.368882
0.393770
-0.136102
0.308754
-0.543095
-0.207678
0.068233
-0.177039
0.444878
0.151140
0.459268
-0.037501
-0.456182
0.254070
0.662237
0.007439
0.222221
-0.107278
0.368649
-0.530516
0.260852
-0.199251
0.424504
-0.428024
-0.307375
0.391266
0.097004
0.030910
-0.354251
-0.320107
-0.236353
0.111644
-0.356119
-0.218805
0.639010
-0.163756
0.148320
-0.470775
-0.357589
0.397467
-0.546904
0.435528
0.139407
0.149425
-0.020930
-0.223215
0.026340
-0.114816
0.043345
0.581439
0.359304
0.107529
0.393673
-0.060479
-0.158842
-0.101258
0.209529
0.468113
0.027115
-0.185696
-0.640743
0.022714
0.229679
0.135521
0.117949
0.527585
0.281989
-0.174668
0.050914
0.355044
0.086854
-0.516485
0.164142
-0.184640
-0.172913
-0.249366
0.147305
0.560439
0.219742
0.578977
-0.182947
-0.122918
0.142760
-0.137938
-0.104459
0.199200
0.161432
-0.249704
-0.002454
0.285697
0.250226
-0.059074
-0.386311
-0.260421
-0.218996
-0.415571
0.081252
0.003044
-0.223848
-0.536651
0.254389
-0.104003
-0.107141
-0.197478
-0.052060
-0.321712
0.110076
-0.149256
0.301852
-0.053219
0.152200
0.483517
0.482649
-0.327383
-0.153026
0.142401
-0.553105
0.148837
0.040453
0.147804
0.241747
0.013981
-0.684143
-0.164452
-0.219508
-0.242668
0.322150
-0.095304
0.231344
0.172101
0.049935
-0.231462
-0.562196
0.592187
0.254256
-0.311913
-0.273079
-0.387904
0.280850
0.183399
-0.205281
0.228489
-0.417532
-0.427367
0.349819
-0.025259
0.448573
-0.497658
-0.412386
0.457732
0.617367
0.221950
0.343666
0.518229
0.164708
0.299305
-0.435200
0.018793
0.313732
0.217921
0.115120
0.451226
0.576130
-0.532848
-0.071487
-0.248817
0.074642
-0.096109
0.180237
0.604354
-0.499029
0.490339
-0.231165
-0.473360
0.147444
-0.196056
0.049739
0.580701
0.524948
-0.402576
0.227193
-0.179193
0.461583
0.447932
-0.124382
-0.408442
-0.217585
0.152421
-0.072138
0.147221
-0.464315
-0.127296
0.436409
0.221342
-0.465733
0.177869
0.004205
-0.647414
-0.583240
0.339565
-0.282375
-0.384416
-0.131162
0.168884
-0.135142
-0.343363
0.202539
-0.169099
0.037758
-0.138523
-0.051293
0.505422
0.087881
0.344973
-0.226524
0.176739
0.321470
0.476721
0.631906
-0.209877
0.305636
-0.539932
-0.513987
-0.858780
0.302465
0.079509
-0.013960
0.117504
-0.321467
0.275553
0.364255
0.421235
-0.530879
-0.238356
-0.664856
0.324556
0.433921
-0.688506
0.461682
0.432322
0.353807
0.359547
-0.323635
-0.344385
0.365965
0.039424
-0.009536
0.316091
-0.083217
0.643384
0.058363
0.245925
0.136951
-0.125192
-0.070643
0.175712
0.470144
-0.234941
-0.139925
0.117005
-0.220136
0.160616
-0.453123
0.381074
0.547255
0.369848
-0.249995
0.414909
0.135633
-0.327704
0.100867
-0.027453
-0.171850
0.081117
0.313649
0.125474
0.215542
-0.011355
0.180726
-0.199290
0.295513
-0.550545
0.004131
-0.291708
-0.393271
0.301915
0.460684
-0.358618
0.022921
-0.263908
-0.230371
0.160534
0.253826
0.337059
0.068641
0.080656
-0.004542
-0.117237
0.633518
-0.109429
0.226514
-0.375820
-0.199532
-0.355367
0.148967
-0.103061
0.085943
-0.467937
0.248390
0.337851
-0.253901
-0.740670
-0.118114
-0.442063
0.392185
0.425844
-0.091756
0.144744
0.020810
0.161653
0.373194
0.256651
-0.220948
0.336995
-0.330590
0.328886
0.293908
0.214950
-0.143447
0.333193
-0.212018
-0.295972
0.333348
0.005154
0.107440
0.077519
-0.196335
-0.539545
0.216286
0.072759
0.416464
-0.029907
0.300849
-1.047127
0.439381
0.200035
0.104673
0.554693
0.081598
-0.148972
-0.405600
0.254263
0.039995
0.056594
0.204798
-0.353664
-0.049813
0.498655
0.032548
-0.447611
-0.431963
0.132473
0.209130
-0.028248
0.305080
0.521357
0.623864
-0.377462
-0.025830
-0.483378
0.361410
0.458129
0.485162
-0.317865
-0.178040
0.139421
0.410418
-0.258866
-0.255831
-0.109777
0.066159
-0.252396
-0.006287
0.477129
-0.463015
0.052557
-0.050847
0.311954
0.602493
0.241569
-0.159371
0.544852
-0.056186
0.171200
0.287653
0.550762
-0.118303
-0.509865
-0.687769
-0.552005
-0.435145
0.264832
-0.225406
-0.281476
-0.141647
-0.506894
-0.116244
-0.301757
-0.025747
0.165124
-0.320323
-0.510533
-0.467908
0.087035
0.472578
0.346751
-0.074149
0.086093
0.650456
-0.690302
-0.075288
-0.235228
-0.497277
-0.467209
0.354417
0.816455
-0.110917
-0.403815
0.278658
-0.098328
-0.303786
-0.108750
0.262208
0.274762
-0.643501
0.234119
0.518093
0.279459
-0.152877
-0.072547
-0.319071
0.216575
0.236870
-0.299188
