0.268754
-0.125533
-0.510250
0.028550
-0.309746
-0.312793
0.110145
0.194745
-0.143355
0.027902
0.100233
-0.287765
0.126286
-0.633026
0.008568
-0.198659
-0.346568
-0.352486
0.296398
0.622682
0.082667
0.128371
-0.487553
0.102546
-0.222774
0.471626
0.017283
0.352938
0.202488
0.133234
-0.377918
0.336961
-0.272568
-0.277291
-0.361471
0.272773
0.092957
-0.207210
-0.251075
0.455135
0.289153
-0.641768
-0.292696
0.295650
-0.387450
0.333368
0.530914
-0.089883
-0.088796
-0.530257
0.409066
-0.120248
0.443321
0.328012
0.200064
0.452229
-0.066950
-0.123911
0.581928
0.459798
0.119699
-0.192591
-0.416237
-0.389645
-0.494414
0.386839
-0.676047
-0.426479
-0.046837
-0.366862
0.072127
-0.496458
0.088504
-0.211096
0.065821
0.232583
0.341763
0.231262
0.486355
-0.546440
0.005766
-0.208631
-0.594758
0.233315
-0.678976
0.624746
-0.115878
-0.165822
0.130032
0.147235
-0.016971
0.158227
0.034017
-0.287953
-0.487224
-0.082532
-0.214712
-0.434580
0.245766
0.382472
-0.027152
-0.025813
-0.074683
-0.058777
-0.109501
0.524850
-0.216126
-0.572431
-0.017755
0.181628
-0.160268
0.461040
0.129696
-0.113978
-0.029339
-0.428161
-0.134761
-0.220394
-0.101208
0.155584
0.108777
0.693787
-0.481230
-0.480784
-0.337829
0.323164
-0.271003
0.248175
0.670019
0.414575
-0.105830
0.538903
0.191326
0.311989
-0.390072
0.458901
-0.445898
-0.572186
-0.047856
0.056114
-0.028555
-0.090076
-0.141864
0.303410
-0.576975
-0.348083
-0.396681
-0.368952
-0.131954
-0.389734
-0.467703
-0.567784
0.200003
0.182811
-0.441750
0.793363
-0.257535
-0.347259
0.169109
-0.233573
-0.161305
0.404350
0.395950
0.247592
0.367833
0.518438
0.078522
-0.394303
-0.242322
-0.230193
0.514143
-0.129204
-0.153908
0.071978
0.128691
-0.302925
-0.261445
0.047074
0.202036
-0.014973
-0.164400
-0.419630
-0.450264
-0.019394
-0.289289
0.397138
-0.547925
0.259736
0.122997
0.324362
-0.201847
-0.495134
0.269937
-0.087295
0.437027
-0.176518
0.351653
-0.135956
0.196195
0.312427
0.743593
0.554862
-0.640215
-0.174796
-0.140423
-0.232892
0.536968
-0.319514
-0.172493
0.003306
-0.014144
-0.056572
-0.219730
-0.178816
0.274315
0.087648
0.618993
-0.546505
-0.247431
-0.319380
-0.471650
0.285826
0.126882
-0.077284
0.263348
-0.059271
0.221797
0.111963
-0.049624
-0.102093
-0.085228
-0.034943
0.277106
-0.261429
-0.410874
-0.375888
-0.105485
-0.257606
-0.265149
-0.445305
0.085526
-0.536548
-0.398436
0.018595
-0.388201
0.341479
0.287473
-0.327265
-0.395316
0.093151
0.275073
0.337468
0.481465
0.288594
0.333705
0.507732
-0.169470
0.397289
0.069490
-0.460722
0.015471
0.079250
-0.340253
0.007155
0.430940
-0.096795
-0.165994
0.051764
0.154416
-0.176894
-0.173718
-0.468875
0.488305
-0.118655
-0.542903
0.373940
0.172894
-0.167370
-0.275390
-0.101784
0.457566
0.119344
-0.342213
0.349128
-0.281789
-0.101356
-0.059538
-0.192102
0.564355
-0.418477
-0.263462
-0.492567
0.388438
-0.383414
-0.043249
-0.155860
0.496653
0.060456
0.638888
0.004751
0.071781
-0.051482
0.258394
-0.250470
-0.072140
-0.009611
0.163285
-0.006035
0.095055
0.418702
0.496717
-0.485474
0.494300
0.027094
0.436640
-0.489412
-0.448851
-0.050716
-0.350399
0.325856
0.193354
-0.273043
-0.085988
0.735618
-0.584041
0.532685
-0.134712
0.477884
-0.174615
-0.408346
-0.244132
-0.382769
0.266830
-0.200199
-0.006297
-0.329929
-0.408734
-0.638486
0.284011
0.040303
0.197668
-0.321497
-0.079394
0.501070
-0.276002
0.445218
0.030742
0.054074
0.307927
0.187472
-0.035820
0.207745
-0.282710
0.283123
-0.178771
-0.215435
0.188113
0.226830
0.243905
0.220343
-0.120248
0.419533
-0.165494
0.072507
0.240241
-0.424969
0.351082
0.305431
0.127989
-0.405374
0.527790
0.385502
-0.044358
0.399372
0.525713
0.002020
-0.361545
0.041143
-0.067384
0.408443
0.020333
-0.572521
-0.421107
0.317615
-0.194241
0.283843
-0.598215
-0.560544
-0.107913
0.325338
-0.012140
0.035830
0.182764
-0.338196
-0.021142
0.028048
-0.376372
0.245624
0.403491
-0.428676
0.049254
-0.206644
-0.286691
-0.058060
0.287398
-0.502461
0.439818
-0.338213
-0.071236
0.276208
0.015335
-0.752693
0.300349
-0.186975
-0.108552
-0.226712
-0.088759
0.116094
0.292326
-0.595290
-0.045952
-0.360359
0.300499
0.154823
0.656506
-0.204806
-0.057432
0.299783
0.484393
-0.110153
0.478678
0.176683
-0.832649
0.100866
-0.390882
-0.369060
-0.002231
0.881664
-0.047300
0.075062
0.058323
0.203992
0.369227
-0.255796
0.384858
0.021661
-0.278960
-0.580445
0.342811
-0.240724
-0.095437
-0.196363
0.014568
-0.113106
0.107490
-0.186698
-0.177033
0.013965
-0.217124
0.273489
-0.077693
-0.150838
-0.722335
0.078167
0.424348
0.023834
0.287273
0.026027
0.143901
-0.700994
-0.123729
0.642107
-0.643487
0.543048
0.173110
-0.321241
-0.097560
0.400877
-0.265851
-0.446299
0.137573
0.021901
-0.468760
0.072347
-0.310153
-0.366597
0.602728
-0.408061
-0.555122
-0.138067
0.227626
-0.117129
-0.315163
-0.140156
0.025062
-0.573372
0.174091
0.232824
-0.006854
0.379556
-0.358145
0.026164
0.422376
0.094028
0.267432
-0.530461
-0.161854
0.250388
-0.390065
0.086834
-0.094787
0.046325
0.013027
0.039323
-0.559767
-0.307068
0.419915
-0.331751
0.493772
0.487539
-0.099660
0.458063
-0.299753
0.447885
0.013628
0.258280
-0.304720
0.315848
-0.590087
-0.559681
-0.496272
0.272408
0.095880
0.522409
0.429109
-0.521121
0.199438
0.253057
0.166805
-0.358415
-0.144661
0.305703
-0.208617
-0.690274
0.637314
-0.139959
-0.190454
0.320692
-0.292251
-0.172309
0.013573
0.320880
0.140013
-0.124899
-0.166559
0.038760
0.188840
0.003418
0.412589
0.007888
0.437405
0.560589
0.382911
0.078534
-0.557659
-0.360517
-0.055221
-0.358183
-0.378316
0.008331
-0.300983
-0.037089
0.409064
0.089067
-0.344224
-0.009610
-0.122423
-0.343363
0.387479
0.397960
-0.023687
-0.552677
-0.204337
0.027076
-0.284434
-0.108309
0.391341
-0.094669
-0.607808
0.165454
-0.134062
0.361669
0.516615
0.243855
-0.286696
-0.539338
0.201024
-0.375975
0.445822
-0.290498
0.268531
-0.381071
0.271679
-0.544538
-0.529249
0.067861
-0.227411
-0.387241
0.087798
0.063953
-0.522319
-0.012946
0.305461
0.169933
0.102650
-0.649578
-0.406307
0.184400
-0.590741
0.249321
0.444451
-0.071174
-0.213706
0.102513
0.183713
-0.238374
-0.048767
-0.571873
-0.493057
-0.717653
-0.411569
0.401622
-0.127651
0.234436
0.382102
0.373204
-0.306216
0.315777
0.141321
0.574245
0.624183
-0.319806
-0.453542
-0.138112
0.719346
-0.099517
0.424479
0.026171
-0.056957
0.269944
0.161982
-0.277696
0.064600
0.113296
0.410949
0.189371
-0.562657
0.418366
0.013323
0.296418
-0.316972
0.388033
0.067113
0.407208
-0.156851
-0.146229
0.637082
-0.336530
0.266081
0.533008
0.190629
-0.223834
-0.332350
-0.382994
0.310033
0.407860
0.075982
-0.028247
-0.094732
-0.171229
0.479500
0.067376
0.062937
-0.603335
-0.122383
-0.347705
-0.170300
-0.154573
-0.141941
0.155937
0.173353
-0.054248
-0.315216
0.073601
-0.274118
-0.492299
0.338476
-0.229688
0.257545
-0.438743
-0.438764
-0.013034
0.091446
0.652452
-0.413031
0.517923
-0.255871
-0.414920
0.038589
0.729486
0.003437
0.208889
-0.172169
0.088125
0.146506
-0.204529
-0.429539
0.102824
0.359233
-0.130556
0.205099
0.023092
0.260365
0.880348
-0.376444
0.093679
0.219450
-0.541384
-0.216257
-0.002736
-0.042840
0.338162
-0.092438
0.411578
-0.444082
0.013471
-0.420032
0.332932
-0.599611
-0.331774
0.545915
0.317278
0.043554
-0.515025
0.498634
-0.327623
0.193633
0.090457
-0.737797
0.588790
-0.599230
-0.115869
-0.009553
0.274632
-0.015625
-0.082711
-0.389609
0.029319
-0.096804
0.382917
0.591960
0.075110
0.575801
0.555583
0.281450
0.077035
0.110186
0.615766
-0.216182
-0.378807
0.171252
0.373918
-0.124544
-0.139607
-0.276505
-0.337860
0.502463
-0.463332
-0.574310
-0.262439
0.847413
-0.188796
0.137336
0.568972
-0.284368
0.130635
0.151266
-0.000113
0.181906
-0.193820
-0.153902
-0.337420
-0.077131
0.344569
0.075914
0.345521
0.318697
0.520953
-0.103262
-0.052280
0.383572
0.222583
0.389076
-0.206596
-0.226400
-0.013405
-0.414132
0.273681
-0.113487
-0.331586
-0.013968
-0.036052
-0.207784
-0.217064
0.427941
0.240798
