-0.186665
-0.165284
-0.224720
-0.470097
-0.187692
0.205714
0.390547
-0.014658
-0.299080
0.146608
-0.029531
0.118777
0.443099
-0.168529
0.062745
0.204931
-0.507133
-0.310630
0.000824
-0.129039
0.243961
-0.293604
0.061521
-0.037606
0.049930
0.531565
-0.511213
0.195244
0.291180
0.013990
-0.133883
-0.296078
-0.341844
-0.258960
-0.337734
0.475713
0.079211
0.100786
0.108247
-0.412386
0.436501
-0.455728
-0.044259
0.052927
-0.041186
-0.000790
0.445867
-0.430500
0.179602
0.017566
0.014550
-0.247593
0.119812
0.062474
-0.505905
0.538442
0.120126
-0.082515
0.386784
0.549117
0.436997
-0.373086
0.120466
-0.231715
0.008989
-0.477127
0.441266
-0.237766
-0.290415
0.100062
0.129273
0.086508
0.288452
0.237309
0.253415
0.119122
-0.126600
0.020233
0.491677
-0.085816
-0.173793
0.002571
-0.358018
-0.345410
-0.479480
-0.160883
-0.252890
-0.038991
0.464257
0.504954
0.085302
0.262123
-0.809922
-0.061451
0.415078
0.007744
-0.412061
-0.140131
0.188198
0.559053
0.662667
0.025431
-0.239450
0.611444
-0.317997
0.517099
-0.331900
-0.403979
-0.034751
-0.397594
0.193411
0.589970
0.405751
0.152051
-0.257365
0.339714
0.334203
-0.241042
0.175207
-0.316368
-0.352941
0.091975
0.359896
-0.499980
-0.318574
-0.317365
0.105070
0.290148
-0.042538
0.571491
-0.568957
0.386889
0.209166
0.159471
-0.476050
-0.254396
0.030709
0.223585
-0.404936
0.082594
0.188976
-0.171651
0.154368
-0.136386
-0.715093
-0.227335
0.119086
0.394845
0.217864
0.072543
-0.274755
-0.367862
0.151401
-0.095790
0.029299
-0.447991
0.578455
-0.184599
0.143710
-0.409519
0.182724
-0.055478
0.465653
-0.924611
-0.166197
0.557835
0.239109
0.110295
-0.625576
-0.230193
0.134234
0.076437
0.244566
-0.378402
0.109409
-0.584974
0.397722
-0.130521
-0.042792
-0.161240
-0.405043
-0.148794
-0.069701
-0.442196
0.349831
-0.588867
-0.545434
0.662910
-0.037107
0.022468
-0.413471
0.478493
-0.329875
-0.186757
0.071423
-0.371377
0.068427
0.175513
-0.563176
-0.549279
0.339912
0.224930
-0.347300
0.012724
0.184314
0.155399
0.057754
-0.025181
0.214987
0.314564
0.505381
0.261015
-0.212775
0.295929
0.004064
0.185606
0.226589
0.284219
-0.005926
0.295242
-0.400947
-0.531670
-0.581850
-0.029207
0.157328
0.669215
0.159538
0.256742
0.302960
0.087889
0.138452
-0.357525
-0.115996
0.127754
0.042251
-0.250733
0.270946
0.175936
0.205967
-0.395374
0.456785
-0.524704
0.391433
-0.191557
-0.478924
-0.006575
-0.307268
0.134667
0.024043
-0.170798
-0.130352
0.464319
0.665693
0.490827
0.163939
-0.325540
-0.144162
-0.185467
-0.194152
-0.246324
0.435242
-0.102107
-0.265556
-0.278310
-0.220044
0.335602
-0.530882
0.044104
-0.108804
0.053665
-0.218925
-0.205876
0.188972
-0.455945
-0.380270
-0.419476
0.063650
0.176725
-0.223360
-0.205186
0.314937
-0.023054
-0.054732
0.271859
-0.035441
-0.491227
-0.164701
-0.014689
-0.356033
0.115552
-0.036145
-0.279304
-0.090884
-0.447143
0.514995
0.450997
-0.042757
-0.606331
0.207287
0.356944
0.293011
-0.585962
-0.438496
0.585501
0.016186
-0.063061
-0.411190
-0.068050
0.134658
-0.257538
-0.211508
-0.119988
-0.481789
-0.178073
0.233084
-0.185840
-0.401814
0.309463
-0.361367
0.418431
-0.447780
0.338806
-0.546551
0.017017
-0.351210
0.149174
0.578691
-0.326686
0.218365
-0.041129
0.080695
-0.658684
-0.013260
-0.638563
0.095889
0.037460
-0.355503
-0.483734
0.268067
0.187667
-0.414472
-0.110345
-0.017467
0.056917
0.472757
0.536077
-0.156571
0.016748
-0.468238
0.277534
-0.157045
-0.332722
-0.113830
0.193365
-0.271338
0.168523
-0.199470
0.074347
0.415611
-0.149849
-0.116115
0.385043
-0.339825
0.615272
0.083177
-0.045280
0.154267
-0.684324
0.040762
-0.469152
0.345904
-0.016960
-0.109646
0.048956
-0.140454
0.172397
0.297989
-0.145777
0.279833
0.044301
-0.140230
-0.612176
-0.105146
-0.004671
-0.614345
0.321725
0.290727
-0.270869
0.180805
-0.411584
-0.181975
-0.410232
0.331833
0.127835
0.328820
-0.038029
0.243762
-0.064425
0.200133
-0.042815
-0.359250
0.313397
-0.203642
0.522506
-0.266299
-0.104557
0.209785
-0.518036
-0.211509
0.402316
0.090309
0.407115
-0.308037
0.836515
-0.333114
-0.205035
-0.026144
0.025401
0.449834
-0.124509
0.212037
0.303598
0.270550
0.568121
0.356147
-0.296650
0.335203
-0.128444
0.558121
-0.133348
0.015363
0.119590
0.365142
-0.360503
-0.292192
0.200910
-0.012174
0.061402
-0.262633
0.737515
0.276179
0.199474
0.401372
-0.284694
0.398450
0.409817
0.055142
-0.510683
-0.552922
-0.377611
0.204066
0.069739
0.071874
0.045407
0.419183
0.051760
-0.033264
-0.051693
0.478838
-0.070226
0.423002
-0.216892
0.119929
0.017310
-0.316258
-0.011094
-0.127804
0.128133
0.237026
-0.483786
0.219151
-0.538737
-0.696016
0.536900
-0.050177
0.249388
0.363311
0.064268
0.252918
0.026638
-0.654738
0.063877
-0.504462
0.468972
-0.026894
0.109393
0.400309
-0.646018
-0.023643
0.084343
0.451022
-0.008516
-0.014175
0.473548
0.180688
0.201946
-0.395628
-0.467556
-0.151502
0.533340
0.016268
-0.272921
-0.301527
0.429574
0.310160
-0.674125
0.459731
-0.525588
-0.591109
-0.219318
-0.496131
-0.040765
0.250020
-0.477796
0.155966
0.251763
0.318138
0.033055
-0.256205
0.140065
0.380822
-0.350975
-0.300850
0.148054
0.369979
0.177194
0.219382
-0.036591
-0.520444
0.159592
-0.434292
-0.223219
0.014916
0.036084
0.310432
-0.128634
-0.292982
-0.261229
0.137528
-0.555097
0.448112
-0.537182
0.338636
-0.410637
-0.085582
-0.565670
0.390478
-0.356191
-0.196903
-0.503202
0.394609
-0.224676
-0.664398
0.438177
-0.162671
0.099031
0.120569
-0.092718
0.210072
-0.257469
-0.215800
-0.052411
0.180264
0.076874
0.306445
-0.281934
-0.316034
0.054970
0.392353
0.308511
-0.167712
0.585357
0.149776
0.153335
-0.128427
-0.057859
-0.510918
-0.294988
-0.412690
0.489474
0.239785
-0.380832
-0.421281
0.478700
-0.831987
-0.057197
0.105344
-0.311774
0.442237
0.456123
-0.159183
-0.361731
-0.251300
0.200161
0.270570
-0.872656
0.628841
-0.166406
-0.079575
0.311436
0.461480
-0.751361
0.146579
0.813903
0.612482
-0.191499
-0.484018
0.008800
-0.521070
0.503939
-0.444495
0.028296
0.091338
-0.632209
0.105598
-0.466539
0.574912
0.175577
0.341236
0.431171
-0.353724
-0.066060
-0.476164
0.286542
0.194065
0.047894
-0.120089
0.014033
0.512638
-0.114645
-0.161966
-0.554892
0.084433
-0.402050
-0.268860
-0.109077
-0.242079
-0.253175
0.561009
0.154363
0.654104
-0.041197
-0.476089
-0.074589
-0.676209
0.386476
0.118902
-0.326276
-0.548236
0.333064
-0.298420
-0.500389
0.033478
-0.517835
-0.391332
-0.614400
0.258868
0.318840
-0.419148
0.377109
-0.635720
-0.176403
0.155886
-0.301347
0.061020
0.191934
-0.583216
-0.277484
-0.174353
-0.548906
-0.300473
-0.191094
0.385267
-0.051454
0.265755
-0.009729
-0.103852
0.276990
0.208229
0.224021
-0.282001
0.123818
-0.222356
-0.238566
-0.427627
-0.030283
-0.050318
-0.320456
0.224964
0.409150
-0.033307
0.067303
-0.025015
-0.177390
-0.140550
0.025999
0.257354
0.455161
-0.168781
0.102672
-0.074247
-0.697488
0.186550
0.251143
-0.169397
0.539240
0.105390
-0.076979
0.312231
0.285160
0.054769
-0.390599
0.105312
-0.003225
0.143136
0.472812
-0.523534
-0.158829
-0.346717
0.128012
0.109401
-0.380839
-0.050630
0.219373
-0.064165
-0.054408
-0.578978
0.093076
-0.081227
0.068367
-0.118697
-0.181782
0.005802
0.492821
-0.060363
-0.167897
-0.023609
0.439114
-0.325997
-0.161710
0.624134
0.385559
-0.071422
-0.424095
-0.644298
0.219051
-0.317752
0.193177
0.288488
-0.067460
-0.378253
-0.120308
-0.539795
0.287191
-0.300940
-0.251453
-0.601526
-0.369784
0.025145
-0.133260
-0.310538
-0.066636
-0.242589
0.113222
-0.191114
-0.681554
-0.428821
0.083945
-0.390808
-0.022522
0.484472
-0.085243
0.118761
0.696810
-0.098392
-0.241957
-0.117893
0.238477
-0.306511
-0.296373
0.910790
-0.365879
-0.195813
0.500477
-0.471345
-0.303322
-0.435811
0.120937
0.080022
0.197578
-0.097506
0.244553
0.190563
0.189280
-0.154993
-0.104751
0.394380
0.056827
0.040820
0.312321
0.054765
-0.085281
0.473797
0.270945
-0.298370
0.234641
0.416596
-0.907392
-0.126780
0.477702
0.046483
0.072899
-0.190395
0.400248
-0.025644
0.476652
