-0.207297
-0.417015
-0.023956
-0.068226
-0.025916
-0.158011
-0.074845
-0.025679
-0.131317
-0.007213
0.190224
0.483366
-0.041114
0.234712
0.487897
0.215556
-0.547793
0.079493
-0.021986
0.478073
0.125393
0.438388
-0.192872
-0.441614
-0.468504
-0.377433
-0.039397
-0.128142
0.138012
-0.058889
-0.600172
0.447577
0.349119
-0.167798
0.238280
0.195569
0.005751
-0.134221
0.577398
0.102724
0.095637
-0.033237
-0.108271
-0.076139
-0.479336
-0.080014
-0.362644
0.253267
0.487798
-0.178239
0.350358
-0.380292
0.660564
-0.561877
0.181686
0.216690
0.070136
0.050261
-0.352417
-0.346054
0.363998
-0.582785
0.232251
-0.640893
0.029555
0.151870
-0.085288
0.293337
-0.077993
-0.160656
0.037468
-0.437158
0.259562
0.124964
0.367169
0.380454
-0.250710
0.109168
0.291756
-0.358610
-0.158569
-0.244284
0.437212
-0.160763
-0.389557
0.481500
-0.356582
0.329413
-0.163663
-0.361725
-0.066965
0.224987
-0.364420
-0.082864
0.679152
-0.043572
0.075346
0.032027
0.466275
0.386202
-0.029932
-0.009735
-0.224398
-0.513381
0.490242
-0.552461
-0.453589
0.546976
0.219669
0.084545
-0.060976
0.120531
0.038424
-0.576792
-0.134869
-0.222244
0.136028
-0.239801
0.457058
-0.090149
-0.042960
0.377406
0.256009
-0.184688
-0.168475
-0.094947
-0.136596
0.254850
0.201822
-0.110241
-0.190690
-0.611688
-0.035964
0.045284
-0.542459
0.135865
0.193671
-0.157382
0.444146
-0.040860
-0.036271
-0.188595
-0.103791
0.125353
-0.070430
0.222339
-0.127633
-0.069125
-0.169759
0.083358
0.110105
-0.330268
0.460691
-0.207781
-0.382821
0.245265
0.065134
-0.381403
-0.544928
-0.339106
0.187612
0.513487
-0.384169
-0.145764
0.166508
0.175218
-0.148872
-0.158000
-0.317149
-0.525038
0.208667
0.437613
0.249530
-0.451920
0.421051
-0.637522
-0.179885
0.205759
0.022179
0.262035
-0.161852
-0.627013
0.252979
-0.324339
0.088074
0.345914
0.546825
0.308484
-0.176945
0.265970
0.347596
0.391317
-0.059417
-0.268122
0.264519
0.033598
-0.359256
-0.638494
-0.159872
-0.271793
-0.527310
0.068538
-0.260429
0.333962
-0.205432
0.334440
0.031720
-0.214992
-0.250554
-0.059741
0.342884
0.346866
0.564161
0.109827
0.243066
0.217443
-0.114670
-0.652534
0.023861
0.038715
0.343511
-0.038225
0.656518
-0.153903
-0.121465
0.340448
-0.256936
-0.363507
0.095933
-0.013894
-0.414692
0.309687
0.257896
0.065382
-0.209501
-0.285452
0.407926
0.093062
-0.447503
0.751977
0.358727
-0.451840
0.100382
0.196376
-0.413805
-0.024021
0.415545
-0.397311
-0.212870
0.226809
-0.195394
-0.256833
-0.340402
-0.071789
-0.231169
-0.292531
0.145578
-0.435597
-0.406823
-0.460722
0.225836
-0.395293
0.342845
0.394041
0.141334
0.057989
-0.601886
0.036595
0.395053
-0.391895
-0.374355
-0.155615
0.211592
-0.505574
-0.092950
-0.180794
-0.040243
0.365394
0.103493
-0.195982
0.237113
-0.330257
0.116082
0.468559
0.199130
0.089559
-0.128531
-0.306915
0.379116
0.470894
0.122011
-0.366177
-0.432755
0.196957
0.218611
-0.040130
-0.319163
-0.477269
-0.586523
-0.297455
0.115620
-0.160980
0.252513
0.192419
-0.231811
-0.065901
-0.093655
-0.221086
0.069218
-0.126233
-0.278811
-0.775413
0.087717
-0.026013
0.728967
0.354737
0.070811
-0.585511
-0.182692
0.122438
-0.544958
0.505571
-0.144257
0.450112
-0.098486
0.325391
-0.334424
0.105875
0.154897
0.514937
0.155693
0.083746
0.350715
0.307693
-0.074479
-0.565288
-0.313866
0.243451
0.172520
0.229530
-0.544263
-0.306015
0.722204
0.387281
0.356564
-0.614299
0.071960
0.024035
0.206400
0.454624
0.538947
-0.240838
0.008866
0.445473
-0.127813
-0.295792
0.133532
-0.368229
0.283696
0.054720
0.510311
0.292409
0.412046
0.181374
0.590536
0.536674
0.155270
-0.544734
0.163528
-0.030974
0.191593
0.231348
0.059795
-0.067723
-0.153061
0.140204
-0.416480
0.042723
-0.197382
-0.311403
-0.320649
-0.101305
0.092238
-0.776690
-0.441706
-0.524222
0.405336
-0.153623
0.381060
0.228076
0.260995
-0.266081
0.272340
-0.398309
0.012302
-0.021489
0.392992
0.038271
0.237940
0.489515
-0.143637
-0.115854
-0.127197
-0.529845
0.074952
0.004895
-0.027126
0.029535
-0.193867
0.142096
-0.417786
0.264142
0.044240
0.355019
0.203180
-0.112551
-0.692195
0.030866
0.123636
-0.229493
-0.242020
0.043731
0.089459
-0.790633
0.593605
-0.186437
-0.113353
-0.403764
-0.148492
-0.153300
0.429729
0.225734
0.041117
-0.680598
0.052631
-0.100463
0.366874
-0.553142
-0.452749
0.300962
0.308704
0.567379
-0.233196
0.338976
-0.201525
-0.203437
0.111878
0.272447
0.020168
0.059446
0.202372
-0.044715
-0.247490
-0.344869
-0.276038
-0.738924
0.103544
-0.436848
-0.174521
-0.145774
0.454195
-0.139998
0.168257
0.699759
0.265556
-0.048562
0.439694
-0.087715
-0.156656
0.333449
-0.130976
-0.528768
0.372009
-0.480682
0.790949
0.105452
-0.314738
0.243414
-0.116754
0.509064
0.451242
0.680501
-0.042640
0.004203
-0.258815
-0.040245
0.389594
-0.303236
-0.243820
-0.310574
-0.316195
-0.208654
0.628594
-0.179464
-0.430756
0.341351
-0.538069
-0.509568
0.072077
0.376484
0.119537
0.514875
-0.475606
-0.407256
-0.474811
-0.376225
-0.583531
0.085168
-0.406511
0.384339
-0.121729
-0.180645
-0.269423
-0.128184
-0.237540
-0.192644
-0.420634
-0.482477
0.061310
-0.263151
0.362266
0.245314
0.000422
-0.033088
0.098112
0.712159
0.202066
0.049277
0.174692
0.342990
-0.043189
0.031964
-0.462072
-0.105702
-0.408186
-0.036755
-0.273509
-0.352304
-0.125870
-0.569413
-0.062904
-0.466348
-0.375216
0.441531
0.016491
0.151578
0.190625
-0.361594
-0.559939
0.212805
0.028913
0.497177
0.317565
-0.019279
-0.320771
-0.437726
-0.409773
0.808527
-0.409634
0.118663
0.315361
0.201358
-0.296738
0.407864
0.573058
-0.061565
-0.184909
-0.246659
0.523484
-0.111801
0.122362
0.199299
0.412680
-0.131388
-0.380878
0.503973
-0.073070
-0.088903
0.446146
-0.165554
0.240839
-0.024172
-0.553164
0.566713
-0.357355
-0.174905
0.047037
-0.512995
-0.059411
-0.125685
0.195944
0.375075
0.140203
0.211663
0.492953
-0.300760
-0.274279
-0.096719
-0.025142
0.528131
0.514927
0.234576
0.461284
0.278144
-0.408766
-0.229364
-0.253021
-0.119802
0.447565
0.236616
-0.363066
0.504316
0.156245
0.022285
0.617024
-0.079711
-0.272963
0.269306
-0.105255
-0.280580
-0.150219
-0.420156
0.107030
-0.004710
0.327374
0.178912
-0.458781
0.057257
0.444823
-0.415542
-0.542631
0.093966
0.191881
-0.575184
-0.446783
0.158124
0.072201
-0.377375
-0.060753
-0.290326
-0.024169
-0.016118
-0.466788
-0.545943
0.048697
-0.282371
0.201395
0.241986
0.063526
-0.015706
-0.360298
0.103517
-0.114648
0.292832
0.360847
0.217148
0.324486
-0.210258
-0.369769
-0.151430
-0.296976
-0.041361
-0.510790
-0.079416
0.188251
0.387075
0.560465
-0.204815
0.113455
0.661306
0.037352
-0.641223
0.022020
0.009625
-0.062952
0.215324
0.012956
-0.033095
-0.019074
-0.063517
-0.176083
0.550978
-0.625721
0.228497
-0.472945
-0.570206
-0.069845
-0.383776
0.397473
0.353682
-0.032956
-0.035594
-0.299965
0.459688
0.280013
-0.451219
0.077651
-0.159441
-0.050918
-0.216130
0.538267
0.239281
0.384802
-0.126572
0.343077
-0.185958
-0.456765
0.384215
0.335722
-0.308288
0.078766
0.464269
0.213134
0.140428
-0.832078
-0.549789
0.263324
0.102824
0.347022
0.264676
0.517384
-0.481275
0.082109
0.274373
0.189086
-0.131366
0.379750
0.144097
-0.218463
-0.002736
-0.407723
-0.293250
0.498713
-0.021184
0.135271
-0.367233
-0.030621
-0.308810
0.137460
-0.401575
0.152794
-0.272134
-0.130441
0.490347
0.019915
-0.157489
-0.105411
0.225831
0.446835
-0.379768
0.149464
-0.346801
-0.536684
0.335104
-0.223835
0.054342
0.331118
0.052557
-0.197386
0.006192
0.214909
-0.174969
0.433874
0.192257
0.459624
0.175811
-0.239406
-0.190391
0.155610
-0.558916
0.283739
-0.024138
-0.222151
0.574411
0.019856
0.117226
0.529346
0.291587
-0.453185
-0.375466
-0.109394
0.310954
0.157806
0.189423
-0.364150
-0.228963
0.314860
0.260862
-0.276295
0.290686
0.191944
-0.055443
-0.333041
-0.202319
0.150954
0.348014
0.219442
-0.079253
0.294019
-0.131749
0.124473
0.172505
-0.273476
-0.292822
-0.186200
-0.400688
-0.576704
0.597754
-0.354839
0.277627
-0.010636
0.160892
0.241649
-0.181755
-0.068113
-0.307026
