-0.150839
-0.256211
-0.122114
0.043004
0.007852
-0.344498
0.176440
0.230870
-0.107706
0.157205
0.247591
0.254790
0.193640
-0.309959
0.251867
0.505412
0.419156
0.417432
0.208414
0.501458
0.029988
-0.255462
0.024160
-0.080103
0.525876
-0.485766
-0.360900
-0.291586
-0.198921
0.294165
-0.030210
-0.058092
-0.233581
-0.153194
-0.640158
0.424986
-0.088714
-0.185088
0.085946
-0.221059
-0.200668
0.264866
-0.071934
0.527762
-0.484182
0.353639
-0.422006
0.422216
0.110932
0.121160
-0.337020
-0.373641
0.256677
0.379820
0.271264
0.424106
0.277303
-0.127979
-0.155118
0.351177
-0.090496
-0.369164
0.348793
-0.312290
0.314930
-0.649575
0.115395
0.120626
0.059768
-0.009298
0.285991
-0.547744
-0.174661
0.191636
0.111823
-0.362828
-0.228053
0.265058
-0.124135
-0.154302
-0.004079
0.489635
-0.454660
-0.009475
-0.101236
-0.315247
0.423307
-0.087935
-0.294168
-0.387449
-0.106611
-0.326295
-0.007980
-0.076342
-0.283486
-0.172977
0.185127
-0.547796
-0.202315
0.387447
0.491295
-0.154639
-0.150523
0.111575
0.158956
-0.289440
-0.061269
0.340228
0.274572
-0.155761
0.395473
0.322530
-0.199026
0.185110
-0.084225
0.102231
0.268962
-0.097580
-0.170395
0.533790
-0.231154
-0.577466
-0.291724
0.406663
0.053189
0.204663
-0.178886
0.317197
-0.019341
-0.101274
0.468251
-0.163106
0.361283
0.061424
-0.466571
-0.133262
0.187929
-0.312277
0.446526
-0.481370
0.106241
0.198445
-0.414213
0.080833
-0.664738
0.267555
-0.142302
-0.413541
0.413336
-0.296870
-0.158063
-0.189230
0.050296
-0.022592
-0.003801
0.552027
0.506213
0.669151
-0.240671
-0.326610
-0.161716
-0.277400
0.868032
-0.209381
0.233247
0.659821
-0.011965
0.159322
0.177876
0.207258
0.361018
0.414534
-0.301005
0.584053
-0.581537
0.141153
0.181594
-0.037287
-0.070756
0.357158
0.032373
-0.326849
0.077529
-0.319825
0.349831
-0.031514
-0.027482
0.016800
-0.063421
0.131675
0.674669
0.075649
0.069447
0.184011
-0.047607
-0.052041
-0.027596
0.306531
0.078726
-0.022434
0.089574
0.158461
-0.295789
-0.009182
0.039643
-0.097936
-0.396186
0.057730
0.079541
-0.018261
0.183496
0.322514
0.060234
0.119341
-0.063488
0.144908
0.179827
-0.476808
0.693013
-0.070147
-0.097120
-0.237296
0.072350
0.009316
0.039481
-0.021269
0.417070
-0.115827
0.159856
-0.236583
-0.394223
0.066545
0.242599
-0.160585
-0.423220
0.129811
0.635412
-0.099643
-0.635530
-0.051973
-0.308908
0.224695
0.082739
0.162399
-0.300554
-0.017486
-0.064283
-0.120553
0.341450
-0.171808
-0.133701
-0.344005
-0.038107
-0.173624
0.152009
0.117807
0.246295
0.251474
0.182374
0.291556
0.366989
0.135219
0.026653
0.426184
0.201420
-0.230027
-0.055495
0.447555
-0.228761
0.068536
-0.234423
0.267772
0.061904
-0.480466
0.568599
-0.292878
0.107788
0.475195
0.194779
-0.033794
0.117884
-0.050196
-0.210257
0.243189
-0.157377
-0.202868
0.217622
-0.567980
-0.407192
0.519212
-0.062062
0.114185
-0.134593
-0.294925
0.407680
-0.022371
-0.458266
-0.066015
-0.285871
0.466895
-0.629902
-0.106737
0.171878
0.081939
-0.037162
-0.324643
-0.038447
-0.061537
-0.154434
0.482826
0.066414
0.080126
-0.203683
0.004301
-0.282237
-0.300655
0.666915
-0.218359
0.131362
0.212772
0.029362
0.035335
-0.532133
0.089727
-0.703705
0.076113
-0.290153
0.051901
0.014020
0.133534
0.032460
0.251178
-0.283523
0.005201
0.061290
0.053157
-0.373091
0.369823
0.336713
-0.228862
-0.252835
-0.651117
-0.197552
0.417102
-0.463788
0.010878
0.181892
-0.387658
0.238112
0.327470
0.318842
-0.188073
0.168503
-0.585517
0.135542
-0.344538
-0.332116
0.440051
0.234369
0.140819
0.382155
0.311340
0.101975
0.129661
0.158176
-0.771223
0.090445
0.076518
0.284803
-0.298575
-0.123403
0.297788
-0.380793
-0.022323
-0.202744
-0.448312
-0.102399
-0.128923
-0.311911
0.238943
0.106709
-0.404084
-0.262776
-0.119203
-0.432638
0.191356
0.648045
0.251352
0.010120
-0.016865
-0.161446
-0.290251
0.001112
0.217984
-0.300268
-0.400686
-0.179714
0.400782
-0.035623
0.164295
-0.410131
-0.537422
0.127041
0.147787
0.502828
-0.487486
0.182992
-0.106898
-0.255112
0.450754
-0.386705
-0.495408
-0.090066
-0.052209
0.096583
-0.282068
0.237740
-0.056131
-0.579143
-0.362808
-0.184346
0.609380
-0.483199
0.624246
-0.279908
-0.306589
0.349786
0.182710
-0.277188
-0.102985
0.351509
0.163216
-0.518216
-0.412132
-0.443681
-0.152919
0.017285
0.489389
0.380839
-0.311154
-0.344314
0.419522
-0.402726
0.619485
-0.322887
-0.051614
0.185712
0.225812
0.444057
0.141572
-0.178345
-0.018693
0.244675
0.297960
0.045753
0.424942
-0.040645
0.228507
-0.786962
-0.316187
-0.505567
0.012352
0.118945
0.367590
-0.615344
0.134272
-0.145035
-0.215036
0.496015
0.240093
-0.006279
-0.226796
0.494967
0.326535
-0.194977
-0.337977
0.445905
0.256938
-0.187866
-0.442945
0.259821
-0.403941
0.415358
0.138962
0.580611
-0.444653
0.077957
-0.134083
0.307245
0.029590
0.035276
0.145283
0.261434
-0.374852
0.475564
0.410765
0.252430
-0.509568
-0.185139
-0.322452
-0.498027
0.146470
0.592299
0.392376
0.207510
-0.257721
0.363035
-0.499362
-0.263998
-0.151557
0.036205
0.178679
0.302461
-0.061637
-0.349614
0.296665
-0.339472
-0.406258
-0.364916
0.186745
-0.130468
0.443840
-0.311715
-0.156025
0.363159
0.818630
-0.163292
0.342058
0.208079
0.115998
-0.168175
0.413284
-0.257908
0.134187
-0.595084
0.330873
-0.175294
-0.413070
0.297863
-0.417544
0.499405
0.364795
0.325799
-0.480932
0.090479
0.018380
0.295017
-0.012396
0.443819
0.390427
0.322123
-0.524773
0.390241
-0.092792
0.607178
0.389370
-0.200732
-0.500326
0.078387
-0.122369
0.234222
0.220494
-0.183244
-0.195320
-0.557438
0.124049
-0.400417
-0.149928
-0.406084
-0.444857
0.248152
0.312224
0.196536
-0.213859
-0.280010
-0.433027
0.200993
-0.255833
0.000810
0.019434
0.450109
0.467102
0.359277
-0.188562
-0.436613
0.295962
-0.208387
-0.482720
0.621901
0.426577
-0.090817
-0.131190
0.068881
-0.154560
0.305401
-0.836300
0.346453
-0.119066
0.347061
0.249151
0.560365
-0.145382
-0.075109
-0.653539
-0.174035
0.097768
-0.275890
0.320215
-0.259448
-0.396811
-0.158945
0.277080
-0.284608
-0.114199
-0.369561
-0.390981
-0.595395
-0.291102
-0.144967
0.323571
0.436719
-0.213892
0.155666
0.314627
0.286544
-0.291751
-0.300061
-0.778412
0.237724
0.089040
0.116463
0.007439
-0.091479
0.554923
-0.275529
0.330011
0.390399
-0.007673
0.282597
0.056372
0.456977
-0.077506
-0.446162
0.570328
-0.339905
-0.133546
-0.400328
0.443299
-0.006263
0.297037
-0.385823
-0.720484
-0.073040
-0.578982
-0.113822
-0.321026
0.256013
-0.433530
0.207117
0.558474
0.226380
-0.343143
0.011679
-0.120755
-0.218755
-0.070783
0.520268
0.047596
-0.505475
0.308641
-0.283489
-0.141677
-0.187097
0.021746
-0.251314
-0.507603
-0.679977
0.404119
0.246266
0.313923
0.067567
-0.382453
-0.460943
0.121609
-0.525007
-0.265718
-0.016001
0.545413
0.168099
-0.369348
-0.490981
-0.325426
-0.288274
0.122853
-0.272660
-0.401132
0.481522
-0.014598
0.094856
-0.357293
-0.024285
0.516264
0.176932
-0.137157
-0.230341
-0.476304
0.095098
-0.066875
-0.125890
-0.556244
-0.022188
0.359818
-0.045439
-0.184697
0.453798
0.327754
0.212821
-0.262260
0.423208
-0.111668
0.336372
0.277047
-0.038568
0.147007
0.137887
-0.354740
0.132845
-0.592348
0.003375
0.442495
-0.493978
0.297576
0.467686
-0.071928
-0.190691
-0.067265
0.031556
0.357191
-0.406629
0.479318
-0.083967
-0.115456
-0.212978
-0.546732
-0.345123
0.131904
-0.147248
0.409236
-0.275828
-0.386182
-0.115769
0.120451
-0.586264
0.602819
0.426551
0.243315
0.231805
-0.333503
-0.027996
-0.181383
-0.019474
-0.780072
-0.392138
-0.007162
0.287754
-0.139680
-0.204456
0.528114
-0.258092
-0.020928
0.273143
0.424045
-0.328863
-0.336067
0.317406
-0.594438
0.450505
0.356374
0.197402
-0.366705
0.073911
0.254769
0.176672
-0.519255
-0.427478
-0.104738
-0.135711
0.622411
0.338824
-0.159444
0.047435
0.078053
-0.336399
0.372927
-0.057247
0.157049
-0.097079
0.559633
-0.162421
-0.514384
0.344041
-0.157309
-0.349907
-0.639532
-0.626062
0.385922
0.213520
0.409586
-0.063558
-0.053141
-0.065289
-0.100898
0.156994
-0.320812
0.141887
-0.489800
