-0.136875
-0.276678
-0.143670
0.193668
-0.131377
-0.685280
0.259762
-0.106867
0.447965
-0.194334
-0.009047
-0.099002
-0.332616
-0.212791
0.241559
0.392653
-0.002335
0.393110
0.378415
0.003286
0.331012
-0.260315
-0.104737
-0.272516
-0.393356
0.185891
-0.043740
0.019067
-0.278189
0.574155
0.146829
-0.096854
0.166411
-0.001263
-0.271610
0.160255
-0.242880
-0.183835
0.350369
-0.424575
-0.180788
-0.000348
-0.022977
-0.276094
0.231311
-0.571390
-0.255467
0.144553
0.065917
0.231196
-0.019754
-0.195097
-0.058906
-0.334632
-0.015747
0.424106
-0.417547
0.368359
0.428361
0.489022
-0.109283
0.492410
-0.251747
0.520049
0.325807
-0.473749
-0.317618
-0.169614
0.449299
-0.304384
0.238975
-0.291103
0.364620
-0.368260
0.427673
0.193031
0.111963
-0.432188
0.140467
-0.253008
0.331961
-0.412494
0.423856
0.145320
-0.319978
0.481817
0.129803
0.471997
-0.291214
-0.525671
-0.374894
0.267879
-0.548635
-0.114419
0.766882
0.090369
-0.452282
-0.342223
0.001392
0.351051
-0.208835
-0.183078
-0.164180
0.273829
-0.144706
-0.090487
0.622541
0.237862
-0.255541
-0.234061
0.253073
-0.713893
-0.359199
-0.087932
-0.354925
0.009921
0.010631
-0.260499
-0.120996
0.454845
0.456366
0.474613
-0.659441
-0.417987
-0.023210
0.577881
-0.054661
0.152395
0.084717
-0.181164
-0.273094
0.328908
0.075001
0.249762
0.251374
0.525436
0.025459
-0.488967
-0.438933
0.280712
0.672678
-0.174866
-0.618883
-0.181834
0.752251
-0.280359
-0.367147
0.379643
0.372625
0.579107
0.047816
0.273604
0.219340
-0.190500
0.129476
0.063712
-0.329626
0.217900
-0.086047
0.222893
-0.449998
0.041644
0.464677
-0.117720
0.347311
0.346159
-0.117792
-0.058827
-0.208760
-0.442540
-0.030847
-0.202791
0.192546
0.310968
-0.634619
-0.509848
0.423236
-0.098658
0.307137
0.228657
-0.102422
-0.732015
-0.494379
0.216486
0.048086
0.335411
-0.616693
0.199307
0.478287
-0.269030
-0.317990
-0.145876
-0.192279
-0.377679
0.156122
0.549750
-0.078628
-0.039417
0.206865
-0.243737
-0.112902
0.223373
0.367502
-0.368188
-0.541025
0.644027
-0.405655
-0.299744
-0.244165
0.203476
0.399265
-0.272813
0.416904
0.312473
0.022988
-0.219310
-0.296291
-0.183054
0.368026
0.056051
-0.148941
-0.393086
-0.427247
0.175266
-0.364957
0.654005
-0.126916
-0.329795
0.228341
-0.384266
-0.049080
0.421960
-0.387712
-0.156539
-0.147022
-0.067667
-0.187213
-0.298480
-0.249288
-0.199754
-0.309850
0.194613
0.539681
-0.109944
-0.562235
0.583243
-0.522132
0.168609
0.450817
0.211654
0.791169
-0.115422
0.030096
-0.241815
0.462849
-0.569637
0.313337
-0.100442
0.106080
-0.096967
0.391115
0.473513
-0.292826
0.641091
0.152637
0.016942
-0.460128
0.552526
-0.305393
0.202721
0.280733
0.197863
-0.070792
0.110700
-0.306216
0.552037
0.123050
-0.178396
-0.515001
-0.156822
-0.199863
-0.344618
0.512719
0.018384
-0.045477
-0.154306
-0.660401
-0.267096
-0.443895
0.209251
0.337948
-0.454269
-0.565303
0.397721
-0.069931
0.369252
-0.147006
0.067112
-0.241563
-0.538678
0.302873
-0.577327
0.328047
-0.342742
-0.231811
-0.255847
-0.409147
0.465802
-0.066792
0.342725
-0.113545
-0.030002
0.123358
0.254633
0.137673
0.304651
-0.170942
0.071315
-0.203920
0.139977
0.283965
0.059442
-0.357108
0.181306
-0.512657
0.316294
-0.223618
-0.211466
-0.072977
-0.198615
0.194095
-0.127059
0.060513
-0.164049
-0.081818
-0.083816
0.392092
-0.235554
0.528449
0.168708
-0.315246
0.301924
0.271482
0.044163
-0.012300
-0.560045
-0.113330
-0.172559
-0.429350
-0.471655
-0.287201
0.211776
0.508624
0.023604
0.228847
0.138384
-0.233886
-0.128635
-0.187547
-0.054343
0.593952
0.209336
-0.503192
-0.288847
0.239522
-0.411998
-0.477385
0.228263
-0.126096
-0.304453
-0.602037
0.453419
0.176736
0.143313
-0.202866
0.098999
-0.778417
0.424028
0.236702
-0.088326
-0.256775
-0.152740
-0.027111
0.333860
-0.061322
-0.338901
-0.099505
-0.446428
0.061069
0.575304
0.259846
-0.255758
0.261931
0.169591
-0.574268
0.458334
-0.002951
0.438818
0.255741
0.084322
0.194393
0.004154
-0.747307
-0.053938
-0.461936
0.058894
0.577704
0.078542
0.140232
-0.420654
-0.077125
-0.350678
0.077565
0.836515
-0.092662
0.072470
0.001126
0.458910
0.388498
-0.163009
0.452291
-0.375544
0.461063
0.373401
-0.325550
-0.218339
0.392414
-0.426299
-0.305414
0.245122
0.129553
-0.407826
-0.439380
-0.416646
-0.103480
-0.198216
0.335968
-0.133816
-0.598049
-0.043529
-0.353329
-0.300413
0.129012
-0.244414
0.524170
-0.182604
0.019558
-0.429315
0.144194
-0.505529
0.304097
0.251824
0.014568
0.425124
-0.318389
-0.308950
0.180090
0.612409
-0.518078
0.304668
0.350184
-0.518204
0.273429
-0.057287
0.307914
-0.057456
-0.170754
0.178758
-0.212989
-0.665689
-0.487720
0.383958
-0.211398
0.329178
0.282756
0.468605
0.196959
0.237766
0.550760
0.338755
-0.511085
-0.020972
-0.571366
0.366881
-0.040663
-0.479136
0.121117
0.161213
-0.573802
-0.419536
-0.243149
-0.184586
-0.219156
0.043717
-0.050711
-0.129742
-0.456929
-0.259998
-0.471817
0.533340
-0.332323
0.497981
0.059012
-0.125524
-0.591121
0.015022
-0.559986
0.045941
0.443073
-0.344035
0.294840
-0.277420
-0.420742
-0.433102
-0.312358
-0.467075
-0.571010
0.281913
-0.411183
0.140065
0.097913
0.078011
0.126339
-0.047943
-0.057932
0.334889
0.028932
0.409519
0.466257
-0.397754
0.061659
-0.062802
0.480277
-0.088763
0.603710
-0.250926
0.135425
-0.364315
-0.368179
-0.583606
-0.312509
0.369812
-0.090819
-0.416748
0.312727
-0.225593
-0.163523
0.099170
-0.435242
-0.194744
0.330439
0.349978
0.144316
-0.196739
-0.087989
0.475435
-0.351300
-0.067849
-0.543469
-0.432757
0.508609
0.049447
0.270377
0.098468
-0.313692
0.171040
0.129857
-0.279775
-0.130847
0.487214
-0.099686
-0.458614
-0.208216
-0.266534
-0.343947
0.097101
0.256359
0.272817
-0.433064
0.494332
-0.232069
-0.267422
-0.034397
-0.070263
-0.616665
0.461718
-0.226581
-0.461626
0.035463
-0.079395
0.132582
0.364780
-0.387914
-0.487171
0.181635
0.089472
-0.005262
-0.316027
0.181471
-0.331811
-0.300841
0.170537
0.207092
0.346383
-0.157841
-0.199855
-0.434739
0.313787
-0.365216
0.058882
0.125895
0.202908
0.202391
-0.410167
0.185946
-0.576447
0.626969
-0.522949
-0.127811
0.265039
0.522369
-0.041221
-0.386345
0.002079
0.213880
-0.489926
0.050126
0.077246
-0.340975
-0.152120
-0.196274
-0.316956
-0.298339
0.477114
-0.278498
0.055215
-0.491682
-0.029699
-0.498161
0.038785
0.276219
-0.197848
0.049955
0.313740
-0.031028
-0.352029
0.385873
0.469526
0.508720
-0.208802
0.289648
-0.324315
0.580836
-0.179927
-0.022517
-0.237126
0.141419
0.181312
0.324826
-0.202843
0.352243
0.393333
0.305356
0.620058
-0.330233
0.099048
0.262496
-0.293759
0.108399
0.097987
0.692288
-0.195915
0.416912
-0.309382
0.047446
0.514945
0.194911
-0.146171
0.019711
0.044970
-0.106522
-0.050127
-0.562313
0.177182
0.419652
0.064034
0.201129
-0.272235
0.221518
0.183366
-0.247527
0.022037
0.158371
-0.851700
-0.067338
0.137231
-0.521190
0.659793
0.038298
-0.517662
0.288033
-0.302274
-0.405493
0.051414
0.374440
-0.283886
0.212763
-0.539918
-0.095995
-0.290061
0.637825
0.054192
0.296808
-0.202239
0.183732
0.172682
0.179886
-0.326629
0.150777
0.432522
-0.365179
-0.347131
0.417167
-0.087755
-0.416261
0.348358
0.133439
-0.480774
0.047148
0.030910
-0.437410
-0.156668
-0.528050
0.378082
-0.129388
0.514910
-0.097885
-0.235760
0.411828
-0.372965
0.223807
0.684650
-0.058323
-0.429029
0.060841
0.576235
0.080203
0.209598
0.518377
-0.419187
0.211878
-0.006218
0.538534
0.260849
-0.231810
-0.120065
-0.496239
-0.420046
-0.420189
-0.238257
0.204931
-0.335973
-0.611381
-0.525318
0.182968
0.173707
-0.207894
0.489079
-0.013965
-0.288098
0.186394
0.109330
-0.356321
0.447306
-0.016934
-0.227283
0.302536
0.207237
0.143007
-0.195139
0.789572
-0.049398
0.223149
-0.256229
0.248052
0.032907
0.108189
0.624416
0.006449
0.310516
-0.179775
0.370597
-0.182506
0.123593
0.443614
-0.175691
0.308264
0.233907
0.064494
-0.841114
0.224070
-0.087687
0.181592
-0.222071
0.087178
0.315159
-0.297663
-0.142322
-0.071149
0.401078
0.775450
-0.000833
0.238982
-0.042320
-0.444753
0.124307
