0.011600
-0.184085
-0.150931
0.088258
-0.434568
-0.230149
0.437313
0.027767
0.117893
0.422378
-0.419917
-0.332150
0.662242
-0.248499
-0.573228
-0.396751
0.042748
-0.280809
0.227579
0.527285
0.291466
-0.187689
0.144835
-0.316299
0.207894
0.044045
0.327640
-0.304020
-0.077951
0.290796
0.307071
-0.540151
-0.012328
-0.215856
-0.016792
0.155666
-0.402195
0.186279
0.266131
0.374920
0.189545
-0.145760
-0.214049
0.515449
-0.281145
-0.362741
0.629617
-0.107499
0.016351
0.171907
-0.304550
-0.024358
0.035999
0.239078
0.067708
0.488260
0.061513
0.092521
-0.455890
0.274520
0.092033
0.091171
-0.017608
0.544348
-0.026288
0.332162
-0.435575
0.025611
0.293885
0.183320
0.376280
-0.429868
0.370149
0.574018
-0.335977
0.015662
0.170580
0.060069
0.269421
-0.574628
-0.099334
0.114782
0.014176
0.162071
0.124240
0.220288
-0.173146
0.509015
-0.107577
0.177377
-0.387627
-0.020903
0.368913
0.283447
-0.135236
-0.241191
0.075228
-0.547796
-0.596746
0.402944
0.198419
-0.471766
-0.057424
-0.559891
-0.431984
-0.255409
0.438527
0.248475
0.146483
0.235772
-0.223544
0.294573
-0.141354
-0.040768
-0.013341
-0.348816
0.336393
0.325039
0.129086
-0.370980
-0.249405
0.583560
-0.095346
0.674032
0.088919
0.356581
-0.124818
0.337436
-0.320570
0.058053
-0.252152
0.163976
-0.040698
0.404884
0.440271
0.398023
0.422810
-0.471196
-0.183965
0.113833
0.001964
-0.072035
-0.156366
0.004835
0.103275
0.040598
-0.135639
-0.480323
-0.344523
0.252414
0.250487
-0.331899
-0.633724
-0.281364
-0.426138
0.447454
-0.222500
0.059310
-0.152618
-0.300305
0.196904
-0.164753
0.090788
-0.134817
-0.632655
-0.294934
0.252264
-0.466886
0.083909
0.284120
0.537780
0.518543
-0.267511
-0.101960
0.414333
-0.142668
0.429109
-0.223890
0.517478
0.156628
-0.173676
0.689218
0.499028
0.492945
-0.071022
0.347761
-0.046063
0.271939
-0.248363
0.079254
0.655250
-0.414217
-0.310373
0.313134
-0.227955
-0.264040
-0.004820
-0.488343
-0.034894
-0.611936
0.035696
0.071548
-0.051264
0.099384
-0.146110
0.139177
-0.231422
-0.333356
-0.402965
0.311177
0.230176
-0.149698
-0.703707
-0.004981
0.499174
-0.162395
0.012614
-0.286103
0.322136
-0.044188
-0.505129
-0.085118
-0.496593
0.070004
0.263348
-0.158996
0.313961
0.056718
-0.161449
0.121928
-0.222476
-0.051753
-0.243156
0.169348
-0.133929
0.129811
-0.069731
-0.059749
-0.485394
-0.212962
0.456950
-0.372304
0.001766
0.061944
-0.443431
0.488212
0.414399
-0.319633
0.348436
-0.669164
-0.278314
0.385549
0.006401
0.316538
-0.532677
0.622073
0.039631
0.594415
-0.362650
-0.520600
0.082145
-0.083538
-0.359313
-0.378947
-0.327592
-0.171710
-0.521809
0.336530
-0.198629
-0.345003
0.344061
0.325584
0.419546
0.484050
0.316460
-0.434036
0.258104
-0.523428
0.373187
-0.087327
0.384534
-0.384849
-0.304366
0.407524
0.219445
-0.047806
-0.065988
-0.570477
0.237519
-0.112224
-0.520076
0.202426
0.413545
-0.338838
0.591363
-0.034186
-0.496149
-0.527841
-0.317747
-0.128158
0.227837
-0.221802
0.273025
0.120458
-0.125926
0.011272
-0.053336
0.262190
-0.155977
0.509265
-0.045349
-0.106329
0.074025
0.071523
0.165889
-0.213150
0.592669
0.453548
-0.187987
0.104515
-0.098275
0.223355
-0.032397
-0.482585
-0.334546
-0.587489
0.236391
-0.117324
-0.632473
0.068770
0.048381
-0.331740
0.385113
-0.618887
-0.016933
0.206592
-0.406624
-0.510891
0.554610
0.268489
0.228681
0.168261
-0.290030
0.288013
-0.411031
0.372960
0.358352
-0.000198
-0.398344
0.367676
0.292797
-0.347856
0.223306
0.522732
-0.039879
-0.009914
0.292298
0.378859
0.477523
0.032503
-0.241788
0.390148
0.178094
0.206826
0.029825
0.213813
0.025343
-0.471077
0.079887
-0.391347
-0.324060
-0.181827
0.540457
0.537327
-0.235003
-0.010966
-0.028338
0.354978
0.350201
0.205039
0.141910
-0.430662
0.084775
0.045754
-0.610380
-0.488015
0.318344
-0.340918
-0.011474
0.618181
-0.046426
-0.138595
0.457436
-0.076448
-0.080147
-0.477339
-0.061929
0.323070
0.004883
-0.267676
-0.364648
0.391313
0.207633
-0.004183
0.011405
-0.440070
0.349323
-0.354670
-0.307273
-0.587203
-0.327477
-0.093652
0.037550
0.432155
-0.411283
-0.312284
-0.076364
0.080837
-0.365138
0.448543
0.041988
-0.447652
-0.053877
0.096921
-0.167760
0.059274
0.046293
-0.458221
-0.459302
-0.208342
0.319072
-0.020934
-0.396208
0.100866
0.591858
-0.047797
0.137108
0.359683
0.139119
0.009338
-0.301491
0.497451
-0.025929
0.357136
-0.257775
-0.176988
-0.061742
0.129148
0.414272
-0.124400
0.079275
0.195231
0.187638
0.282601
-0.148108
-0.162922
-0.663361
0.138341
-0.168678
-0.096631
-0.430085
0.218819
0.256975
0.389107
-0.521328
-0.191188
-0.570745
-0.366930
-0.450742
-0.655602
0.218307
0.554917
0.461101
0.552020
0.855276
-0.299834
0.479459
0.658038
0.130410
-0.306008
0.795010
-0.115033
-0.548167
-0.234954
0.020169
0.187162
0.345477
-0.367275
-0.009976
0.399921
0.396401
0.378035
0.318232
0.184609
-0.101719
0.257197
-0.186420
-0.022090
0.381730
0.379556
0.305525
0.376719
-0.076072
0.295010
-0.197496
0.427267
0.474990
-0.460840
0.316921
0.590142
-0.247632
0.111903
-0.610933
0.404721
-0.466318
-0.049338
0.382109
-0.287312
0.340460
-0.164359
-0.446777
0.402945
0.209024
-0.123166
0.129192
0.468252
0.090918
-0.038458
0.321899
-0.674511
-0.387087
-0.029659
0.477152
0.458061
0.544574
-0.366250
0.187288
-0.080031
0.418832
0.035157
0.330163
-0.529171
-0.213996
-0.258943
0.219812
-0.288124
-0.626391
-0.349760
0.143165
0.257601
0.226242
-0.276297
-0.451971
0.409511
-0.311919
-0.379401
0.129568
-0.133446
0.106098
0.106289
0.437405
0.537858
0.045754
-0.023327
0.236500
0.534290
-0.291333
-0.143371
-0.150974
-0.604528
-0.202506
0.343843
0.298662
-0.022077
-0.211976
0.264361
0.095397
-0.489390
0.205567
0.257375
0.408189
0.617551
-0.159033
0.314604
0.009467
-0.078363
-0.386760
-0.461626
-0.077277
0.252706
0.208298
0.408714
-0.387853
-0.136800
0.727452
-0.343542
0.155801
0.229864
-0.116633
0.256067
-0.286775
0.287114
0.394140
-0.482533
-0.365712
-0.680225
0.436619
-0.486381
-0.207784
-0.072355
-0.125302
-0.065119
0.375124
0.455158
0.018463
-0.504411
0.617427
0.737940
0.214932
-0.769382
0.355576
-0.040247
0.241737
0.143413
0.582565
-0.421167
0.487800
-0.185518
-0.466130
-0.255079
0.211536
0.405691
-0.055379
-0.369172
-0.328929
0.198736
-0.301515
0.189622
0.311006
0.205736
-0.164433
-0.193131
0.529904
0.557261
0.064425
-0.129945
0.109925
-0.018372
-0.213405
0.181298
0.265041
-0.429638
0.413767
-0.516843
-0.119068
0.190966
-0.483417
0.044554
-0.379703
0.448336
-0.238025
-0.656874
0.031519
0.068938
-0.313877
0.018614
-0.010279
0.169870
0.138087
-0.481631
-0.505029
-0.111388
0.348309
0.175565
0.105433
0.147448
0.014313
0.105987
0.315538
0.103987
-0.150310
-0.002508
0.243352
0.147754
-0.365557
-0.378141
0.679225
-0.445974
-0.171851
-0.220650
-0.020102
0.092702
-0.120480
-0.035749
-0.158318
0.248723
-0.098735
0.162985
-0.036379
0.636140
0.676210
0.721177
0.096618
0.188218
-0.445746
0.149134
0.184473
-0.240920
-0.249992
0.393112
-0.140598
-0.259903
0.327528
0.439099
-0.220496
0.831989
0.160998
0.102824
0.614906
0.432351
0.232309
-0.078652
0.075308
0.409127
0.425015
-0.234082
-0.397357
-0.545575
0.190432
-0.361871
0.032592
-0.076014
0.366431
-0.328782
-0.191040
-0.358821
0.280478
0.475290
-0.344701
-0.042067
-0.292186
-0.232299
-0.241429
0.533753
-0.463176
0.106700
-0.226244
-0.207364
-0.001605
0.165584
0.395374
0.369795
-0.397426
-0.243997
-0.173189
0.376241
-0.386194
-0.398002
-0.370923
0.300505
-0.082384
-0.051958
0.076036
0.085439
0.152979
-0.355259
0.101635
0.172432
0.201473
0.074182
0.199532
0.056676
-0.472502
0.389824
-0.290369
-0.042618
-0.310441
0.117848
-0.477420
-0.223460
0.716485
-0.457225
0.124645
-0.065846
-0.177974
-0.484056
-0.232087
0.296673
-0.020988
-0.592349
-0.241263
-0.050556
0.128137
0.398373
0.044932
-0.120986
0.381664
-0.006295
0.525968
-0.443313
0.226679
0.116895
-0.292704
0.371403
-0.153466
-0.020634
0.073507
0.302464
-0.432212
-0.099957
-0.192752
0.043656
-0.577249
0.030345
-0.094105
0.274044
