-0.044993
0.347091
-0.435603
-0.499505
0.619013
0.492719
-0.044614
-0.387737
-0.237914
0.426129
0.035368
0.013580
0.211285
-0.606182
0.235783
0.327032
-0.024476
0.055806
0.114653
0.087684
0.121733
-0.286257
-0.447352
0.603489
0.326292
0.297373
-0.296437
0.205330
-0.115644
-0.022277
0.421422
-0.215076
-0.155683
-0.158521
0.320122
-0.123794
0.934784
0.294665
0.042623
-0.357792
0.034568
-0.384526
0.200710
0.194728
0.374254
-0.451083
0.356226
0.346754
-0.078777
-0.325122
-0.125416
0.053534
0.218387
-0.266348
0.667700
0.415807
-0.491196
0.095129
0.454060
0.318433
-0.187443
-0.437027
0.459662
-0.524093
-0.017312
0.375591
0.451072
-0.077672
0.224942
-0.366862
0.125934
0.067240
0.118189
-0.269975
-0.375667
-0.297451
-0.421659
0.359612
-0.277571
-0.632658
-0.356604
-0.661388
-0.538859
-0.447570
-0.168023
0.246949
0.407325
-0.133670
-0.724706
-0.197963
-0.113103
0.065631
-0.215397
-0.218959
-0.020903
0.023203
-0.207496
-0.441570
-0.527339
0.222021
-0.129740
-0.057860
-0.096455
-0.567854
-0.559473
0.093791
0.072481
0.127930
0.329878
-0.224244
-0.084136
0.388325
0.095885
-0.067396
0.094798
-0.184215
0.054379
-0.160067
-0.082851
-0.494279
0.168596
0.232701
0.540797
-0.181195
0.219346
0.221702
0.095081
0.452701
0.409975
0.026785
-0.594247
0.280432
-0.299763
0.174257
0.188200
0.252898
0.254032
-0.097715
0.544715
0.120242
-0.306773
-0.265473
0.175253
-0.634237
-0.276879
-0.109184
0.567288
-0.015032
0.631398
-0.373633
-0.038299
-0.245867
-0.055338
-0.078521
0.477322
-0.303480
-0.103446
0.181457
0.028584
-0.040827
-0.222840
-0.070317
0.310998
-0.274273
0.466169
-0.396662
-0.010422
-0.411155
0.292025
0.114187
0.279979
0.027154
0.259806
0.014505
-0.494999
0.014541
0.065779
0.522382
-0.086248
0.439261
0.049622
-0.204682
-0.125560
-0.437606
0.421220
-0.066526
0.091353
0.320009
-0.139601
0.286109
0.272476
-0.287131
-0.584902
0.541811
-0.349904
-0.127761
0.473958
-0.730132
-0.285508
-0.476973
0.468688
-0.523055
-0.201178
-0.177144
-0.409034
0.394684
0.180432
-0.336712
-0.221200
-0.016629
0.312801
-0.248460
0.179257
-0.129698
0.482866
-0.506254
-0.005102
0.176435
0.145003
-0.044188
-0.035091
-0.564409
0.329669
-0.750730
0.018614
0.006172
0.627509
-0.185743
-0.446585
0.369649
0.138452
0.161888
-0.243544
-0.028640
0.198866
0.221999
-0.170462
0.030020
-0.133592
-0.385691
0.158663
-0.383293
-0.482286
0.071061
0.327252
0.123888
-0.186475
0.038757
-0.201671
0.160848
-0.106573
0.187645
-0.118422
0.292287
-0.278457
-0.276356
0.344222
0.219907
0.332499
-0.430142
-0.427577
-0.086183
-0.418103
0.538512
0.333246
0.293684
-0.336305
0.378760
0.011914
-0.248180
0.339270
-0.104458
0.364663
0.246018
0.294894
-0.181705
0.122879
-0.247176
-0.084721
0.548883
0.337682
0.159338
0.413308
0.326828
-0.426758
-0.164721
-0.508513
-0.045019
0.448158
-0.326478
-0.537308
0.449440
0.246489
-0.414201
-0.059163
0.041961
0.141085
-0.589812
-0.269162
0.521908
0.068866
0.087048
-0.168344
0.122777
-0.102379
-0.048503
-0.118957
-0.118189
0.062384
-0.702198
-0.128559
0.490408
-0.515111
0.526287
0.206024
-0.533895
-0.166557
0.120007
0.473368
0.289212
-0.053628
0.447096
-0.174220
0.035949
-0.017145
0.600726
0.273675
-0.645117
-0.560520
-0.285261
-0.096085
0.180750
0.248589
-0.525585
-0.227804
0.072454
-0.451029
0.080367
0.149147
-0.129023
0.004237
0.109788
0.899670
-0.350100
-0.675468
0.390451
-0.080327
-0.088736
0.252381
-0.237705
-0.123540
-0.123382
-0.031227
0.251130
-0.380210
0.399663
0.272613
-0.303947
0.285599
0.387492
0.160596
0.048122
0.548813
0.220201
0.342859
0.449824
0.291651
0.070790
0.030061
-0.104049
-0.106606
0.263379
0.039913
-0.320105
0.160557
0.140820
-0.205735
-0.138979
0.216627
0.217934
0.157775
-0.526927
-0.145975
0.153834
-0.531461
0.221005
-0.153004
0.372490
-0.580724
0.391684
0.285221
-0.333216
0.042957
-0.128014
0.574229
-0.383009
0.381785
-0.201628
-0.018533
-0.407645
-0.256504
-0.537422
-0.090810
-0.151844
0.175030
-0.618521
0.311168
-0.354345
0.284683
0.264390
-0.452473
0.359950
-0.320098
0.081163
-0.402266
0.220687
0.346342
-0.257272
-0.114683
-0.116058
-0.106307
0.349660
0.059269
-0.422663
0.051244
0.306366
-0.563841
0.404992
-0.459645
-0.699934
0.543149
-0.117088
0.387598
-0.224108
-0.366573
0.184264
-0.269118
0.310029
-0.454463
0.357526
-0.271496
-0.094255
0.069503
0.448854
0.061082
0.383167
-0.015022
-0.081274
-0.023229
0.126417
0.335141
0.059013
0.475879
-0.180857
0.170808
-0.032631
-0.170278
0.030779
0.142752
-0.157685
-0.282723
0.198456
0.368114
0.417243
-0.386044
-0.398242
-0.082632
0.114819
-0.361744
-0.239234
-0.132996
-0.232412
0.433390
0.218646
0.049155
-0.045475
0.474912
0.213448
-0.501635
0.438129
0.733926
0.193729
0.294463
0.238125
-0.359027
-0.666404
0.145373
0.162088
-0.545361
-0.040830
-0.137608
-0.147822
0.424648
0.281946
-0.440359
0.170763
0.372871
-0.438631
0.218488
-0.212086
0.235039
-0.091063
0.322105
-0.435935
0.516259
0.094110
0.003269
-0.238262
-0.488217
-0.082053
0.183162
0.173797
-0.209488
0.173125
-0.257729
-0.095545
0.277697
0.208712
-0.334242
-0.079327
0.395445
-0.116110
-0.047083
-0.082273
0.092228
0.328165
-0.286290
-0.131727
0.068071
-0.726605
-0.139309
0.071304
-0.351464
0.193695
0.120332
0.165407
-0.606686
0.366956
0.376747
-0.201708
0.148837
0.010832
-0.199475
0.692294
0.131767
0.218655
0.175168
-0.235076
0.063798
0.142609
-0.034437
0.316755
0.233765
0.301210
-0.028316
-0.197714
0.413527
0.432495
0.546604
-0.264826
-0.449927
0.311386
0.365970
0.245917
0.400511
-0.083386
0.402094
-0.540348
0.527413
0.292258
-0.286736
-0.402159
-0.348766
-0.062215
0.189128
0.146122
0.367971
-0.132177
-0.675906
0.386322
0.654931
-0.078264
0.163397
-0.067607
-0.238415
-0.254054
0.235797
-0.424657
0.515018
-0.132952
-0.129539
-0.522183
0.225498
0.257086
-0.187117
-0.003097
0.458146
-0.211513
0.348577
-0.242827
-0.091520
0.202832
-0.233973
0.177168
-0.689770
-0.326987
-0.415877
-0.421463
0.167361
0.159113
0.415968
0.314015
-0.598291
-0.305209
-0.380941
-0.261384
-0.432309
0.159430
-0.234221
-0.226912
0.049156
-0.316735
-0.081464
0.012883
0.399723
0.155505
0.181289
0.043590
0.379392
-0.109880
-0.117398
-0.107586
0.121027
0.478045
-0.227991
0.062505
-0.443298
-0.334829
-0.039172
-0.187550
-0.339167
-0.250649
0.557097
-0.103596
0.433940
-0.539023
-0.118906
0.375609
0.069046
-0.123370
0.265473
-0.534984
0.600532
-0.499837
-0.280785
-0.634127
-0.226470
-0.065397
0.521530
-0.206392
-0.247977
0.364769
-0.314993
0.619875
0.118054
-0.245537
-0.039558
0.008253
0.001107
-0.446202
-0.117894
0.325040
-0.218935
0.009625
0.415541
-0.121519
-0.056706
0.406779
-0.073816
-0.017885
-0.130809
0.105987
-0.812285
0.112261
-0.624250
0.222401
0.181699
0.021198
0.150592
0.283353
0.173353
-0.208313
0.203552
-0.491095
0.616404
-0.406453
0.334970
-0.057408
0.142940
-0.054037
-0.117153
0.384361
0.009296
0.657355
0.641517
0.153983
-0.553873
0.168863
-0.344417
-0.132990
-0.098096
0.157409
0.109412
-0.012170
-0.179590
-0.672994
0.276809
-0.369682
-0.257779
0.435582
-0.240705
-0.586494
-0.082835
0.249453
-0.431902
0.454327
0.266561
-0.274341
0.164580
-0.361486
-0.123528
-0.316552
0.177986
0.335923
-0.443603
-0.113807
0.141034
0.453661
-0.383820
0.539223
-0.505972
-0.263544
0.025712
0.052997
0.424678
-0.468763
-0.080355
0.073661
0.254370
-0.107508
-0.185138
0.367122
-0.363672
0.564142
-0.077941
-0.495642
-0.104905
-0.182493
-0.611541
-0.322328
0.643162
-0.124414
0.497443
0.495473
-0.273361
0.033301
0.017141
-0.291138
0.471967
0.328729
0.239298
0.377793
-0.165086
-0.274348
-0.225103
-0.446959
-0.393553
-0.464221
-0.287953
-0.424079
0.289508
0.512302
-0.451971
0.370124
0.285277
-0.171420
-0.092125
0.084089
0.208024
-0.465327
0.003666
-0.493737
-0.350199
-0.023474
0.320912
-0.128996
0.241883
0.086504
-0.032237
0.114089
0.239834
0.129577
-0.281274
0.475779
0.338787
-0.170777
0.283330
0.003153
0.459723
-0.126692
-0.504492
0.304582
0.162843
0.228007
0.382138
0.223830
