0.208900
-0.155567
-0.168136
-0.227000
-0.111973
-0.101446
0.496537
0.567346
0.488747
0.214448
0.140136
-0.612344
0.172733
-0.570409
-0.487147
-0.505468
-0.148431
-0.317502
0.474783
-0.088005
-0.070309
-0.124286
-0.003972
-0.258670
-0.029088
-0.364748
-0.122489
-0.387320
-0.049833
0.226404
-0.036785
0.196774
0.459052
-0.162855
-0.069269
-0.004253
0.079089
-0.029891
0.017136
0.219770
0.153381
-0.495980
-0.542437
-0.340713
0.025076
-0.133255
-0.050535
0.386469
0.180451
0.467501
0.042203
-0.126586
0.570205
0.366052
0.686797
0.516925
-0.413314
0.032868
-0.054779
0.610350
0.332987
-0.048079
0.078270
-0.453003
-0.115626
-0.508033
0.070499
-0.208912
0.406524
-0.230598
0.083612
-0.364725
0.220238
0.678330
0.325352
0.024098
-0.143847
0.008561
0.285622
-0.512291
-0.244270
0.602692
-0.446163
-0.286722
-0.191283
-0.443340
0.188829
0.444210
-0.318390
-0.446302
-0.306998
-0.062767
-0.423020
-0.459452
0.039662
0.007744
0.195976
-0.186661
-0.090859
0.378994
0.614529
0.387589
-0.302287
0.217400
-0.088172
0.191392
-0.342038
-0.566406
-0.342257
-0.272554
0.451417
0.143131
0.088594
-0.563078
0.370280
-0.147425
0.260782
0.227197
-0.131211
0.111721
-0.363135
0.463960
0.455086
-0.190362
-0.047222
-0.208091
-0.351356
0.354402
0.543574
0.391800
0.073761
0.311107
0.695353
0.343561
0.313346
0.625609
-0.190873
-0.203582
-0.038494
0.620102
0.146775
-0.087682
0.089763
-0.621392
-0.233851
-0.296065
-0.389172
-0.404074
0.513648
0.303048
-0.314915
-0.118677
0.151401
-0.388647
-0.227627
0.490115
0.183578
0.214246
-0.069649
0.390968
-0.452292
-0.055478
0.538358
-0.265044
0.216404
-0.442504
-0.083976
0.161892
-0.264988
-0.738749
0.173709
0.512477
0.068103
-0.295149
0.202613
-0.186630
-0.598035
0.349214
-0.299400
-0.161240
0.078571
-0.081450
-0.118835
-0.291384
0.178953
-0.252281
0.548005
-0.159789
-0.004181
0.107703
0.441382
0.040326
-0.084435
0.017310
-0.340170
-0.134864
-0.275378
0.153199
0.033274
0.351525
-0.095712
0.312932
-0.361131
-0.037088
-0.351250
0.303729
-0.389105
-0.308366
-0.574456
-0.423154
0.439734
-0.563365
0.036110
-0.222693
-0.653469
-0.024654
0.133736
-0.226010
0.507024
0.547677
0.185973
-0.089067
0.763150
-0.166055
0.260500
0.231468
0.565179
-0.146186
0.266359
-0.133142
-0.174626
0.127513
0.082474
0.158677
-0.468815
0.333034
-0.048979
0.149912
0.234637
-0.453648
0.149869
0.042315
0.123440
0.208141
0.751685
-0.320763
-0.109665
0.329512
0.459553
0.235423
0.192858
0.067463
-0.047191
0.252359
0.161268
0.266194
0.414879
0.320408
0.259702
0.637607
0.427854
-0.701306
-0.215085
0.036000
0.523626
0.168607
0.289970
0.402321
-0.046829
0.498751
-0.453359
0.529819
0.029282
-0.163380
0.459791
0.156151
0.112443
-0.014061
0.659830
-0.417987
0.019680
-0.359195
0.192962
0.347536
-0.268150
-0.236958
0.373461
0.290461
0.249404
-0.450428
-0.411978
-0.326875
-0.351299
-0.707996
0.134500
0.076184
0.339929
-0.523277
-0.501607
0.270892
-0.538583
-0.114575
0.595943
-0.510718
-0.063307
-0.496999
0.095055
0.407437
0.670173
-0.669972
-0.398155
0.591992
-0.471445
0.564488
0.092995
0.424617
0.106031
0.129896
0.069895
0.228126
0.029362
0.433542
-0.134072
0.012902
-0.198275
0.088268
-0.255719
-0.485675
-0.398185
-0.016236
0.034048
-0.073214
0.527456
-0.493515
-0.084229
-0.320191
0.451534
-0.140469
-0.253019
0.055641
0.036405
0.042826
-0.043299
0.431250
-0.433847
0.559090
-0.460785
0.126724
-0.372277
-0.423726
0.567345
-0.257368
0.123245
-0.408609
0.264795
0.650167
-0.587062
0.286687
0.461971
0.006087
0.298439
0.139954
0.163919
-0.133945
0.381575
-0.078705
0.102070
0.140847
0.178642
-0.382954
0.365016
-0.480070
-0.357093
-0.420677
-0.262440
0.031472
0.016518
-0.295965
-0.141312
0.208978
-0.025298
-0.199418
0.331382
-0.062754
-0.282044
0.241786
0.179023
-0.349289
0.248442
0.115525
0.240518
-0.245800
0.297033
-0.751920
0.128788
-0.365520
0.439051
-0.526048
-0.423498
-0.397734
-0.063418
-0.355882
0.271840
0.318451
-0.604533
-0.044472
0.349323
-0.201804
-0.164724
0.290731
0.139207
-0.140227
-0.008978
0.700445
0.296495
-0.289783
-0.311245
0.404817
-0.407540
-0.155931
-0.152535
0.320373
0.009921
-0.371236
0.417943
-0.109975
-0.195482
-0.085747
-0.283118
-0.520000
0.141819
0.467388
-0.671343
0.004047
-0.346674
-0.080445
-0.053098
0.815147
-0.786165
-0.382204
0.308797
0.196605
-0.228296
-0.541059
-0.309307
0.478004
0.165888
-0.451568
-0.253853
-0.329137
-0.065294
0.400123
-0.319947
0.059461
-0.291384
-0.193796
0.109193
0.101741
-0.191623
0.224134
0.377539
0.041604
0.090612
0.517558
-0.576452
0.088863
-0.194445
-0.321315
0.315304
-0.341124
0.239192
-0.141350
0.198196
0.462357
0.142438
0.111416
0.183942
0.351995
-0.530612
-0.127731
0.320615
-0.346599
-0.038030
0.088821
0.557584
0.260689
0.619337
-0.161466
0.016769
-0.551648
0.390623
-0.008516
0.394074
0.293437
0.098986
0.011467
-0.266849
-0.492589
-0.165187
0.492802
0.111374
0.260299
0.171588
0.031264
-0.575719
-0.218211
-0.337185
-0.590168
0.372957
-0.080396
-0.270474
0.101616
-0.546032
0.390033
-0.236883
-0.108578
0.228878
-0.066721
0.168124
0.393151
-0.223520
0.671834
0.744781
0.530459
0.007196
0.233997
-0.571773
0.460225
-0.180691
0.097096
0.210945
0.622240
-0.543069
0.468179
-0.577524
0.126210
0.316810
-0.358028
0.119405
-0.145861
-0.511069
-0.323281
0.280322
0.377172
-0.106740
-0.223887
0.404718
0.132669
0.235229
-0.592963
0.244062
0.101886
0.175965
-0.133129
0.044311
-0.272093
-0.246714
0.171965
-0.347666
0.378013
0.528359
-0.038135
0.053213
-0.335975
-0.289525
-0.418849
0.341617
-0.100856
-0.635434
0.436552
-0.328240
0.416723
0.094845
-0.062338
0.476661
0.449799
0.088599
-0.266608
-0.087150
-0.049866
0.300808
-0.522130
-0.485194
-0.096575
0.446906
0.219547
0.086219
0.525879
0.545785
0.469879
-0.016304
0.434591
-0.389183
-0.217526
-0.576407
0.267449
-0.119940
-0.168314
-0.094410
-0.201281
0.337558
0.366230
0.116331
0.069335
-0.088823
-0.406193
-0.187915
0.008800
0.081107
0.164772
0.218120
0.191256
0.238139
0.904057
-0.361981
-0.100712
-0.165385
0.156771
-0.287480
0.223777
0.355728
-0.276123
-0.218121
0.157146
0.256404
0.059094
0.636600
0.019882
0.334633
-0.158037
-0.193986
0.402320
-0.556416
0.324351
-0.268860
-0.137745
-0.028320
-0.013387
0.330013
0.483588
0.470987
0.231879
0.696099
-0.215264
0.156921
0.404164
-0.075013
0.355401
0.413472
-0.467899
0.179016
-0.060072
-0.302615
0.147086
-0.059951
-0.310890
0.464737
0.320544
-0.097559
-0.040013
0.191944
-0.507854
-0.319845
-0.169951
0.383773
-0.423622
-0.356776
0.139439
-0.238937
-0.854125
0.616668
0.000611
-0.257676
-0.551199
-0.068171
-0.128156
-0.159614
-0.607761
-0.236517
0.279633
-0.245527
-0.308728
-0.030615
0.098647
0.419652
-0.259255
-0.034566
-0.419038
0.227508
0.508283
-0.140794
0.036555
0.054441
-0.292660
-0.055352
0.546787
-0.177072
-0.233221
0.259841
0.162714
-0.191468
-0.073205
-0.137484
-0.172219
-0.267661
0.052563
0.456909
-0.438136
-0.381176
-0.536482
-0.034593
-0.720247
0.428509
0.383542
0.509848
-0.616967
0.083431
-0.340467
0.600870
0.340181
0.096656
0.043630
-0.039626
-0.102695
0.092825
0.140803
0.178501
-0.540096
-0.054463
-0.266347
0.146229
0.164990
0.281654
0.510750
-0.455061
-0.337962
0.214990
0.150369
-0.556256
-0.390017
-0.367981
-0.221239
-0.485340
-0.424095
0.180183
0.578024
-0.278253
0.198223
0.463329
-0.597378
-0.705630
-0.346801
0.125695
-0.018557
-0.211536
0.013314
-0.289492
-0.411286
-0.474159
0.293921
0.274218
-0.138711
-0.218446
0.157997
-0.112816
0.056747
-0.238449
0.250155
0.569984
-0.305502
0.459647
-0.526094
-0.214189
-0.202875
0.083393
-0.385873
0.242411
-0.112474
-0.322129
-0.608593
0.161064
0.416667
0.081484
0.338951
-0.107730
-0.369546
-0.235694
0.122624
0.284951
0.264602
-0.078787
0.262575
-0.030822
0.203992
-0.534987
0.442554
0.330852
0.146572
-0.342170
-0.416029
0.106548
-0.513713
-0.357524
-0.451243
0.198858
0.185446
0.533335
0.444559
0.122355
-0.249397
-0.117159
0.501318
0.159135
-0.155884
0.042406
0.198099
