-0.019858
0.347091
-0.150931
0.049510
-0.647307
-0.086634
0.020623
0.567346
0.099699
-0.064701
-0.034286
-0.062211
0.176936
-0.483041
-0.086056
-0.342353
-0.377378
-0.204299
0.201409
-0.020037
-0.221071
-0.300502
-0.401054
0.495826
-0.311769
0.310392
-0.169451
-0.278135
0.158832
0.366438
0.217145
-0.134636
-0.415451
-0.000108
0.290322
-0.013993
0.610071
0.362357
-0.128951
0.161670
0.284380
0.197806
-0.249131
0.324101
-0.465019
-0.179363
0.301399
0.262419
-0.295684
-0.136391
-0.236850
0.533144
-0.173367
-0.286820
0.081287
0.516051
0.089774
0.270182
0.284219
0.263881
0.312731
-0.661009
0.228204
-0.433470
-0.446327
-0.263229
-0.576896
-0.097075
0.333282
0.217011
-0.114236
0.282610
0.481344
-0.240816
-0.241799
0.109383
0.288020
-0.091301
0.234548
-0.435623
0.242455
-0.428978
-0.364522
-0.349383
-0.239082
-0.422942
-0.331953
0.698413
0.474022
0.152396
0.037717
0.600301
-0.185625
0.370075
0.269110
0.218159
0.123423
-0.095027
0.106322
0.494639
0.861143
-0.296352
0.033067
0.281355
-0.047269
-0.166315
0.587560
0.183559
0.853258
0.248739
-0.058755
-0.548320
0.105692
0.042590
0.219921
-0.215917
0.290991
0.011732
-0.054791
-0.281001
-0.188219
-0.492806
-0.164408
-0.271551
0.302233
0.276285
0.263606
0.273060
0.270516
0.203102
0.068036
0.158686
0.324759
0.126267
0.074334
-0.613490
0.028684
-0.601387
0.558113
0.413141
0.165444
-0.117645
-0.025833
0.099995
0.054523
0.086091
0.442658
-0.530366
0.347128
-0.261182
0.316443
-0.301067
-0.547715
0.010497
-0.426138
-0.392469
-0.199100
-0.301838
0.373435
0.346145
0.142244
-0.182123
0.292985
-0.021701
-0.201111
0.440353
-0.405191
-0.275388
-0.169234
0.221930
-0.103802
0.248924
0.020929
0.012829
0.145022
0.463116
0.578078
-0.041570
0.301768
0.124432
0.218487
-0.215130
-0.393743
-0.357407
-0.058311
-0.405740
0.529837
-0.521637
0.024617
0.111439
0.450164
-0.200315
-0.553251
-0.209558
0.501683
-0.383976
-0.244002
-0.090313
0.211953
-0.254059
-0.056072
0.043577
-0.305756
-0.309680
0.321124
-0.153192
-0.086995
0.193521
-0.160165
0.357986
-0.101089
-0.204286
0.686226
-0.404292
0.411597
-0.481539
-0.498588
0.130466
-0.075641
0.018113
-0.381398
0.335423
-0.407276
0.211728
0.185687
-0.153270
0.741707
-0.200760
0.257413
0.079214
0.494774
-0.462431
0.148167
-0.568722
0.307470
0.328555
0.049005
0.031308
-0.603272
-0.269946
-0.411771
0.040597
0.274483
-0.170827
-0.408612
0.135659
-0.011570
-0.532521
-0.602641
0.035568
-0.102912
0.126624
0.309474
0.318360
0.493191
-0.276952
0.246295
0.526199
-0.123279
0.032949
0.025376
0.688755
-0.420425
-0.135568
0.271161
0.229545
0.332682
-0.100863
0.266809
-0.436851
-0.088766
-0.103629
0.761100
0.015516
0.390236
0.579970
-0.172963
0.280988
-0.011424
0.064482
0.445768
-0.419470
-0.450155
0.431576
0.223830
-0.303253
-0.709832
-0.057402
-0.093560
-0.234444
0.305762
-0.283241
0.494340
-0.217315
0.257793
-0.209427
-0.437315
-0.605249
-0.547907
0.342747
0.102221
0.389757
-0.260536
0.687684
0.099319
-0.327227
-0.445645
0.402620
0.242579
-0.446792
0.152688
-0.127523
0.323704
-0.449321
0.511003
-0.491456
-0.146289
-0.094387
-0.268371
0.070888
0.041263
0.447096
-0.178009
0.268198
-0.006548
-0.052824
0.239106
-0.294852
-0.149282
-0.232175
0.003079
0.137694
0.061290
0.617802
-0.313152
-0.541119
-0.271744
-0.313127
-0.322780
-0.232589
0.321110
0.270602
-0.119124
-0.035110
0.037877
0.286812
0.199888
-0.553312
0.598775
0.013323
-0.377875
-0.458858
-0.264530
-0.168892
0.537019
-0.252251
-0.099561
-0.329647
-0.431492
-0.067905
-0.143025
0.215758
0.256444
-0.104630
-0.528944
-0.104829
0.141371
-0.297612
0.008927
-0.136845
0.116002
0.223136
0.421070
-0.213438
-0.213521
-0.095055
-0.203350
0.218566
-0.287058
-0.003729
-0.405057
-0.237368
0.029738
0.234555
-0.438500
0.238019
0.095875
0.642619
0.049076
0.154538
0.049661
-0.761156
0.249356
0.362861
0.137058
0.451865
0.082814
0.021053
-0.218980
0.189454
0.091375
-0.611857
-0.214715
0.290558
0.045809
0.202533
0.048527
0.334510
-0.492455
0.192436
-0.417786
0.632732
0.385836
0.081163
0.149737
0.312377
0.190516
0.153631
0.014285
0.386143
0.170771
-0.048070
-0.030436
0.117677
0.427084
-0.028681
0.532444
0.005637
0.151482
-0.350985
-0.176287
0.349214
0.184554
-0.240020
-0.073774
0.140133
0.081181
-0.146577
0.380839
0.132774
0.303408
0.475191
-0.249537
-0.339788
0.341236
0.044409
0.118848
-0.569249
0.406170
-0.599728
-0.221966
0.085940
-0.471459
0.224059
-0.493862
-0.070571
-0.586055
0.237736
-0.071140
-0.146381
0.207848
0.163151
0.074654
-0.018095
-0.576452
-0.035710
-0.160626
-0.281297
-0.007483
0.019320
0.364348
0.111591
0.447001
-0.355588
-0.002227
-0.102757
-0.312228
0.153338
-0.233276
-0.114577
-0.469731
0.346908
0.331576
0.158544
-0.283428
-0.440741
0.305375
0.125292
0.432917
-0.252197
0.133357
0.069364
0.347760
0.188102
0.073299
0.089930
-0.345528
-0.108086
-0.469943
-0.125753
-0.374817
-0.079717
-0.089372
-0.326481
-0.530556
0.436460
-0.078189
-0.045783
0.366034
-0.033613
-0.426151
-0.183878
-0.237598
0.039323
-0.307467
-0.696865
-0.445318
0.116747
0.436558
0.043933
0.405961
-0.021249
0.090015
-0.638789
0.175945
0.328165
-0.359357
0.567511
-0.138091
-0.525521
0.192130
-0.169562
-0.429826
0.068121
0.566135
0.174551
-0.489488
-0.291807
-0.080871
-0.170092
-0.756992
0.589056
0.394033
-0.739885
-0.209469
0.058486
0.480826
0.115698
0.093251
0.278872
-0.073450
-0.645786
0.139038
0.366739
-0.118911
-0.300287
-0.432363
-0.373516
-0.270232
-0.339716
-0.357122
-0.031613
-0.036441
0.245917
0.251479
-0.143216
-0.333120
-0.049407
-0.758147
0.105206
0.231906
-0.553015
0.119087
0.161307
0.165378
0.107840
-0.251956
-0.522292
-0.211375
-0.239964
0.474905
0.559838
0.006875
-0.138086
-0.161913
-0.226654
0.235797
-0.276655
0.494993
-0.250594
0.296463
-0.115481
-0.240064
0.622788
0.521516
0.021987
0.499471
0.059748
0.253979
0.192771
0.560723
0.192841
0.167366
-0.063148
-0.220654
0.218321
0.436619
-0.220090
-0.000357
-0.521356
0.448624
0.117307
0.293669
0.384124
0.164193
-0.412121
0.229947
-0.231761
0.344245
0.354329
0.335445
-0.508340
-0.176660
-0.053945
0.113828
0.304641
-0.125844
0.326856
-0.395404
-0.162045
0.179124
-0.253149
0.220273
0.459327
-0.275414
-0.412853
-0.045986
0.156556
-0.368003
0.362876
-0.487786
-0.304145
-0.069276
-0.336378
0.589624
0.350417
-0.048840
-0.032106
0.345812
-0.401800
0.334635
-0.535060
-0.136677
-0.591796
-0.347572
-0.571803
-0.010985
0.128776
0.072047
-0.172047
-0.369160
-0.034617
0.326536
0.377516
-0.152217
0.019205
0.354524
-0.091139
-0.057480
-0.367369
-0.057410
-0.610408
-0.511736
0.009625
0.296580
0.004964
-0.038263
0.354679
0.255148
0.464574
-0.528279
0.274948
0.079008
-0.265829
0.352578
0.222401
-0.210586
0.630018
0.341817
0.414658
0.214983
-0.295725
-0.675497
-0.100758
0.152820
0.017500
0.486552
-0.188701
0.427260
-0.092930
0.310460
0.181342
0.087499
-0.242707
-0.117683
-0.283886
-0.210990
-0.287842
0.111785
-0.214267
-0.081757
0.208674
0.514689
-0.368954
-0.679582
-0.585241
0.263762
0.119329
-0.227134
-0.610776
-0.083992
0.330417
0.077846
0.190296
-0.511955
0.001395
0.078634
0.499495
-0.453102
-0.130006
0.093836
0.355465
-0.362773
-0.160132
-0.394251
-0.159390
0.173968
0.360684
-0.344701
-0.384445
0.070934
-0.071202
0.140452
0.188398
-0.494058
-0.440715
-0.017853
-0.372425
-0.414271
-0.158918
0.215312
-0.072935
0.045738
-0.229702
-0.245360
0.183555
0.237239
0.003298
0.116833
0.345827
-0.210298
-0.044965
-0.210587
0.028281
0.096966
-0.096447
0.146513
-0.032086
0.134782
0.016647
0.279243
-0.709719
0.126885
0.304291
-0.218763
-0.701935
-0.231278
-0.134081
0.346574
-0.364975
-0.263036
0.389779
0.578306
0.553219
0.040532
-0.129833
-0.099470
-0.120841
0.555431
0.304280
0.260693
-0.310597
0.018255
0.189280
0.763550
0.109878
0.236951
0.220897
0.533736
-0.452219
0.281932
-0.695142
0.311799
0.339471
-0.261581
0.013342
0.273285
-0.748344
-0.134447
-0.382794
-0.020880
0.063038
-0.540946
-0.090213
-0.094605
-0.087714
