0.293978
-0.098079
-0.122114
0.039323
-0.102100
-0.490837
0.496537
-0.092907
0.370490
0.146608
0.252145
0.092879
0.040111
0.639701
-0.542780
0.204931
-0.449397
0.327337
0.292695
0.582353
0.007080
0.162917
0.320532
-0.139378
0.109049
-0.386952
0.526895
0.155993
-0.047819
0.693019
0.545685
0.513698
-0.341844
0.384738
-0.297503
0.344508
-0.217892
-0.234174
0.263841
0.234295
0.304988
-0.161710
-0.129264
-0.201816
-0.433429
-0.049516
-0.255467
-0.169010
-0.076259
-0.479474
0.298408
-0.030705
-0.358489
0.144274
0.197932
0.453170
0.106592
0.826526
-0.075262
0.621328
-0.045961
0.209825
0.523070
-0.195719
-0.543504
-0.281411
-0.175756
-0.217179
-0.207697
-0.215450
0.162695
-0.022949
-0.017863
-0.381105
0.382161
-0.138841
-0.347842
0.143577
-0.230100
-0.276170
-0.254464
-0.089916
0.369107
0.360183
-0.410575
0.026929
0.379447
0.651303
0.259740
0.101500
-0.135219
0.153457
-0.211336
0.000017
0.415078
0.007744
0.097739
0.831925
0.106322
-0.253124
0.605773
0.198665
0.364488
0.230220
0.005528
-0.031654
0.207798
-0.265265
-0.392521
-0.166683
0.255323
0.417634
0.052259
-0.040497
-0.257365
0.086265
0.079759
-0.487754
-0.041130
0.717625
0.168205
0.133855
0.266124
0.301893
0.119301
-0.107887
-0.126471
0.319594
0.560742
0.515367
0.468251
0.512337
-0.352491
0.214258
-0.466295
-0.054973
-0.149882
-0.262756
0.074036
0.223178
-0.477773
-0.171651
0.204842
-0.131386
0.004792
0.428759
-0.389172
-0.351031
0.146817
0.454800
-0.346309
-0.255707
0.338628
0.074865
0.159330
0.063712
-0.210378
0.746732
-0.217925
-0.539050
-0.254653
-0.338860
0.633858
-0.291761
-0.055686
-0.200685
-0.062563
0.347566
0.558925
-0.224608
0.263685
0.383893
-0.095321
0.484081
0.161482
0.105106
0.502672
-0.444120
0.344390
0.205354
-0.233114
-0.229246
-0.085370
-0.125401
-0.080229
0.243003
0.163055
0.288588
0.471045
-0.408786
-0.380754
-0.043216
-0.220682
-0.282469
0.244721
-0.086324
-0.230330
0.111540
-0.037113
-0.394237
0.487421
0.038696
-0.373930
-0.065003
-0.508493
0.323314
-0.370823
-0.474745
0.214987
0.314564
0.264934
-0.247833
-0.201103
0.271205
-0.512514
0.185606
0.089508
0.432972
0.181314
0.089486
-0.065528
-0.087170
0.390950
-0.219726
0.233743
0.725155
-0.143788
-0.390256
0.124170
0.074358
-0.055355
-0.117178
-0.387712
-0.531282
-0.158098
-0.010269
0.131516
-0.291622
-0.511697
-0.297018
-0.316464
0.175182
-0.429966
0.291999
-0.513443
0.371079
-0.581557
-0.296301
0.476330
0.124189
-0.311615
0.093296
0.428046
0.016587
-0.316123
-0.446795
0.093899
0.320560
0.199945
0.656757
0.337748
-0.622300
-0.323686
-0.464636
0.047039
0.154006
-0.344185
0.585664
-0.321471
0.702491
-0.138487
-0.645034
-0.223330
-0.471463
0.319325
0.165388
-0.658432
-0.028312
0.314042
-0.073884
0.062170
-0.406960
-0.565662
0.380692
-0.277317
-0.013740
0.500528
0.364608
-0.451016
-0.062918
-0.182991
0.066498
0.351194
-0.602153
-0.052146
0.322209
-0.398607
0.192220
0.407050
-0.257206
0.041601
-0.141203
0.099918
0.481414
-0.575414
0.464673
0.134075
0.361106
-0.179568
-0.587984
-0.165803
0.331826
-0.403879
-0.337295
0.384674
-0.771510
-0.154430
0.082445
-0.085461
-0.293128
0.283965
0.344356
-0.501636
0.721244
-0.229849
0.363550
0.430930
0.048717
0.195147
-0.422819
0.036168
-0.402346
0.026733
-0.542914
-0.265260
0.099993
-0.319728
-0.471052
0.150674
-0.021678
0.036405
-0.504967
-0.203868
0.211807
-0.115934
-0.482453
-0.161978
-0.011251
0.028462
-0.310609
0.654489
-0.332722
0.546307
-0.143552
0.392973
0.536386
0.178573
0.286687
-0.361381
0.210134
-0.380761
0.268061
0.505404
-0.111328
0.504913
-0.605844
0.535782
-0.185094
-0.001223
0.063097
-0.602037
-0.334157
-0.226413
0.114269
-0.155263
0.138757
0.267385
0.241741
0.396937
-0.613311
-0.020524
-0.028725
-0.105146
0.147893
-0.569414
-0.069326
-0.086889
-0.337199
-0.296514
0.163226
0.146554
-0.263855
0.135907
0.131408
0.318699
0.301712
0.375351
-0.551206
-0.175696
0.298457
0.190698
-0.136247
-0.203642
-0.369884
-0.229478
-0.182371
-0.258689
-0.294854
0.459087
0.413491
-0.390948
0.587712
0.044538
0.332352
-0.384462
0.150750
0.265375
-0.209345
-0.540567
-0.270566
0.130524
0.281635
0.084158
0.360649
0.741592
-0.471325
0.568397
-0.389851
0.192931
-0.413227
0.069724
-0.140416
0.132226
-0.058493
-0.052188
-0.048304
0.330699
0.354369
0.044418
0.737992
-0.298865
-0.288514
-0.458097
0.671566
0.412911
-0.392302
-0.143212
-0.408375
-0.349567
-0.108073
0.665761
0.301850
0.195021
0.041797
-0.068696
-0.378633
-0.434697
0.276480
-0.039334
-0.482147
-0.514650
-0.525078
0.181710
0.058456
-0.322233
-0.282898
-0.055926
0.146411
-0.539050
-0.125183
-0.450343
-0.276688
-0.017128
-0.163965
-0.473387
0.207358
0.325853
0.388678
0.518327
-0.294066
-0.564698
0.314738
0.201026
0.188882
-0.264350
0.210418
-0.392198
-0.144381
-0.573802
0.113235
-0.301234
-0.427149
-0.014175
-0.035046
0.142083
0.110121
0.567887
-0.054932
-0.648207
-0.229639
-0.302088
0.171182
0.408836
-0.391859
-0.341093
-0.009518
-0.529778
-0.021325
0.410272
-0.020638
-0.081034
-0.040765
-0.143688
0.042345
-0.098787
0.393043
0.228878
-0.541697
-0.109226
0.138590
0.491977
0.328003
-0.418232
-0.194748
-0.340108
0.251321
0.219382
0.388446
0.478480
0.223688
0.192280
-0.091522
-0.418612
0.035367
0.314025
-0.293825
-0.411527
0.045754
-0.041664
0.020257
0.446908
0.373652
0.229442
0.229045
0.815274
-0.312975
0.311847
-0.183180
-0.485293
-0.224392
0.333621
0.046003
-0.574079
-0.220994
0.556212
0.374413
-0.276290
-0.286208
0.212058
0.084660
0.268964
0.226071
-0.080477
-0.201373
-0.561208
0.297012
-0.674696
-0.279775
-0.327817
-0.377943
-0.328240
0.515723
0.487991
0.036344
-0.279207
0.419058
0.128414
-0.351330
0.408649
-0.099976
0.258913
0.476965
0.303707
0.508454
-0.449332
0.325421
0.003073
-0.190277
-0.653087
0.247096
0.082605
-0.374323
-0.142537
0.334157
0.316210
-0.074462
0.263237
-0.484854
-0.014368
-0.320507
-0.379508
0.366230
0.166221
-0.384035
-0.157782
-0.457240
-0.405467
0.396486
0.400015
0.376389
-0.377195
0.284852
0.040610
-0.304982
-0.230779
-0.351702
0.407819
0.327745
0.039510
0.338283
0.382364
-0.372996
-0.046584
-0.628529
0.176796
0.086348
0.636600
-0.253916
-0.152096
0.034481
0.136387
-0.554892
0.078103
-0.257903
-0.600977
0.013981
0.910495
-0.439296
0.335623
0.022325
0.644382
-0.023628
0.043096
-0.275551
0.024546
0.509274
-0.100258
0.317732
0.267921
-0.416796
-0.039284
-0.519630
-0.365787
-0.617557
-0.176382
0.284619
-0.028816
-0.736033
-0.413549
-0.239343
-0.346936
0.388033
0.288493
-0.345710
0.300440
0.248279
-0.743866
0.309515
0.024926
-0.476386
-0.457050
-0.006982
-0.011956
0.624924
-0.114679
-0.251018
0.003692
0.264914
-0.225971
0.401061
-0.245527
-0.175058
0.042544
-0.357448
-0.427627
0.151910
0.042292
-0.396000
0.264290
-0.217110
-0.510670
0.084036
0.158371
0.227496
-0.058271
0.350398
0.061100
-0.044976
0.484462
-0.479457
0.179696
-0.558227
-0.504138
-0.456067
-0.185789
0.369636
0.407768
-0.134494
-0.270867
0.366350
0.130594
0.002908
0.032093
0.369379
-0.211650
0.434594
0.220912
-0.158829
-0.014541
-0.029232
-0.393664
0.408991
-0.050630
-0.301070
-0.317273
-0.054408
0.178501
-0.405852
0.164580
-0.193257
-0.061251
0.482627
0.319856
-0.174828
-0.445902
-0.349105
0.045723
0.405460
-0.593783
-0.655977
-0.122030
-0.198976
-0.338959
-0.325068
-0.191608
0.578024
0.438659
0.640796
-0.527649
-0.455068
-0.297792
-0.243080
-0.615452
0.486812
-0.040130
0.321929
-0.542890
0.102528
0.085727
-0.414991
-0.323953
0.039251
-0.478594
-0.588512
0.404180
-0.213179
0.229520
0.537196
-0.390808
-0.310799
0.307758
0.091757
0.684192
-0.367004
-0.016367
-0.021714
-0.429829
0.134764
0.341887
0.101529
0.910790
-0.453477
0.434222
-0.178114
0.241466
0.365671
-0.120465
0.243837
-0.314318
0.549161
0.335175
0.302238
0.055621
0.439804
-0.582630
0.427739
-0.462261
-0.070832
-0.148971
-0.837910
0.116990
-0.551539
-0.487596
-0.211969
-0.385577
0.350758
0.431751
0.032323
-0.283594
0.097196
-0.084135
0.548564
0.051274
0.317293
0.035196
-0.082208
