0.362307
-0.088874
-0.362078
-0.011325
0.332436
-0.421128
0.052747
-0.060405
-0.198090
0.379809
0.197383
0.005562
0.060573
-0.682821
-0.165408
0.080778
0.001147
-0.165027
0.280981
-0.104381
-0.220915
-0.264893
-0.293263
0.138251
0.459369
-0.210012
-0.490274
-0.221367
-0.454664
0.003762
0.236243
-0.442694
-0.318398
-0.536440
-0.359987
0.203541
-0.190711
-0.005172
-0.145852
0.154794
-0.319514
-0.063830
-0.310651
-0.054355
0.189788
-0.401312
0.048829
0.069766
-0.073349
-0.335136
-0.283765
-0.492446
-0.131592
-0.452876
0.117170
0.401892
-0.110643
-0.221167
-0.613596
0.139892
0.330736
-0.204026
-0.370024
-0.343973
0.131580
-0.646272
-0.560967
-0.011544
-0.098780
-0.365302
-0.322627
0.382529
0.452375
0.108312
0.453422
0.335032
-0.381333
0.519941
0.502763
-0.270171
0.149569
-0.119904
-0.397501
0.670599
0.086165
-0.316880
-0.397264
0.652926
0.251800
-0.052151
0.176474
-0.144364
0.393292
-0.237621
-0.129819
-0.149428
0.249822
-0.306156
0.408008
0.057715
-0.079228
0.284560
0.047899
-0.348650
-0.116563
-0.367066
0.704039
-0.414214
0.317366
-0.312333
-0.035397
0.217991
-0.239263
0.056662
-0.280774
-0.056359
0.228437
-0.406671
0.118698
0.240528
0.297450
0.299758
-0.252691
-0.505531
-0.446035
0.690290
-0.304072
0.199997
-0.228158
-0.116558
-0.019515
0.240752
0.271976
0.221206
-0.470877
0.539612
-0.140533
-0.292825
0.191159
0.474594
0.639032
-0.228117
-0.581698
-0.063412
-0.067166
-0.255483
0.355621
-0.320929
0.061728
-0.603787
0.320726
-0.536658
0.613915
-0.176055
0.429805
0.248315
-0.497076
-0.139484
-0.321549
-0.025531
-0.434374
0.043163
0.700404
0.301520
0.446636
-0.122463
-0.510573
-0.247433
0.025041
-0.728699
-0.076635
0.477899
0.140870
-0.159805
-0.435081
-0.110022
-0.266832
-0.336000
-0.024345
-0.436182
-0.324850
-0.456783
-0.017768
-0.401170
0.085659
0.109345
-0.047510
-0.136602
0.257057
-0.263090
0.599385
0.418188
-0.231314
-0.080566
0.309748
-0.469938
-0.187796
-0.576844
0.004581
-0.169178
0.577272
-0.037999
-0.267001
0.253379
-0.392193
0.509325
0.317543
-0.052104
0.191906
-0.115180
0.226378
-0.132517
-0.125456
0.016060
-0.071963
0.028836
0.075021
-0.204589
-0.127971
0.024850
0.034498
-0.128094
0.148196
0.329069
-0.020541
0.320352
-0.329943
0.007797
-0.379593
-0.000928
0.038488
0.172882
-0.143705
-0.185115
0.008044
-0.034024
0.026757
-0.084983
-0.667090
-0.020164
0.434416
-0.025006
0.481195
-0.268176
-0.429778
0.001629
-0.350878
0.121771
-0.440660
0.438780
0.138661
0.251740
0.663100
0.412307
-0.120146
-0.489742
0.070376
0.158493
-0.124097
0.353861
0.349583
-0.244435
-0.192838
-0.304794
-0.080423
0.003423
-0.261777
0.547649
0.248112
0.388010
-0.093961
-0.450321
0.489607
0.522793
-0.218446
0.126233
-0.267683
-0.506446
-0.450782
-0.488931
-0.343974
-0.358286
-0.114979
-0.157386
-0.042429
-0.213128
-0.549721
0.004923
0.317372
-0.027982
-0.253750
-0.009349
-0.134593
0.365210
0.201130
0.652847
-0.593216
-0.016577
-0.181402
-0.446913
-0.296617
-0.539819
0.605998
0.274376
0.163571
-0.090073
0.188626
0.472588
0.459284
0.103610
-0.269473
-0.048737
-0.392702
-0.160048
0.137057
-0.661702
-0.271990
-0.024259
0.014472
0.423392
-0.196128
-0.143075
0.016478
0.028360
-0.199177
0.283856
0.325605
0.438425
-0.444950
-0.213601
0.143206
-0.033470
0.059526
0.145825
0.008649
-0.013373
0.046309
-0.235554
0.252100
0.085884
0.206730
-0.012372
-0.232629
0.494017
0.337604
-0.142058
0.066497
-0.211853
0.264441
-0.578741
-0.339186
-0.297624
-0.502572
-0.328365
0.081654
0.681484
0.253385
0.403686
-0.586514
0.165614
-0.071671
0.499053
0.129004
-0.010519
-0.039252
0.016710
0.123882
-0.510809
0.623403
-0.322488
0.340093
0.442286
-0.105022
0.397345
0.228764
0.098126
-0.638441
0.260028
-0.007677
0.248585
0.051136
0.479957
0.315968
-0.309006
-0.115646
0.127454
-0.488471
0.114538
-0.253528
0.115525
-0.076274
-0.171314
0.396443
-0.106992
0.061552
0.282870
0.349268
-0.249361
0.082288
-0.604517
-0.012810
0.015141
0.179130
-0.042160
-0.319283
-0.101563
-0.177286
-0.153390
-0.290277
0.093249
-0.254416
-0.275965
-1.052337
0.018635
0.272684
0.082253
0.217532
-0.087434
0.320074
0.127758
0.465214
-0.566580
0.188558
0.319165
0.396486
-0.020198
-0.449649
-0.032078
-0.505668
0.083956
-0.029450
-0.502506
-0.456564
0.090922
-0.375380
0.048827
-0.231837
-0.196647
-0.155300
-0.215440
-0.468712
0.099265
0.136588
-0.330273
-0.060973
-0.409436
0.248416
0.243629
0.485847
-0.312734
0.215660
-0.225388
-0.062007
-0.059926
-0.709176
0.400808
0.020226
-0.005345
-0.396834
-0.258073
-0.073688
-0.053592
0.152199
0.242433
0.337469
-0.182183
-0.424214
-0.003365
-0.821648
-0.362242
0.394732
-0.487598
-0.265125
-0.302260
-0.061995
0.061829
0.477458
0.532650
0.089247
0.006365
0.345587
0.227858
0.103393
0.312153
0.297447
-0.524788
-0.057214
0.187604
0.382678
-0.207096
-0.025478
0.178148
0.328138
-0.062472
-0.429761
0.151897
0.247951
0.236938
-0.098241
-0.337936
-0.289593
0.042329
-0.036782
-0.133124
0.217280
0.399893
-0.041664
-0.515238
0.161142
-0.426198
0.058323
-0.211369
-0.354925
-0.500127
-0.228829
-0.386480
-0.355323
-0.425325
0.133432
-0.322660
-0.030633
-0.014752
-0.299753
0.045040
-0.725141
0.568142
-0.387872
-0.268216
-0.057326
-0.657793
0.099543
-0.198526
0.092181
0.036084
0.019536
-0.456815
-0.296398
-0.119450
0.021517
0.418453
-0.600312
0.476689
-0.315110
0.242183
-0.305349
0.225076
-0.000674
0.092014
0.316206
0.037326
0.261404
0.587854
0.288572
-0.565899
-0.238467
-0.477137
0.457816
0.044278
0.412589
0.385721
0.191002
-0.053533
-0.145473
0.124709
-0.333208
0.347733
-0.101560
-0.082268
0.339180
0.346794
-0.214540
0.247734
0.197219
-0.366274
0.529660
0.466257
-0.139974
-0.173149
-0.316789
0.437622
0.494555
-0.073750
-0.310639
0.361121
-0.360187
0.110621
0.234162
-0.586566
-0.536753
0.366705
-0.089391
-0.283791
-0.237006
-0.391949
-0.422553
-0.704157
-0.624398
-0.148866
0.446057
0.133141
-0.354800
0.328926
-0.264285
-0.455466
0.433826
-0.289315
0.503780
0.130881
-0.227118
0.426446
0.218345
0.463642
0.139211
-0.212318
0.318329
-0.716338
-0.541676
-0.184282
0.145188
-0.436127
0.214744
-0.482450
-0.170482
0.085449
-0.521573
0.356195
-0.451587
0.476267
0.164397
-0.114472
-0.404524
0.240551
0.262782
-0.396692
0.544203
0.023646
-0.336113
-0.361825
0.082375
-0.099882
0.075242
0.449284
-0.113230
-0.106613
-0.088400
0.526313
-0.096111
0.345440
0.346030
-0.028528
0.180206
0.319135
0.698020
-0.626211
-0.327731
-0.743480
0.421921
0.161025
-0.246032
-0.371495
0.405672
0.196440
0.361029
-0.234421
0.530634
0.126606
0.564235
-0.268191
0.002532
-0.097569
0.086423
-0.448856
-0.023283
0.633178
0.523184
0.202149
0.165332
0.048582
-0.018706
0.272533
-0.010207
0.616253
0.018477
-0.617872
-0.309968
-0.260795
-0.348933
-0.365534
-0.133930
-0.272680
-0.811825
-0.106988
-0.117853
0.350473
0.305305
0.034280
-0.127881
0.128815
0.106476
0.439744
-0.020975
-0.167120
-0.088933
0.689925
0.412997
0.076607
0.056911
0.176426
0.048269
0.106655
-0.332215
-0.721020
-0.061788
0.504444
-0.832078
0.434821
0.072781
-0.400191
0.068348
-0.014490
-0.429616
-0.732262
0.198298
0.171972
0.127096
-0.194504
0.411588
-0.249736
-0.015315
0.504813
-0.415082
-0.064636
-0.482822
0.412535
0.307167
0.013471
0.314483
-0.211230
0.569597
0.086259
0.004678
0.436412
0.000904
-0.209749
-0.117725
0.624387
-0.074515
0.177539
0.632023
0.407019
-0.474343
0.203839
-0.640848
0.274632
0.611481
-0.437857
-0.508143
-0.025756
-0.324312
-0.091502
-0.327186
0.194675
0.232692
0.670474
0.415339
0.467969
0.061832
0.256219
-0.016562
0.299262
0.374817
-0.213103
-0.194469
0.223930
-0.374349
-0.185248
0.247155
-0.152581
-0.197798
0.175513
-0.392702
-0.224855
0.179710
-0.217336
-0.343101
0.700766
-0.143151
0.609473
0.114454
0.527831
-0.439004
0.051707
-0.209288
0.369006
-0.184917
-0.206270
0.218178
0.580401
-0.241815
-0.235232
-0.277936
0.265629
0.597705
-0.172641
-0.421071
0.162396
-0.570044
0.280155
0.448779
-0.570620
0.058652
-0.158192
0.093471
0.350419
0.199943
0.171130
