-0.272656
-0.165284
-0.054612
0.207463
-0.282748
-0.356040
-0.004952
0.301693
0.418855
0.000799
0.076712
0.089171
0.007065
-0.188463
0.069859
-0.157744
-0.183075
-0.047369
-0.351911
-0.079273
-0.344355
-0.405884
0.024149
0.175148
-0.484594
-0.441947
0.533969
0.374398
-0.021959
-0.025070
-0.090659
-0.314570
-0.245205
0.181362
-0.052812
0.151360
-0.000347
-0.120675
-0.192524
-0.601991
0.244771
-0.133190
-0.263816
0.396379
0.414359
-0.498183
-0.024971
0.309388
-0.159330
0.288335
0.146076
-0.296387
0.128149
0.239078
0.116041
0.503298
0.371025
0.026213
0.058388
0.496797
0.303169
0.083277
0.236189
-0.001755
0.318007
-0.285429
0.206232
-0.339495
-0.016302
-0.144256
-0.211844
-0.400967
0.090727
-0.457881
-0.003409
0.505952
-0.026491
0.292835
-0.141280
-0.253008
0.067074
0.288068
0.215614
-0.282740
-0.246099
0.130587
0.444398
0.472421
-0.135362
0.047287
0.119062
0.236142
-0.372256
-0.334375
0.584423
0.162837
-0.020179
0.240080
0.235936
0.293115
-0.431413
-0.408084
0.096036
-0.108385
0.065429
-0.374571
0.668406
0.269911
-0.250378
-0.225153
-0.252218
0.189224
-0.340368
0.254393
0.130191
-0.191497
-0.169766
-0.278706
-0.003198
-0.472627
-0.246747
-0.241884
0.328579
-0.274782
-0.375403
-0.112170
-0.146769
0.252579
-0.368262
-0.501985
0.315116
0.648407
0.211540
-0.589358
-0.581387
-0.205299
-0.410352
-0.383389
0.000125
0.079804
-0.667146
0.405059
0.249775
-0.246702
0.338722
-0.003649
-0.333091
0.111682
-0.296814
0.231128
0.073157
-0.079758
-0.102429
0.025821
0.830872
-0.405173
-0.371970
0.109676
0.032156
0.194588
0.167533
-0.450061
0.648457
0.154303
0.431056
0.018754
0.084306
0.175660
0.348944
-0.052590
0.458887
0.046956
-0.147903
0.053366
0.299686
0.079175
0.371405
0.475461
0.108664
-0.160644
-0.226200
0.268854
0.505879
0.075536
0.150905
0.141733
0.253438
0.327601
0.172140
0.293204
0.512830
-0.505864
0.292650
0.314775
0.039510
-0.339832
-0.475140
-0.591775
-0.311205
-0.543817
0.335302
-0.226716
-0.504712
0.379602
0.186691
-0.192563
-0.076622
-0.296025
-0.259410
0.201714
0.065164
-0.353170
-0.331335
0.261735
0.395929
0.201501
0.618993
-0.196611
-0.296731
0.429016
0.589935
-0.219083
0.336338
0.329867
0.263348
-0.093329
-0.595699
-0.387225
-0.174912
-0.336705
0.234784
-0.351083
-0.188478
-0.166007
-0.419799
-0.258303
0.399901
-0.522098
0.438257
-0.032099
-0.478055
-0.426792
0.073833
0.045473
-0.508439
0.517578
-0.514759
-0.204945
-0.525356
0.080968
0.351174
0.280590
0.145512
0.411224
-0.245390
-0.083806
-0.638118
0.525927
0.167856
-0.290762
0.232043
0.095813
0.372860
0.370737
0.015115
-0.194423
0.154860
0.418868
0.064861
0.005162
-0.312473
-0.416823
0.165628
-0.320863
-0.440192
0.552037
0.048533
0.385857
0.463898
-0.501023
0.314937
-0.090714
0.007532
-0.096253
-0.206716
-0.351575
-0.109730
-0.224264
0.547495
-0.222303
-0.211444
0.553488
-0.137936
0.314098
0.457159
0.450997
-0.482114
-0.131597
0.238117
0.466895
0.448280
-0.305695
-0.102110
-0.095387
-0.179696
0.032852
0.452736
-0.018043
-0.171890
0.294456
-0.100408
-0.089431
-0.423254
0.349420
0.378800
0.405456
-0.409049
-0.637425
-0.282176
0.372427
-0.330645
-0.024775
-0.170728
0.647950
-0.082113
0.061607
0.370318
-0.117324
0.121138
0.243603
0.476323
-0.305409
0.143591
0.430292
0.459484
0.178731
-0.305049
-0.510891
0.214700
0.557510
-0.400771
-0.166855
-0.347193
-0.060393
0.066728
0.268767
-0.156571
0.324723
-0.399358
-0.457336
-0.131719
-0.195078
0.009878
0.334504
0.009071
-0.204954
0.094980
0.078240
0.374631
-0.294612
-0.241723
0.028500
0.178094
0.149993
0.255829
0.344450
0.226582
-0.052120
-0.424753
-0.616379
0.282715
0.173580
0.220592
-0.395755
-0.080553
-0.016832
-0.420267
0.370844
0.099603
0.159840
-0.110849
0.389132
-0.597769
0.289305
-0.086220
0.021410
-0.189140
0.268705
0.211394
0.029477
-0.377763
-0.207322
-0.560297
-0.287777
0.429901
-0.339745
-0.214871
0.323070
0.008856
-0.299355
-0.329324
0.429520
-0.013727
0.020126
-0.317685
0.109253
0.066079
-0.404958
0.348175
0.371779
0.378009
-0.056242
-0.087433
0.427896
-0.120426
-0.313952
0.251118
0.312330
-0.249982
0.028884
0.020928
0.036530
0.296860
-0.256809
0.055356
-0.082149
0.551815
0.397530
-0.269479
-0.281927
0.163988
-0.317537
-0.375365
-0.006040
-0.171321
-0.038923
0.130675
-0.407655
-0.598049
0.310137
0.134743
0.250763
-0.338027
-0.069300
0.281282
-0.102056
0.185816
-0.167534
0.155985
-0.205949
0.096526
-0.485793
0.578487
0.043714
-0.226548
-0.118767
-0.469046
-0.436848
0.638470
-0.151592
0.266984
0.181259
-0.087816
-0.245382
-0.258962
-0.127874
-0.205874
-0.192270
0.183778
-0.377513
0.162757
0.430943
0.053372
-0.333504
-0.029639
-0.117945
0.170740
0.413522
-0.228165
-0.069457
-0.511085
-0.027900
-0.637371
-0.167905
0.271513
-0.753346
0.538529
-0.266291
-0.563566
-0.520275
-0.240568
0.183842
-0.092585
0.005508
0.025062
0.135670
-0.183524
0.099393
-0.422741
0.406128
-0.475624
-0.368222
0.046157
0.118259
0.331300
0.547619
0.410656
-0.525588
-0.189161
0.034329
-0.237161
-0.106460
0.577717
0.047529
-0.104521
-0.129862
0.202735
-0.387736
-0.517117
0.457047
0.259940
-0.388096
0.400277
0.063193
0.310658
-0.339185
-0.460498
0.555375
0.215336
-0.261577
-0.107435
0.428143
0.446607
0.199194
-0.396222
0.308070
0.217933
0.635830
0.538858
-0.646606
0.014596
0.308153
0.145555
-0.747613
-0.019537
0.131329
-0.025629
-0.179213
-0.619773
0.423962
0.298090
0.479165
0.314617
-0.050386
-0.262498
-0.071673
0.370642
-0.357947
0.288561
-0.218340
-0.110168
0.293976
0.130885
-0.151784
-0.575848
0.221342
0.095116
0.014202
-0.074334
0.209529
-0.074558
0.180726
0.408334
-0.106964
-0.592019
-0.222811
-0.112955
-0.313281
-0.402449
-0.416430
0.634482
-0.481387
-0.233005
-0.396954
-0.416636
0.129729
-0.575365
-0.063953
-0.019597
0.007000
-0.084805
-0.655099
-0.352283
-0.443290
0.812955
0.698016
0.155801
-0.223126
0.431625
0.300740
-0.175144
-0.037227
0.622043
-0.247836
-0.447405
-0.281310
0.366075
-0.468934
-0.262480
0.078068
0.367920
0.022679
-0.470720
0.359547
0.014693
-0.417067
0.569647
-0.275821
0.071116
0.386855
-0.150219
0.486666
0.073364
0.215828
-0.556606
0.062856
-0.410276
-0.495798
-0.310197
0.037538
0.026846
-0.418533
0.062410
-0.260200
-0.594409
-0.527050
0.459682
0.241272
0.315399
0.340643
-0.290633
-0.071969
-0.223088
-0.230838
0.137750
0.262363
0.442640
-0.391643
0.248828
0.477245
-0.358887
0.451843
0.429530
-0.427088
0.272441
-0.321634
0.193937
-0.228644
-0.268688
0.610902
0.390599
-0.268971
0.621587
0.486236
-0.152217
-0.103600
-0.645755
0.063530
-0.036922
-0.243818
0.141720
-0.207500
-0.210097
-0.178980
0.450878
0.517183
-0.507541
-0.181924
-0.497870
-0.143180
-0.533600
0.471735
-0.259006
-0.209682
-0.338000
-0.378141
0.396540
-0.486904
0.406272
-0.071013
-0.615952
-0.801083
0.109205
-0.752924
-0.540980
-0.131977
0.071879
0.394395
-0.488138
0.523648
-0.231350
-0.279735
-0.177277
0.110045
0.377494
-0.178145
0.013252
-0.514009
0.299144
0.372936
0.698701
0.191136
-0.299372
-0.259449
0.271507
0.287448
0.723795
-0.322118
0.319488
-0.483356
0.261552
-0.148972
0.283261
0.313633
0.425015
-0.291616
-0.530500
0.098473
-0.291572
-0.065742
-0.027345
0.003857
0.322833
0.103821
0.194313
-0.061911
0.182196
-0.289857
-0.566299
0.210888
-0.162972
-0.492447
0.436567
-0.054968
-0.282669
-0.300748
0.341156
0.156313
-0.502543
-0.003272
-0.378253
0.067241
-0.585137
0.374588
-0.435702
0.270732
-0.412144
-0.082033
-0.354135
0.386262
0.123574
-0.051013
-0.138176
0.176490
-0.200163
-0.833715
0.040709
0.274168
-0.315465
-0.052133
0.171252
0.341455
0.060687
-0.206806
-0.162261
-0.670747
0.050982
0.237370
0.093336
-0.388329
-0.025747
-0.638582
0.247093
-0.108619
-0.333878
-0.020618
-0.473393
-0.030235
-0.017960
-0.080195
-0.042386
-0.867192
-0.046310
0.624834
-0.754815
-0.412233
0.318697
0.086091
0.091595
-0.602938
0.330014
0.175765
-0.019838
-0.806295
-0.226400
0.296239
0.374597
0.321990
0.584461
0.432383
-0.268067
0.073242
-0.513319
0.098588
0.058680
0.395819
