0.442166
0.099044
0.161392
-0.035351
-0.043064
-0.394084
-0.432297
0.036544
-0.122665
-0.137897
-0.531884
0.170662
-0.248206
-0.336793
0.184409
-0.009501
0.036163
0.335682
-0.252656
-0.044719
-0.046674
0.056069
-0.051353
-0.009154
0.420556
0.266752
-0.146409
-0.349467
0.658920
0.264893
0.336983
0.447577
-0.201979
-0.322002
0.385402
0.067148
0.450741
0.530233
0.254580
0.266533
0.334024
0.554520
0.226965
-0.490407
0.729743
-0.130368
-0.016840
-0.131861
-0.085460
0.296726
0.177472
-0.286810
0.334841
0.533318
-0.291016
-0.226475
0.016990
-0.308249
-0.512180
0.184920
-0.151063
0.546714
-0.661374
-0.618141
0.304727
-0.592769
0.345002
-0.517039
0.257826
-0.364089
-0.153011
-0.470811
0.142915
-0.224377
0.356381
0.167322
-0.127550
0.074521
0.384793
-0.538870
-0.560889
-0.197843
0.237364
0.417411
0.116609
0.534477
0.198338
0.358101
0.130456
0.179622
0.184748
0.098675
0.445695
-0.025615
0.204749
-0.031159
-0.427067
-0.515227
-0.148088
0.402843
-0.088999
0.023560
0.366008
-0.123734
0.318590
0.069979
-0.368342
0.297166
-0.184775
-0.534330
0.425291
0.358385
-0.419516
-0.763990
-0.134721
-0.197635
0.185288
-0.121687
-0.208093
-0.293404
-0.109957
0.679780
-0.011686
-0.612997
-0.214330
0.051621
-0.242927
0.056532
0.053580
0.138647
0.338429
0.136566
0.420903
-0.332824
-0.317344
0.044788
-0.017857
0.364163
0.049821
0.447807
-0.514788
-0.156819
-0.176630
-0.029394
0.123689
-0.014660
0.179530
0.042432
-0.195348
0.139444
-0.044943
0.111696
0.298702
-0.181881
0.399069
0.555907
-0.021433
0.300463
-0.555368
0.588215
0.097053
-0.386630
0.557986
0.290369
0.197134
0.399353
0.377950
-0.261571
0.281259
0.165698
0.096612
0.253316
0.112427
-0.244212
0.448814
0.075322
-0.262028
0.245778
-0.245799
0.278417
0.103043
-0.276389
-0.223722
-0.558678
0.352923
-0.138267
0.509165
0.591123
-0.394587
-0.277505
0.528116
0.524618
-0.133631
0.277682
-0.210051
0.026515
-0.194934
-0.039167
-0.121712
0.358831
-0.261112
0.201924
-0.556017
0.393650
0.025513
0.019662
0.195881
0.065306
-0.204330
-0.224407
0.292444
0.221479
0.155379
0.306515
0.418433
0.569033
-0.102574
-0.467897
-0.072630
0.229437
-0.348036
0.217371
0.329669
-0.820865
0.059722
0.651615
0.630744
-0.480194
-0.172843
0.121618
0.089747
-0.358425
0.298769
-0.224042
-0.269576
0.334337
0.029837
-0.095925
-0.009179
-0.087138
-0.411771
0.202524
0.355376
-0.206504
0.356593
-0.309628
-0.310919
-0.687550
0.481765
0.483620
0.053253
0.549893
0.094002
0.251618
-0.183240
-0.214556
0.133046
0.277182
0.319408
0.473612
0.253651
-0.203529
0.405785
-0.409860
0.756497
0.283393
-0.500537
0.358323
0.315512
-0.290746
-0.215002
0.059841
-0.329802
-0.129442
-0.435688
-0.591184
-0.097177
0.410908
-0.118346
-0.313756
0.284919
0.301930
0.368412
0.157203
-0.045436
0.021154
-0.167811
0.223147
0.327571
-0.346610
0.268920
0.319229
0.416026
0.037421
0.041807
-0.130058
0.215044
-0.132252
-0.553560
0.504759
0.602135
-0.111799
-0.000179
0.344353
0.457078
0.634772
0.274147
-0.276469
0.372902
-0.584096
-0.136570
-0.622789
-0.316453
0.070690
-0.256969
-0.631210
0.110100
0.154191
-0.125728
0.094465
-0.466253
-0.066487
-0.111423
0.111600
-0.565237
0.305125
-0.133193
0.181151
0.137704
0.319263
0.275204
-0.180833
-0.358401
-0.081299
-0.139016
-0.312742
-0.348189
0.372595
-0.200901
-0.029962
-0.046448
-0.217778
0.319056
0.249683
-0.108810
-0.398677
0.066497
-0.062892
0.127876
-0.397239
-0.365047
-0.274615
-0.082163
-0.058530
-0.311172
0.027480
-0.262374
-0.247679
0.597251
-0.276725
0.450903
0.242414
-0.444160
0.409360
-0.128238
-0.542235
0.418780
0.417234
-0.004794
-0.381548
-0.226653
-0.097334
0.402319
0.393770
0.416675
-0.172200
-0.586270
0.161886
-0.115287
0.017068
-0.200175
-0.410095
0.431046
-0.130588
-0.440089
0.117121
0.489795
-0.132680
0.123902
-0.172914
-0.486405
-0.727537
0.681738
-0.388723
0.102084
-0.077091
0.147454
-0.218426
0.044441
0.520068
0.642773
-0.045879
0.163484
-0.420938
0.110123
0.055148
0.364187
-0.270419
0.140336
0.211223
-0.032431
0.405661
0.516467
0.374433
0.189407
0.099145
0.294114
-0.138794
0.324743
-0.226582
0.237683
0.297927
-0.075343
0.236698
0.561211
-0.196217
0.163440
-0.121877
0.141701
-0.224643
0.158308
0.108342
-0.422806
-0.489868
0.381776
-0.128869
0.016126
0.525488
0.643794
-0.152209
0.452682
0.590417
0.394050
-0.376152
0.194525
-0.419615
0.147776
0.172083
-0.497879
0.699575
0.194095
0.293623
-0.112220
-0.039979
-0.810120
-0.082677
0.258284
-0.099870
-0.730989
-0.281071
0.245243
0.149200
-0.359333
-0.141217
-0.450409
-0.157524
-0.205001
0.193337
0.262804
0.325090
-0.353763
-0.148658
0.094335
-0.145783
-0.413428
-0.255595
-0.087218
-0.133378
-0.077656
0.660871
-0.460757
0.024463
-0.290521
0.124760
0.315325
0.601470
0.250482
0.079631
0.005072
0.256610
-0.429453
-0.233326
-0.143741
0.190051
0.025636
0.201546
0.177219
-0.056373
0.138203
0.630583
-0.004443
-0.217371
0.330348
0.112843
-0.466995
-0.732163
-0.336484
-0.015059
0.216355
-0.371733
0.156560
0.134557
0.175424
0.192906
0.194045
0.593932
0.281280
0.103637
-0.437533
0.563583
0.389727
0.099561
-0.092021
-0.015593
-0.140290
0.551714
0.049928
0.118862
0.495416
0.140642
0.187370
0.203636
0.315810
0.204513
0.458454
-0.430810
0.330113
0.048342
0.051556
0.330505
-0.694034
0.391397
-0.209045
-0.193761
0.484984
0.680629
0.081194
0.423206
0.259662
-0.361002
0.257980
-0.386833
0.060336
-0.631721
-0.275768
-0.240057
0.381334
-0.426550
-0.315848
-0.077901
0.320755
0.339650
-0.259583
0.098847
-0.549203
-0.324697
-0.234894
0.075283
0.126384
-0.004812
-0.551034
0.459265
-0.291645
-0.401828
0.134293
-0.352445
-0.014308
-0.364594
-0.190666
-0.388148
0.386427
0.079464
-0.187606
-0.281050
-0.271069
-0.043631
-0.186339
-0.098131
0.498481
0.309512
-0.119345
-0.065217
0.597552
-0.510338
-0.430477
-0.110562
0.705093
0.260956
0.262746
0.301391
-0.163079
0.326406
0.160035
0.645027
-0.220654
-0.191384
-0.202707
0.386625
0.076704
-0.002949
0.364018
0.381353
0.170165
0.380614
-0.263412
-0.553901
-0.305685
-0.461437
0.072302
-0.585535
0.598536
0.315238
-0.220407
-0.107798
0.376386
-0.017263
0.157730
0.229442
-0.497960
0.104432
-0.013470
-0.342912
-0.226996
0.209136
-0.358455
0.343584
-0.185080
0.217456
-0.436095
-0.150697
0.192398
0.342985
0.291976
0.391219
-0.094850
0.187859
-0.018413
0.260353
0.162936
-0.263204
0.224105
0.351531
-0.129806
0.001038
0.473800
0.157191
0.260514
0.023214
0.289216
-0.102220
-0.423474
0.264504
0.358194
0.344759
-0.190270
-0.205032
-0.602115
0.148679
0.149079
-0.438058
-0.443735
0.176039
0.142012
-0.216380
0.388164
-0.541685
-0.072159
-0.329051
0.317817
0.422026
0.010673
0.607216
-0.604793
-0.430482
-0.227606
0.063649
0.044901
-0.176614
-0.205013
0.376672
-0.321156
-0.302778
0.241309
0.078191
-0.314654
-0.419498
-0.225641
-0.216238
0.158808
-0.395192
-0.213109
-0.070726
0.135267
0.108072
0.320466
-0.334501
-0.260427
-0.271864
-0.442144
-0.522544
0.625554
0.053796
-0.150386
0.116952
-0.252860
-0.695413
0.340224
0.129041
0.112129
-0.093615
-0.095175
0.092115
0.241278
-0.025990
-0.660730
-0.238871
0.043102
-0.257992
0.168294
0.578780
-0.051063
0.627233
0.237344
-0.362600
-0.231162
0.395991
0.364186
0.012848
0.506878
-0.308605
-0.333278
-0.058466
-0.478952
-0.028778
-0.184867
-0.034000
-0.079649
-0.198897
-0.156636
-0.159317
-0.430848
-0.282111
0.155647
0.532155
0.377855
0.168268
-0.502230
-0.719771
-0.013715
-0.004259
0.142169
-0.297223
-0.000766
0.029242
0.121548
0.084514
0.493803
0.498356
0.187874
-0.632330
-0.644829
-0.217557
-0.164270
-0.232520
-0.395052
-0.055190
-0.301911
0.290736
-0.337068
-0.122385
-0.220618
0.365168
-0.195813
-0.512965
-0.334269
0.217787
-0.114711
0.380554
-0.113272
0.520900
0.774496
-0.684765
0.059446
0.450317
-0.062827
-0.467209
0.321041
0.734931
-0.120416
-0.608385
0.351264
0.324910
0.597705
0.311342
0.335118
0.507089
-0.380477
-0.726117
-0.131280
0.050554
0.555047
0.014257
-0.220125
0.233394
-0.716006
0.223633
