0.367204
-0.209448
-0.399832
-0.629785
-0.235531
-0.463371
-0.222027
0.408926
-0.202314
0.332738
-0.531884
0.170662
0.531928
-0.309959
-0.002633
-0.071934
-0.490763
0.077669
0.258042
-0.663904
0.566214
-0.037101
-0.153877
-0.077323
-0.000887
0.015827
0.495990
-0.187601
-0.213979
0.264893
0.089135
0.447577
-0.357476
-0.196967
0.107013
-0.147575
-0.072346
0.295777
0.254580
0.482918
0.153232
0.522834
-0.300625
-0.137814
0.695860
-0.581627
-0.340169
-0.366847
0.318511
0.380582
0.226686
-0.082223
-0.058382
-0.382864
0.208091
0.147492
0.324109
-0.353654
0.428361
0.184485
-0.261263
0.175243
0.496746
-0.318527
-0.582002
0.396187
0.403103
-0.596880
0.139678
-0.251958
0.116286
-0.470811
0.491526
0.006224
0.595519
-0.382690
0.026388
-0.294206
0.384793
-0.519553
-0.048996
0.325198
0.207568
0.509727
0.486371
0.583365
0.031924
0.610915
0.130456
-0.125773
-0.264308
0.087646
0.460430
0.273715
0.337411
-0.551291
-0.419202
-0.650710
-0.586567
-0.504286
0.155661
0.597433
0.122166
-0.397910
0.296309
-0.558880
-0.109654
-0.448462
-0.508642
0.088321
-0.296463
-0.699864
-0.063606
-0.130921
-0.406969
-0.186114
0.203524
-0.536744
-0.199166
-0.191813
-0.025658
-0.633976
0.126640
-0.148461
-0.753522
-0.406773
-0.081381
-0.294710
-0.262958
0.371411
-0.225686
-0.405037
-0.240081
-0.398362
-0.437336
0.251223
-0.693859
-0.354042
-0.493609
0.480998
0.604773
-0.231044
-0.574585
0.102353
-0.367899
-0.338276
-0.388731
0.061020
0.359517
-0.093763
-0.218803
-0.405717
0.120057
0.161431
-0.196870
0.699225
-0.148166
0.167312
-0.079535
-0.429166
0.411358
-0.121868
0.557986
-0.014148
0.343394
0.346159
-0.460284
-0.504632
-0.203137
-0.498794
0.170639
0.253316
-0.187445
-0.031559
0.381272
-0.166738
-0.376421
0.156245
0.225185
0.068299
0.104841
0.064485
0.153542
-0.295233
-0.344994
0.316717
0.124405
0.107936
-0.018216
0.081295
0.612440
0.050302
-0.713278
-0.238720
-0.336458
-0.513783
0.390101
-0.479707
0.222721
0.407979
-0.169455
-0.516440
0.196628
0.299580
0.325203
-0.169247
0.189486
-0.063355
-0.148074
-0.239255
0.456216
0.356131
0.303677
0.042136
0.525626
-0.239845
0.237841
-0.467897
-0.178453
0.657016
0.196753
-0.001962
0.070618
-0.692709
0.125976
0.360054
-0.461727
-0.251807
0.162926
-0.145147
0.148063
0.475947
0.385132
-0.533093
-0.159447
0.272572
0.259580
-0.425613
0.460290
0.127189
-0.374984
0.127604
-0.600555
0.285967
-0.296347
-0.368118
0.442874
-0.506581
0.593957
0.312767
0.211594
-0.353253
0.288297
-0.545427
0.367886
-0.168782
0.229635
-0.138130
-0.230863
-0.210277
-0.298478
-0.353597
0.405785
-0.120597
-0.040762
0.066351
-0.386954
0.490017
0.079664
-0.032330
0.097473
0.268140
-0.539272
0.367626
-0.242154
0.552037
-0.018423
0.584251
-0.520384
0.382849
0.314937
0.078504
0.309397
-0.193116
0.048690
0.090777
-0.280370
-0.151873
-0.408221
-0.309367
0.268920
-0.487140
0.361567
-0.298214
-0.170761
0.136572
0.077601
-0.468208
-0.273974
-0.023780
0.331662
-0.235258
0.224776
0.344353
0.515073
0.535099
0.191029
0.304231
-0.366972
-0.306655
0.141753
-0.025380
-0.316453
0.070690
-0.538166
-0.723867
-0.382353
0.063704
0.188325
-0.254015
0.274111
0.627224
-0.065642
0.541376
-0.142296
-0.156414
-0.223618
-0.280573
-0.060885
0.263250
0.157423
-0.238019
-0.220197
-0.157945
0.099148
0.419306
0.425852
-0.096428
-0.170730
0.182922
-0.406363
0.433827
-0.033462
-0.121382
-0.195668
0.394737
0.577831
-0.123077
0.191995
-0.345207
-0.464875
-0.158054
-0.362016
-0.220347
-0.364023
0.212893
-0.273981
-0.247679
0.235190
-0.119277
0.311536
0.220114
0.273382
0.409360
0.204661
0.049268
-0.267135
-0.567710
0.029646
-0.329105
0.097509
-0.019116
-0.519902
0.408373
0.050606
-0.274941
-0.607835
-0.187198
-0.157914
0.552488
-0.068442
-0.269918
-0.142426
0.517783
-0.399361
-0.098323
-0.098688
-0.233730
0.421314
0.331689
0.185220
0.027613
-0.282074
-0.057836
0.331784
-0.190597
0.124500
-0.428233
0.170733
0.419295
-0.304730
-0.242189
0.279292
0.193218
0.331833
-0.178060
-0.078175
-0.404958
-0.293595
0.395656
-0.161569
0.596540
0.550809
-0.306660
0.099362
0.667589
-0.652157
-0.433062
-0.650679
-0.226582
-0.061210
0.398407
-0.598330
0.571868
0.547195
0.089049
-0.431693
-0.119373
-0.447441
0.193518
0.140174
0.247037
-0.094006
0.230143
0.123606
0.189381
0.056317
-0.099928
-0.107237
-0.102737
0.358883
-0.121366
0.367515
-0.262453
0.438599
-0.251570
0.282299
-0.558974
-0.276783
-0.303495
-0.149591
0.510771
-0.550961
-0.557611
0.162433
-0.292453
0.321540
0.019240
-0.505830
0.041603
-0.176314
-0.005214
0.178571
-0.186831
-0.339509
0.513738
-0.170544
-0.488779
-0.140687
-0.311390
0.164929
-0.066856
-0.085795
0.407105
-0.350619
0.110141
0.408982
-0.017983
-0.032581
-0.041020
0.030241
0.250034
-0.364366
-0.048551
0.315325
-0.309208
-0.005117
0.535632
0.053942
-0.423163
0.137966
0.561521
0.372850
0.281946
0.152403
0.560154
0.174091
-0.553599
-0.309230
-0.477602
-0.510323
-0.538909
0.123490
0.109680
0.359982
-0.428082
-0.196999
0.458721
-0.537172
-0.031641
0.319913
0.234858
0.058588
0.070370
-0.267004
0.016876
-0.443976
-0.633762
-0.041497
-0.017126
-0.139358
-0.267982
-0.457442
-0.559365
0.052354
0.263263
-0.144614
0.404624
0.319613
-0.261577
0.187370
-0.082277
0.228466
0.199194
0.010992
-0.734838
0.330113
-0.445584
0.024695
-0.410484
-0.062067
-0.562460
0.091726
0.286231
0.015355
0.432869
-0.264591
0.262116
-0.508823
0.101874
0.325422
-0.524968
0.087390
0.165465
0.301453
-0.248210
0.317892
-0.276603
-0.337899
-0.077901
-0.203771
-0.155178
0.421979
-0.597396
0.100995
0.557994
0.050683
0.007533
0.185101
-0.452366
-0.023774
0.622411
-0.111263
0.098902
-0.425168
-0.333246
0.330809
0.166681
-0.713182
0.299720
-0.098651
0.497140
0.060069
0.197727
-0.119807
0.258658
-0.009341
0.826178
-0.156590
0.465633
0.074843
0.001594
0.029363
-0.023327
-0.170751
0.024597
0.264127
0.190931
-0.384540
0.242267
0.497201
0.182217
-0.447424
-0.439958
-0.421654
0.338397
0.291342
-0.227273
0.076704
-0.383303
0.025196
0.392091
-0.266532
0.235847
0.108939
-0.313193
-0.785753
0.353012
-0.788250
0.338283
0.664646
-0.007031
-0.220407
0.245229
0.202801
0.147321
-0.069791
-0.734007
-0.354859
0.074254
0.208907
0.063907
0.005116
-0.380409
-0.473965
-0.497300
0.508758
0.088873
0.395492
-0.320185
-0.181585
-0.176965
0.501040
0.472386
0.086169
-0.252857
0.405894
0.017559
0.078798
-0.288123
0.360872
-0.441662
-0.310102
-0.395734
0.473800
-0.276175
0.169836
0.335216
-0.313078
0.095597
-0.532143
-0.789865
-0.082181
0.179399
-0.255703
-0.469017
0.523401
-0.373252
0.176412
-0.000602
0.336753
-0.418485
0.068186
0.525931
-0.024065
-0.142167
-0.068037
-0.395986
-0.006542
-0.044490
0.048962
0.091165
-0.380389
-0.646711
-0.082705
-0.293512
0.053574
-0.075435
0.083773
0.053826
-0.098299
0.386447
-0.447675
-0.120701
-0.152730
-0.068660
-0.225641
-0.098714
-0.463453
0.280198
0.374144
-0.556855
0.415098
0.201795
0.611941
-0.067065
-0.052364
-0.333567
-0.094112
-0.522544
0.031807
-0.380203
-0.120748
-0.196144
-0.073536
0.131874
0.703605
-0.235508
-0.102961
0.310872
0.567949
0.092115
0.342285
0.161151
-0.283997
0.334892
0.163135
0.156297
-0.303746
0.199202
0.236919
-0.169818
0.232848
0.579164
-0.096920
-0.315824
-0.492411
-0.314827
0.137460
-0.457348
0.050915
-0.286031
-0.250726
-0.128711
-0.490211
-0.420932
-0.014078
0.069614
-0.127937
-0.424694
-0.522240
0.147950
-0.198657
-0.326403
-0.045453
0.231830
-0.535529
0.356721
-0.116640
-0.325542
0.173267
0.017918
-0.478659
-0.526563
0.127381
-0.160900
0.484694
0.183990
0.664694
0.440448
0.533142
-0.217557
-0.509350
0.637329
0.502812
-0.330051
0.557592
-0.488319
-0.292720
0.539095
-0.174203
0.380795
0.215024
0.453797
-0.234066
-0.135685
-0.114711
-0.136524
0.130759
0.215792
0.047435
0.061014
-0.194595
0.450317
0.093715
-0.180004
0.383006
0.434482
0.209757
-0.434646
-0.609784
-0.592966
0.108357
0.311342
0.255435
0.075297
-0.035946
0.116802
-0.230118
0.126810
-0.280439
-0.044803
0.402553
0.571475
0.454885
0.278987
