0.437832
-0.140789
-0.073295
0.530971
-0.117585
0.275606
-0.020916
0.765804
-0.042021
-0.020247
-0.092724
0.061610
-0.588423
-0.310577
0.256198
-0.086947
0.125089
-0.352486
0.131536
0.159459
0.311844
-0.186498
0.090463
0.355169
0.445484
0.095861
-0.086046
-0.364436
0.486669
-0.055585
-0.213289
-0.011375
0.417504
-0.080073
0.512403
-0.086624
0.029296
0.507761
-0.092391
-0.392878
0.019478
0.146248
0.253267
0.194114
-0.571203
-0.166400
0.303856
-0.455068
-0.122491
-0.357294
0.146587
-0.419755
0.013402
0.051259
-0.097223
0.432704
-0.604855
0.680732
0.005390
0.645420
-0.046968
0.168677
0.459662
0.399681
0.022913
0.233370
-0.338822
-0.153733
0.101025
-0.331647
0.184490
0.388402
-0.051680
-0.408066
0.293212
0.145023
-0.438587
0.061975
0.052778
-0.473635
0.227500
0.284985
0.062310
0.432961
0.515038
-0.300576
-0.092965
-0.193320
0.560227
0.135336
-0.158829
-0.284582
0.231030
0.488002
0.042653
-0.280704
-0.690924
0.174824
-0.419422
0.345931
-0.449718
0.151751
-0.291011
-0.196094
-0.400447
-0.211504
-0.532955
0.237862
0.131629
-0.139326
-0.048103
-0.208113
-0.024168
-0.231230
0.067977
0.012939
0.202378
0.157579
0.322968
-0.269249
-0.109957
0.446668
-0.098204
0.372954
-0.038872
0.491960
-0.093867
0.175029
0.510217
0.240698
0.276356
0.333560
0.097489
-0.280274
0.840796
0.252898
-0.048310
0.218946
0.542563
-0.463658
0.655889
-0.120236
-0.078747
-0.029394
0.301809
-0.168227
-0.301272
0.137209
0.335901
-0.594499
0.043690
-0.124709
0.129630
0.000212
0.047536
-0.520053
-0.227147
0.386920
0.279716
0.020483
0.354803
-0.061489
0.798994
0.543522
-0.380339
0.453894
-0.349053
0.142564
-0.189605
0.189680
-0.337762
0.098704
0.250582
0.008094
-0.340228
0.092781
0.757021
0.350239
-0.196420
0.209511
-0.167315
-0.047361
0.189158
-0.442196
-0.325979
-0.432584
-0.012468
0.039496
-0.077208
-0.230369
-0.336142
-0.366179
-0.123301
0.299280
-0.279187
-0.384010
0.060768
-0.644439
-0.278564
-0.030371
0.396348
-0.014441
-0.505164
-0.301945
-0.683615
0.315815
-0.167592
-0.103828
-0.421304
0.198717
0.291429
-0.265063
-0.176705
-0.551102
-0.270137
0.449276
0.124006
-0.323365
0.226575
0.200108
-0.276653
-0.156873
0.315654
0.123076
0.291978
0.360054
0.116846
-0.121212
0.191055
0.082772
0.687411
0.469067
-0.407310
-0.486650
-0.401766
0.298273
-0.049926
0.424743
0.709338
-0.144502
0.062014
-0.234768
-0.317216
0.113789
-0.322448
0.377188
-0.043120
0.341820
0.029507
-0.364340
-0.188411
-0.026755
-0.319859
0.382207
0.452558
-0.412591
0.109415
-0.512267
0.447174
0.170763
0.043571
-0.474056
-0.361601
-0.342121
0.003268
-0.322941
0.099402
0.466506
0.490243
0.152549
-0.029789
-0.139079
0.057053
-0.143538
0.383286
-0.278747
0.222814
-0.127290
0.456604
-0.356474
-0.556284
-0.423182
0.663112
-0.240406
0.603237
-0.239163
0.171629
-0.374717
0.446245
0.426337
-0.497290
-0.085490
0.042846
0.304388
0.319009
-0.057115
-0.229823
0.636952
-0.179444
0.077798
0.218354
-0.457124
-0.255146
0.084831
0.105513
0.280753
0.291948
-0.111592
0.122194
-0.219185
0.032893
-0.062624
0.300346
-0.041041
0.698565
-0.359041
0.009745
-0.357856
-0.225639
0.349471
0.038814
0.594320
-0.189555
-0.006931
0.429397
0.193524
0.300208
0.326212
-0.042828
0.350539
0.064451
-0.278946
0.054641
0.075863
-0.161636
-0.334866
-0.254351
0.110686
-0.082837
-0.291491
-0.218272
-0.110345
-0.126623
0.447068
-0.583442
-0.141217
-0.264349
0.072697
-0.572745
-0.625092
-0.392844
-0.500104
0.588944
0.111432
-0.347527
0.135978
-0.099213
0.364563
0.066231
-0.189878
0.381090
-0.080237
0.043316
-0.271288
0.105835
0.260906
0.209496
-0.278062
-0.007782
-0.023548
-0.000975
0.581027
-0.155116
-0.276949
0.005227
0.098226
-0.124436
-0.356608
-0.310677
-0.479785
-0.327023
-0.112491
-0.021042
-0.037335
0.582707
0.165365
0.304209
-0.131231
-0.245724
-0.163084
0.420763
-0.573746
-0.360673
0.429875
-0.263988
0.514330
0.148246
-0.320555
-0.158686
0.283622
0.301399
-0.219061
-0.357020
-0.024877
-0.145352
0.105608
0.006339
-0.423135
0.230986
0.486319
-0.249125
0.354940
0.002738
0.009373
-0.666215
0.192698
0.056066
0.259847
0.143016
-0.375259
0.212037
0.238122
0.044317
0.290626
0.013039
0.312816
0.402975
-0.015452
-0.381776
-0.178678
0.264587
0.164745
-0.608561
-0.532750
0.198484
-0.259771
-0.259397
0.602952
0.627630
-0.638738
-0.291965
-0.513697
0.034301
-0.344685
-0.160596
-0.013830
-0.065760
-0.407499
-0.104964
0.077759
0.484238
-0.058486
-0.387360
0.265617
0.283814
-0.243507
0.111873
-0.425068
-0.225565
-0.258073
-0.669411
-0.124310
0.235002
-0.050682
0.330696
0.006128
-0.066575
-0.318576
0.439703
-0.348518
0.164902
0.545572
-0.716303
0.555976
0.476655
0.046074
-0.266214
0.014593
0.225961
0.486333
-0.605517
-0.357096
0.238723
0.035098
0.266417
0.326518
0.083834
-0.103103
-0.572476
-0.257605
-0.477897
-0.258450
-0.108787
-0.290408
-0.327219
0.220030
0.392331
0.016193
0.394502
-0.193736
0.404892
0.475751
-0.455452
0.333453
0.764043
-0.280336
-0.547397
-0.082556
-0.171375
-0.215731
-0.299406
-0.381703
-0.502999
-0.331717
-0.381606
-0.379552
0.058061
0.119486
-0.623702
0.336747
0.114393
0.165739
-0.199696
-0.053632
0.310658
0.260627
0.205253
0.210627
0.467389
-0.120829
-0.465957
-0.207269
0.115819
0.155966
0.274665
-0.263775
0.445273
0.541537
0.096012
-0.264712
0.459744
0.352193
0.347145
0.464255
-0.443674
-0.311073
-0.574053
-0.003842
0.073678
-0.541655
0.097978
0.035320
0.133752
-0.064341
-0.037343
0.348510
0.478334
-0.110232
-0.589856
-0.148818
0.198141
0.464566
0.562814
-0.190813
0.008654
-0.235482
-0.322504
-0.507090
-0.078005
-0.209452
-0.133832
0.360183
-0.359452
-0.121773
-0.187411
0.423786
0.410863
0.119451
-0.316632
-0.452783
0.312214
-0.096616
-0.166413
0.475005
-0.366512
0.214172
-0.021076
0.863363
0.038137
-0.198378
0.620325
-0.145958
-0.502543
-0.444897
-0.162131
-0.141030
-0.006596
-0.362926
-0.323563
0.182383
0.487707
0.420001
0.407236
0.178073
-0.256932
0.462197
-0.632166
-0.420965
0.118604
0.236616
0.477081
0.385366
-0.290905
-0.110129
0.079615
-0.563169
-0.036834
0.099367
0.099746
0.832187
0.563707
-0.472095
-0.272852
0.153296
0.624660
0.242618
0.487800
-0.486646
0.552900
0.168253
-0.087100
0.006111
0.012752
0.503681
0.263903
-0.178652
-0.477003
-0.104913
0.635761
0.316077
-0.567926
0.135881
-0.395153
0.066581
-0.516584
0.651503
0.152913
0.500998
0.172996
0.405824
-0.158982
-0.322382
0.009443
-0.166716
0.430195
0.619079
0.237505
-0.176616
-0.375670
0.593188
-0.423474
0.038055
0.406692
0.466947
-0.278315
0.222325
0.324787
-0.049243
0.020553
0.441020
0.220211
0.336226
0.224402
0.223229
0.001113
0.601817
-0.165742
-0.481944
-0.086420
0.315220
-0.275180
0.227862
-0.589374
0.269614
-0.075407
-0.308778
-0.068950
0.342890
0.356934
0.461105
-0.132437
-0.073851
-0.084541
0.205767
0.145677
-0.416514
0.049909
0.459381
-0.229252
-0.354576
0.180067
0.290953
0.003984
0.257680
0.387769
0.530001
-0.429063
0.407985
0.133806
0.483435
0.034704
-0.264550
-0.009167
-0.088804
-0.784423
-0.159323
-0.038103
-0.351194
0.076587
0.238738
0.069235
-0.701762
0.603243
0.081716
-0.343904
-0.372838
0.113332
-0.018811
-0.048703
0.465804
0.151847
-0.009135
-0.284866
0.010629
-0.129388
-0.167149
-0.418482
0.256966
0.307573
0.485184
-0.242847
-0.418735
-0.102790
0.477642
-0.183412
-0.336393
0.295812
-0.229045
0.552727
-0.253352
0.259342
-0.054525
-0.201763
-0.100769
0.151185
0.345227
-0.456976
-0.577740
0.271058
0.331442
-0.217362
0.024120
0.441187
0.104916
0.081574
-0.401640
-0.314573
0.325524
0.010363
-0.201434
0.220656
-0.060605
-0.134987
-0.244805
0.498288
0.112909
-0.290083
-0.527338
-0.346739
-0.101615
0.328059
0.374519
0.129429
-0.552177
-0.311619
-0.069415
-0.088867
0.371585
0.073810
-0.264299
-0.129112
0.412689
-0.088293
-0.305255
-0.350094
-0.114593
-0.029964
0.087156
-0.231377
0.036561
0.174594
0.020102
0.475102
-0.504901
0.178520
0.268135
-0.446190
0.315125
0.334662
0.308133
-0.099739
0.260291
-0.471011
0.009027
-0.357046
-0.251602
