-0.097452
0.563965
0.148210
0.674450
-0.366411
-0.433232
0.116353
0.086970
-0.011252
-0.056222
0.119489
0.210318
-0.067411
-0.547522
0.274555
0.602756
-0.220071
-0.128989
-0.124891
-0.200455
0.428434
0.124798
-0.388210
0.274290
0.034210
0.459326
-0.127031
-0.508020
0.470095
0.179327
0.095114
0.200914
-0.483562
0.124736
0.153410
0.126426
0.678942
0.350818
-0.431569
0.154536
0.090093
-0.011326
0.001931
-0.212716
-0.654507
-0.397568
0.327525
-0.617936
-0.006882
0.017467
0.000115
-0.209954
0.199611
0.031838
0.225293
0.375007
0.292496
-0.017132
0.050617
0.535556
-0.106555
0.412690
0.153943
-0.394346
-0.608884
0.571823
-0.317618
-0.599748
0.221886
-0.567543
0.084502
-0.597963
0.341990
-0.296779
0.539500
-0.374918
0.201841
-0.342202
0.643874
-0.552501
-0.020397
-0.274042
-0.694287
0.177380
-0.411611
0.026929
0.218899
0.014934
-0.162243
-0.486567
-0.148842
-0.045320
-0.322011
-0.350694
-0.405869
-0.127835
-0.215657
-0.352406
0.360388
0.424327
-0.474160
-0.075433
0.286329
-0.350122
-0.028920
0.130556
-0.131594
0.175264
0.290377
0.284470
0.034676
0.105055
0.185329
-0.264541
0.315296
-0.646992
-0.311343
0.004517
0.355687
-0.187273
-0.269569
0.229344
0.352734
-0.181195
0.164479
-0.174983
-0.209894
0.162219
0.095138
-0.096040
-0.009714
-0.577513
0.097489
0.221206
-0.253900
-0.015352
-0.000992
-0.305018
-0.548475
-0.193892
-0.435384
-0.604590
-0.042064
0.331028
0.063700
-0.142849
0.596843
-0.316103
0.316545
-0.409928
-0.016443
-0.191340
0.080850
-0.413202
-0.244622
-0.017350
-0.138805
-0.130905
-0.273545
-0.453478
-0.095095
0.045161
-0.361741
-0.048140
-0.031896
-0.589537
-0.083240
-0.489398
-0.215913
0.451171
-0.084892
0.256785
0.144428
-0.523637
0.256811
0.057197
-0.201894
0.021661
-0.275964
-0.173652
-0.070707
-0.322607
0.294562
-0.470740
0.465118
0.233262
0.598775
0.119916
0.031836
-0.068589
-0.245112
-0.018910
-0.242401
-0.460370
-0.369902
0.028379
0.555106
-0.468707
-0.112942
-0.600035
-0.009539
0.294905
-0.095127
-0.209910
-0.283938
-0.120669
0.357358
0.065306
-0.006271
-0.552880
-0.153626
0.427242
0.128975
-0.051059
-0.618722
0.070721
-0.001298
-0.265249
0.488777
0.122190
0.232260
-0.003660
0.177662
-0.599755
0.329372
0.763971
-0.380800
-0.400730
0.464229
-0.277120
-0.049847
-0.224981
-0.499842
-0.385772
0.088577
0.377469
0.259580
-0.124395
0.321718
0.499227
-0.458499
-0.340283
-0.464114
0.003186
-0.594393
-0.292721
0.122488
-0.258831
0.596522
0.360747
0.541290
0.295621
0.273052
0.220734
-0.075655
0.273978
0.412871
0.202718
0.243372
0.067068
0.692824
-0.720260
-0.045782
-0.380526
0.002301
-0.322419
0.299115
0.172338
-0.015221
-0.017775
-0.175388
0.104240
0.462053
-0.212850
0.145056
-0.462514
-0.066191
0.161328
0.504326
-0.217599
-0.184870
0.271708
0.193923
0.081253
-0.055794
-0.660789
0.271851
0.436293
0.369759
-0.168332
0.611909
-0.046311
-0.073866
-0.259725
0.578418
-0.200546
-0.063102
0.039076
-0.354810
0.190959
0.532327
-0.135460
0.113595
-0.389169
-0.124482
0.723730
0.424355
-0.101091
-0.149053
-0.268268
-0.127012
0.032884
0.232744
-0.194055
0.071624
0.319900
0.189205
-0.101569
0.113483
0.350584
0.107744
0.185985
-0.104717
0.284188
-0.172683
0.035444
-0.373036
-0.172181
0.071615
0.284058
0.267073
-0.342292
0.000203
0.116451
0.293636
-0.534261
0.110333
-0.131499
0.235503
0.231518
-0.590576
0.336128
0.500961
-0.005338
-0.367447
-0.400173
0.372107
-0.131446
-0.337907
-0.480556
-0.130244
-0.112634
0.109521
-0.408609
-0.319463
0.347175
0.055688
0.119556
0.557547
-0.126185
0.608619
-0.125256
-0.106622
-0.316914
0.385558
-0.054890
0.470471
0.167708
0.196323
-0.204007
0.000506
-0.126095
-0.372342
0.098022
-0.251178
0.041467
-0.039962
0.210085
0.396937
-0.177039
0.047045
-0.679002
0.063915
0.394316
-0.491180
0.065133
0.186778
-0.026605
0.302509
0.486915
-0.205236
0.034374
0.347036
0.417925
0.315362
0.023768
0.525111
0.391266
-0.291625
0.561080
-0.290071
-0.679067
-0.177689
-0.079269
-0.230772
-0.589322
0.276210
-0.120036
-0.373234
0.151233
-0.275210
0.182589
-0.188481
0.176347
-0.594436
-0.255650
0.224795
-0.126960
-0.701944
-0.059255
0.073832
0.083020
0.009921
0.053218
-0.127517
0.099199
-0.118099
0.010580
0.209529
-0.563856
-0.044725
0.101224
0.221339
-0.550572
-0.158965
0.135521
0.007877
0.085890
-0.052674
0.275436
-0.309787
-0.030942
-0.008542
0.179493
-0.359638
0.068548
-0.093731
-0.023831
-0.040174
-0.272174
0.486325
0.278525
0.094620
-0.122918
-0.511860
-0.196374
0.082347
-0.588264
0.800618
-0.196178
0.310291
-0.007259
0.188030
-0.059074
-0.517471
-0.671769
-0.484554
0.285561
0.204535
0.003736
0.172917
-0.155216
0.686552
0.339069
-0.339398
0.056465
0.470177
0.083533
-0.079438
-0.024335
-0.132965
-0.539119
0.053577
0.219582
0.264534
-0.288773
0.030575
0.365383
0.420475
-0.470974
0.261568
0.147804
0.619020
-0.496734
-0.615931
0.136219
-0.051264
0.019609
-0.219031
0.024243
0.249350
-0.417815
0.540466
-0.379887
-0.320225
-0.122810
-0.361141
-0.391129
-0.021615
-0.048837
0.280850
0.183399
-0.164618
-0.056005
-0.044574
-0.161746
0.150904
0.008352
0.244297
0.636575
-0.332286
0.550901
0.264934
-0.095270
0.283907
0.409383
-0.113130
0.353173
0.535355
-0.414981
0.217407
-0.124170
-0.110575
0.259019
0.152842
-0.532848
-0.178560
0.178418
0.363976
0.016944
0.228127
0.352193
-0.136025
0.256616
0.242191
-0.446650
-0.821350
0.157178
-0.352719
-0.346881
-0.240483
0.395505
0.060396
-0.545705
-0.118026
-0.450968
-0.256689
-0.310803
0.546604
-0.403011
0.513102
0.531388
0.019755
-0.012034
0.115809
-0.419738
-0.597631
-0.312030
-0.286773
0.105206
0.029521
0.195490
0.044184
-0.106964
0.404579
0.247491
-0.078678
0.153017
-0.345116
-0.093751
0.128487
-0.274827
0.300332
0.022582
-0.137123
-0.198610
-0.245618
-0.482720
0.505405
0.476721
0.214119
0.387829
0.575951
0.117022
-0.574845
-0.620688
-0.396074
-0.407446
-0.208108
-0.127515
0.273367
0.341454
0.108851
0.413894
-0.226222
0.496597
-0.261741
-0.175100
-0.294941
0.196323
-0.640726
0.200337
-0.022836
0.397521
-0.383416
-0.374073
0.495170
0.043656
-0.138475
-0.193588
-0.730263
-0.457752
-0.011534
-0.472685
-0.573833
-0.129505
-0.123076
0.276260
-0.130913
0.043463
-0.097187
0.405691
0.074675
-0.179200
0.553818
0.012168
-0.129496
0.369848
0.565079
-0.566776
0.375277
0.029581
-0.092933
-0.106613
0.081641
0.541791
0.152913
0.439356
0.093289
0.309785
0.074084
-0.217713
-0.299031
0.492511
-0.101834
0.526433
-0.393271
0.024721
0.466424
-0.326038
0.269357
-0.700036
-0.267486
0.223344
0.234473
-0.301510
0.206750
0.054397
0.139307
-0.507484
0.038105
-0.145614
0.204501
-0.060309
-0.237855
0.010719
0.293894
-0.103061
-0.219770
0.421911
-0.027469
0.337851
0.243674
-0.068958
-0.055208
0.080169
-0.669828
-0.570808
-0.197934
0.436670
-0.093364
0.461316
0.158371
0.256651
-0.248888
0.568780
0.061100
0.658838
-0.180861
-0.473959
-0.027472
0.587992
0.175201
0.310680
0.238374
-0.083677
-0.112326
0.073623
-0.365826
0.413997
-0.013266
-0.609198
0.416464
-0.402907
-0.071320
-0.461716
0.162372
-0.289558
0.178850
-0.027739
-0.511376
0.288579
-0.095041
0.136262
-0.156416
0.207237
0.164218
0.456941
-0.189295
0.030182
-0.111860
0.026814
-0.015443
0.013988
-0.345137
0.447382
-0.142865
0.321032
0.060105
-0.363952
-0.114034
-0.419046
0.037052
-0.488625
-0.644298
0.576235
-0.203611
0.446992
0.112814
-0.539877
0.715688
0.403777
-0.531354
-0.293705
-0.098906
0.177719
0.175261
0.078334
-0.050847
0.016973
0.603448
0.379938
0.547758
0.398801
-0.027806
-0.243916
-0.375022
-0.279239
-0.175051
-0.062209
0.239404
-0.514219
-0.061104
0.210629
-0.149570
-0.021714
-0.483507
-0.469950
-0.078328
-0.197250
-0.155531
-0.568811
0.176672
0.144127
0.200152
-0.234817
0.472578
0.262580
-0.049784
0.143281
0.622117
0.363662
0.268412
-0.375514
-0.535916
0.090729
-0.183503
0.816455
-0.055062
-0.377105
0.134598
-0.031255
0.492808
-0.243351
0.262208
-0.322861
-0.326140
-0.594366
-0.316293
0.169747
0.306580
0.269645
0.168577
0.555188
0.192644
0.427890
