-0.117287
3.475749
-4.517434
-2.677574
-2.955901
1.409926
-3.573170
1.062260
-1.695972
0.718730
-1.197532
-1.001853
-1.871974
-2.531345
-3.199336
-0.457497
5.446231
-1.206703
-0.937898
-0.984567
2.424059
0.888154
-0.191789
-0.904457
-3.211424
4.891617
-2.225783
2.869023
-0.238271
2.167779
-4.880115
-5.808087
-0.082865
0.707804
0.331675
0.587830
-1.038272
-0.020796
-3.469474
-0.186742
-4.082205
-0.934812
2.562197
-0.670712
-1.436714
-0.450606
-11.565369
0.387394
12.387375
-0.326052
0.387125
-0.106785
-0.356487
-0.048426
-0.002418
-0.173680
-6.052812
0.327461
2.749175
-2.661903
0.434459
0.181165
-2.466340
4.568196
2.782629
0.976315
-3.727598
-1.142745
-1.484563
3.616131
0.844591
-1.149237
-1.431389
-1.641343
-0.860989
-0.180450
-2.285811
-0.873750
0.843794
0.362139
-1.398306
-2.481455
-3.950960
-0.286878
-5.484657
-1.839748
-9.384443
-1.069461
2.937338
-2.771738
-0.009356
-1.808657
1.773814
0.183079
-1.471893
6.265859
-6.600379
-2.690513
-2.685590
-1.567750
-2.951788
-1.645864
3.588350
0.274229
-0.474976
-0.900460
-0.255118
2.568617
-0.112390
-3.394587
-2.173028
2.284236
1.519262
-3.164061
0.478660
-6.365493
0.404280
1.127532
1.870489
0.739449
7.439699
2.406526
-2.115097
1.061228
7.804193
1.609119
0.439483
1.931681
-2.410105
-1.427704
-2.656413
-2.589727
-0.492719
0.849914
2.773470
0.805825
-2.792129
-0.705452
-2.973177
-0.571155
3.893323
0.918788
-2.800874
-3.000454
2.523918
3.262841
-3.338937
-0.349585
2.736626
5.967265
3.320853
-0.460819
2.201511
-0.535599
3.461802
1.794226
1.131231
1.556094
7.850529
2.991832
-0.148554
-3.380420
5.284236
-3.192785
-0.733687
-0.976398
0.704572
4.407032
-1.874331
1.100545
1.195098
-0.738763
3.065407
6.677514
-2.059821
-2.247642
2.498415
-1.773407
2.142499
4.348626
-1.235326
3.265378
0.449772
1.620221
-2.558666
1.225174
1.155527
-1.131176
-0.329858
1.022109
1.510041
1.663878
3.418888
-0.767053
-6.043330
-0.657307
3.641787
0.766827
-4.311504
0.942827
4.651900
-2.747457
-2.929069
-2.875258
-4.262903
1.785757
-2.560706
-2.958422
-0.404338
2.356985
0.791441
4.015497
2.452187
4.693142
-3.255857
-5.040054
-2.979438
2.087927
-3.116685
-0.001344
4.822923
-1.447876
-4.461334
-3.802652
-0.957255
-7.270756
3.872784
-5.505554
-2.840315
0.363709
-3.620820
5.110954
-7.284266
-0.879288
-5.552867
-2.761678
1.295332
2.756356
-2.394863
4.444251
-1.729871
-0.744308
-0.549999
-0.432631
-4.687704
4.558723
1.719828
-10.140781
-2.026390
-2.252572
2.645743
3.103878
-0.500906
0.051637
4.124479
3.095073
1.942919
0.394258
-2.145197
-0.865224
2.728566
-1.049861
6.973687
2.493489
-7.978508
0.245064
-5.422336
5.592977
0.020362
-2.754132
-4.613924
0.632735
1.752313
4.516854
3.424612
4.876657
-4.711823
-1.130997
-3.760309
-4.798711
-2.946204
-3.901364
6.718708
-0.042217
-0.196836
-3.520216
4.247747
0.200145
1.095568
-0.218720
-3.307929
3.743522
2.254909
5.519314
2.575421
2.943042
-0.752529
1.711520
-0.092942
3.213408
14.404109
2.430563
3.388701
-0.249537
0.974945
-0.744260
-1.994033
2.577321
-3.113768
0.027298
0.439616
2.694779
-5.294968
-0.937121
-0.199571
-1.792897
2.090563
-1.933464
0.360660
2.003550
0.395440
0.599266
-1.443215
-2.978891
-6.600399
1.234750
-5.923944
3.575449
-2.613353
0.579125
0.534720
-1.203477
-8.827888
5.436411
4.528120
-0.717936
-2.513910
-3.305176
-1.890596
-2.961688
2.202339
-2.174533
0.817697
1.627579
-1.306896
4.243196
0.900228
1.629918
0.473436
4.171355
-4.520359
-0.011848
-1.644793
-5.773669
-2.276206
-0.621261
5.194039
3.032026
3.947897
-4.792175
-1.592151
-2.525058
1.732631
-2.044584
2.816043
1.465319
1.629387
6.174949
-4.857097
1.470219
1.821962
-2.558046
0.801389
3.144364
5.063268
-1.997787
0.447910
-3.194785
-1.815926
-2.317159
3.304585
1.079390
1.518914
-4.106834
-2.025048
2.512581
-1.286649
1.556900
-0.942579
-2.301665
-4.913013
-0.660403
0.217997
0.563529
-7.443532
1.364140
-0.690242
1.259937
-5.755656
-2.770857
0.575437
3.151676
-3.386396
-3.483066
1.667363
0.525416
-6.675644
-1.701752
1.609116
-1.535913
-1.211980
-0.125607
-0.533562
-2.927484
-8.014118
4.676547
5.622343
4.804525
-0.973445
1.807268
0.891270
5.548262
2.039538
-1.051429
-4.704904
-6.009216
-8.286367
-3.184597
-6.849025
-1.601833
1.969754
0.838468
-4.390467
9.379320
3.010286
-9.131644
-0.287528
-2.699286
-2.280848
2.717380
3.020059
-1.467743
1.140046
3.879054
1.884762
0.335580
5.548495
-2.490878
1.424491
-2.477289
2.631203
0.486522
4.339483
0.127663
-2.847388
-1.521593
4.093183
-3.427769
-0.157753
1.197860
2.946982
-3.465413
4.404636
-4.546710
-2.423058
-2.778340
5.869300
-4.387486
0.119077
-2.189018
-1.600348
-3.803421
-4.270519
-1.169626
-1.014063
1.085516
-1.348222
-1.894676
5.044454
-2.584194
-0.450331
-1.706669
5.320675
-0.019933
-7.022666
2.999654
-1.616200
5.546241
-0.727705
1.290068
-0.359096
3.787824
1.779360
-1.179625
-5.905712
1.731635
1.608022
0.082561
2.738251
-0.311613
-3.398148
1.598181
0.367021
2.681405
0.570177
-2.904862
-1.438903
4.694000
3.563057
1.995376
0.968929
-0.232803
-0.680972
2.240381
6.558633
-1.383746
1.212235
1.424706
1.863939
4.952272
1.293249
3.132722
2.924291
-0.606572
-4.024952
-0.826321
-3.850408
-2.628540
3.677781
5.124245
-1.432565
1.691625
4.977515
-1.963564
7.569049
2.096200
-5.793992
-2.400892
-4.814828
1.143952
-4.153256
-1.452194
-8.465534
-4.706303
-1.519324
0.576923
-4.890008
3.140593
4.979835
-1.809424
-5.898976
2.202275
-5.033957
-9.658446
2.337465
4.802414
-6.005649
-0.703663
2.221577
-1.033290
5.191032
-0.289583
-2.827189
4.361226
-1.168453
2.611237
-3.628816
2.108536
2.008239
0.387231
-0.646409
3.432208
2.098081
-5.854936
4.294477
-1.002078
1.424341
-3.409370
-0.542192
-0.996969
-0.701804
2.350676
-0.680475
-0.548964
2.124327
-1.551265
-9.625836
-0.942562
-3.750683
-3.735129
-6.171459
-0.882447
-2.878303
4.670272
0.790628
4.014860
-4.521101
0.954722
-0.220228
1.348972
-5.825012
1.219301
0.432141
0.555785
-1.878830
3.245523
3.498656
2.262730
-1.407633
2.061100
2.403368
1.186422
0.630354
0.666616
-0.194396
0.080860
-0.320289
0.002768
-3.031079
-5.617505
-4.563399
-2.291414
2.254528
4.434524
-1.505940
1.169637
-0.642382
-1.674098
-2.905633
-0.447890
2.871135
-0.354023
4.603064
-3.295709
-4.951819
1.875732
0.067235
-2.056371
-1.072508
-1.738977
0.500294
-0.502302
-0.368915
7.778082
-2.749561
-1.232871
3.525574
-1.504963
1.073349
-2.610427
-2.049760
4.921503
0.302888
3.134786
0.158757
0.323228
-1.455682
-2.589165
-1.337570
1.747426
9.550739
-0.246615
2.010933
-1.612217
-1.970183
-0.317261
-2.449563
-0.692566
-0.475558
-1.416784
2.152616
4.539187
-2.969763
3.300981
3.138173
2.648079
4.286269
5.205002
-2.714440
-6.517939
2.371198
2.100130
-1.376066
-3.583018
-2.012427
3.732216
-3.970517
-3.546668
3.405081
2.462462
-8.049521
0.748614
1.751710
-1.056166
2.080144
3.580694
5.118479
2.070270
5.910995
2.943948
-3.578286
5.042238
-0.200651
-6.759134
3.419018
-1.505433
-1.166644
-2.233400
-4.793848
-2.032219
2.021822
-0.837034
-4.471382
3.932329
1.704083
2.530010
-3.185696
-7.349299
7.516143
-0.893916
-3.429056
3.283400
4.430737
2.972706
-0.553919
-3.435181
4.029717
-4.111835
-4.801667
2.758091
-1.089950
-7.818125
0.436435
-0.138461
0.280117
-0.946029
11.267044
-0.748752
2.419315
4.263154
-1.746077
-0.942201
1.833878
-3.532137
-2.179745
2.901836
-3.976785
-3.123580
-2.798707
-1.162420
5.837240
6.419959
2.302001
-2.664849
-0.857897
-0.259185
0.729363
2.056703
-3.250666
0.396035
4.484071
-0.601098
2.507556
2.667154
-2.329774
-5.099254
2.074004
2.055253
-1.347384
-0.920543
-5.313534
