0.022594
-0.098079
-0.106242
-0.047357
0.154312
0.358368
-0.098915
-0.149145
-0.552063
-0.151302
-0.026304
0.039707
-0.176707
0.321468
0.507968
-0.026309
-0.441953
0.083517
0.000824
0.004695
0.066281
-0.173324
-0.464161
-0.194533
0.244431
0.348489
0.199783
0.279885
0.133350
0.489426
0.306002
0.033876
-0.519733
-0.377549
0.387150
0.290877
0.708008
0.260413
0.481961
-0.423356
-0.179003
0.196636
0.119943
-0.272085
-0.348460
-0.496990
-0.094334
0.214895
-0.569696
-0.048912
0.092196
0.486341
-0.182483
-0.134561
0.187279
0.078696
-0.216094
-0.268003
0.379175
-0.344355
0.372420
-0.462068
-0.062445
-0.478955
-0.510027
-0.367986
-0.344233
0.452140
0.170158
0.062075
-0.322508
-0.264694
0.181847
0.113673
-0.068897
-0.447190
0.134482
0.234244
0.350469
-0.186692
-0.215107
-0.552719
-0.415150
0.524473
-0.027222
0.130587
-0.046959
-0.285394
-0.239781
0.483606
-0.158091
-0.071701
0.503206
-0.304985
0.265601
0.065164
0.255245
-0.464576
0.267749
0.071569
-0.094152
-0.186062
-0.161128
-0.320325
-0.460772
0.233331
-0.132440
0.049985
-0.041688
0.184339
0.023558
-0.454535
-0.446144
-0.020348
0.128691
-0.276414
0.322638
0.162489
0.225134
-0.625644
0.379283
-0.354264
0.456885
-0.185339
0.013564
0.301131
-0.085382
0.231948
0.071253
-0.451222
0.276356
0.363455
0.399214
0.008308
-0.352265
-0.643359
-0.506789
0.411662
0.497032
-0.061568
0.752558
-0.460192
-0.253905
-0.561544
-0.077030
0.000860
-0.254952
-0.468655
0.183659
0.380890
0.184151
-0.239603
0.032491
0.269847
-0.510141
0.647818
0.544687
0.124335
0.344370
0.391712
0.311171
0.035683
0.175055
0.218531
-0.433294
0.332044
-0.323288
-0.133795
-0.181253
-0.084101
0.308459
0.279423
-0.345274
-0.318618
0.252716
-0.004049
0.130199
-0.134871
-0.015547
0.383696
0.398889
-0.250122
-0.022311
-0.358745
-0.421017
0.338878
-0.284783
0.142472
0.178640
0.060785
-0.188000
0.090727
-0.633625
0.130148
0.252224
-0.269179
-0.151343
-0.618151
0.213496
0.471494
0.592179
0.311424
0.585640
-0.340780
-0.524226
-0.132561
0.203565
-0.541668
0.268846
0.114503
0.377115
-0.056680
-0.537887
0.481954
0.212462
-0.384807
0.000509
-0.323365
-0.219102
0.291191
-0.614442
-0.627602
0.209597
-0.308824
0.061106
0.095302
0.338901
-0.080756
-0.265550
0.120779
-0.032401
0.445022
0.351164
0.094826
-0.485629
0.372308
-0.183281
-0.321770
-0.358302
-0.163584
-0.519708
0.356484
-0.308182
0.209302
-0.424432
0.484141
-0.572113
-0.255512
0.384720
-0.465514
0.059133
0.343649
0.282091
0.282097
0.142059
0.240150
0.250071
0.316893
0.109720
0.405295
0.106129
-0.701306
-0.041047
0.538512
-0.524662
-0.063400
-0.363371
0.501791
0.202427
-0.388184
-0.095677
-0.075291
0.178047
0.116795
-0.309090
0.575090
0.514335
0.096296
0.480890
0.049570
0.245865
0.101197
0.626124
0.560761
-0.351872
0.378428
0.198429
-0.374717
0.456370
-0.373192
-0.406232
0.090599
0.242303
-0.397684
-0.409504
-0.131588
-0.400653
0.075477
0.107333
-0.149161
0.144846
-0.515432
0.409666
0.142530
0.209832
-0.029228
0.059677
-0.282070
-0.405729
0.312412
0.021728
0.071751
-0.501322
0.060588
0.349388
0.249570
0.258753
-0.563615
-0.355928
0.116068
-0.509154
0.152862
-0.025621
0.290000
0.276195
-0.239843
-0.182893
0.047506
-0.310432
-0.064501
0.302561
-0.035976
-0.296461
0.391277
-0.113275
-0.374621
-0.617544
0.608294
-0.036260
-0.423154
0.091027
-0.505438
-0.340307
-0.362559
0.034280
-0.019100
-0.493348
-0.433234
-0.442388
0.277550
0.259436
0.339845
0.234221
-0.194435
-0.171671
0.455901
-0.089551
0.543425
-0.320330
0.265603
-0.189695
0.269572
0.433118
0.153220
0.272930
0.256442
0.091756
-0.233318
0.448282
-0.084629
0.243647
0.343711
-0.211446
0.152166
-0.042399
-0.299600
0.451794
-0.032655
0.003783
0.225236
0.092131
0.267692
-0.327428
-0.372897
0.505860
-0.434004
-0.121343
-0.328800
-0.146605
-0.345839
-0.135814
0.086498
-0.358109
-0.029486
-0.027036
-0.383445
-0.273298
0.143042
-0.467819
-0.259631
-0.320965
-0.281745
0.300478
0.103073
0.488608
-0.133045
-0.228669
-0.131077
0.076567
0.294494
-0.380220
-0.646181
0.442803
0.561267
-0.319312
0.675909
0.147462
0.213410
-0.239330
0.325952
-0.000985
0.431008
-0.010775
-0.261149
0.429582
0.312816
-0.299707
-0.387547
0.347803
0.436029
0.255350
0.193408
-0.563299
-0.414490
0.347944
-0.395734
-0.166201
-0.098595
-0.066244
-0.384368
-0.342537
0.190413
-0.281743
-0.650616
0.213329
-0.007645
0.142669
-0.596602
0.471996
0.151026
-0.065294
-0.146680
0.161042
0.602705
0.152945
-0.205412
0.001849
-0.298353
0.210692
-0.230510
-0.358804
-0.116065
0.428365
-0.105697
-0.158925
-0.390646
-0.171528
-0.503518
0.311388
0.221720
-0.275954
-0.080523
0.497400
-0.241000
-0.167854
0.476684
-0.370099
0.468603
-0.028748
0.151092
-0.349407
0.041259
-0.147433
0.142609
0.266417
0.144905
0.407651
-0.166671
-0.522826
-0.089511
-0.519092
0.561521
-0.142974
0.130081
0.346146
-0.220693
0.388929
-0.260381
-0.175998
-0.168434
-0.485270
-0.593470
0.455022
-0.187569
-0.520918
0.040663
0.302230
-0.051174
-0.213690
-0.426554
-0.417270
0.297258
-0.432262
-0.353927
-0.285685
-0.481788
0.256159
0.039087
-0.033455
-0.233043
0.442416
-0.319486
0.320965
0.225202
-0.361966
-0.301545
0.010087
0.279037
0.069364
0.186630
0.325817
-0.185775
0.602215
0.212948
0.273186
-0.045024
0.366971
-0.408663
-0.042469
-0.279675
0.215991
0.189543
-0.020701
-0.415160
-0.108353
-0.391219
-0.027121
-0.387878
0.100238
-0.177022
-0.563549
0.337007
-0.526678
-0.568872
-0.059491
-0.438420
-0.259611
0.174011
-0.599126
0.036462
-0.018355
0.257481
-0.148704
0.476083
0.518353
0.397967
-0.339356
-0.225104
-0.617139
-0.200742
0.598646
0.533789
0.266601
0.546621
0.483735
0.139845
-0.083623
0.401586
0.469478
-0.235564
0.669298
-0.197425
-0.649400
-0.258275
-0.175933
0.332958
-0.398138
-0.577764
-0.097231
0.052911
-0.111426
-0.565984
-0.170773
-0.023327
-0.385367
-0.055552
-0.084385
0.519807
0.587692
0.219908
0.129785
0.131546
-0.329457
0.279902
-0.363229
-0.530342
-0.715856
-0.175100
0.042870
-0.352825
0.176144
0.385366
0.287684
0.366548
-0.005520
-0.038928
0.442351
0.192282
-0.267549
0.362897
-0.024056
-0.272372
-0.254333
-0.103650
-0.544075
0.173835
0.214290
-0.459843
-0.490411
0.030134
-0.120913
0.053042
0.084452
-0.028004
-0.133095
0.183406
0.770537
-0.357845
-0.033093
-0.063784
-0.608863
-0.020710
-0.154908
-0.199292
0.262851
0.328703
0.139223
0.241937
0.147285
-0.067948
0.254412
-0.262036
0.482303
-0.217595
0.026703
-0.297931
-0.293660
-0.015041
0.077058
0.271850
-0.196777
-0.845103
0.046701
0.499269
0.366159
-0.517587
-0.470635
0.194162
-0.468650
-0.022094
0.046243
0.255506
0.029938
0.699429
0.387067
0.480569
0.097551
-0.060187
0.142456
-0.303827
-0.562682
0.025064
-0.430624
0.348516
-0.623575
0.407473
0.403681
0.251085
-0.182339
0.121852
-0.239983
0.174384
0.159871
0.005058
0.165126
-0.185354
-0.234247
-0.069776
-0.443473
0.199960
0.248768
0.378462
0.087499
0.336038
-0.249450
-0.115887
0.470130
0.007692
0.234716
-0.054844
-0.304478
0.205446
0.129386
0.279795
0.066475
-0.377283
0.277749
-0.281280
0.588357
-0.212730
-0.355057
-0.509835
-0.213054
0.303913
-0.144022
0.331818
-0.427142
-0.251734
0.336997
0.425456
-0.180552
0.360118
0.159818
-0.275034
-0.088739
0.057811
-0.341274
-0.271512
0.010805
-0.258468
-0.283307
-0.013679
-0.340631
0.116514
0.808224
-0.089293
-0.444657
0.275428
-0.300367
-0.063305
0.188328
0.153558
-0.368608
0.442925
-0.496290
0.228865
-0.454123
0.165582
-0.465503
-0.287226
-0.273401
0.051873
-0.034680
0.435743
0.006462
-0.387845
-0.109068
0.351499
-0.427178
-0.305502
0.139475
0.309877
0.131730
0.604929
-0.075869
-0.939067
0.585917
0.452390
0.394824
-0.550402
0.379713
0.129129
0.329223
-0.188540
0.212010
-0.158122
-0.406010
0.262726
-0.046243
0.025152
0.536959
-0.146404
-0.157578
0.090971
-0.135720
-0.325987
-0.147407
0.085807
0.063976
-0.437369
-0.012947
0.040067
-0.305859
0.394952
0.362165
0.009100
0.489538
-0.879990
0.523608
-0.204864
-0.390099
-0.217680
-0.121895
0.033456
0.217391
-0.126836
